1 0.909595090625 0.12853719375 0.9114502234374999 0.12290634062500001 0.91105945625 0.1005192859375 0.9020519265625 0.088079959375 0.89814626875 0.0881481328125 0.896144596875 0.0853838375 0.886380459375 0.085554271875 0.8728572046874999 0.0941880234375 0.8681460968750001 0.10406757656250001 0.8682437890625 0.10966434218750001 0.8663398078125001 0.1124968109375 0.8665840375 0.12648871718750002 0.8776420875 0.1444907234375 0.8805957515625 0.1458387828125 0.8894078984375 0.147084584375 0.8913118796875 0.1442521171875 0.895217534375 0.14418394375000002 0.902931153125 0.1384508296875 0.909595090625 0.12853719375
1 0.8278933265624999 0.0921736359375 0.810317878125 0.0924804171875 0.800700278125 0.10104599843749999 0.79598916875 0.11092555156249999 0.794280571875 0.12495154374999999 0.79628224375 0.1277158390625 0.79642878125 0.1361109875 0.8054363125 0.14855031406250002 0.8103428062500001 0.1498642859375 0.8191549531250001 0.1511100875 0.8307253796875 0.1425104234375 0.8392444515624999 0.12696593125 0.8389513765625001 0.11017564375 0.8278933265624999 0.0921736359375
1 0.7686495859375 0.111402765625 0.76159488125 0.0989293515625 0.7517330515625 0.09350301875 0.74392174375 0.093639365625 0.7362081234375 0.0993724796875 0.72764020625 0.1121185875 0.7277378984375 0.11771535 0.7258339171875 0.1205478171875 0.7260293 0.131741346875 0.7301791859375 0.1456650796875 0.743995515625 0.1538216203125 0.7469491796875001 0.155169678125 0.7488531625 0.152337209375 0.7585684515625 0.14936839531249999 0.7689915078125 0.1309914375 0.7686495859375 0.111402765625
1 0.7006913890625001 0.1349828546875 0.700447159375 0.12099094375 0.689389109375 0.10298894218750002 0.6835306265625001 0.103091203125 0.6815289546875001 0.1003269078125 0.6796249703125 0.1031593765625 0.6718136609375 0.1032957234375 0.6612929171874999 0.11607591718750002 0.6576314890625 0.130135996875 0.6596331656250001 0.1329002953125 0.6598285500000001 0.1440938203125 0.666883253125 0.156567234375 0.669836915625 0.157915296875 0.6845075453125 0.15905883437499999 0.6922211640625 0.153325725 0.6988850984375 0.143412084375 0.6987874078125 0.1378153234375 0.7006913890625001 0.1349828546875
1 0.6191850109375 0.109812828125 0.603562390625 0.11008552187500001 0.59304164375 0.12286571406249999 0.5911865093750001 0.1284965640625 0.591626121875 0.153682 0.6035873171875 0.1674693890625 0.6182579453125 0.16861293125000001 0.6306338265625 0.15020188437499998 0.6322447328125 0.130579125 0.62614201875 0.116689478125 0.6191850109375 0.109812828125
1 0.5620406328125 0.1374030125 0.5618940953125 0.129007865625 0.5509337375000001 0.116602625 0.5353111171875 0.11687531874999998 0.531454309375 0.11974187343750001 0.5266943546875 0.1268230453125 0.5229840828125 0.13808474843750002 0.5232283125 0.1520766546875 0.5252299859375 0.15484094843750001 0.525327678125 0.160437715625 0.5303807078125 0.170146834375 0.5372888734375 0.1742251 0.550006675 0.175402728125 0.55671945625 0.1682874703125 0.5623825546875 0.1569916859375 0.56404230625 0.1401673078125 0.5620406328125 0.1374030125
1 0.49603526562500005 0.160949015625 0.49564449843749997 0.1385619625 0.490542621875 0.1260544609375 0.4826336203125 0.1205940421875 0.4650581734375 0.120900821875 0.4564414109375 0.1308485484375 0.45458627500000004 0.1364794015625 0.45297536718750003 0.1561021578125 0.45497704375000003 0.15886645625 0.45512358124999996 0.1672615984375 0.4641311109375 0.1797009265625 0.46903759999999994 0.181014903125 0.48566105937500004 0.182124353125 0.49132415781249994 0.17082856875000002 0.49422897656250003 0.1693782453125 0.494131284375 0.163781484375 0.49603526562500005 0.160949015625
1 0.4275397640625 0.153746903125 0.4232921890625 0.1342264046875 0.4162863328125 0.12455137499999999 0.412380675 0.1246195484375 0.4103790015625 0.12185525156250002 0.400614865625 0.12202568437500001 0.3929012453125 0.1277587984375 0.38628615625 0.14047081875 0.3866769234375 0.1628578734375 0.38872744375 0.1684205484375 0.3937804734375 0.1781296671875 0.40264146562500003 0.18217385156250002 0.40559512968749994 0.183521909375 0.4074991109375 0.1806894421875 0.41335759375 0.18058718125 0.42387834062499996 0.16780698593750001 0.4275397640625 0.153746903125
1 0.354894378125 0.132621059375 0.343982865625 0.1230142 0.3322659 0.1232187203125 0.33036191875 0.1260511921875 0.3264562640625 0.12611936562499998 0.3179371921875 0.1416638546875 0.3182791140625 0.1612525265625 0.320329634375 0.166815203125 0.3322908296875 0.18060258906249999 0.34500863125 0.18178021718749998 0.3488654390625 0.17891366250000001 0.359288490625 0.16053670625 0.35899541562500004 0.14374641562499998 0.354894378125 0.132621059375
1 0.28859593437500003 0.1393767734375 0.2756339046875 0.12420723593750001 0.2639169375 0.12441175625 0.26201295625 0.1272442265625 0.2581072984375 0.1273124 0.249588228125 0.142856890625 0.24787963125 0.1568828828125 0.249881303125 0.159647178125 0.2499789953125 0.16524394375 0.259035371875 0.1804816515625 0.2619890375 0.1818297109375 0.27665966875 0.18297325312499998 0.2872292578125 0.1729914390625 0.29093952968750003 0.161729740625 0.29064645312500004 0.14493945 0.28859593437500003 0.1393767734375
1 0.2111905921875 0.125332096875 0.2072360921875 0.1226018890625 0.1935663 0.12284049687500001 0.18585268125 0.128573609375 0.181092728125 0.135654778125 0.179481821875 0.1552775375 0.1866342171875 0.1733477171875 0.19454321875 0.178808134375 0.2014025375 0.18008801875 0.2101658390625 0.1785354390625 0.2187826 0.1685877140625 0.22234633750000002 0.148930865625 0.21819645 0.1350071296875 0.2111905921875 0.125332096875
1 0.149994025 0.14459531406249998 0.1498963328125 0.138998546875 0.14088880312500002 0.1265592203125 0.13698314843749998 0.12662739375 0.13498147656249998 0.12386309843750001 0.1252173359375 0.1240335328125 0.1175037171875 0.12976664531249998 0.11274376562499999 0.1368478140625 0.11088862968749999 0.1424786671875 0.11123055156249999 0.1620673359375 0.120286928125 0.1773050484375 0.123240590625 0.17865310625 0.1398640484375 0.1797625625 0.1484808109375 0.1698148359375 0.152239928125 0.16135151406249998 0.1519956984375 0.1473596078125 0.149994025 0.14459531406249998
1 0.07974108125 0.1486208171875 0.0706847015625 0.1333831078125 0.066730203125 0.13065290000000002 0.051107582812499996 0.13092559374999999 0.0405868375 0.1437057890625 0.0387317015625 0.1493366390625 0.039073623437499996 0.16892531093750002 0.0461283265625 0.181398725 0.05303649218749999 0.1854769921875 0.067707121875 0.1866205328125 0.06961110312499999 0.18378806406249998 0.07351675937499999 0.183719890625 0.08013185 0.171007871875 0.07974108125 0.1486208171875
1 0.9481641890624999 0.2118409953125 0.950068171875 0.2090085265625 0.9497750953124999 0.1922182359375 0.9446243734375 0.176912353125 0.936715371875 0.1714519375 0.92499840625 0.1716564578125 0.915331959375 0.17742365468750002 0.9067640421875 0.1901697625 0.9049089078125 0.195800615625 0.9052019843749999 0.212590903125 0.9162600328125 0.23059290781250003 0.921166525 0.23190688124999997 0.9299786718749999 0.23315268281249998 0.931882653125 0.23032021406249997 0.9357883093750001 0.23025204062500002 0.94826188125 0.2174377609375 0.9481641890624999 0.2118409953125
1 0.87976638125 0.2102356484375 0.8794733062500001 0.1934453578125 0.8704169296875 0.17820765 0.8665112734375 0.17827582343749998 0.8645096000000001 0.17551152812499998 0.8547454640625001 0.1756819609375 0.8450790156249999 0.18144915781249998 0.8365110984375 0.194195265625 0.8366087906249999 0.1997920328125 0.834704809375 0.20262449999999999 0.8349490390625001 0.21661640625 0.8460070890625 0.2346184125 0.8489607546875 0.235966471875 0.859725728125 0.2371781859375 0.86548651875 0.23147916406250002 0.869392171875 0.231410990625 0.8760561078125001 0.22149735 0.87976638125 0.2102356484375
1 0.809220359375 0.197470865625 0.8041673296875 0.1877617453125 0.7982111546875 0.182267240625 0.788398171875 0.17963929218750002 0.786494190625 0.1824717609375 0.7806357078125 0.1825740203125 0.7729220890625 0.1883071328125 0.7663069984375 0.20101915468749998 0.7667466109375 0.22620458906250002 0.7757541421874999 0.23864391562499998 0.7806606359375 0.2399578875 0.7914256078124999 0.241169603125 0.79528241875 0.2383030484375 0.8077071453125001 0.2226903859375 0.8095622812500001 0.217059534375 0.809220359375 0.197470865625
1 0.726054228125 0.189125215625 0.7221485734375 0.1891933890625 0.7201469 0.186429090625 0.7103827625 0.18659952500000002 0.70847878125 0.1894319953125 0.704573125 0.18950016875 0.6960052078125 0.2022462765625 0.6941500734375 0.207877125 0.69449199375 0.2274657984375 0.7035483703125001 0.24270350624999998 0.7065020375 0.24405156875 0.7211726640625 0.2451951078125 0.733597390625 0.2295824453125 0.735452525 0.22395159531250003 0.735110603125 0.204362921875 0.726054228125 0.189125215625
1 0.668909853125 0.21671539687500002 0.6669081796875 0.21395110312500001 0.6668104875 0.2083543390625 0.65384845625 0.1931848046875 0.642131490625 0.193389325 0.6402275093750001 0.1962217921875 0.63632185625 0.196289965625 0.6258988000000001 0.2146669234375 0.6261918750000001 0.23145721562500002 0.6281935484375001 0.23422150937500003 0.6282912406250001 0.2398182734375 0.637298775 0.2522575984375 0.6422052625 0.253571575 0.649064584375 0.25485146406250003 0.6509685640625 0.2520189921875 0.6548742203125 0.25195081875 0.667298946875 0.23633815625 0.668909853125 0.21671539687500002
1 0.6007562734375 0.22910196093750002 0.5965086953125 0.2095814625 0.5915045125 0.20267072343749998 0.5816426828125 0.1972443953125 0.5738313749999999 0.19738074218749999 0.5642137734375 0.2059463203125 0.559502665625 0.21582587343749998 0.559649203125 0.2242210203125 0.5577452218750001 0.2270534875 0.5597468953125 0.2298177828125 0.5599422781250001 0.24101130781250002 0.5619927984374999 0.24657398593750002 0.56699698125 0.2534847203125 0.5739051468749999 0.2575629921875 0.58271729375 0.25880879375 0.584621275 0.2559763265625 0.5885269281250001 0.255908153125 0.5970948453125 0.243162040625 0.6007562734375 0.22910196093750002
1 0.5306498656249999 0.24152260937499997 0.5325538453124999 0.238690140625 0.5322607703125 0.22189985 0.5302102515625 0.2163371734375 0.5172482203125 0.2011676390625 0.5074840828125 0.20133807187500002 0.5055801015625 0.204170540625 0.501674446875 0.2042387140625 0.491202546875 0.219817290625 0.49154446875 0.2394059625 0.4935461421875 0.2421702578125 0.493643834375 0.24776702187500002 0.50560503125 0.261554409375 0.516370003125 0.2627661234375 0.524083621875 0.25703301562499997 0.52593875625 0.25140216249999997 0.5307475578124999 0.24711937343749998 0.5306498656249999 0.24152260937499997
1 0.46191013437499995 0.22032859062500001 0.4529026046875 0.2078892640625 0.44899695 0.2079574375 0.4469952734375 0.2051931421875 0.4333743296875 0.20823013124999998 0.42666154843750004 0.21534538906249998 0.42295127499999996 0.2266070921875 0.42324434999999994 0.24339737968750003 0.429395909375 0.26008541093750004 0.43730491093749996 0.26554582656250003 0.448069884375 0.266757540625 0.45578350468749995 0.26102443124999997 0.46430257499999994 0.2454799375 0.46396065468750003 0.2258912703125 0.46191013437499995 0.22032859062500001
1 0.39785759375 0.24384050781250002 0.39761336406250003 0.22984860000000001 0.395562846875 0.22428592187500002 0.386555315625 0.21184659374999998 0.382649659375 0.2119147671875 0.3806479859375 0.20915047343749998 0.3670270390625 0.2121874609375 0.358459121875 0.22493356874999998 0.3585568140625 0.23053033437499998 0.35665283125 0.2333628015625 0.356848215625 0.244556328125 0.36099809843749997 0.2584800640625 0.37095762187500003 0.2695031546875 0.37976976875 0.2707489578125 0.38167375 0.2679164890625 0.385579403125 0.267848315625 0.39224333906250003 0.2579346765625 0.39785759375 0.24384050781250002
1 0.3202080234375 0.21580392812500002 0.3064405375 0.21044576875 0.3045365578125 0.21327823750000002 0.294821265625 0.2162470546875 0.2900613125 0.22332822343749997 0.2882061765625 0.22895907656249997 0.28859694375 0.251346128125 0.29865415624999997 0.267965984375 0.3152776140625 0.2690754390625 0.32770234062500003 0.253462775 0.329362090625 0.2366383984375 0.32521220781250004 0.2227146625 0.3202080234375 0.21580392812500002
1 0.26311249375 0.2461924921875 0.260866590625 0.22943629062499998 0.2568143984375 0.221109315625 0.24395005625000002 0.21153654375 0.2303291125 0.21457353281249997 0.22171234687500002 0.22452125937499998 0.21985721093750002 0.23015211249999998 0.2201991328125 0.24974077968750003 0.2222496515625 0.255303459375 0.2293043546875 0.2677768734375 0.23816535156250002 0.271821053125 0.2430718421875 0.27313502968750003 0.25464226874999996 0.2645353640625 0.2613062046875 0.254621725 0.2612085125 0.24902495781249998 0.26311249375 0.2461924921875
1 0.1796044421875 0.218258171875 0.175649940625 0.21552796093749998 0.1600273203125 0.21580065468749998 0.14760259375 0.2314133203125 0.1479933625 0.2538003734375 0.15004388125 0.25936305000000004 0.1590514109375 0.2718023765625 0.16591073125 0.2730822625 0.174722878125 0.2743280640625 0.1785796875 0.271461509375 0.189051584375 0.25588293281249996 0.1886608171875 0.23349587968750002 0.1796044421875 0.218258171875
1 0.11645504531249999 0.23755547031250002 0.10940034218750001 0.22508205625 0.10149134062500001 0.2196216421875 0.08977437656250001 0.21982616250000003 0.0820607578125 0.2255592703125 0.0754456671875 0.2382712921875 0.073785915625 0.25509566875 0.0778869546875 0.26622102187499996 0.0878464765625 0.277244115625 0.10446993125 0.27835356875 0.11499067968750001 0.2655733734375 0.11489298750000002 0.2599766109375 0.11679696718749999 0.2571441421875 0.11645504531249999 0.23755547031250002
1 0.9519731625000001 0.3181454140625 0.9538282984374999 0.3125145640625 0.95343753125 0.2901275109375 0.9463339812499999 0.274855715625 0.9424283265625 0.2749238890625 0.9404266531250001 0.272159590625 0.930662515625 0.272330025 0.9287585343750001 0.2751624953125 0.9229000515625 0.27526475625 0.9123793078125001 0.28804495 0.908669034375 0.29930665 0.9088644171875 0.31050017812499997 0.9199224703125 0.32850218125 0.9268306359375 0.3325804515625 0.9317371265625001 0.3338944234375 0.93364110625 0.3310619546875 0.9394995906249999 0.33095969375 0.9472132078125 0.3252265859375 0.9519731625000001 0.3181454140625
1 0.8500842109375 0.3003292515625 0.8499376734374999 0.2919341078125 0.8457877859374999 0.278010371875 0.8348762750000001 0.2684035125 0.8212064828125 0.2686421203125 0.8134928640625001 0.274375228125 0.8049737921875 0.2899197203125 0.8053157140625 0.30950839375 0.8073662328125 0.31507107031250003 0.8143720906249999 0.3247461015625 0.8251859109374999 0.3287561953125 0.8339492125 0.3272036171875 0.8397100015625 0.32150459374999996 0.84827791875 0.3087584859375 0.8481802265624999 0.30316171875000003 0.8500842109375 0.3003292515625
1 0.7626705031250001 0.2724631015625 0.749000709375 0.272701709375 0.7346720015625 0.29114684375 0.7329634031250001 0.3051728359375 0.7349650765625 0.30793713125 0.73506276875 0.313533896875 0.7441191453125 0.32877160625 0.747072809375 0.33011966406250004 0.7617434375000001 0.3312632078125 0.774168165625 0.31565054375 0.7760233015625 0.31001969375 0.775632534375 0.287632640625 0.7626705031250001 0.2724631015625
1 0.7054772781249999 0.2972549078125 0.7053795875 0.29165814375 0.6983248843750001 0.27918472968749997 0.694370384375 0.27645451875 0.6787477640625 0.2767272125 0.6710341453125 0.2824603265625 0.6663230375 0.292339878125 0.6647121312500001 0.31196263750000003 0.6667138046875001 0.3147269328125 0.6668114968750001 0.3203236953125 0.675819028125 0.33276302343749997 0.6807255203125 0.3340769984375 0.69149049375 0.335288709375 0.703012075 0.3238906640625 0.7058192 0.3168435796875 0.7074789546875 0.3000192015625 0.7054772781249999 0.2972549078125
1 0.6391788359375 0.30401061875 0.6371771625 0.30124632500000004 0.6370794703125 0.2956495609375 0.6260702671875 0.2804459390625 0.60849481875 0.2807527203125 0.5998780578125 0.29070044687499996 0.5961677828124999 0.3019621453125 0.596460859375 0.31875243593749997 0.5984625328125001 0.32151673125 0.5985602234375 0.32711349218749997 0.608519746875 0.3381365890625 0.6251432046875001 0.3392460390625 0.6270471859375 0.336413571875 0.63290566875 0.3363113109375 0.6375679296875 0.323633378125 0.6391788359375 0.30401061875
1 0.5637263234375001 0.289931859375 0.555817321875 0.28447144375 0.542147528125 0.28471005 0.531626784375 0.2974902453125 0.5297716484375 0.3031210953125 0.530162415625 0.3255081484375 0.5322129359375001 0.3310708234375 0.541220465625 0.34351015 0.5480797859375001 0.344790040625 0.560699896875 0.3403709015625 0.5710741031250001 0.3191955640625 0.5708298734375 0.3052036546875 0.5687793546875 0.299640978125 0.5637263234375001 0.289931859375
1 0.49842871562499996 0.29806971875 0.4934245328125 0.29115898125 0.48947003125000005 0.2884287734375 0.4738474109375 0.2887014671875 0.461422684375 0.3043141296875 0.46186229843750004 0.32949956406249997 0.47191951093749995 0.3461194234375 0.486590140625 0.3472629640625 0.4962565859375 0.3414957640625 0.501016540625 0.3344145921875 0.5025297531249999 0.30919507031250004 0.49842871562499996 0.29806971875
1 0.43217911875 0.30762381250000004 0.42712608906250005 0.2979146921875 0.4211699140625 0.292420190625 0.40554729375000004 0.29269288437499996 0.39502655 0.3054730796875 0.3931714125 0.311103928125 0.3935621796875 0.33349098125 0.3956127015625 0.3390536609375 0.40061688437500004 0.3459643953125 0.409477875 0.350008578125 0.416337196875 0.3512884671875 0.4182411765625 0.348456 0.4221468328125 0.3483878265625 0.43256988593749995 0.330010865625 0.43217911875 0.30762381250000004
1 0.36392784843750003 0.31441360937499996 0.36383015625000004 0.3088168484375 0.352869796875 0.2964116078125 0.3372471765625 0.2966843015625 0.32672643125 0.309464496875 0.32487129531250003 0.31509534375000003 0.3252132171875 0.33468401718749996 0.32931425625 0.34580937343749996 0.33922493125000003 0.35403408281250004 0.351942734375 0.35521171093750004 0.35579954062499997 0.35234515625 0.36622259687500003 0.3339681953125 0.365929521875 0.3171779078125 0.36392784843750003 0.31441360937499996
1 0.2974828640625 0.3127741765625 0.288475334375 0.30033485 0.2728038671875 0.2978091640625 0.2708998859375 0.30064162968749997 0.26699423125 0.300709803125 0.2565711796875 0.31908676406250003 0.2568642546875 0.335877053125 0.2609652921875 0.34700240781249997 0.2708759703125 0.3552271171875 0.285546596875 0.35637066093750003 0.2979713234375 0.34075799687499997 0.299631075 0.3239336203125 0.297629403125 0.321169325 0.2974828640625 0.3127741765625
1 0.22522824687499998 0.31403538593749997 0.22022406249999998 0.3071246515625 0.21231506093750002 0.3016642328125 0.198645265625 0.3019028390625 0.1947884578125 0.30476939375 0.18436540625 0.3231463546875 0.1845607890625 0.3343398796875 0.1887106734375 0.3482636171875 0.19867019531250002 0.3592867078125 0.213340825 0.3604302515625 0.2220064328125 0.3532809046875 0.22762068750000003 0.339186734375 0.227278765625 0.31959806562500004 0.22522824687499998 0.31403538593749997
1 0.1510208 0.3153306828125 0.1440149421875 0.30565565 0.1401092875 0.30572382343750004 0.138107615625 0.30295952812500004 0.1283434765625 0.3031299625 0.1264394953125 0.3059624296875 0.12253384062499999 0.306030603125 0.11582105937500001 0.3131458625 0.11206193906249999 0.3216091828125 0.11250155312500001 0.34679461875 0.12446275 0.3605820046875 0.14108620624999998 0.36169145937499997 0.1535109328125 0.346078796875 0.15536606875 0.34044794375 0.15512183906250002 0.32645603749999996 0.1510208 0.3153306828125
1 0.049937300000000004 0.287703140625 0.0343146796875 0.28797583437499996 0.021889954687499998 0.3035885 0.022378414062499997 0.3315723171875 0.029384271875 0.34124735 0.0362924328125 0.34532561875 0.0490102375 0.34650324375 0.06333894531249999 0.32805811406249996 0.0629481765625 0.3056710609375 0.053891800000000004 0.2904333515625 0.049937300000000004 0.287703140625
1 0.9570511187499999 0.3852384015625 0.9440890890625001 0.3700688671875 0.9246585046875 0.376006496875 0.9160417421875 0.385954221875 0.91233146875 0.39721592499999997 0.9125756984375 0.41120783125000004 0.914626221875 0.41677050781249997 0.9216320781249999 0.42644554062499995 0.9304930718750001 0.43048972343749997 0.9412580437500001 0.4317014390625 0.943162025 0.4288689703125 0.9470676812500001 0.42880079687499995 0.9575884234375 0.41602059999999996 0.9570511187499999 0.3852384015625
1 0.8774487234375 0.3572359046875 0.8734942234374999 0.354505696875 0.857871603125 0.354778390625 0.8453980296875001 0.367592671875 0.8417366046874999 0.38165275625 0.8418831421874999 0.3900479 0.843884815625 0.3928121953125 0.8439825078125001 0.3984089609375 0.8559437015625001 0.41219634687499995 0.8725671578125 0.413305803125 0.8849918859375 0.3976931390625 0.8868470203125 0.3920622859375 0.8865050999999999 0.3724736140625 0.8774487234375 0.3572359046875
1 0.8165940734375001 0.396087790625 0.816252153125 0.376499121875 0.8091974499999999 0.3640257046875 0.80524295 0.3612954953125 0.7934771375 0.35870163437499997 0.7915731578125 0.361534103125 0.7876675015625 0.3616022765625 0.7752427765625 0.3772149421875 0.7733876421875 0.38284579218750003 0.7736807171875 0.39963608281249996 0.7757312359374999 0.405198759375 0.7827370921875 0.4148737921875 0.7915980859375 0.418917971875 0.796504578125 0.420231946875 0.798408559375 0.417399478125 0.80812385 0.41443066406250006 0.8128838046875 0.40734949218749994 0.8165940734375001 0.396087790625
1 0.7369428328125001 0.3652869125 0.7212225203125 0.35996284375 0.7115560750000001 0.36573004062500003 0.7029881578125 0.37847615156250003 0.701133021875 0.3841070015625 0.7013772515625 0.3980989078125 0.705478290625 0.4092242625 0.7134361375 0.417483059375 0.7300595953125 0.4185925140625 0.7424843234375 0.402979853125 0.7443394578125 0.397349 0.7439975359375001 0.3777603296875 0.7369428328125001 0.3652869125
1 0.6778944765625 0.3957095671875 0.6756485703124999 0.37895336562500004 0.662686540625 0.3637838265625 0.6490167484375 0.364022434375 0.6413031296875 0.369755546875 0.6346880406250001 0.38246756875 0.6350788078125 0.4048546234375 0.6371293265625 0.41041729687500006 0.644135184375 0.4200923296875 0.6529961765625 0.42413651406249997 0.6559498421875001 0.4254845734375 0.6578538218750001 0.4226521046875 0.6675691140625 0.4196832890625 0.67423305 0.40976965 0.6778944765625 0.3957095671875
1 0.607739221875 0.4053318375 0.6073972999999999 0.38574316406250003 0.5983409234375 0.37050545625 0.5943864234375 0.36777524375000004 0.578763803125 0.3680479390625 0.5682430562499999 0.3808281359375 0.5663879203125 0.3864589859375 0.5667786875 0.408846040625 0.5758350640625001 0.42408374687499995 0.57878873125 0.42543181093750004 0.5934593609375 0.4265753484375 0.6011729781249999 0.42084223749999994 0.6059329328125 0.41376106718749994 0.605835240625 0.4081643046875 0.607739221875 0.4053318375
1 0.537486275 0.409357340625 0.539390259375 0.406524871875 0.5390483390624999 0.3869362 0.536997815625 0.38137352343750003 0.531993634375 0.3744627859375 0.52408463125 0.3690023671875 0.5143204953125 0.36917279999999997 0.5124165109375001 0.372005271875 0.5085108578125 0.3720734453125 0.49808780468749997 0.3904504015625 0.49847857187500005 0.41283745468750005 0.505533275 0.42531087031250003 0.512441440625 0.429389140625 0.5232064140625 0.4306008515625 0.5251103968749999 0.42776838437500003 0.52901605 0.4277002109375 0.5375839671875 0.41495410312500003 0.537486275 0.409357340625
1 0.4710412953125 0.4077179078125 0.47079706562499996 0.393725996875 0.46874654531250004 0.38816332187499997 0.4557845140625 0.3729937875 0.442114721875 0.37323239375 0.4334979578125 0.3831801203125 0.42973884218749997 0.3916434375 0.43017845625 0.41682887187500006 0.437233159375 0.4293022859375 0.444141321875 0.43338055625000005 0.452953471875 0.43462635625 0.4548574515625 0.43179388750000003 0.45876310625 0.43172571406250004 0.46547588749999996 0.42461045625000005 0.4710412953125 0.4077179078125
1 0.4024481015625 0.39491903281249996 0.3874843953125 0.3769852046875 0.377720259375 0.3771556375 0.37581627812499996 0.37998810625 0.3719106203125 0.3800562796875 0.36148756875 0.3984332359375 0.361829490625 0.4180219078125 0.363880009375 0.423584584375 0.37584120468750004 0.4373719734375 0.38855900625 0.43854960312499996 0.401081425 0.428533703125 0.40093488749999995 0.42013855468749994 0.40283886874999997 0.4173060875 0.4024481015625 0.39491903281249996
1 0.3345875984375 0.4240958859375 0.33419683125 0.40170883125 0.3231387796875 0.383706828125 0.3113729703125 0.38111296875 0.3094689859375 0.383945434375 0.3055633328125 0.3840136078125 0.29313860625 0.399626271875 0.2914788546875 0.4164506484375 0.29348052812500003 0.41921494375 0.29357821875 0.42481170625000003 0.300632921875 0.4372851203125 0.30754108750000003 0.441363390625 0.3183060625 0.44257510624999996 0.32021004375 0.4397426390625 0.3241156984375 0.439674465625 0.33273246093750003 0.4297267390625 0.3345875984375 0.4240958859375
1 0.266238634375 0.4252889203125 0.268142615625 0.422456453125 0.26584786718750003 0.4029018671875 0.2568403359375 0.3904625390625 0.25293468125 0.39053071250000004 0.2509330078125 0.38776641875 0.24116887031249998 0.3879368515625 0.2392648875 0.3907693203125 0.23535923281249999 0.39083749375 0.22493617812500002 0.40921445468749995 0.2252781 0.42880312343749993 0.2273286234375 0.43436580312500006 0.23433447968749999 0.4440408359375 0.243195471875 0.44808501562499997 0.2481019609375 0.44939899062500005 0.2500059453125 0.446566521875 0.25586442656249997 0.4464642625 0.2663363265625 0.4308856875 0.266238634375 0.4252889203125
1 0.1866362375 0.39728642812500004 0.18268173593749998 0.3945562171875 0.167059115625 0.3948289109375 0.165155134375 0.3976613828125 0.16124947812499998 0.39772955625 0.1527304078125 0.4132740453125 0.1530723296875 0.43286271718749997 0.1551228484375 0.4384253921875 0.16708404375000002 0.4522127796875 0.1798018453125 0.45339040781250006 0.18751546562500002 0.447657296875 0.1960345359375 0.43211280937499996 0.1956926140625 0.4125241375 0.1866362375 0.39728642812500004
1 0.121387475 0.40822266718750005 0.10842544531250001 0.39305313124999997 0.092802825 0.393325825 0.080378096875 0.40893848750000006 0.0786694984375 0.422964484375 0.080671171875 0.42572877968749995 0.0808177109375 0.4341239265625 0.085870740625 0.443833046875 0.09673340625 0.4506415203125 0.105545553125 0.45188732187499997 0.1074495328125 0.449054853125 0.1113551890625 0.4489866796875 0.1217782421875 0.4306097203125 0.121387475 0.40822266718750005
1 0.9532930125 0.5056710734375 0.9529510906249999 0.48608240468749997 0.9439435609375 0.473643078125 0.939989059375 0.4709128671875 0.9204607828125001 0.471253734375 0.912747165625 0.47698684687500004 0.9079872124999999 0.48406801406250005 0.9062786140625001 0.4980940125 0.9043746328125 0.5009264812499999 0.90652284375 0.512085921875 0.9115758734374999 0.521795040625 0.9224385390625001 0.528603515625 0.9332035140625001 0.52981523125 0.9351074953125 0.5269827640625 0.9409659781249999 0.526880503125 0.9495827406249999 0.5169327765625 0.9532930125 0.5056710734375
1 0.854772409375 0.457004540625 0.845764878125 0.44456521406249994 0.841859221875 0.4446333875 0.83985755 0.44186909218750003 0.8281405859375001 0.44207361250000005 0.8262366015625 0.44490608125 0.8223309484374999 0.4449742546875 0.81376303125 0.45772036250000003 0.8119078953125 0.4633512125 0.8122498171875 0.482939884375 0.8213061937499999 0.4981775921875 0.8242598578125 0.4995256546875 0.842836140625 0.5006010234375 0.8533568890625001 0.487820828125 0.8568717749999999 0.46536560156249995 0.8548701015625 0.46260130468750005 0.854772409375 0.457004540625
1 0.7846171562500001 0.4666268109375 0.7795152796875 0.45411930624999997 0.7696046046875 0.445894596875 0.7559348124999999 0.44613320312500004 0.745365221875 0.4561150171875 0.74160610625 0.46457833437499996 0.74204571875 0.48976377187500003 0.7520540859375 0.5035852453125 0.7706303703125 0.5046606140625001 0.7830550953125 0.48904794999999995 0.7829574046875 0.48345118593749997 0.7848613859375 0.4806187171875 0.7846171562500001 0.4666268109375
1 0.7147061328125 0.4902409859375 0.714461903125 0.47624907656250004 0.7163170390625 0.4706182265625 0.714315365625 0.4678539328125 0.7142176734375 0.4622571671875 0.701255640625 0.44708763124999995 0.6856330203125001 0.447360325 0.6732082953125 0.46297298906249995 0.6715973890625 0.4825957484375 0.6735990625 0.4853600421875 0.6736967546875 0.4909568078125 0.6807514578125 0.503430221875 0.6876596234375 0.5075084890625 0.6964717703125001 0.508754290625 0.6983757515625 0.505921821875 0.7042342359375 0.5058195624999999 0.7109470171875001 0.4987043046875 0.7147061328125 0.4902409859375
1 0.6459175546875 0.466248584375 0.6369100249999999 0.45380925781250003 0.6330043703125 0.45387743125 0.631002696875 0.45111313593749996 0.61928573125 0.45131765625 0.615428921875 0.45418421093749994 0.608716140625 0.46129946874999994 0.60500586875 0.4725611703125 0.6053966375 0.494948225 0.6164058406249999 0.510151846875 0.6213123328125 0.51146581875 0.6301244796875001 0.5127116203125001 0.6378380984375001 0.5069785109375 0.6445020328125 0.497064871875 0.64821230625 0.48580317031250003 0.6459175546875 0.466248584375
1 0.56465540625 0.455070465625 0.5490327859375 0.45534315937500003 0.545175975 0.4582097140625 0.5385120390625 0.4681233546875 0.534850615625 0.4821834375 0.5370965171875001 0.4989396421875 0.548105725 0.5141432640625 0.55496504375 0.5154231515625 0.5656811703125 0.5138364828124999 0.5780082046875 0.4926270578125 0.577666284375 0.473038384375 0.5686099078125 0.4578006734375 0.56465540625 0.455070465625
1 0.5095615515625 0.48822332812499997 0.5073156453125 0.4714671265625 0.4983081140625 0.4590277953125 0.4944024609375 0.45909596874999997 0.4924007875 0.45633167500000005 0.48068382187500003 0.45653619531249995 0.4768270140625 0.4594027484375 0.46825909687499995 0.4721488625 0.4683567875 0.47774562343750004 0.46645280624999996 0.4805780921875 0.4666970359375 0.49457000156250003 0.470798075 0.5056953531249999 0.475802259375 0.5126060906250001 0.4827104234375 0.5166843609375 0.4915225703125 0.5179301609375 0.49342655312500006 0.5150976921875 0.49733220781250004 0.51502951875 0.5059001234375 0.5022834109375001 0.5095615515625 0.48822332812499997
1 0.44126143281249997 0.49221474374999996 0.4390155296875 0.47545854218750006 0.43200967187500006 0.465783509375 0.4241006703125 0.46032309062500004 0.41433653281250005 0.46049352499999996 0.4124325515625 0.463325996875 0.4085268953125 0.4633941703125 0.3981038453125 0.48177112656250004 0.398445765625 0.5013598 0.402546803125 0.5124851515625 0.4124574765625 0.5207098640625001 0.42322245468749997 0.521921578125 0.425126434375 0.5190891093750001 0.429032090625 0.5190209359375 0.43760000625 0.506274828125 0.44126143281249997 0.49221474374999996
1 0.3707642578125 0.482248340625 0.3687137390625 0.476685665625 0.36170788125 0.4670106328125 0.35780222500000003 0.46707880625 0.35580055312500003 0.4643145125 0.3440835890625 0.46451903281250007 0.340226778125 0.4673855859375 0.329803725 0.48576254375000005 0.33014564687500003 0.5053512171875 0.332196165625 0.5109138921875 0.3392020234375 0.520588925 0.35001584218750004 0.5245990218750001 0.36263595312499997 0.520179884375 0.369299890625 0.5102662453125 0.3692021984375 0.50466948125 0.37110617968750004 0.5018370140624999 0.3707642578125 0.482248340625
1 0.2954094359375 0.47376634375000004 0.2914549359375 0.4710361359375 0.28364362656250003 0.4711724828125 0.27968912343749996 0.468442275 0.27778514374999996 0.47127474375 0.2719266609375 0.471377003125 0.26150360781250004 0.4897539609375 0.261894375 0.5121410156249999 0.2639448953125 0.517703690625 0.268949078125 0.5246144296875 0.2758572453125 0.5286926984375 0.2885750453125 0.5298703265625 0.29628866249999997 0.5241372156249999 0.3029037515625 0.51142519375 0.30246413906249997 0.4862397578125 0.2954094359375 0.47376634375000004
1 0.232260040625 0.49306364374999995 0.230209521875 0.48750096718749997 0.2252053375 0.4805902296875 0.21534350781249997 0.4751639 0.201722559375 0.47820088906249997 0.1912995078125 0.4965778453125 0.1916414296875 0.51616651875 0.19369194843749998 0.521729196875 0.202699478125 0.534168525 0.207605971875 0.535482496875 0.21641811875 0.5367282984374999 0.2183220984375 0.53389583125 0.2222277546875 0.5338276578125 0.23265080781249997 0.5154506984375 0.232260040625 0.49306364374999995
1 0.14899621875 0.47912123125 0.1294679421875 0.47946209843750004 0.1208511796875 0.48940982499999997 0.11714090937499999 0.500671525 0.11743398593750001 0.517461815625 0.1194845046875 0.5230244921875 0.1264903625 0.5326995250000001 0.133398525 0.53677779375 0.142210675 0.5380235953125 0.14992429062499998 0.532290484375 0.16034734374999998 0.513913525 0.16005426875 0.4971232328125 0.14899621875 0.47912123125
1 0.071835109375 0.47906846875 0.0588730765625 0.46389892968749996 0.04520328125 0.4641375359375 0.043299301562499996 0.466970003125 0.039393646875 0.46703817656249996 0.030825729687499998 0.4797842890625 0.0313141890625 0.5077681046875 0.038320046875 0.5174431375 0.0471810390625 0.5214873171875001 0.0559931859375 0.5227331203125 0.0578971671875 0.5199006515625 0.06180282031249999 0.519832478125 0.0722258765625 0.5014555203125 0.071835109375 0.47906846875
1 0.8822834609375001 0.5223063421874999 0.8647080125000001 0.522613121875 0.85699439375 0.5283462328125 0.850379303125 0.541058253125 0.8507700703125 0.5634453078125 0.8598264468749999 0.578683015625 0.8627801125 0.580031078125 0.881356396875 0.5811064421875 0.8937811234374999 0.56549378125 0.895636259375 0.55986293125 0.8953431843749999 0.5430726406249999 0.8822834609375001 0.5223063421874999
1 0.8230397203125 0.54153546875 0.8179866890625 0.5318263484375 0.8120305140624999 0.5263318453125 0.8042192046875 0.5264681921875 0.80221753125 0.5237038984375 0.80031355 0.526536365625 0.792502240625 0.5266727125 0.782030340625 0.5422512890625 0.7804194359375 0.5618740484375 0.782421109375 0.56463834375 0.7825188 0.5702351046875 0.7944799953125 0.5840224953125001 0.8130562781249999 0.585097859375 0.8234793343750001 0.566720903125 0.825139084375 0.5498965250000001 0.8231374125 0.5471322296875 0.8230397203125 0.54153546875
1 0.7528356203125 0.5483593515625 0.7437792437499999 0.53312164375 0.7398247421875 0.5303914359374999 0.724202121875 0.5306641296875 0.720345315625 0.5335306859375 0.7117773984375 0.5462767937499999 0.7118750890625 0.5518735546875 0.7099711046875 0.5547060234375001 0.7102153343750001 0.568697934375 0.7163180484375 0.5825875828125 0.7232750593749999 0.58946423125 0.7301343796875 0.59074411875 0.73504086875 0.5920580953125001 0.744707315625 0.5862908953125 0.7514200984375 0.579175640625 0.7532752328125001 0.5735447875 0.7528356203125 0.5483593515625
1 0.6845843484375 0.55514915 0.6715246234375 0.534382853125 0.6539491765625 0.5346896343750001 0.64723639375 0.5418048921875 0.6416221421875 0.555899059375 0.64191521875 0.57268935 0.6460162578124999 0.5838147046875 0.6539741046875001 0.5920735015624999 0.6705975625 0.5931829578125 0.6725015421875 0.5903504859375001 0.6764071984375 0.5902823125000001 0.6830711359375 0.5803686765625 0.6845843484375 0.55514915
1 0.6162842296875 0.5591405703125 0.6142337109375 0.553577890625 0.6012716796875 0.5384083578125 0.5876018875 0.5386469640625 0.583745078125 0.54151351875 0.5733220265625001 0.5598904796874999 0.5736151031250001 0.5766807671875 0.5756167750000001 0.5794450609374999 0.5757144656250001 0.5850418281249999 0.5876756624999999 0.5988292140625 0.6003934625 0.6000068421875 0.60810708125 0.5942737328125001 0.6128670359374999 0.5871925609375 0.6165773046874999 0.5759308578125 0.6162842296875 0.5591405703125
1 0.5482283421874999 0.57712389375 0.54593359375 0.5575693078125 0.5329715640625 0.5423997734375 0.5193017703125 0.5426383796875001 0.515444959375 0.5455049359374999 0.5050219078125 0.5638818953125 0.5053638296875 0.5834705687499999 0.507414346875 0.5890332453125 0.51442020625 0.5987082781249999 0.5213283703125 0.60278654375 0.5262348625 0.6041005187499999 0.5281388437500001 0.6012680515625 0.5378541359375 0.5982992359375 0.544518071875 0.588385596875 0.5482283421874999 0.57712389375
1 0.47763347500000003 0.561560728125 0.4755829546875 0.55599805 0.470578775 0.5490873109375001 0.462669771875 0.5436268953125001 0.45095280625 0.5438314156249999 0.4432391875 0.549564525 0.43662409843749994 0.56227655 0.43681948125 0.5734700765625 0.43491549999999995 0.57630254375 0.4369171734375 0.5790668375 0.4370637109375 0.5874619859375 0.44807291562499996 0.6026656078125 0.45297940781249996 0.6039795796874999 0.45788589999999996 0.6052935546875 0.45978988125000003 0.6024610874999999 0.46950517031250005 0.599492271875 0.4780242421875 0.5839477828125 0.47763347500000003 0.561560728125
1 0.40232750156249997 0.5558771140625 0.3963713265625 0.5503826078125 0.3826526890625 0.5478228328125 0.38074870625 0.5506553015625 0.376843053125 0.5507234750000001 0.368226290625 0.5606712015624999 0.36451601718750004 0.571932903125 0.36480909375000004 0.5887231953125001 0.3758671421875 0.606725196875 0.3788208078125 0.608073259375 0.3934914375 0.6092167984375 0.40406102656250004 0.599234984375 0.40777129843750004 0.5879732859375 0.40738053125 0.5655862328125 0.40232750156249997 0.5558771140625
1 0.3391292609375 0.5723760312499999 0.3370787421875 0.5668133546874999 0.32611838125000003 0.5544081140625 0.32025990000000004 0.554510375 0.31825822656249997 0.5517460765625 0.31635424375 0.5545785484375 0.3104957625 0.5546808078125001 0.2999750171875 0.567461003125 0.29811988125 0.573091853125 0.2985106484375 0.59547890625 0.3124735171875 0.612030590625 0.32519131875 0.613208215625 0.3290481265625 0.610341659375 0.33571206249999996 0.6004280203125 0.33942233593750004 0.589166321875 0.3391292609375 0.5723760312499999
1 0.2708291421875 0.5763674484375 0.27073145 0.5707706859375 0.26567841875 0.561061565625 0.2597222453125 0.5555670625 0.2421467984375 0.5558738437499999 0.23353003437500003 0.5658215703125 0.22977091875000002 0.5742848875 0.2299174578125 0.58268003125 0.22801347187499998 0.5855125 0.2300151484375 0.588276796875 0.23016168750000002 0.5966719421875 0.2392180625 0.6119096500000001 0.242171725 0.6132577125 0.25684235625 0.61440125 0.26926708125 0.5987885875 0.27112221718749996 0.5931577390625 0.2728308140625 0.5791317421875 0.2708291421875 0.5763674484375
1 0.1965728484375 0.5748643625 0.19647515625 0.5692676 0.18946930312500002 0.5595925671875001 0.1855636453125 0.559660740625 0.183561971875 0.5568964453125 0.17184500625000002 0.557100965625 0.169941025 0.559933434375 0.16603537031249999 0.5600016078125 0.159371434375 0.5699152468750001 0.1556611640625 0.5811769453125 0.15590539375 0.59516885625 0.16696344375 0.613170859375 0.1699171078125 0.614518921875 0.1845877375 0.615662459375 0.1951084796875 0.602882265625 0.198769909375 0.5888221859375 0.198574525 0.5776286578125001 0.1965728484375 0.5748643625
1 0.11040420937499999 0.56237226875 0.10835368906250001 0.5568095937499999 0.10334950624999999 0.5498988546875 0.09544050468750001 0.5444384390625 0.085676365625 0.5446088734375001 0.0760099203125 0.55037606875 0.071249965625 0.557457240625 0.06753969531250001 0.5687189421875 0.067783925 0.5827108484375 0.0698344421875 0.588273525 0.0788419734375 0.6007128515625 0.08770296875 0.6047570343750001 0.09065663125 0.6061050984375 0.0925606140625 0.6032726296875001 0.09841909531250001 0.6031703703125 0.1107461296875 0.5819609406249999 0.11040420937499999 0.56237226875
1 0.966426509375 0.586619625 0.9663288187499999 0.5810228625 0.9573212874999999 0.5685835359375 0.9338873578125 0.5689925765625 0.92146263125 0.5846052390625001 0.9196074953125001 0.5902360875 0.919851725 0.6042279984375 0.9239527640625 0.61535335 0.9289569468750001 0.6222640875 0.9358651124999999 0.6263423578125 0.9544413953124999 0.6274177234375 0.962155015625 0.6216846125 0.9668661234375 0.611805059375 0.9684281828125 0.5893839187500001 0.966426509375 0.586619625
1 0.9330829156249999 0.6907733109375 0.9327409937500001 0.6711846375 0.928639953125 0.660059284375 0.9216829421874999 0.6531826359374999 0.9099171328125 0.6505887718750001 0.9079154562499999 0.6478244765625 0.8943433593749999 0.65365985 0.8857754390625001 0.6664059578125 0.8858731296875 0.6720027203125001 0.8839691484375001 0.6748351875 0.8841645328125001 0.6860287140625 0.8882655749999999 0.69715406875 0.89527143125 0.7068291015625 0.9041324234375001 0.7108732859375 0.9129445687500001 0.7121190828125 0.9148485515625 0.7092866156250001 0.91875420625 0.7092184421875001 0.92837180625 0.7006528656250001 0.9330829156249999 0.6907733109375
1 0.863659340625 0.630401946875 0.8595583015624999 0.61927659375 0.8486467890625 0.6096697375 0.8310713421875 0.6099765171875 0.8272145312499999 0.6128430734375 0.8205505953125 0.6227567125 0.816840325 0.6340184109375 0.8191350734375 0.653572996875 0.8241881031249999 0.6632821156250001 0.8330979421875 0.67012468125 0.8477685734374999 0.67126821875 0.855482190625 0.665535109375 0.8602421437500001 0.6584539375 0.8639524156249999 0.6471922390625 0.863659340625 0.630401946875
1 0.7934552421875 0.6372258328125 0.7893542 0.6261004812500001 0.77839384375 0.613695240625 0.7608183953125 0.614002021875 0.7522016328125 0.6239497484375 0.7484913609375 0.635211446875 0.7488332828125001 0.65480011875 0.750883803125 0.6603627953125 0.7628449984375 0.674150184375 0.7775156265625001 0.6752937234374999 0.7794196078125 0.6724612546875 0.7833252625 0.67239308125 0.7918443328125 0.6568485921875 0.7934552421875 0.6372258328125
1 0.7210052390625 0.6272935171875 0.7160010546875 0.6203827796875 0.7120954 0.620450953125 0.7100937265625 0.6176866578125 0.692518278125 0.6179934390625 0.6839015171875 0.627941165625 0.680142396875 0.63640448125 0.6805331640625 0.6587915359375 0.6876367140624999 0.67406333125 0.6945448796875 0.6781416015625 0.7072626828125 0.6793192265625 0.7236907546875 0.66923515625 0.723104603125 0.6356545734375 0.7211029296875 0.632890278125 0.7210052390625 0.6272935171875
1 0.653242428125 0.6620671312499999 0.6529493515625 0.645276840625 0.648848309375 0.6341514874999999 0.6398896265625 0.6245105421875 0.6320783171875 0.6246468890625 0.63007664375 0.6218825953125 0.6281726640625 0.6247150625 0.6223141796875 0.6248173218749999 0.6118422796874999 0.6403958984375 0.611939971875 0.6459926625 0.6100359906249999 0.6488251328125 0.6102802203125 0.6628170390625 0.6123307390625 0.668379715625 0.62333994375 0.683583340625 0.6282464359375 0.6848973125 0.6351057546875001 0.6861772 0.6370097359375 0.683344734375 0.6409153921875 0.6832765609375 0.649532153125 0.673328834375 0.653242428125 0.6620671312499999
1 0.582501021875 0.6381088187499999 0.5774968375 0.63119808125 0.5695878359375001 0.6257376640625 0.55591804375 0.625976271875 0.5453972984375001 0.638756465625 0.5435421640625 0.644387315625 0.54363985625 0.6499840828125001 0.541735871875 0.65281655 0.5419801015625 0.66680845625 0.5510364812499999 0.682046165625 0.555991815625 0.686158521875 0.570662446875 0.6873020624999999 0.5830871734375 0.6716894015625 0.5849423078125 0.6660585484375 0.5845515406249999 0.6436714953125 0.582501021875 0.6381088187499999
1 0.5143962875 0.6532937640625 0.5142497500000001 0.6448986171875 0.5052422187500001 0.6324592890625 0.5013365624999999 0.6325274624999999 0.49933489062499997 0.62976316875 0.48761792656249997 0.6299676890625 0.4751932 0.6455803515625 0.47333806406249995 0.6512112046875 0.47372883125 0.6735982578125 0.480783534375 0.686071671875 0.48573887187500003 0.690184025 0.5004095015625001 0.6913275671875 0.512883075 0.6785132859375 0.5165444984375 0.664453203125 0.5163979609375 0.6560580593750001 0.5143962875 0.6532937640625
1 0.44404564999999996 0.6517225062499999 0.443947959375 0.6461257390624999 0.4329876 0.6337204984375 0.41736497968749997 0.6339931921875 0.4068442359375 0.6467733875 0.4049891 0.652404240625 0.40537986718749996 0.67479129375 0.41443624375 0.6900290015625 0.41738990625000005 0.6913770609375 0.43206053750000006 0.692520603125 0.4444852640625 0.676907940625 0.44634039843749995 0.6712770875 0.44604732187499996 0.6544868 0.44404564999999996 0.6517225062499999
1 0.37064365781249997 0.643206421875 0.3646874828125 0.637711915625 0.34711203749999997 0.638018696875 0.3384952734375 0.6479664234375 0.3347850015625 0.659228125 0.33512692187500004 0.6788167984375 0.337177440625 0.6843794734374999 0.3461849703125 0.6968188 0.35109146406249997 0.6981327765625001 0.3618564375 0.6993444875 0.36571324843749997 0.6964779328125 0.3761363 0.6781009765625 0.37569668749999996 0.652915540625 0.37064365781249997 0.643206421875
1 0.3094959359375 0.6652680140625 0.3074942625 0.6625037203125 0.30734772499999996 0.6541085765625 0.2943856921875 0.6389390374999999 0.2807159 0.6391776453125 0.276859090625 0.6420442000000001 0.2664360375 0.6604211609374999 0.26677795937500004 0.6800098328125 0.2708789984375 0.691135184375 0.2807896734375 0.6993598984375 0.293507475 0.7005375234375 0.30122109531249996 0.6948044140625 0.30783618437500004 0.6820923921875 0.3076408 0.6708988640625 0.3094959359375 0.6652680140625
1 0.2330425859375 0.64980710625 0.22803840156250002 0.64289636875 0.22408390156250002 0.6401661609375 0.20846128125000002 0.6404388546875001 0.19789168906250001 0.6504206671875 0.19418141875 0.6616823703125 0.194523340625 0.6812710421875 0.2035797171875 0.69650875 0.20653338125 0.6978568093749999 0.2231568390625 0.6989662640625001 0.2336775828125 0.68618606875 0.2373390078125 0.6721259859375001 0.237143625 0.6609324625 0.2330425859375 0.64980710625
1 0.1469716359375 0.642911778125 0.1399169328125 0.630438365625 0.13005510468749998 0.6250120359375 0.12619829375 0.6278785906250001 0.11838698437499999 0.6280149374999999 0.10786624062500001 0.6407951328125 0.1042048125 0.6548552125 0.1062064890625 0.657619509375 0.1064018734375 0.6688130343750001 0.1134565765625 0.6812864484375 0.1184119109375 0.6853988046875 0.1311297140625 0.68657643125 0.1388433328125 0.6808433218750001 0.145458421875 0.6681313 0.1473135578125 0.6625004515625 0.1469716359375 0.642911778125
1 0.0729107265625 0.65260221875 0.072813034375 0.6470054546874999 0.0598510046875 0.631835921875 0.05008686875 0.6320063546875 0.040420421875 0.63777355 0.03190135 0.6533180390625 0.032292117187500004 0.67570509375 0.0343426375 0.6812677734375 0.043301321875 0.690908715625 0.0482078140625 0.692222690625 0.0570199609375 0.69346849375 0.06473357656249999 0.6877353796875 0.0732038015625 0.6693925093749999 0.074912403125 0.6553665125 0.0729107265625 0.65260221875
1 0.97511805625 0.748823503125 0.968063353125 0.736350090625 0.9601543515625 0.730889675 0.94257890625 0.7311964546875 0.9387220953125001 0.734063009375 0.9320581578124999 0.74397665 0.9283967343749999 0.7580367328125 0.928543271875 0.7664318765625 0.936647659375 0.7830858203125 0.9436046703125 0.789962471875 0.9504639859375 0.79124235625 0.9592761359375 0.7924881593750001 0.9611801156249999 0.789655690625 0.9670385984375001 0.78955343125 0.9755576703125 0.7740089390625 0.97511805625 0.748823503125
1 0.89700495625 0.750186971875 0.8880462703124999 0.7405460265625 0.884140615625 0.7406142 0.8821389421875001 0.73784990625 0.8684691499999999 0.7380885140625 0.86075553125 0.743821625 0.8559955765625 0.75090279375 0.854286978125 0.764928790625 0.8523829984375 0.7677612593750001 0.8545800531250001 0.78171908125 0.8655892609375 0.7969227046875 0.8744502531249999 0.8009668874999999 0.8813095734375 0.802246771875 0.8909760171875 0.7964795765625 0.9014479140624999 0.780901 0.9011059921875001 0.761312328125 0.89700495625 0.750186971875
1 0.822967965625 0.7052919281250001 0.8150589625 0.6998315140625 0.7994363421874999 0.7001042078124999 0.7889155984375 0.712884403125 0.7852053265625 0.7241461 0.7854007109375 0.735339628125 0.7895505953125 0.7492633625 0.7975572890625 0.76032054375 0.8161335718749999 0.761395909375 0.8247991812500001 0.7542465625 0.8304134359375 0.740152396875 0.8300226687500001 0.7177653421875 0.822967965625 0.7052919281250001
1 0.7601604890625 0.7441779000000001 0.7597697218749999 0.7217908468750001 0.750713346875 0.7065531375 0.7467588453125 0.7038229312500001 0.7389475375 0.7039592781249999 0.7369458609375 0.7011949828125 0.73504188125 0.7040274515625 0.7272305703125 0.7041637984375 0.71680751875 0.7225407546875 0.7171982859375 0.7449278078125 0.7282563343749999 0.7629298125 0.7312099984375 0.7642778734375 0.7439278015624999 0.7654554984375 0.7458317828125 0.76262303125 0.7497374375 0.7625548578125 0.7622110078125 0.7497405765625 0.7601604890625 0.7441779000000001
1 0.689516778125 0.72581635 0.687466259375 0.7202536734375 0.6804604015625 0.710578640625 0.670598571875 0.7051523140625 0.657026471875 0.7109876828125 0.6503625343749999 0.720901321875 0.6467011109375 0.7349614015625 0.6468476484375 0.74335655 0.65099753125 0.75728028125 0.6609570546875 0.7683033781249999 0.6775805125 0.769412828125 0.68810125625 0.7566326343750001 0.6880035640625 0.751035871875 0.6899075453125 0.7482034046875 0.689516778125 0.72581635
1 0.6191661390625 0.724245090625 0.6141131125 0.714535971875 0.60425128125 0.7091096421875 0.5906303359375 0.71214663125 0.58206241875 0.7248927390625 0.5784009921875 0.738952821875 0.5806468953125 0.7557090234375 0.5846990890625 0.764035996875 0.5946097640625 0.7722607078125 0.607327565625 0.7734383359375 0.6150411859375 0.767705221875 0.621656275 0.7549932015625 0.6212166625 0.7298077671875001 0.6191661390625 0.724245090625
1 0.5532584640625 0.75338785625 0.5529165421875 0.733799184375 0.5418584921875 0.7157971812499999 0.5281398546875 0.71323740625 0.526235871875 0.716069875 0.5223302171875 0.7161380484375 0.5137623015624999 0.72888415625 0.510052028125 0.7401458578125 0.5102962578125 0.754137765625 0.5143972984375 0.76526311875 0.5194014796875 0.7721738546875 0.5263096453125 0.776252125 0.537074621875 0.7774638390625 0.5447882390625 0.7717307265625 0.551452175 0.7618170906249999 0.5513544828125 0.7562203234375 0.5532584640625 0.75338785625
1 0.48466527187499997 0.740588984375 0.48266359999999997 0.7378246875000001 0.4825659078125 0.732227925 0.46960387499999995 0.717058390625 0.4578869109375 0.7172629109375 0.44355820156250003 0.7357080421875 0.44365589375000003 0.74130480625 0.4417519109375 0.744137275 0.441996140625 0.75812918125 0.454055028125 0.777513334375 0.47067848437500004 0.7786227890624999 0.4831032125 0.763010125 0.4830055203125 0.757413359375 0.4849095015625 0.7545808921875 0.48466527187499997 0.740588984375
1 0.40525825781249997 0.7237800156249999 0.40130375625000003 0.7210498078125 0.3856811359375 0.7213225015625 0.3770643734375 0.731270228125 0.3733052578125 0.73973354375 0.37340295 0.745330309375 0.37149896718750003 0.748162778125 0.371743196875 0.762154684375 0.3828012453125 0.7801566906249999 0.385754909375 0.7815047500000001 0.40042553906249995 0.7826482921875 0.4119471234375 0.7712502421874999 0.414754246875 0.7642031609375 0.414314634375 0.739017721875 0.40525825781249997 0.7237800156249999
1 0.3349564671875 0.7250071375 0.3173810203125 0.7253139187500001 0.306860271875 0.7380941125 0.30500513906250004 0.7437249640625 0.3033942328125 0.7633477203125001 0.3074952703125 0.7744730765625001 0.3174547921875 0.7854961671875 0.33212542031250003 0.7866397093749999 0.3445501484375 0.771027046875 0.346405284375 0.765396196875 0.3460145171875 0.7430091421875 0.3349564671875 0.7250071375
1 0.275956953125 0.7582281734375 0.275663878125 0.7414378796875 0.2666563484375 0.7289985546875 0.26275069375000004 0.7290667281250001 0.26074902031249997 0.7263024328125 0.2509848828125 0.7264728671875 0.2490809015625 0.7293053359375 0.245175246875 0.729373509375 0.2384624640625 0.7364887671875 0.234703346875 0.7449520859375001 0.23304359687499998 0.7617764609375001 0.23504526874999998 0.76454075625 0.23514296093749998 0.770137521875 0.2441993375 0.78537523125 0.247153003125 0.7867232890625 0.259870803125 0.78790091875 0.267584421875 0.7821678078125001 0.27805632187499996 0.7665892328125 0.27795862968749996 0.760992465625 0.275956953125 0.7582281734375
1 0.1885432484375 0.7303620234375 0.1846375921875 0.730430196875 0.18263591875000001 0.727665903125 0.16701329843749999 0.727938596875 0.1564925546875 0.740718790625 0.1546374203125 0.7463496421875 0.155077034375 0.771535078125 0.1660862359375 0.7867387 0.1748983828125 0.7879844984375 0.1778520484375 0.7893325609375 0.18556566562500001 0.7835994515625 0.19598871874999998 0.765222490625 0.19559795156249998 0.7428354359375 0.1885432484375 0.7303620234375
1 0.119486521875 0.746963203125 0.10842847343749999 0.7289611984375 0.094709834375 0.7264014234375 0.092805853125 0.7292338921875 0.0889001984375 0.729302065625 0.078379453125 0.7420822609375 0.07652431875 0.7477131109374999 0.0769150859375 0.7701001656249999 0.0908779546875 0.786651846875 0.1035957546875 0.787829475 0.1179244625 0.76938434375 0.11782677187499999 0.763787578125 0.11973075156249999 0.7609551109375 0.119486521875 0.746963203125
1 0.944337359375 0.8319381984374999 0.9383811828124999 0.8264436921874999 0.934475528125 0.8265118656249999 0.9324738546875 0.8237475703125 0.9227097171875001 0.8239180046874999 0.9130432734375 0.8296852015624999 0.9063793375 0.839598840625 0.9045242015625 0.84522969375 0.9048661234375001 0.8648183625 0.9139225 0.880056075 0.918877834375 0.884168428125 0.9374541203125 0.8852437953125 0.9480237109375 0.8752619828125001 0.95173398125 0.8640002812500001 0.951392059375 0.8444116125000001 0.944337359375 0.8319381984374999
1 0.865956109375 0.8738952453125 0.867860090625 0.8710627765625001 0.8675670140625 0.8542724859374999 0.8634659765625001 0.84314713125 0.8564601187499999 0.8334721015625 0.8525544640625 0.833540275 0.8505527921875 0.8307759765625 0.838835825 0.8309804968750001 0.8291693796875 0.836747696875 0.8226031359375 0.8522581 0.8228962109375001 0.869048390625 0.8248978828125001 0.8718126859374999 0.824995575 0.877409446875 0.8360047828124999 0.89261306875 0.8409112703125 0.8939270453124999 0.8516762484375 0.8951387562500001 0.853580228125 0.8923062890625 0.8574858828125 0.8922381156249999 0.8660538000000001 0.8794920062499999 0.865956109375 0.8738952453125
1 0.8004381890625 0.8134557093750001 0.798436515625 0.8106914140624999 0.798338825 0.8050946515625 0.785376790625 0.789925115625 0.7717070015624999 0.7901637218750001 0.7639933812499999 0.7958968328125 0.7573782921875 0.8086088546875001 0.75781790625 0.8337942890625 0.759868425 0.8393569640624999 0.76687428125 0.8490319968750001 0.7776881015625 0.8530420937500001 0.7806417671875 0.854390153125 0.7825457484375 0.8515576843750001 0.7922610406249999 0.84858886875 0.8007801109375 0.83304438125 0.8004381890625 0.8134557093750001
1 0.73033178125 0.825876359375 0.72608420625 0.8063558593750001 0.7190783484375001 0.796680828125 0.711169346875 0.7912204109375 0.6975484 0.7942574 0.6871253484375 0.8126343578125 0.687516115625 0.8350214109375 0.694619665625 0.8502932062499999 0.7015278265625 0.8543714765624999 0.7161984578125 0.8555150156250001 0.7200552671875 0.852648459375 0.7267192031249999 0.8427348203125 0.7284278 0.8287088265625 0.73033178125 0.825876359375
1 0.6582725468749999 0.8383310921874999 0.6601765296875 0.8354986265625 0.6598346078125 0.815909953125 0.6577840875 0.8103472765624999 0.6448220546875 0.7951777421874999 0.633105090625 0.7953822625 0.6253914734375 0.801115371875 0.6187763828125 0.8138273937499999 0.6189229218750001 0.8222225359375 0.6170189390624999 0.8250550046875 0.6212665140625 0.844575503125 0.6302740453125 0.8570148312500001 0.6351805390624999 0.8583288078125 0.6439926859375 0.8595746046875 0.645896665625 0.8567421375000001 0.649802321875 0.8566739640625001 0.6583702390624999 0.84392785625 0.6582725468749999 0.8383310921874999
1 0.5918764125 0.8394900421875 0.5915833375 0.82269975 0.587482296875 0.8115743999999999 0.5765219390625 0.799169159375 0.562852146875 0.799407765625 0.5589953375000001 0.8022743203125 0.5486211296875 0.823449659375 0.5488653593749999 0.8374415703125001 0.5530152453125 0.8513653046874999 0.5600211015625 0.861040334375 0.56492759375 0.8623543093749999 0.573739740625 0.8636001125 0.575643721875 0.860767640625 0.5795493765625 0.8606994671875 0.5862621578125 0.8535842125 0.5918764125 0.8394900421875
1 0.5101746484375 0.8031264890625 0.4925992015625 0.8034332703124999 0.480272165625 0.8246426937500001 0.4806629328125 0.8470297484374999 0.4877176375 0.8595031625 0.49462580312500004 0.8635814312500001 0.50734360625 0.8647590609375 0.5216723125 0.8463139265624999 0.5212326984375 0.8211284921875001 0.5151299875 0.8072388453125001 0.5101746484375 0.8031264890625
1 0.45298142812500003 0.827918290625 0.44888038750000003 0.8167929390625 0.43796887656249994 0.8071860796875001 0.426251909375 0.8073906 0.42239510156250004 0.810257153125 0.413827184375 0.8230032609375 0.4101169140625 0.8342649640625 0.4124116625 0.8538195500000001 0.4243728578125 0.8676069359374999 0.437090659375 0.868784565625 0.44480427968749997 0.8630514515625001 0.44956422968750004 0.8559702843749999 0.4532745046875 0.8447085812499999 0.45298142812500003 0.827918290625
1 0.3826796359375 0.8291454125 0.3716215859375 0.8111434093750001 0.367667084375 0.8084132015625001 0.357902946875 0.8085836359374999 0.35018933125 0.8143167437500001 0.341670259375 0.8298612343749999 0.3421098734375 0.855046671875 0.354071065625 0.8688340578125 0.3706945234375 0.8699435140625 0.381166421875 0.8543649375 0.3810687296875 0.848768171875 0.38297271093749996 0.8459357031250001 0.3826796359375 0.8291454125
1 0.3053231421875 0.8178991203124999 0.3013686390625 0.8151689125000001 0.28574601875 0.81544160625 0.2818892109375 0.8183081609375 0.2752252765625 0.8282218015625 0.2715150046875 0.8394835046875 0.2718080796875 0.8562737953124999 0.2738586 0.8618364703125 0.2858197953125 0.87562385625 0.29853759687500003 0.876801484375 0.3023944046875 0.87393493125 0.31472144062499996 0.8527255015625 0.312377846875 0.8303725343749999 0.3053231421875 0.8178991203124999
1 0.23226306874999997 0.828971709375 0.2213027125 0.8165664687499999 0.2076329171875 0.8168050750000001 0.20377611093749998 0.81967163125 0.197063328125 0.8267868890625 0.19144907656250001 0.8408810593749999 0.191790996875 0.8604697328125 0.20084737343749998 0.875707440625 0.203801040625 0.8770555 0.2204244953125 0.878164953125 0.236657184375 0.85688735625 0.23646180156250002 0.8456938265625 0.23446012968750002 0.8429295328125 0.23226306874999997 0.828971709375
1 0.1583975453125 0.8498556781250001 0.15820216250000002 0.838662153125 0.154101125 0.827536796875 0.1470952671875 0.8178617640624999 0.14123678281250002 0.817964025 0.139235109375 0.8151997296875001 0.1353783015625 0.818066284375 0.12756699062500002 0.8182026312499999 0.11523995625000001 0.8394120609375 0.1156307234375 0.8617991140625 0.1246382546875 0.8742384421875 0.133499246875 0.878282621875 0.1364529109375 0.8796306828124999 0.13835689375 0.8767982171875 0.1480721859375 0.8738294015625 0.15473612187500002 0.8639157609374999 0.1583975453125 0.8498556781250001
1 0.0760857125 0.8344970296875 0.071032684375 0.8247879093750001 0.05916918125 0.8165972859374999 0.045548234375 0.819634275 0.0331723546875 0.838045321875 0.0334654296875 0.854835609375 0.03756646875 0.865960965625 0.0425706515625 0.872871703125 0.051431645312499996 0.8769158828125001 0.05829096406249999 0.878195771875 0.060194945312500005 0.8753633046875 0.0641006015625 0.87529513125 0.076427634375 0.8540857015625001 0.0760857125 0.8344970296875
1 0.7024559 0.907540728125 0.7004542265625 0.9047764328125 0.700356534375 0.8991796703125001 0.69330183125 0.8867062578124999 0.6893473328125 0.8839760484375001 0.6795343500000001 0.8813481015625 0.677630365625 0.8841805703125001 0.671771884375 0.8842828296875 0.663155121875 0.8942305562499999 0.6594448500000001 0.9054922546874999 0.6598356171875001 0.9278793078125 0.6708936671875 0.9458813125000001 0.6738473328125 0.9472293734375 0.6885179609375001 0.9483729109375 0.6923747703124999 0.9455063578124999 0.69903870625 0.93559271875 0.702748975 0.92433101875 0.7024559 0.907540728125
1 0.6301524374999999 0.9060035546874999 0.626002553125 0.8920798187500001 0.619045540625 0.885203171875 0.605326903125 0.882643396875 0.6034229203125 0.885475865625 0.5995172640625 0.8855440390625 0.5909005015625 0.895491765625 0.5871902312499999 0.9067534640625 0.587532153125 0.9263421359375 0.5895338265625 0.9291064312499999 0.58963151875 0.9347031937500001 0.5986390484374999 0.9471425203124999 0.603545540625 0.9484564953125 0.616263340625 0.9496341203125 0.62868806875 0.934021459375 0.6285903765625 0.9284246953125 0.6304943578125 0.925592228125 0.6301524374999999 0.9060035546874999
1 0.5602414125 0.9296177312499999 0.55985064375 0.9072306781249999 0.552795940625 0.8947572640624999 0.5468397687500001 0.8892627624999999 0.5331699750000001 0.8895013687500001 0.53126599375 0.8923338359375 0.5273603390625 0.892402009375 0.5188412671875 0.9079464984375001 0.518938959375 0.9135432625 0.5170349796875 0.9163757296874999 0.5172303640625 0.9275692578125 0.5213314 0.9386946109375 0.5283372578125001 0.9483696437500001 0.539151078125 0.9523797390625001 0.5421047421875 0.9537278015625 0.5440087234375001 0.9508953296874999 0.547914378125 0.9508271562499999 0.55367516875 0.9451281343750001 0.5602414125 0.9296177312499999
1 0.4895488546875 0.9084578000000001 0.48244530625 0.8931860046875 0.47853965 0.8932541781250001 0.476537978125 0.8904898843750001 0.462868184375 0.8907284921875 0.455154565625 0.8964616 0.44853947656250004 0.9091736218750001 0.4469285703125 0.9287963796875 0.44893024375 0.9315606750000001 0.4490279359375 0.9371574375 0.45408096562500005 0.9468665578125 0.46299080468750003 0.953709121875 0.4757086046875 0.95488675 0.47956541562500005 0.9520201921875 0.4881333328125 0.9392740859375 0.491843603125 0.9280123859374999 0.4895488546875 0.9084578000000001
1 0.41934475468750004 0.9152816859374999 0.41924706250000005 0.909684921875 0.4102395328125 0.8972455953124999 0.3965208921875 0.8946858203125 0.39461691249999997 0.8975182890625 0.3907112578125 0.8975864625 0.382143340625 0.9103325703125 0.37843306875 0.9215942734375 0.37867729843750003 0.9355861796875 0.380678971875 0.9383504734375 0.3807766640625 0.9439472406249999 0.39273786093749996 0.957734625 0.40740848906249993 0.9588781671875 0.4198332140625 0.9432655046875 0.42168834843749997 0.937634653125 0.421346428125 0.9180459796875 0.41934475468750004 0.9152816859374999
1 0.3471389828125 0.9193412765625 0.33808260625000003 0.9041035671875 0.33417695 0.9041717406249999 0.332175278125 0.9014074453124999 0.3243639671875 0.9015437921875 0.31665035 0.9072769031249999 0.3080824328125 0.9200230109374999 0.30818012499999997 0.9256197765625 0.3062761421875 0.92845224375 0.30656921875 0.9452425359375001 0.3086197375 0.9508052109375 0.31762726875 0.9632445374999999 0.322533759375 0.964558509375 0.33134590625000004 0.9658043125000001 0.3332498890625 0.9629718437499999 0.3371555453125 0.9629036703124999 0.347578596875 0.9445267140625001 0.3471389828125 0.9193412765625
1 0.273029228125 0.9262333375 0.2710275546875 0.9234690437499999 0.2709298640625 0.9178722765625 0.2599695046875 0.9054670359375001 0.24825254062500002 0.9056715562500001 0.24634855781249998 0.908504025 0.2424429046875 0.9085721984375 0.23197100312500002 0.924150778125 0.2303600984375 0.9437735343749999 0.2323617703125 0.94653783125 0.2324594625 0.95213459375 0.2464223328125 0.968686278125 0.2532816515625 0.9699661624999999 0.262948096875 0.9641989671875001 0.2696120328125 0.9542853265625 0.2733223046875 0.943023625 0.273029228125 0.9262333375
1 0.17809728593750002 0.9152938265625 0.1644274953125 0.915532434375 0.1567138765625 0.9212655421875 0.151953921875 0.9283467156249999 0.14824365 0.9396084140625 0.14858557187500002 0.9591970859375 0.15764194843749998 0.9744347953125001 0.162548440625 0.9757487687499999 0.1772190703125 0.976892309375 0.1896437984375 0.9612796453125 0.1932075296875 0.9416228 0.1860062890625 0.9207542406250001 0.17809728593750002 0.9152938265625
1 0.11685187187499999 0.9317586562500001 0.11480135312499999 0.92619598125 0.10979716875000001 0.9192852437499999 0.10188816875 0.9138248250000001 0.0921240296875 0.9139952578124999 0.0902200484375 0.9168277296875 0.08631439375 0.9168959031249999 0.0796016125 0.9240111578124999 0.0758424921875 0.9324744781250001 0.075940184375 0.938071240625 0.0740362046875 0.9409037093749999 0.07428043437500001 0.95489561875 0.0813839828125 0.9701674140625001 0.0882921484375 0.974245684375 0.1010099484375 0.9754233093750001 0.10872356875 0.9696902 0.11348352187499999 0.962609028125 0.11719379375000001 0.951347328125 0.11685187187499999 0.9317586562500001