1 0.8265008765624999 0.0231310859375 0.80658391875 0.0183757390625 0.786163325 0.025564987500000004 0.770928459375 0.042808984375 0.77662620625 0.0636587296875 0.7938017265624999 0.07379195625 0.7997966265625001 0.07383119375 0.82184394375 0.06935050468750001 0.8373843484375 0.0540355859375 0.8388045906249999 0.047878228125 0.8334123796874999 0.0289575625 0.8265008765624999 0.0231310859375
1 0.749896796875 0.046140071875 0.735058128125 0.035636725 0.72509965 0.033259053125 0.7087416890625 0.035849900000000004 0.7000053546875 0.0411885390625 0.6864962671875 0.054204257812500004 0.6830447109375 0.062660815625 0.6875203140624999 0.075794246875 0.6931106234375 0.0808412390625 0.702358984375 0.08629759375 0.7159755031249999 0.089084625 0.731317809375 0.0876433765625 0.74005414375 0.0823047359375 0.75325769375 0.0673599390625 0.7534557921875 0.053486265624999994 0.749896796875 0.046140071875
1 0.6654646046875 0.057535346875000004 0.6532683234375 0.0485909578125 0.6433098453125 0.046213284375000004 0.6199413328125 0.04991449375 0.6023696125 0.0675286109375 0.5989180515625 0.07598516875 0.6063415812499999 0.0926066359375 0.6208747125 0.1011809046875 0.629511996875 0.1027790984375 0.6448543 0.1013378515625 0.6559274890625 0.09562908906249999 0.6670997234375 0.0829834921875 0.6705512796875001 0.07452693437499999 0.6654646046875 0.057535346875000004
1 0.5757476359375 0.06581270624999999 0.56416243125 0.060726475 0.542825228125 0.062128484375 0.5337833578125 0.065538046875 0.5182429578125001 0.0808529640625 0.5189614671875 0.10051387187500001 0.5251628484374999 0.1094190265625 0.5317688171875 0.11331642187499999 0.5477221921875 0.11573333125 0.5630644984375001 0.1142920828125 0.5718008328125 0.10895344375 0.5846988468750001 0.0920795671875 0.584591409375 0.0762768171875 0.5757476359375 0.06581270624999999
1 0.4951799796875 0.086483253125 0.48664174375 0.077948221875 0.47769892187499996 0.07442095 0.454024871875 0.0761930796875 0.4429516859375 0.081901840625 0.43177945156249997 0.0945474390625 0.43219242031249994 0.11227926875000001 0.4351403484375 0.11576730625000001 0.4502845515625 0.12819973125 0.46125868593749997 0.12942780625 0.47426413749999996 0.128356678125 0.489705490625 0.1199785984375 0.49823534062499997 0.1057740421875 0.49843343906250004 0.09190036875 0.4951799796875 0.086483253125
1 0.4011938921875 0.09049309375 0.386256178125 0.0869265859375 0.3722350671875 0.08914731249999999 0.36116188125000004 0.0948560734375 0.3482638671875 0.11172994843749999 0.350097084375 0.12330442187499999 0.3592463890625 0.1356976125 0.3658523609375 0.1395950078125 0.381805734375 0.1420119171875 0.39013748125 0.14168103125 0.4102525375 0.1325627109375 0.4164455359375 0.11872827500000001 0.4104422484375 0.09594945 0.4011938921875 0.09049309375
1 0.2901397265625 0.1001724625 0.28109785625 0.10358202812499999 0.26758876875 0.11659774375000001 0.2641372125 0.1250543015625 0.266275965625 0.13855785468749998 0.272477346875 0.1474630046875 0.2843680921875 0.1544783171875 0.2903629890625 0.15451755625000002 0.3147471609375 0.1496667453125 0.330287565625 0.134351825 0.3292635203125 0.11276183749999999 0.3068032234375 0.0995106984375 0.2901397265625 0.1001724625
1 0.24513686250000002 0.1260861921875 0.23527743281250002 0.11677167968749999 0.22267656875 0.1128350515625 0.199308053125 0.1165362609375 0.1905717203125 0.12187490000000001 0.1803160921875 0.1403077359375 0.1821493078125 0.1518822078125 0.1909930765625 0.16234632031250001 0.2062363328125 0.16784190937500001 0.228589190625 0.16529029687500002 0.234988675 0.1603217796875 0.2419992265625 0.1592114171875 0.246771978125 0.15153433593750001 0.24513686250000002 0.1260861921875
1 0.1488139265625 0.1304661546875 0.1335706734375 0.1249705640625 0.1125390078125 0.128301653125 0.1038026734375 0.133640296875 0.09324151093750001 0.1501440515625 0.0953802640625 0.16364760312499999 0.10158164843749999 0.1725527546875 0.1134723953125 0.1795680671875 0.1194672890625 0.1796073015625 0.13948329375 0.1774258140625 0.1461883140625 0.174386375 0.159086328125 0.15751249375 0.1560309671875 0.1382217078125 0.1488139265625 0.1304661546875
1 0.05676010625 0.1391136375 0.044464778125 0.1371060828125 0.023738651562499997 0.1423662484375 0.012566415624999999 0.1550118484375 0.009114859375000001 0.16346840468749999 0.014812606249999999 0.18431815000000001 0.035340634375 0.1929316546875 0.055356639062500004 0.19075016718749999 0.0597248078125 0.1880808484375 0.0746541359375 0.16890777031249998 0.0715987765625 0.14961698437499998 0.05676010625 0.1391136375
1 0.16348804374999998 0.24580152656249998 0.154545225 0.24227425 0.1332080265625 0.243676259375 0.12416615625 0.247085821875 0.1092368234375 0.2662589 0.11198664843749999 0.2836206078125 0.117882496875 0.29059668125 0.13211009375 0.297241871875 0.13810499062499998 0.2972811109375 0.15578414375 0.29546974062500003 0.176609321875 0.2832727390625 0.175081640625 0.2736273421875 0.1779221296875 0.2613126296875 0.16348804374999998 0.24580152656249998
1 0.11754341093750001 0.1977092546875 0.10067342812499999 0.18950510781250002 0.0796417640625 0.192836196875 0.0709054296875 0.198174834375 0.0634902859375 0.2042929546875 0.058312953125 0.21697779062500003 0.058420390625 0.2327805421875 0.0732590546875 0.24328389062500003 0.0892124296875 0.24570080156250002 0.1045547375 0.24425955625 0.1199960859375 0.23588147187500003 0.1250743734375 0.23013347187500002 0.123439259375 0.204685328125 0.11754341093750001 0.1977092546875
1 0.20990276562500002 0.1909908546875 0.20105899374999997 0.18052674375 0.187136934375 0.175810634375 0.15706340000000002 0.1825512828125 0.1441653859375 0.1994251578125 0.14691521093749998 0.2167868703125 0.152811059375 0.22376294375 0.1647018015625 0.2307782515625 0.1706966984375 0.230817490625 0.1930495578125 0.22826588124999997 0.199754575 0.22522643750000002 0.2071697140625 0.21910831874999998 0.21062127656250001 0.2106517609375 0.20990276562500002 0.1909908546875
1 0.278885215625 0.165234071875 0.24820061249999997 0.1681165671875 0.2374329625 0.175754409375 0.2306288921875 0.185730684375 0.23043079375 0.19960435781250002 0.2339897890625 0.206950553125 0.24649160625 0.21782401875000001 0.257465740625 0.2190520953125 0.2774817484375 0.2168706078125 0.2930221484375 0.20155568906250002 0.296473709375 0.19309913125 0.29402942187500003 0.1776665015625 0.278885215625 0.165234071875
1 0.3603694859375 0.15035076249999998 0.3413691359375 0.15138265312500002 0.327959096875 0.1574615328125 0.316786865625 0.1701071328125 0.31333530625 0.1785636890625 0.3142519140625 0.18435092656250002 0.323401221875 0.196744115625 0.33529196250000004 0.20375942343750003 0.34626610156250004 0.20498750000000002 0.3659765734375 0.20087693281250002 0.3812114375 0.183632934375 0.3807984640625 0.1659011046875 0.3693123046875 0.1538780359375 0.3603694859375 0.15035076249999998
1 0.46492511875 0.1525767515625 0.447138528125 0.13858536562499998 0.4211276234375 0.14072761875 0.41442260781250007 0.14376705781250002 0.40325037343750003 0.1564126578125 0.3997988109375 0.164869215625 0.401632028125 0.176443690625 0.40783341406250007 0.185348840625 0.4233822 0.19277350937499999 0.448071909375 0.1898517796875 0.4547769296875 0.1868123390625 0.4673694078125 0.16800938125 0.4681785828125 0.1579938671875 0.46492511875 0.1525767515625
1 0.5286227968749999 0.12370205625 0.5142961500000001 0.1239937046875 0.4985492625 0.13044270468750002 0.48361993124999997 0.149615784375 0.4857586828125 0.16311933750000002 0.49196006875 0.1720244875 0.5098457109375001 0.179079034375 0.532198565625 0.1765274265625 0.5514960624999999 0.154685028125 0.5487462375 0.1373233203125 0.5428503921875001 0.130347246875 0.5286227968749999 0.12370205625
1 0.6177286890625 0.1115665390625 0.5917177890625 0.11370879062499999 0.58501276875 0.11674823125 0.573840534375 0.12939383124999998 0.5703889734375001 0.1378503890625 0.572527725 0.15135394062500002 0.5787291109375 0.1602590921875 0.5963092171875 0.1653845609375 0.6209989265625 0.16246283125 0.6345080109375 0.14944711093750002 0.6379595734375 0.140990553125 0.635515284375 0.1255579234375 0.6177286890625 0.1115665390625
1 0.7193364 0.11030449375 0.7094769734375 0.1009899828125 0.6968761078125 0.09705335000000001 0.669139425 0.10342387812500001 0.65156770625 0.121038 0.65757099375 0.1438168234375 0.6694617359375 0.15083213125 0.678099021875 0.152430328125 0.70512558125 0.149138478125 0.7186346671875 0.1361227578125 0.7220862234375 0.1276662015625 0.7228953984375 0.1176506875 0.7193364 0.11030449375
1 0.7599711 0.087060084375 0.751234765625 0.0923987265625 0.735999896875 0.10964272343749999 0.73813865 0.12314627656249999 0.7440344999999999 0.13012235 0.7622256734375 0.139105975 0.7892522375000001 0.135814125 0.8065184203125 0.1162709265625 0.8005151312500001 0.0934921015625 0.7786659125 0.0840991171875 0.7599711 0.087060084375
1 0.8520500796875 0.1466313671875 0.8401593343749999 0.13961605625 0.8278640046874999 0.13760850625 0.8048010250000001 0.1432387921875 0.7915974734375 0.158183590625 0.788451453125 0.168569225 0.7961805140625 0.187119771875 0.8127449625000001 0.1933948421875 0.8210767125 0.19306395625 0.8294084609375 0.192733075 0.84515535 0.18628406718749999 0.856327584375 0.17363846875 0.8577478281250001 0.1674811140625 0.8520500796875 0.1466313671875
1 0.75074790625 0.1498224953125 0.738758109375 0.14974401875 0.7227056875 0.154263946875 0.705439503125 0.17380714218749999 0.708189328125 0.191168853125 0.714390709375 0.20007400468749997 0.7209966828125001 0.2039713984375 0.731970815625 0.2051994734375 0.754323675 0.202647865625 0.7701696124999999 0.189262025 0.773621171875 0.18080546875 0.7676178890625 0.15802664375 0.75074790625 0.1498224953125
1 0.6811543828125 0.1717211171875 0.6642843953125 0.1635169703125 0.6342108625 0.1702576203125 0.6210073125 0.1852024171875 0.62111475 0.20100516875 0.62762166875 0.21183940156249997 0.6418492640625 0.21848458750000002 0.6478441609375001 0.21852382656249997 0.66786016875 0.21634233906250003 0.6765965031250001 0.21100369687499998 0.6891889796874999 0.1922007390625 0.687050228125 0.178697190625 0.6811543828125 0.1717211171875
1 0.5967221859375 0.1831163890625 0.5824945953125 0.1764712015625 0.558820540625 0.1782433296875 0.552115521875 0.181282775 0.5368806578124999 0.1985267703125 0.5369880953124999 0.214329521875 0.5402415546875 0.21974663749999998 0.5550802218750001 0.23024998437500002 0.5637175046875 0.2318481796875 0.5837335125 0.2296666921875 0.592469846875 0.22432805 0.6033365468749999 0.20975337187499998 0.6026180359375 0.1900924625 0.5967221859375 0.1831163890625
1 0.5158489937499999 0.201857859375 0.49338869843750005 0.188606715625 0.47002018437500004 0.192307925 0.4507226875 0.214150321875 0.4528614390625 0.22765387499999998 0.4617052109375 0.2381179859375 0.4769484640625 0.2436135765625 0.499301321875 0.24106196406249997 0.51311594375 0.22997532656250003 0.5185988187499999 0.2192195671875 0.519102453125 0.20727497499999997 0.5158489937499999 0.201857859375
1 0.42613202499999997 0.2101352171875 0.4092620421875 0.20193106875 0.379188509375 0.2086717234375 0.368016275 0.22131732187500003 0.3645647171875 0.229773878125 0.36934585625 0.2448363875 0.3752417015625 0.2518124609375 0.3904849578125 0.25730805 0.412837815625 0.2547564375 0.42624785000000004 0.2486775578125 0.43132613906249995 0.242929559375 0.429385484375 0.21555233437500002 0.42613202499999997 0.2101352171875
1 0.3251353875 0.21525542187500002 0.29943001874999997 0.219326753125 0.28013252187500004 0.24116915 0.2819657375 0.252743625 0.288472659375 0.26357785312500004 0.3003634046875 0.270593165625 0.3113375390625 0.2718212390625 0.324342990625 0.270750115625 0.34212119531249996 0.26200191093749997 0.3486197296875 0.250096553125 0.347595684375 0.228506565625 0.3251353875 0.21525542187500002
1 0.252899478125 0.2355950875 0.2462935078125 0.23169769218749997 0.2290189390625 0.2285013015625 0.21296651249999998 0.23302122656250002 0.204230178125 0.2383598703125 0.193669015625 0.2548636234375 0.1990612296875 0.2737842921875 0.208615121875 0.281169721875 0.224568496875 0.2835866359375 0.23991079843750002 0.2821453859375 0.248647134375 0.27680674843749997 0.26123961093750003 0.258003790625 0.2587953234375 0.2425711609375 0.252899478125 0.2355950875
1 0.07041856875 0.255598603125 0.0514182203125 0.2566304921875 0.0423763515625 0.2600400546875 0.027141485937499998 0.277284053125 0.026943385937499998 0.291157728125 0.0360926921875 0.3035509125 0.045341048437499996 0.30900726875 0.05631518437500001 0.31023534218750004 0.07165748749999999 0.30879409375 0.08039382187500001 0.3034554546875 0.0929863 0.28465249843749996 0.087288553125 0.26380275000000003 0.07041856875 0.255598603125
1 0.1453304171875 0.32777625 0.1417714234375 0.32043005625 0.1305908 0.310336065625 0.12164797812499999 0.3068087921875 0.10264762812499999 0.3078406828125 0.0959426125 0.310880121875 0.0821279875 0.3219667640625 0.0766451171875 0.33272251875 0.08234286406249999 0.353572265625 0.094233609375 0.36058757343750003 0.10287089218750001 0.3621857703125 0.1228869 0.36000428281249996 0.129591915625 0.3569648390625 0.139038371875 0.3485475203125 0.144521246875 0.3377917640625 0.1453304171875 0.32777625
1 0.22295015624999998 0.3036176640625 0.20343778281249997 0.293854559375 0.1867742859375 0.294516328125 0.1800692703125 0.29755576875 0.1621920140625 0.3132408078125 0.163521596875 0.336759875 0.176023409375 0.3476333421875 0.184660696875 0.3492315375 0.20701355625 0.3466799296875 0.22011805468749998 0.3386719671875 0.22692212500000003 0.3286956875 0.22620361562500002 0.30903477968750004 0.22295015624999998 0.3036176640625
1 0.31063580625 0.2976395046875 0.3044344203125 0.288734353125 0.2899012890625 0.2801600859375 0.2825852015625 0.2793413703125 0.26856409062500003 0.281562096875 0.255459590625 0.2895700546875 0.244898428125 0.3060738125 0.24673164375 0.3176482828125 0.25293302500000003 0.3265534390625 0.2598445296875 0.33237991093749997 0.273461053125 0.3351669421875 0.2911402109375 0.3333555765625 0.29987654375 0.3280169328125 0.308711925 0.31574145468750003 0.3118579515625 0.3053558203125 0.31063580625 0.2976395046875
1 0.39089793125 0.27503987812499997 0.37169109375 0.267205853125 0.35299628125 0.2701668203125 0.344259946875 0.27550545937500004 0.3330877109375 0.2881510578125 0.33166746874999997 0.2943084171875 0.3335006859375 0.3058828921875 0.3397020703125 0.3147880421875 0.35423520000000003 0.32336231249999997 0.3649038015625 0.32266130312499997 0.373235546875 0.322330421875 0.39101375156249996 0.3135822171875 0.39893252968750004 0.29551950625 0.3967937765625 0.282015953125 0.39089793125 0.27503987812499997
1 0.47736143750000004 0.2613454046875 0.4581546 0.253511378125 0.432754771875 0.2595117859375 0.41924568124999995 0.2725275078125 0.4160996609375 0.282913140625 0.4173218046875 0.29062945625 0.4264711140625 0.303022646875 0.440698709375 0.30966783750000004 0.44903045625000004 0.30933695 0.45969905781250003 0.308635946875 0.4774772609375 0.29988774218750003 0.4850904984375 0.27989595 0.48356281875 0.27025055781249996 0.47736143750000004 0.2613454046875
1 0.5670784015625 0.25306804843749997 0.5614880921875 0.2480210515625 0.537607553125 0.24092726718750002 0.5259232984375 0.242777871875 0.51281879375 0.25078583593750003 0.5057091921875 0.25883303281250003 0.500531853125 0.27151787031249996 0.5014484609375 0.277305103125 0.5105977687500001 0.28969829375 0.5284834109375 0.2967528390625 0.5508362640625 0.29420123125000003 0.5575412859375 0.2911617921875 0.5684079843750001 0.2765871140625 0.5715540046875 0.266201475 0.5670784015625 0.25306804843749997
1 0.6413456296875 0.230429184375 0.6313871515625 0.2280515078125 0.6170605046875 0.22834315625 0.6056817828125001 0.2321228375 0.592882821875 0.242059878125 0.5881100640625 0.24973695937499998 0.588828575 0.26939786718750003 0.594724425 0.276373940625 0.61159440625 0.2845780875 0.617589303125 0.2846173265625 0.6352684562500001 0.28280595625 0.644004790625 0.2774673171875 0.6565972734375001 0.258664359375 0.6538474484375 0.24130265 0.6413456296875 0.230429184375
1 0.71317695625 0.21509727500000003 0.6968189953125 0.21768812187500003 0.6857458109375 0.2233968875 0.6786362046875001 0.231444084375 0.6734588687499999 0.24412892187500002 0.675292084375 0.2557033921875 0.684135853125 0.2661675046875 0.690741821875 0.2700648984375 0.704052809375 0.2709228515625 0.7284369828124999 0.26607204218749997 0.743060778125 0.24496988593750002 0.7409220265625 0.2314663328125 0.734720640625 0.22256118281249998 0.71317695625 0.21509727500000003
1 0.82504868125 0.21814197968750001 0.8191528312499999 0.21116590624999998 0.8046196999999999 0.2025916375 0.7786088 0.20473388906249998 0.7678411484375001 0.21237173281250002 0.7569744468749999 0.226946409375 0.75677635 0.24082008125 0.7629777359375 0.2497252328125 0.7775108671875001 0.2582995015625 0.7835057640625 0.258338740625 0.8035217687499999 0.2561572484375 0.8102267875000001 0.253117809375 0.8217045578125 0.24240128749999998 0.8251561187500001 0.2339447296875 0.82504868125 0.21814197968750001
1 0.876583625 0.271281246875 0.87038224375 0.2623760953125 0.8535122609375 0.254171946875 0.8345119140625 0.2552038375 0.8257755781249999 0.260542475 0.8105407093749999 0.2777864765625 0.8091204671875 0.28394383125 0.816849534375 0.302494378125 0.828740275 0.30950968749999996 0.8420512625000001 0.310367640625 0.8503830109375 0.3100367578125 0.8658243640625001 0.3016586734375 0.8749652843750001 0.291312278125 0.8781113046875 0.2809266390625 0.876583625 0.271281246875
1 0.7862555890625 0.27570044843749997 0.7670487515625 0.267866421875 0.7416489234375 0.27386682812499996 0.7267195906249999 0.2930399078125 0.72621595625 0.3049845 0.7327228734375 0.3158187328125 0.7446136203125 0.322834040625 0.7532509015625 0.3244322359375 0.773266909375 0.3222507484375 0.7820032453125 0.31691210625 0.7949012578125 0.30003823125 0.7924569703125 0.2846056 0.7862555890625 0.27570044843749997
1 0.7050768546875 0.2925128359375 0.6879013375 0.28237961093749997 0.6756060078125 0.2803720609375 0.663921746875 0.282222665625 0.6528485625 0.287931425 0.6416763265625 0.300577025 0.6385303062500001 0.3109626578125 0.640363521875 0.3225371328125 0.6462593671875 0.32951320625 0.6528653375 0.3334106015625 0.668818715625 0.3358275109375 0.68649786875 0.3340161453125 0.6996023671875 0.3260081828125 0.7064064375 0.31603190312499996 0.7092469218749999 0.303717190625 0.7050768546875 0.2925128359375
1 0.6186133500000001 0.3062073109375 0.596153053125 0.292956171875 0.575121390625 0.296287259375 0.5620168875 0.30429521875 0.5511501921875 0.3188698984375 0.5532889437499999 0.33237344687500003 0.5621327125 0.342837559375 0.5773759671875001 0.34833314843749996 0.6044025265624999 0.34504129687499996 0.616185834375 0.33625385625000004 0.6216687109375 0.3254981 0.6218668078125 0.311624428125 0.6186133500000001 0.3062073109375
1 0.519648025 0.3090283171875 0.49769975468750005 0.30657217187499997 0.484289715625 0.312651053125 0.46641245937500003 0.32833609375 0.469162284375 0.34569780156249996 0.4780060578125 0.3561619125 0.4909124578125 0.3620276234375 0.517939021875 0.3587357703125 0.5266753546875 0.35339713125 0.535510740625 0.341121653125 0.53448669375 0.3195316640625 0.519648025 0.3090283171875
1 0.44771764843749995 0.3312970609375 0.4305421296875 0.32116383437499996 0.42058365000000003 0.3187861625 0.40422569375000006 0.3213770078125 0.3825913453125 0.34358952343750004 0.3853411703125 0.3609512359375 0.391237015625 0.367927309375 0.40678580625 0.3753519765625 0.43147551562500003 0.37243024375 0.44254869843750005 0.366721484375 0.44935276562500004 0.35674520468750004 0.4518877203125 0.3425014140625 0.44771764843749995 0.3312970609375
1 0.3589172921875 0.34536165625000004 0.3440786234375 0.334858309375 0.3341201453125 0.3324806359375 0.3177621828125 0.3350714828125 0.30902584843750003 0.3404101234375 0.297548078125 0.35112664374999997 0.29440205625 0.36151227812500003 0.30213111718749996 0.3800628234375 0.3140218640625 0.387078134375 0.322659146875 0.3886763296875 0.34470646875 0.384195640625 0.355474121875 0.3765578015625 0.36227818749999996 0.36658152187500004 0.36217075 0.350778771875 0.3589172921875 0.34536165625000004
1 0.27448510000000004 0.3567569296875 0.25233034062500004 0.34543486875 0.233635528125 0.3483958359375 0.22489919375 0.3537344765625 0.2120011796875 0.3706083515625 0.2176989296875 0.3914580984375 0.2385324953125 0.4020006828125 0.2562116484375 0.40018931406249997 0.267284834375 0.394480553125 0.2746999765625 0.3883624328125 0.2798773109375 0.3756775953125 0.27448510000000004 0.3567569296875
1 0.1909695171875 0.3739394390625 0.1850736671875 0.3669633671875 0.170846075 0.3603181796875 0.1518457265625 0.36135006875000003 0.1451407078125 0.364389509375 0.1333573984375 0.37317695 0.1278745234375 0.38393270468749996 0.1276764265625 0.39780637812499997 0.1338778078125 0.4067115296875 0.1484109390625 0.4152857984375 0.15440583593749999 0.4153250359375 0.1720849921875 0.41351366718750004 0.1851894921875 0.40550570781250006 0.194024878125 0.3932302296875 0.1945285109375 0.381285634375 0.1909695171875 0.3739394390625
1 0.0979990890625 0.376799684375 0.08143464218749999 0.3705246140625 0.058371665625 0.3761549046875 0.0451681140625 0.391099703125 0.042022090625 0.40148533750000004 0.046803229687499996 0.416547846875 0.0639787484375 0.42668107343750006 0.07231049843750001 0.426350190625 0.0853159515625 0.4252790625 0.10075730000000001 0.4169009828125 0.1107073921875 0.39653906875 0.10653732499999999 0.385334715625 0.0979990890625 0.376799684375
1 0.1554298828125 0.43691502499999996 0.1405912140625 0.426411678125 0.1306327359375 0.42403400312499995 0.1142747765625 0.4266248484375 0.101170275 0.4346328125 0.094060671875 0.44268000937499996 0.0894944046875 0.459223003125 0.0963068625 0.4719863125 0.11083999062500001 0.48056058281249997 0.1241509796875 0.4814185359375 0.1324827296875 0.4810876484375 0.145892765625 0.47500876875 0.1550336859375 0.46466236875 0.160211021875 0.451977534375 0.1554298828125 0.43691502499999996
1 0.23691415 0.4220317109375 0.21740178124999998 0.41226860624999995 0.19870696875 0.41522957343750005 0.185602465625 0.42323753750000004 0.17676708125 0.4355130140625 0.176263446875 0.44745760625 0.1804335140625 0.458661959375 0.1976090359375 0.46879518593749997 0.20360393437500002 0.46883442343750004 0.22361993593750001 0.4666529328125 0.2367244390625 0.4586449734375 0.24586536093750003 0.4482985734375 0.24281000000000003 0.429007784375 0.23691415 0.4220317109375
1 0.3230721203125 0.406408159375 0.313823765625 0.40095180937499997 0.2988860453125 0.397385296875 0.289538640625 0.39886577968750003 0.27846545625 0.40457454375 0.263230590625 0.4218185390625 0.262421421875 0.43183405468749997 0.26659148906249996 0.4430384078125 0.2840725421875 0.4551007109375 0.2900674390625 0.45513994999999996 0.3144516125 0.4502891390625 0.3279606984375 0.4372734203125 0.3311067234375 0.426887784375 0.32927350624999996 0.415313309375 0.3230721203125 0.406408159375
1 0.41136884843750005 0.40428815937499996 0.408115384375 0.3988710421875 0.3932767171875 0.388367696875 0.3833182375 0.3859900203125 0.3669602796875 0.388580865625 0.3582239453125 0.3939195109375 0.3450203921875 0.4088643078125 0.34421122187500003 0.41887982343749997 0.3483812890625 0.4300841765625 0.3632199578125 0.4405875234375 0.37185724375 0.4421857171875 0.391873246875 0.44000422656250004 0.3985782671875 0.4369647859375 0.409345915625 0.42932694375 0.412087353125 0.42394906718750003 0.41136884843750005 0.40428815937499996
1 0.5001692046875 0.3902235640625 0.49396781718750005 0.381318409375 0.4847194640625 0.3758620578125 0.4674448921875 0.3726656671875 0.4580974875 0.37414615156250003 0.44296167343750004 0.3844533125 0.433820753125 0.3947997125 0.432706046875 0.4028861484375 0.44307749531249996 0.4229956546875 0.45730509062499997 0.429640840625 0.4656368421875 0.42930995781250003 0.47864229375 0.42823883125 0.4897154796875 0.4225300703125 0.49682508125 0.4144828734375 0.5020024203125 0.40179803593749996 0.5001692046875 0.3902235640625
1 0.5662037328125 0.3609787484375 0.5425296796875 0.36275087968749997 0.53379334375 0.36808951875 0.5188640171875 0.387262596875 0.524256228125 0.40618326250000003 0.533810121875 0.4135686953125 0.547426646875 0.416355725 0.5697795 0.41380411562499997 0.5856254421875 0.40041827812499997 0.5887714625 0.3900326390625 0.5860216375 0.37267093125 0.5662037328125 0.3609787484375
1 0.6668948343750001 0.3539294609375 0.6476880015625001 0.3460954375 0.624319484375 0.349796646875 0.6108103984375 0.36281236250000004 0.6056330578125 0.3754972 0.6071607390625 0.38514259375000004 0.613362125 0.39404774531250003 0.6252528671875 0.40106305625000005 0.6412062453125 0.40347996718749995 0.6518748421875 0.40277896406249997 0.66497934375 0.3947710015625 0.675540509375 0.378267246875 0.672790684375 0.360905534375 0.6668948343750001 0.3539294609375
1 0.7444155218749999 0.3367077125 0.7248041015625 0.333881446875 0.7046890453125 0.34299976875 0.6941278828125 0.35950352812499997 0.6968777078125 0.3768652359375 0.702773553125 0.383841309375 0.7093795218750001 0.38773870312500003 0.725332896875 0.3901556140625 0.740675203125 0.38871436875 0.7494115375 0.383375725 0.7626150875000001 0.368430928125 0.7563062625 0.34372302499999996 0.7444155218749999 0.3367077125
1 0.8460232328125 0.3354456671875 0.8401273874999999 0.32846959375 0.8185836984374999 0.32100568906250004 0.8022257375 0.32359653593750004 0.7934894015625 0.3289351734375 0.7823171671875 0.3415807734375 0.779171146875 0.3519664078125 0.7839522859375 0.36702891718749997 0.7895426 0.3720759125 0.8071227015625 0.3772013828125 0.827138709375 0.3750198953125 0.83587504375 0.36968125 0.8450159640624999 0.35933485468750004 0.848161984375 0.348949215625 0.8460232328125 0.3354456671875
1 0.895221325 0.3889550515625 0.88668309375 0.380420021875 0.8677817921875001 0.3745150765625 0.847055665625 0.3797752421875 0.82978948125 0.39931843749999996 0.8357927703125 0.4220972609375 0.8503258984375 0.4306715296875 0.8613000359375 0.43189960625 0.8696317828125 0.43156872343749997 0.885378671875 0.42511971718749997 0.8945195937499999 0.4147733203125 0.8993913921875001 0.4001594046875 0.895221325 0.3889550515625
1 0.813431525 0.40190928281250005 0.8075356749999999 0.3949332109375 0.7883288421875 0.3870991875 0.767297175 0.39043027656249996 0.7585608421875001 0.395768915625 0.747694140625 0.41034359218749994 0.7478015796874999 0.42614634375 0.7510550375 0.43156345937499996 0.768536096875 0.44362576249999996 0.77453099375 0.4436650015625 0.7945469968750001 0.4414835109375 0.798915165625 0.43881419062499993 0.8124242515625 0.42579847187500003 0.8158758125000001 0.4173419140625 0.813431525 0.40190928281250005
1 0.7184297828124999 0.40706872812499995 0.7091814234375 0.401612378125 0.6805281328125 0.40219566875 0.6717917984375 0.4075343125 0.658893784375 0.4244081875 0.661643609375 0.4417698953125 0.667539459375 0.44874596875000006 0.6794302 0.45576128125000004 0.6904043375 0.4569893546875 0.7034097890625 0.45591822656250003 0.714482975 0.4502094671875 0.7273809890625 0.43333559062499993 0.7272735499999999 0.417532840625 0.7184297828124999 0.40706872812499995
1 0.6372510499999999 0.42388112031249997 0.6177386765625 0.414118015625 0.5940646265625 0.4158901421875 0.581265659375 0.42582718281250004 0.5724302781249999 0.43810266093749994 0.5754856390625 0.4573934515625 0.587987453125 0.46826691875000004 0.5992671265625 0.4714240703125 0.619283134375 0.4692425796875 0.62801946875 0.463903940625 0.6409174828124999 0.44703006562500003 0.6414211171875001 0.4350854703125 0.6372510499999999 0.42388112031249997
1 0.5510930796875 0.43950467031249996 0.5451972296875 0.4325285984375 0.521316690625 0.4254348140625 0.502927415625 0.4303248578125 0.4856612328125 0.44986805781249994 0.4916645203125 0.47264688125000004 0.512498084375 0.4831894671875 0.5325140875 0.4810079765625 0.5392191078125 0.4779685359375 0.548665565625 0.46955121718750004 0.5538429046875 0.4568663796875 0.5510930796875 0.43950467031249996
1 0.4613761109375 0.44778202968749997 0.4521277546875 0.44232567968750003 0.4371900359375 0.43875916718749997 0.416463909375 0.4440193328125 0.3991977265625 0.46356253125 0.404895478125 0.48441227812500004 0.41973414218749994 0.4949156265625 0.43070827968750003 0.4961437 0.45275560156249994 0.491663009375 0.46220205937500003 0.4832456921875 0.46941070781249994 0.4682616546875 0.46727195625 0.454758103125 0.4613761109375 0.44778202968749997
1 0.371964678125 0.4579884703125 0.3507265296875 0.45245364062500004 0.332337253125 0.45734368593749997 0.3172014359375 0.46765084687499997 0.311313978125 0.48341436406250005 0.31578958125 0.4965477921875 0.321379890625 0.5015947890625 0.3306282484375 0.5070511421874999 0.348918475 0.5090979328125 0.361618390625 0.5060977265625 0.370354725 0.5007590859375 0.3812214234375 0.48618440625000003 0.377860528125 0.46496454218750005 0.371964678125 0.4579884703125
1 0.2910914859375 0.47672993437500005 0.2715791109375 0.4669668296875 0.2549156171875 0.46762859843750004 0.24587374843749998 0.47103815937500004 0.2327692453125 0.47904612343749997 0.2279964921875 0.48672319999999997 0.22840946718750002 0.5044550328125 0.23196846249999997 0.5118012265624999 0.2528020265625 0.5223438078125 0.275154884375 0.5197922 0.28389121875 0.5144535609374999 0.2950634546875 0.5018079625 0.2946504796875 0.48407612968749997 0.2910914859375 0.47672993437500005
1 0.16144155625 0.48243343593750004 0.152705221875 0.487772078125 0.1418385234375 0.5023467562499999 0.142251496875 0.520078584375 0.14550495624999998 0.5254957015625 0.155058846875 0.5328811296875 0.1686753703125 0.5356681609375 0.19305954375 0.5308173546875 0.21032572656249998 0.5112741562500001 0.20727036718749997 0.49198337031249995 0.18481007031250002 0.4787322265625 0.16144155625 0.48243343593750004
1 0.0863567703125 0.492348228125 0.07731490156250001 0.4957577890625 0.0685785671875 0.5010964312499999 0.05974318125 0.51337190625 0.06015615625 0.5311037390625 0.0634096140625 0.5365208515625 0.0808906703125 0.548583159375 0.08688556562500001 0.54862239375 0.1112697390625 0.5437715875 0.12681014375 0.52845666875 0.12314371093750001 0.5053077234375001 0.1006834140625 0.49205657968749994 0.0863567703125 0.492348228125
1 0.160145521875 0.5498727203125 0.14287095625 0.54667633125 0.12011350937500001 0.5542356953125 0.1075210328125 0.5730386515625 0.1067118625 0.5830541671875 0.11586117031250001 0.5954473546875 0.1300887625 0.602092546875 0.1360836640625 0.60213178125 0.15609966718749999 0.5999502953125 0.1648360015625 0.5946116499999999 0.1753971640625 0.578107896875 0.172341803125 0.55881710625 0.160145521875 0.5498727203125
1 0.2343136984375 0.5341706921875 0.20627147968749998 0.53861214375 0.1930679296875 0.5535569421875 0.19439751249999998 0.5770760078125 0.197650971875 0.5824931234374999 0.2155366125 0.5895476703125 0.24022632187499998 0.5866259421875 0.2560722578125 0.5732401 0.2595238203125 0.5647835437500001 0.2567739953125 0.5474218359374999 0.2343136984375 0.5341706921875
1 0.3330725375 0.522483771875 0.31579796718750003 0.5192873828125 0.3041137125 0.5211379875000001 0.2886723578125 0.5295160703125 0.2815627546875 0.5375632671874999 0.28319787343749997 0.5630114125000001 0.3043369734375 0.575483075 0.3290266828125 0.5725613468749999 0.34487261875 0.5591755046875 0.3483241765625 0.5507189484375 0.3449632796875 0.52949908125 0.3330725375 0.522483771875
1 0.428784403125 0.5142456484375 0.41953604375 0.5087892984375 0.40724071562499997 0.50678174375 0.38387219687499996 0.510482953125 0.3663995296875 0.5211602359375 0.3636580921875 0.5265381140625001 0.366407915625 0.543899821875 0.375557225 0.5562930125000001 0.3897848203125 0.562938203125 0.398116571875 0.562607315625 0.413458875 0.5611660703125 0.422195209375 0.55582743125 0.43133612499999996 0.54548103125 0.43448215156250003 0.535095396875 0.428784403125 0.5142456484375
1 0.51585898125 0.50440933125 0.5036627 0.49546494531249996 0.493704221875 0.4930872703125 0.47267255781250006 0.4964183578125 0.45956805625 0.504426321875 0.45073267499999997 0.5167017984375 0.4567359578125 0.5394806234375 0.477569521875 0.5500232046875 0.49992237968750003 0.547471596875 0.5157683171875 0.53408575625 0.519219878125 0.5256291984375 0.5191124406250001 0.5098264484375 0.51585898125 0.50440933125
1 0.5904317421874999 0.48369955 0.5781364124999999 0.48169199375 0.5571047499999999 0.48502308125000004 0.53922749375 0.500708121875 0.540251540625 0.5222981109375 0.543505 0.5277152265625 0.5530588937500001 0.5351006593750001 0.5643385640624999 0.5382578125 0.584354571875 0.5360763203125 0.5910595921875 0.5330368796875 0.6042631421875 0.5180920828125 0.6026280234375 0.49264393906250004 0.5904317421874999 0.48369955
1 0.6818744875 0.47119391093749996 0.6669367734375 0.4676273984375 0.6415369421875 0.4736278109375 0.626302071875 0.4908718078125 0.626103975 0.50474548125 0.62966296875 0.512091675 0.6448071750000001 0.5245241 0.653138925 0.5241932171875 0.673154928125 0.522011725 0.6798599484375 0.5189722859375 0.6947892812500001 0.49979920624999996 0.6887859921875 0.47702038281250003 0.6818744875 0.47119391093749996
1 0.7683379953125 0.4574994375 0.7510634281249999 0.4543030453125 0.7370423171875 0.45652377031249997 0.7259691328125 0.4622325359375 0.7168282125000001 0.47257893125 0.7136821921875 0.4829645703125 0.7187688671875 0.4999561578125 0.7309651484375 0.5089005484375 0.73960243125 0.5104987421875 0.7642921390625 0.507577009375 0.7801380765625 0.49419117031250004 0.7832841015625001 0.48380553437499996 0.7811453484374999 0.47030198125 0.7683379953125 0.4574994375
1 0.8474854140625 0.44298624843749995 0.819137659375 0.44549862031250004 0.8124326390625001 0.44853806250000006 0.7995346249999999 0.4654119375 0.7999475984375 0.48314376562500005 0.8032010578125 0.4885608828125 0.8153973390625 0.497505271875 0.8263714734375001 0.49873334687500004 0.8507556453125 0.4938825359375 0.8662960500000001 0.4785676171875 0.8655775406249999 0.45890671093749996 0.8593761593749999 0.45000155468749997 0.8474854140625 0.44298624843749995
1 0.8890618781249999 0.4937478390625 0.8773776218749999 0.49559844374999995 0.8639675875 0.501677328125 0.8507640375 0.516622125 0.8493437890625 0.5227794796875 0.85117700625 0.5343539546875 0.860326315625 0.5467471453125 0.8755695703124999 0.552242734375 0.9002592796875 0.5493210000000001 0.9195567718750001 0.5274786046875 0.9135534890624999 0.5046997796875 0.8990203578125 0.4961255140625 0.8890618781249999 0.4937478390625
1 0.8323747609375 0.5215121703125 0.8198729421875001 0.5106387046875 0.8075776140625001 0.5086311484375 0.786545946875 0.5119622359375 0.777504078125 0.5153718015625001 0.7666373765625 0.5299464796875 0.766744815625 0.5457492312500001 0.7706093453125 0.5550245015625 0.782805628125 0.5639688921875 0.7914429109375 0.5655670875000001 0.8161326234375 0.562645353125 0.8228376390625 0.5596059140625 0.831978559375 0.5492595140625001 0.8354301218750001 0.5408029562500001 0.8323747609375 0.5215121703125
1 0.7435744 0.535576765625 0.7347306265625 0.5251126546875 0.725787809375 0.5215853796875 0.7091243109375001 0.52224715 0.6977455906250001 0.52602683125 0.680173871875 0.5436409531249999 0.68089238125 0.5633018609375 0.6841458406250001 0.5687189765625 0.696342121875 0.5776633671875 0.7049794046875 0.5792615624999999 0.7273322624999999 0.5767099499999999 0.7360685984375 0.5713713109375 0.746935296875 0.556796634375 0.746827859375 0.5409938828125 0.7435744 0.535576765625
1 0.639324303125 0.5352798546875001 0.6109765484375 0.537792228125 0.604271528125 0.54083166875 0.5968563859375 0.5469497890625 0.591373515625 0.5577055484375 0.591175415625 0.5715792171875 0.5973767984375 0.5804843734375 0.6042883031249999 0.5863108453125 0.6205472125 0.5906568328125 0.6449313859375 0.5858060265625 0.6601662546875 0.5685620265625 0.6568053578125 0.5473421625 0.6509095078125 0.5403660890624999 0.639324303125 0.5352798546875001
1 0.5551976468750001 0.5486042078125 0.5405654640625001 0.5469667796875 0.5242075015625 0.549557625 0.5090716890625 0.5598647859375 0.5042989312499999 0.5675418640625 0.5050174421875 0.5872027734375 0.5082709000000001 0.5926198859375 0.5204671828125 0.601564275 0.529104465625 0.6031624718749999 0.5514573234375 0.6006108640625001 0.5693345796875 0.5849258234375 0.5709529234375 0.5648947921875 0.5644460015625 0.5540605640625 0.5551976468750001 0.5486042078125
1 0.477676959375 0.56582595625 0.453796421875 0.5587321703125 0.44211216562500005 0.5605827750000001 0.4243339609375 0.5693309796875 0.4172243546875 0.5773781812500001 0.41580411093749997 0.5835355359375 0.41824839999999996 0.598968165625 0.42709217343750006 0.609432278125 0.43369814218749997 0.613329671875 0.449651515625 0.6157465828124999 0.4626569671875 0.614675459375 0.4737301515625 0.60896669375 0.4863226296875 0.590163740625 0.4835728046875 0.5728020296875 0.477676959375 0.56582595625
1 0.39121345 0.5795204296875001 0.3796282453125 0.5744342 0.351280490625 0.5769465734375 0.3378704515625 0.583025453125 0.331066384375 0.5930017328125 0.33178489375 0.612662640625 0.33503835312499997 0.6180797578125 0.34489778125 0.6273942671875 0.3608511546875 0.629811178125 0.3785303125 0.6279998124999999 0.387266646875 0.6226611671875 0.39843888125000004 0.61001556875 0.3971093 0.586496503125 0.39121345 0.5795204296875001
1 0.292859203125 0.586199596875 0.2668482984375 0.5883418453125 0.257806428125 0.5917514109375 0.24460287812499998 0.60669620625 0.2512172328125 0.6333331875 0.263107978125 0.6403485 0.27408211250000003 0.6415765734375001 0.29409812031250004 0.6393950875 0.30283445468750003 0.63405644375 0.31339561875 0.6175526890625 0.31064579375 0.6001909765625 0.292859203125 0.586199596875
1 0.22123436093749999 0.6103974171875 0.20670122812499997 0.6018231484375 0.19674275000000002 0.5994454734375 0.18272164375 0.6016661984375 0.1693116046875 0.6077450828125001 0.16017068750000002 0.6180914828125 0.16211134062500002 0.6454687046875 0.17430761875 0.6544130953125 0.18294490624999998 0.6560112890625 0.20763461562500002 0.6530895609375 0.2163709484375 0.64775091875 0.22520632968749998 0.6354754406249999 0.22448781874999998 0.615814534375 0.22123436093749999 0.6103974171875
1 0.13415978281250002 0.62023373125 0.1222690375 0.613218425 0.1099737078125 0.61121086875 0.09158443125 0.6161009140625 0.0780753453125 0.6291166328125 0.074623784375 0.6375731906250001 0.077373609375 0.654934903125 0.083269459375 0.6619109765625 0.09251781249999999 0.667367328125 0.1058288015625 0.6682252796875 0.11649740312500001 0.6675242765625 0.1275705875 0.6618155125 0.1407741375 0.646870715625 0.1406667046875 0.6310679640625 0.13415978281250002 0.62023373125
1 0.174109521875 0.66828676875 0.1641510421875 0.6659090921875 0.1407825234375 0.6696103015625 0.1235163453125 0.6891535 0.1236237796875 0.7049562515625001 0.127182778125 0.7123024453125 0.142021446875 0.7228057921875 0.14801634375 0.72284503125 0.17270605156250002 0.7199232984374999 0.1814423875 0.714584659375 0.1923090859375 0.7000099828125 0.18925372499999998 0.6807191921875 0.174109521875 0.66828676875
1 0.253256934375 0.653773575 0.229888421875 0.657474784375 0.21881523593750002 0.6631835484375 0.2123167015625 0.6750889046874999 0.21272967656250003 0.6928207343749999 0.21659420625 0.70209600625 0.228484953125 0.70911131875 0.2394590859375 0.7103393921875 0.25947509375 0.7081579062500001 0.268211428125 0.7028192625 0.28080390624999996 0.68401630625 0.2754116953125 0.6650956406249999 0.253256934375 0.653773575
1 0.3618752015625 0.6514011656250001 0.3420572953125 0.6397089796875 0.3253937984375 0.6403707484375001 0.3140150765625 0.64415043125 0.30294189375 0.6498591953124999 0.29613782187500004 0.6598354750000001 0.2965507953125 0.677567303125 0.300109790625 0.6849134968749999 0.30732683125000004 0.6926690484375 0.325922596875 0.69664491875 0.3459386 0.69446343125 0.35467493437500003 0.6891247890625001 0.365541634375 0.6745501109375 0.365128659375 0.6568182828125 0.3618752015625 0.6514011656250001
1 0.44305393281249994 0.634588775 0.43380557968750005 0.6291324234375 0.4215102453125 0.62712486875 0.4051522890625 0.629715715625 0.389710934375 0.6380937984374999 0.384632646875 0.643841796875 0.3817921578125 0.6561565140625001 0.386573296875 0.6712190234375 0.392469146875 0.678195096875 0.41137044375 0.6841000453125 0.41970219531249997 0.6837691593749999 0.43910712656250006 0.6777295125 0.4502793609375 0.6650839140625 0.45169960781249996 0.658926559375 0.4489497828125 0.6415648468749999 0.44305393281249994 0.634588775
1 0.5176266984375 0.6138789921875001 0.4962894953125 0.615281 0.484910775 0.6190606859375001 0.47383759062499997 0.6247694453125 0.4670335234375 0.6347457234375 0.47069995625 0.6578946703125 0.47659580156250003 0.66487074375 0.48584415625000005 0.67032709375 0.5041343859375 0.672373884375 0.5148029828125 0.67167288125 0.5302443375 0.663294796875 0.5411110359375 0.6487201203125 0.5348022171875 0.6240122171875 0.5176266984375 0.6138789921875001
1 0.58508985625 0.6012164046875 0.569342965625 0.607665409375 0.5567504890625 0.6264683671875 0.562753771875 0.6492471921875 0.5746445171875 0.6562624984375 0.5856186546875 0.657490575 0.6056346578125 0.6553090874999999 0.6235119140625 0.6396240468750001 0.6218767953125 0.6141759 0.6067325921875 0.6017434749999999 0.58508985625 0.6012164046875
1 0.6935016328125 0.5899780781249999 0.662817028125 0.5928605734375 0.6540806953125 0.598199215625 0.64321399375 0.61277389375 0.642710359375 0.6247184859375 0.6521652046875 0.639040753125 0.6663928 0.64568594375 0.672387696875 0.645725178125 0.69006685 0.6439138125 0.7055082031250001 0.635535728125 0.7105864921875 0.6297877296875 0.7089513734375 0.604339584375 0.6935016328125 0.5899780781249999
1 0.7799651437499999 0.576283603125 0.7726490515625 0.5754648890625 0.756291090625 0.5780557359375 0.7431865906249999 0.5860637 0.736076984375 0.594110896875 0.731205184375 0.6087248109375001 0.738323175 0.6234172 0.75285630625 0.63199146875 0.7638304406249999 0.63321954375 0.7835409125 0.6291089750000001 0.792277246875 0.623770334375 0.80111263125 0.6114948578125 0.7974461984375 0.5883459125 0.7799651437499999 0.576283603125
1 0.8740502765624999 0.565336928125 0.85443885625 0.5625106578125 0.8360495796875 0.5674007015625 0.824571809375 0.5781172234375 0.8190889328125 0.5888729796875001 0.82092215 0.6004474546874999 0.827429071875 0.6112816828125001 0.8393198125 0.6182969953125 0.8526308015625 0.6191549484375 0.8609625484375 0.6188240609375 0.8767094390624999 0.6123750609374999 0.889301915625 0.593572103125 0.8862465546875 0.5742813171875001 0.8740502765624999 0.565336928125
1 0.938392575 0.6312787390625 0.91796359375 0.615728396875 0.8945950796875 0.61942960625 0.8835218953125 0.6251383703125 0.8709294171874999 0.6439413234375 0.87337370625 0.6593739546874999 0.8792695515625001 0.666350028125 0.8961395328125 0.674554175 0.9021344296875 0.6745934140625 0.9198135875 0.6727820437500001 0.928549921875 0.6674434046875 0.9414479359374999 0.650569525 0.9416460343749999 0.63669585625 0.938392575 0.6312787390625
1 0.8602775890625001 0.690121503125 0.8464629671875 0.7012081453125 0.8409800921875 0.7119639015625 0.8469833796874999 0.734742725 0.8588741203125 0.7417580375 0.8675114078125 0.7433562328125001 0.8922011171875001 0.7404344984375 0.9094672953125 0.7208913046875 0.9087487859375001 0.7012303953125001 0.8859829578125 0.6860501718750001 0.8602775890625001 0.690121503125
1 0.81951029375 0.6293443984375 0.801426553125 0.6361635203125 0.79025431875 0.6488091203125 0.7868027578125 0.657265678125 0.7886359734374999 0.6688401515625 0.794837359375 0.677745303125 0.8067281046874999 0.6847606140625 0.8200390921875 0.6856185640625 0.8420864124999999 0.6811378796875001 0.8573212796874999 0.663893878125 0.8510124609374999 0.6391859765625 0.8414585656250001 0.631800546875 0.81951029375 0.6293443984375
1 0.7625176359375 0.6551796484375 0.74503658125 0.6431173453125 0.721362528125 0.644889478125 0.7102893421875 0.6505982375 0.7011484265625 0.6609446359375 0.6976968640625001 0.66940119375 0.7004466890625001 0.686762903125 0.7103061171875 0.6960774140625 0.7215857906250001 0.6992345656250001 0.7509492046874999 0.6955725953125 0.7596855375 0.6902339515625 0.7664896046874999 0.6802576765625 0.7660766296875 0.66252584375 0.7625176359375 0.6551796484375
1 0.6740228109374999 0.6711733265625 0.665484578125 0.6626382921875 0.6538993703125 0.6575520625 0.6302253203125 0.6593241937500001 0.6235203 0.662363634375 0.612348065625 0.6750092328124999 0.6088965078124999 0.6834657890625 0.6110352609375 0.6969693421875001 0.6172366421875 0.7058744921875 0.635122284375 0.712929040625 0.6574751421875 0.7103774328125 0.6641801578125001 0.7073379906249999 0.6773837078125 0.692393190625 0.677887346875 0.680448596875 0.6740228109374999 0.6711733265625
1 0.5813579234375 0.6759626453124999 0.5598142359375 0.6684987390625 0.539088109375 0.6737589093749999 0.5276103375 0.6844754265625 0.5221274625000001 0.6952311859375 0.5248772859375 0.71259289375 0.5307731359375001 0.7195689671875 0.550995628125 0.72625339375 0.5753798015625 0.7214025859375 0.5888888875 0.7083868671875 0.5903091296875 0.7022295078125 0.58725376875 0.68293871875 0.5813579234375 0.6759626453124999
1 0.4803612859375 0.68108285 0.452624603125 0.687453384375 0.44317814687499996 0.6958707015625001 0.436275028125 0.712783815625 0.43749717187500003 0.72050013125 0.44664648125 0.7328933203125 0.45325245000000003 0.7367907140625001 0.46920582343749995 0.7392076249999999 0.47987442500000005 0.7385066218749999 0.495315775 0.7301285390625 0.5058769390625 0.713624784375 0.5028215781250001 0.69433399375 0.4803612859375 0.68108285
1 0.393897775 0.694777325 0.37052926249999996 0.698478534375 0.35265200625 0.714163578125 0.3512317640625 0.7203209312500001 0.35428712500000004 0.7396117203125 0.3601829703125 0.7465877953125 0.376747421875 0.7528628640624999 0.38507916875000003 0.7525319796875001 0.39574777031249997 0.7518309750000001 0.4068209546875 0.7461222109375 0.42002450468749997 0.7311774140625 0.4134101484375 0.7045404328125 0.393897775 0.694777325
1 0.30245503125 0.7072829625 0.2837602203125 0.7102439296874999 0.27035018125 0.716322815625 0.2652718921875 0.7220708140625 0.262431403125 0.7343855265625 0.2648756921875 0.7498181578125 0.271077078125 0.7587233125 0.2876415234375 0.7649983781249999 0.2983101265625 0.7642973734375 0.3156837421875 0.7605569265625001 0.3329499265625 0.74101373125 0.32694664375000004 0.7182349078125 0.3173927484375 0.7108494750000001 0.30245503125 0.7072829625
1 0.2282868546875 0.7229849921875 0.21101228437500003 0.7197886015625 0.194959859375 0.724308525 0.18622352656250002 0.72964716875 0.1811452375 0.7353951671875001 0.1765789703125 0.7519381609375 0.1784121859375 0.76351263125 0.1843080359375 0.7704887046875 0.19853563125 0.7771338953125 0.204530528125 0.777173134375 0.2268833859375 0.774621521875 0.23561972031249998 0.7692828828125 0.246486415625 0.75470820625 0.240177596875 0.7300003 0.2282868546875 0.7229849921875
1 0.1441601984375 0.7363093453125 0.13420172187499999 0.73393166875 0.10819081718750001 0.736073921875 0.10077567812499999 0.7421920421875 0.09153570625 0.7594752765624999 0.094896603125 0.78069514375 0.107092884375 0.789639534375 0.1277199640625 0.7913162015624999 0.14509358125 0.7875757531249999 0.1562658171875 0.7749301546875 0.1597173734375 0.7664735984375 0.156356478125 0.7452537343750001 0.1441601984375 0.7363093453125
1 0.2081969609375 0.8003220796875 0.19833753125 0.7910075703125 0.1883790515625 0.7886298921875 0.1647050015625 0.790402025 0.15566313125 0.7938115859375 0.14479643281250001 0.8083862625 0.1461260140625 0.8319053296875 0.16127021875 0.8443377578125 0.1745812078125 0.8451957109375 0.1875866546875 0.8441245828125 0.1986598453125 0.8384158234375001 0.2115578578125 0.82154194375 0.2120614921875 0.8095973515624999 0.2081969609375 0.8003220796875
1 0.2848010390625 0.7773130953125 0.2748425625 0.7749354187499999 0.24446348750000002 0.779746990625 0.23704835000000002 0.7858651109375 0.2335967890625 0.7943216671875 0.23492637031250002 0.8178407343749999 0.24509133749999998 0.8290843234375 0.257692203125 0.8330209546875 0.2683608046875 0.8323199515624999 0.28573442187500003 0.8285795031250001 0.29924350781250003 0.815563784375 0.30269506874999996 0.8071072265625 0.299639709375 0.787816440625 0.2848010390625 0.7773130953125
1 0.37157008125 0.7655476984375 0.3542955109375 0.7623513078124999 0.33153807031250004 0.7699106765625 0.324122928125 0.7760287953125 0.3189455921875 0.7887136296875 0.3223064890625 0.809933496875 0.33683961875 0.8185077656249999 0.34547690468750003 0.8201059609374999 0.3701666140625 0.8171842328125001 0.3874327921875 0.7976410328125 0.3840718953125 0.7764211671875 0.37817605 0.76944509375 0.37157008125 0.7655476984375
1 0.4626082421875 0.7580498171875 0.4556967390625 0.7522233453125 0.44075901718750005 0.7486568328125001 0.417696040625 0.7542871203125 0.40621826875 0.7650036421874999 0.40307224374999995 0.7753892765625 0.40907553124999996 0.7981681 0.4259455140625 0.8063722484375001 0.4319404109375 0.8064114874999999 0.44961956406250003 0.804600121875 0.460692753125 0.79889135625 0.47094837968750003 0.7804585203125 0.4685040921875 0.765025890625 0.4626082421875 0.7580498171875
1 0.522548821875 0.7357026 0.5132014171875 0.737183084375 0.4977600640625 0.74556116875 0.49065046093750003 0.753608365625 0.487504440625 0.7639940046875 0.48933765625000003 0.775568475 0.49553903750000006 0.7844736265625001 0.5050929296875 0.791859059375 0.513730215625 0.7934572546875 0.538419925 0.790535525 0.555686103125 0.7709923265625 0.5490717468749999 0.74435534375 0.5348441515625 0.73771015625 0.522548821875 0.7357026
1 0.6355352578125 0.73066086875 0.6262869 0.7252045171875 0.6139915703125001 0.7231969625 0.5976336078125 0.725787809375 0.5797563578125 0.741472853125 0.5766103328125001 0.7518584875000001 0.5784435484375 0.7634329578125 0.584644934375 0.7723381125000001 0.600193721875 0.7797627796875 0.62722028125 0.77647093125 0.6359566156249999 0.7711322875 0.6427606859375 0.7611560078124999 0.6417366390625 0.7395660234375 0.6355352578125 0.73066086875
1 0.719661909375 0.717336515625 0.700455075 0.7095024890625 0.6817602640625 0.71246345625 0.67302393125 0.7178021 0.6659143281250001 0.725849296875 0.662768303125 0.7362349359375 0.6655181265625 0.75359664375 0.6714139765625 0.7605727156250001 0.68330471875 0.767588028125 0.69163646875 0.7672571421875001 0.7136837921875 0.76277645625 0.722420125 0.7574378140625 0.73125550625 0.7451623359374999 0.7285056812499999 0.7278006265625 0.719661909375 0.717336515625
1 0.8134415078125 0.7044607609375 0.8041931531250001 0.6990044046875 0.7918978234375 0.6969968546875001 0.7688348421875 0.7026271421875 0.7573570703125 0.7133436625 0.7539055140625 0.7218002203125 0.7540129515625 0.7376029703125 0.7602143328125 0.746508121875 0.772105078125 0.7535234328125 0.7830792125 0.7547515046875 0.8030952203125 0.7525700171875 0.81386286875 0.744932175 0.822698253125 0.732656696875 0.8232018875 0.7207121046875 0.8134415078125 0.7044607609375
1 0.9605892703125001 0.7562987390625 0.951745496875 0.7458346312499999 0.934875515625 0.737630484375 0.9118125375 0.7432607703125 0.9030762031249999 0.7485994125000001 0.8922095046875 0.763174090625 0.8920114046875 0.777047759375 0.8985183234375 0.7878819921875 0.9130514546875 0.7964562609375 0.9263624437500001 0.7973142140625 0.9393678953125001 0.7962430859375 0.9504410812499999 0.7905343265625 0.959581996875 0.7801879265625 0.9627280218750001 0.769802290625 0.9605892703125001 0.7562987390625
1 0.87056676875 0.76264701875 0.863655259375 0.7568205484375 0.8460751578125001 0.751695078125 0.827380346875 0.7546560453125 0.8186440109375 0.759994684375 0.8060515296874999 0.7787976421875 0.8084958171875 0.794230271875 0.8143916671874999 0.8012063453125 0.8312616500000001 0.80941049375 0.8395934 0.8090796062500001 0.8572725546875001 0.8072682406249999 0.8616407203125 0.804598921875 0.873118490625 0.7938824015625 0.8765700515624999 0.78542584375 0.87056676875 0.76264701875
1 0.7593061109375 0.763460471875 0.7315694296874999 0.7698310046875 0.7203971984375 0.7824766015625 0.7172511734375 0.7928622359374999 0.7190843890624999 0.8044367078124999 0.725285775 0.8133418625 0.7371765156250001 0.8203571703125 0.7481506546875 0.8215852453125001 0.7705035125 0.8190336374999999 0.7799499640625001 0.810616315625 0.7868530828125 0.7937032015625001 0.7788184859375 0.7732235796875 0.7593061109375 0.763460471875
1 0.6850388875 0.786099334375 0.6681689046875 0.7778951875 0.6494740921875 0.7808561546874999 0.6407377578125 0.786194796875 0.6336281515625 0.7942419953125001 0.6284508171875001 0.80692683125 0.6341485640625 0.827776578125 0.6483761593749999 0.834421765625 0.65935029375 0.8356498406249999 0.67702945 0.833838475 0.681397615625 0.8311691546875 0.69632694375 0.8119960765625001 0.69357711875 0.7946343687499999 0.6850388875 0.786099334375
1 0.6044712265625 0.8067698812499999 0.598575378125 0.799793809375 0.58170539375 0.7915896609375 0.55833688125 0.7952908703125 0.5410706984375 0.8148340703124999 0.54707398125 0.83761289375 0.5592702640625 0.8465572828125 0.5679075453125 0.848155478125 0.5922917234375 0.8433046671875 0.6030593703125 0.8356668265625 0.6078321234375 0.8279897500000001 0.6077246859375001 0.8121869984375 0.6044712265625 0.8067698812499999
1 0.522681421875 0.8197241140625 0.5167855765625 0.812748040625 0.50489483125 0.8057327328125 0.49259950156250004 0.8037251781249999 0.4762415390625 0.8063160234375 0.46750520624999997 0.8116546687499999 0.4583642890625 0.8220010640625001 0.45552380000000003 0.8343157796874999 0.457357015625 0.8458902515625001 0.46355840312499996 0.8547954062500001 0.4728067578125 0.8602517578125 0.4910969828125 0.8622985468750001 0.504102434375 0.8612274234375 0.5151756187500001 0.8555186578124999 0.522285225 0.8474714609375 0.525431246875 0.8370858265625 0.522681421875 0.8197241140625
1 0.4359123796875 0.8314895109375 0.4134520828125 0.8182383671875 0.394451734375 0.8192702562499999 0.38774671875 0.8223096968749999 0.3725118515625 0.8395536968749999 0.373535896875 0.8611436859375001 0.37678935625 0.8665607984375001 0.39528607031249996 0.8774735046875 0.417638928125 0.874921896875 0.4243439484375 0.87188245625 0.4395788125 0.85463845625 0.43916583906250006 0.8369066265624999 0.4359123796875 0.8314895109375
1 0.348532265625 0.8393967468750001 0.3316622828125 0.8311926 0.3079882296875 0.8329647296875 0.301283209375 0.8360041718750001 0.288079659375 0.8509489734375 0.28940924218749997 0.8744680390624999 0.29926866875 0.8837825468749999 0.3131907296875 0.8884986593749999 0.33320673749999996 0.8863171718749999 0.34631123750000004 0.8783092109374999 0.3548410859375 0.864104653125 0.3544281109375 0.8463728203124999 0.348532265625 0.8393967468750001
1 0.2603429765625 0.8573195015625 0.24784116250000002 0.846446034375 0.23524029375 0.8425094015625 0.21654548125 0.84547036875 0.2054722984375 0.8511791296875 0.1963313796875 0.8615255296875001 0.1949111328125 0.8676828875 0.1941019625 0.8776984015625 0.2035568078125 0.8920206703125 0.21544755000000002 0.89903598125 0.22408483750000002 0.9006341765625001 0.248469009375 0.8957833656249999 0.257915465625 0.887366046875 0.2633983375 0.8766102874999999 0.2635964359375 0.86273661875 0.2603429765625 0.8573195015625
1 0.4416269 0.897818434375 0.42475691875 0.8896142859375 0.39874601875 0.8917565375000001 0.379142984375 0.9116698546875 0.3810836390625 0.9390470796875 0.395922303125 0.9495504265625 0.401917203125 0.9495896609375001 0.43595431875 0.9451874484375 0.45180025468749996 0.9318016078125 0.4516928171875 0.9159988578125 0.44752274999999997 0.90479450625 0.4416269 0.897818434375
1 0.6519435421875001 0.8645075500000001 0.629483246875 0.8512564062499999 0.601135490625 0.85376878125 0.5823416328125 0.8636665828125001 0.5822509671875 0.89334300625 0.5956693937499999 0.9100037125 0.6032910218749999 0.9127515031250001 0.6209701734374999 0.9109401374999999 0.6450488109375 0.90416025 0.6585578984375 0.8911445312499999 0.6596726078125 0.8830580937500001 0.6551970015624999 0.8699246625000001 0.6519435421875001 0.8645075500000001
1 0.5298161890624999 0.8798956796875 0.5152830578125001 0.871321409375 0.4936403234375 0.8707943421875 0.47057734062499995 0.8764246296874999 0.45940510625000003 0.889070228125 0.4619568328125 0.9203056093749999 0.46521029062499997 0.9257227265625 0.477406571875 0.9346671125 0.490717559375 0.935525065625 0.5200809734375 0.9318630953125 0.533185471875 0.9238551312500001 0.537958225 0.9161780546875 0.5330696484375 0.8853127953125 0.5298161890624999 0.8798956796875