1 0.9469155078125 0.18463544375000002 0.9389102640625 0.1731194015625 0.93145564375 0.167728675 0.9197654390625001 0.166911215625 0.9096847546875001 0.1710757546875 0.902441909375 0.17665609843750002 0.8957496859375 0.18836175625 0.8945637171874999 0.2053219 0.89761333125 0.21770877031250002 0.9056185765625001 0.22922481249999999 0.9104047828124999 0.2307768609375 0.9268811937500001 0.2331463640625 0.9309473515625 0.2309959734375 0.9403079875 0.22312899531250002 0.947169634375 0.2090004640625 0.9469155078125 0.18463544375000002
1 0.87042093125 0.1305919296875 0.8672018937500001 0.12062793281249999 0.8590272265625 0.1115347671875 0.8416613453125 0.10788570312500001 0.8356468171874999 0.1098998484375 0.8241683890625 0.12005346406249999 0.8195939578125 0.1294724859375 0.818069140625 0.1512783828125 0.819678659375 0.156260378125 0.829462846875 0.1703355453125 0.834249053125 0.17188758906249998 0.8487770953125 0.17412085156249998 0.8569094140625 0.16982007187499998 0.8687266906250001 0.15482070312500001 0.8718610265625 0.137996803125 0.87042093125 0.1305919296875
1 0.77702635625 0.1642341046875 0.75737325625 0.16529454999999998 0.741489821875 0.1824443046875 0.7408121265625 0.19213581562499998 0.738694334375 0.19442245 0.740473278125 0.19698157031250002 0.73979558125 0.206673078125 0.747461978125 0.223034878125 0.7540271265625 0.2271460421875 0.7724519062499999 0.2296517921875 0.783760909375 0.22192105781250002 0.7904531312499999 0.2102154 0.792147371875 0.1859866265625 0.77702635625 0.1642341046875
1 0.7145515484375 0.11969248125000001 0.700870628125 0.1053448328125 0.6852836890625 0.1042548875 0.681217528125 0.106405278125 0.6695696765625 0.1189817671875 0.664825821875 0.13082366875 0.6654187953124999 0.15034292968750002 0.673254615625 0.16428185 0.679819765625 0.1683930171875 0.6962961765625 0.17076252187500002 0.7003623343750001 0.1686121296875 0.71641519375 0.14903949375 0.7177705859375 0.129656475 0.7145515484375 0.11969248125000001
1 0.6281033203125 0.1659940125 0.6187003343749999 0.16046704218750002 0.607010128125 0.15964958437500001 0.598877809375 0.163950365625 0.5893477500000001 0.1742402203125 0.5846038953125 0.186082121875 0.5839261984374999 0.1957736296875 0.5869758125 0.2081605046875 0.5930326906250001 0.219540303125 0.60154620625 0.22378771406250003 0.6180226171875 0.2261572171875 0.6360238421875 0.20672082656250002 0.6377180828125 0.18249205 0.6361085656250001 0.1775100546875 0.6281033203125 0.1659940125
1 0.5635107203125 0.12373902656249999 0.560291684375 0.1137750296875 0.552286440625 0.1022589875 0.5349205593749999 0.09860992187499999 0.5289060343750001 0.10062407031250001 0.513022596875 0.117773828125 0.5098882609375 0.1345977234375 0.512937875 0.1469846 0.517215809375 0.155805278125 0.52750826875 0.1626118078125 0.545933046875 0.1651175546875 0.5531758921875001 0.159537215625 0.5619859046875 0.145544921875 0.5647813921875 0.1335667765625 0.5635107203125 0.12373902656249999
1 0.40713306562499996 0.1201082078125 0.4039140296875 0.1101442140625 0.390233109375 0.0957965625 0.372697803125 0.094570375 0.35927100625 0.1045877421875 0.354696575 0.1140067671875 0.3531717578125 0.1358126640625 0.35478127656249997 0.14079466093749998 0.35905921093750004 0.1496153390625 0.3730789796875 0.159117234375 0.38565865781249997 0.1612142546875 0.39379097343749997 0.15691346875 0.40120324375000005 0.148910253125 0.405947096875 0.13706835 0.40713306562499996 0.1201082078125
1 0.24330079218749998 0.1110866640625 0.2319070859375 0.0920295046875 0.21454120156249998 0.08838043906250001 0.206578309375 0.0902583453125 0.1928126671875 0.105121465625 0.18900063281249999 0.1316368734375 0.1906101546875 0.1366188734375 0.19666703125 0.1479986734375 0.202173284375 0.1532531546875 0.20890785781250001 0.154941446875 0.2234358984375 0.15717470625000002 0.22750205937499998 0.15502431562500002 0.2414371265625 0.13773831718750001 0.2445714625 0.1209144171875 0.24330079218749998 0.1110866640625
1 0.4831193734375 0.18142035625 0.479900334375 0.17145635937499998 0.4681677796875 0.157244953125 0.4506324734375 0.156018765625 0.4372056765625 0.16603613281250001 0.43263124687500004 0.175455159375 0.42966633437499996 0.18985618124999998 0.4325465234375 0.204665928125 0.4405517671875 0.2161819703125 0.4471169171875 0.22029313906249998 0.46164496093749996 0.222526403125 0.4697772765625 0.21822561718750003 0.47718954843750006 0.21022239687500002 0.4819334046875 0.1983804984375 0.4831193734375 0.18142035625
1 0.3201342171875 0.1602844234375 0.313738490625 0.1537503828125 0.29442424218749996 0.1499650703125 0.288409715625 0.151979221875 0.2746440734375 0.1668423421875 0.27117088906250003 0.188511996875 0.2743899265625 0.19847599375 0.28239516875000004 0.2099920359375 0.2889603203125 0.2141032 0.307385096875 0.21660895156249999 0.32326853125 0.1994591921875 0.3265722953125 0.1802124140625 0.325132196875 0.17280754062499998 0.3201342171875 0.1602844234375
1 0.9428493093749999 0.2987831671875 0.9312861796874999 0.2821488859375 0.9256105031249999 0.2793172796875 0.9079057734375 0.28051396875 0.8920223375 0.297663725 0.8903280953125 0.3218925 0.8919376140624999 0.3268744984375 0.8962155484375 0.3356951765625 0.9102353203125 0.3451970703125 0.9150215234375001 0.346749115625 0.931116734375 0.3405704296875 0.9385290062499999 0.332567209375 0.9432728625 0.32072530625 0.9428493093749999 0.2987831671875
1 0.7747391 0.2809409484375 0.761269953125 0.27756436562500003 0.7533070609375 0.27944227499999996 0.737423625 0.2965920296875 0.7341198640625 0.31583880625 0.735559959375 0.3232436796875 0.7416168375 0.33462347812500004 0.7519092953125 0.341430009375 0.7644889734375 0.34352703125 0.7705034984375 0.3415128828125 0.7863869343750001 0.3243631234375 0.7880811750000001 0.30013435 0.7747391 0.2809409484375
1 0.708367559375 0.23612683906249998 0.7003623140624999 0.22461079687500002 0.6966350046875001 0.2219154328125 0.6790997 0.2206892453125 0.6656729015625 0.2307066125 0.6586418328125 0.2472580265625 0.6579641359374999 0.256949534375 0.6610137500000001 0.26933640937500003 0.66901899375 0.28085245 0.6832081890625 0.28793146875 0.6860460265625 0.28934726875 0.6941783453125 0.2850464890625 0.7056567734375 0.274892878125 0.711247746875 0.25093659062499996 0.708367559375 0.23612683906249998
1 0.559275103125 0.24030962812499998 0.5576655796875001 0.2353276265625 0.544154084375 0.21855710312499999 0.5246704109375 0.21719467187500002 0.5087869734375 0.2343444296875 0.505483215625 0.25359120625 0.5069233093750001 0.2609960796875 0.5145897046875 0.277357875 0.521324278125 0.2790461671875 0.5397490578124999 0.2815519125 0.5438152140625 0.279401521875 0.5533452750000001 0.2691116671875 0.557919709375 0.259692646875 0.559275103125 0.24030962812499998
1 0.39540047500000003 0.2178941375 0.380321809375 0.20953555625 0.3725283390625 0.208990584375 0.3665138140625 0.21100473281249998 0.3550353859375 0.22115834374999999 0.350460953125 0.23057736874999998 0.3491055609375 0.2499603875 0.3523246 0.2599243828125 0.3603298453125 0.27144042343749997 0.37468846093749997 0.27609656562499996 0.38548919375 0.275634465625 0.4010337828125 0.263330459375 0.40289744687500006 0.236678809375 0.3998478296875 0.224291934375 0.39540047500000003 0.2178941375
1 0.23906517031250002 0.227657265625 0.22928098281249998 0.21358210312499998 0.221826359375 0.2081913765625 0.2081877921875 0.207237675 0.20005547343750002 0.21153845625 0.188238196875 0.226537821875 0.1881534734375 0.2557485953125 0.1979376625 0.26982375625 0.20272386875 0.2713758046875 0.221148646875 0.2738815515625 0.23245765000000002 0.2661508171875 0.23914987187499998 0.25444516250000004 0.2406746890625 0.2326392625 0.23906517031250002 0.227657265625
1 0.923323246875 0.39602412343750004 0.9038395749999999 0.39466169375 0.8858383484375001 0.41409808281249993 0.8843135312499999 0.43590398124999996 0.8985450765625 0.456376946875 0.9169698531250001 0.45888269375 0.9325144390625001 0.446578690625 0.93497108125 0.439446303125 0.9366653234375001 0.4152175265625 0.923323246875 0.39602412343750004
1 0.8491158859375 0.3372710953125 0.8276838468750001 0.335772421875 0.8162054187500001 0.34592603125 0.8116309859375 0.35534505781250003 0.81010616875 0.3771509546875 0.824337715625 0.3976239171875 0.8427624921874999 0.4001296640625 0.8607637171875 0.380693275 0.862288534375 0.3588873796875 0.859069496875 0.3489233796875 0.8491158859375 0.3372710953125
1 0.704470784375 0.3478516875 0.7000234296875 0.341453884375 0.6849447625 0.33309530625 0.6690189765625 0.33685111874999996 0.6570322734375 0.354273359375 0.65550745625 0.37607925625 0.657116978125 0.38106125625 0.665122221875 0.3925772984375 0.67168736875 0.3966884625 0.6881637796875 0.39905796875 0.701590575 0.3890406015625 0.7061650078125 0.3796215765625 0.70785925 0.355392803125 0.704470784375 0.3478516875
1 0.6334824640625001 0.2990626515625 0.6300939984375 0.29152153593749996 0.616413078125 0.27717388593750003 0.6027745062500001 0.276220184375 0.594642190625 0.2805209671875 0.5828249109375 0.29552033125 0.5811306703125 0.3197491078125 0.5843497125 0.3297131015625 0.5962516890625 0.34150163125 0.6029862625 0.34318992187499997 0.6077724703125 0.34474196562500004 0.6178531515625 0.34057742812499997 0.6295010078125001 0.328000940625 0.634414284375 0.3137361609375 0.6334824640625001 0.2990626515625
1 0.48066269375 0.300550078125 0.47744365625 0.2905860828125 0.467659465625 0.2765109171875 0.461983790625 0.27367931093750003 0.4463968515625 0.27258936562499997 0.44233069374999995 0.27473975781250004 0.4306828421875 0.2873162484375 0.425938984375 0.29915814687500003 0.42670138281250003 0.31625453281250004 0.429920421875 0.32621853125 0.4418224015625 0.33800705937500003 0.44855697499999997 0.339695346875 0.4552915484375 0.3413836375 0.465372234375 0.3372190984375 0.4750717203125 0.3245063640625 0.47981557343750003 0.312664465625 0.48066269375 0.300550078125
1 0.3130607578125 0.275439225 0.3038271921875 0.2674893734375 0.2862918859375 0.2662631859375 0.2705778734375 0.28099006875 0.2669352671875 0.30508259843749996 0.26837536093750003 0.31248747187500003 0.2808279640625 0.3304013171875 0.2973043734375 0.33277082343750003 0.3033189 0.330756675 0.3190329125 0.3160297921875 0.320727153125 0.2918010203125 0.3130607578125 0.275439225
1 0.780795940625 0.4043180765625 0.770842325 0.3926657921875 0.761269915625 0.3895616984375 0.7591521250000001 0.39184833281250003 0.74746191875 0.391030875 0.7381012828125 0.398897853125 0.731239634375 0.4130263875 0.7302230890625 0.427563653125 0.73344213125 0.437527646875 0.7432263171875 0.451602809375 0.748012525 0.45315485781250003 0.7625405656249999 0.4553881171875 0.7706728843749999 0.4510873359375 0.7826595843749999 0.43366509375 0.7840149765625 0.414282075 0.780795940625 0.4043180765625
1 0.9320908515624999 0.536633884375 0.9290412390625 0.5242470109374999 0.9228149374999999 0.5152900890625001 0.913411946875 0.50976311875 0.8957072171875 0.5109598078124999 0.884228790625 0.52111341875 0.87965435625 0.5305324406249999 0.876689446875 0.5449334625 0.8782989640625001 0.5499154609375 0.891471615625 0.5715317421874999 0.8962578234375 0.5730837906249999 0.9088374968749999 0.5751808078125 0.914852021875 0.573166659375 0.92209486875 0.5675863156250001 0.93107430625 0.551171146875 0.9320908515624999 0.536633884375
1 0.8566128203125001 0.4680531015625 0.8486075765625 0.456537059375 0.8273449578125 0.452615509375 0.8192126421875001 0.456916290625 0.80968258125 0.4672061453125 0.8060399734375 0.491298678125 0.80748006875 0.49870355312500003 0.8135369453125 0.5100833515625001 0.823829403125 0.5168898828125 0.8344607109375 0.518850659375 0.8445413984375 0.5146861171875 0.8565280968750001 0.4972638765625 0.859323584375 0.48528573125 0.8566128203125001 0.4680531015625
1 0.7023529546875 0.462135653125 0.6980750203125 0.45331497499999995 0.6868930890625 0.44522888125 0.6672399921875 0.44628932812500005 0.655592140625 0.45886581875 0.6506788625000001 0.4731305953125 0.653220203125 0.4927861 0.661225446875 0.5043021421875 0.6697389640625 0.508549553125 0.6823186390625 0.510646575 0.6904509578125 0.5063457890625 0.7022682328125 0.491346425 0.7039624734375 0.46711765156249996 0.7023529546875 0.462135653125
1 0.594811575 0.3900954234375 0.578928140625 0.40724517968749996 0.5754549531250001 0.42891483125 0.5786739937500001 0.4388788296875 0.589517078125 0.45181067343750003 0.60989021875 0.45445266562500003 0.6278914484375 0.4350162734375 0.6278067453125 0.40822837968750003 0.6142952453125 0.3914578546875 0.594811575 0.3900954234375
1 0.5534299593750001 0.351898228125 0.5418668281250001 0.335263946875 0.524500946875 0.33161488125 0.5123024734375 0.33806605312500004 0.5047207796875 0.34849215 0.5024335640625 0.353201665625 0.5010781703125 0.3725846859375 0.5042972078125 0.3825486796875 0.5123024515625 0.394064721875 0.53055780625 0.398993346875 0.53339564375 0.40040914843750003 0.54910965625 0.3856822703125 0.554022934375 0.37141749062499996 0.55470063125 0.361725984375 0.5534299593750001 0.351898228125
1 0.46537221406249996 0.3932177625 0.457917590625 0.3878270359375 0.44038228593750006 0.3866008484375 0.426955490625 0.396618215625 0.42238106093749994 0.406037240625 0.42085624531250004 0.4278431375 0.42407528125000005 0.43780713125000004 0.4331394234375 0.448179859375 0.4535125640625 0.450821846875 0.4616448828125 0.4465210671875 0.47134436874999996 0.4338083359375 0.4732080328125 0.407156684375 0.46537221406249996 0.3932177625
1 0.3986618234375 0.3532494109375 0.3954427875 0.3432854171875 0.3874375421875 0.33176937500000003 0.3760861859375 0.326106159375 0.362278190625 0.3275753328125 0.3485125484375 0.342438459375 0.346055909375 0.349570846875 0.344869940625 0.36653098906250003 0.34808897656250004 0.3764949828125 0.35982153125 0.3907063921875 0.3646077375 0.3922584375 0.373290678125 0.3940829703125 0.3833713640625 0.389918428125 0.3929014265625 0.379628575 0.3974758546875 0.370209553125 0.3986618234375 0.3532494109375
1 0.315220859375 0.3985438703125 0.3054366734375 0.3844687046875 0.29798205 0.379077978125 0.2843434796875 0.37812427656250003 0.280277321875 0.3802746671875 0.2687988921875 0.3904282765625 0.264224459375 0.399847303125 0.264309165625 0.42663519531249994 0.272314409375 0.43815123749999996 0.27887955937500003 0.44226240624999996 0.2973043328125 0.44476815625 0.3013704953125 0.4426177671875 0.31090055625 0.4323279078125 0.315644409375 0.42048600937499997 0.315220859375 0.3985438703125
1 0.2349989703125 0.3418049890625 0.2269937265625 0.330288946875 0.21953910625 0.324898221875 0.20395216875000002 0.3238082765625 0.19581985 0.32810905625000003 0.184002575 0.343108421875 0.1823083328125 0.3673371984375 0.183917853125 0.37231919687500004 0.1919230953125 0.3838352390625 0.20221555468750002 0.39064176875 0.21496465625 0.390315909375 0.22716313281249997 0.3838647375 0.23491424843750003 0.3710157625 0.23660848906249998 0.3467869859375 0.2349989703125 0.3418049890625
1 0.548686065625 0.47573746406249995 0.5440269343749999 0.45836859218750003 0.5321249515625001 0.4465800640625 0.5165380140625 0.44549011875 0.5084056984374999 0.4497909015625 0.49641899843750004 0.467213146875 0.49506360625 0.48659616562499997 0.4966731234375 0.4915781625 0.5064573109375 0.505653325 0.5130224609375 0.50976449375 0.5256021359374999 0.5118615109375 0.5316166640625 0.5098473625 0.5432645140625 0.4972708734375 0.5480083687499999 0.48542897187499995 0.548686065625 0.47573746406249995
1 0.7763908921875 0.5233115546875 0.7666067062499999 0.50923639375 0.7609310265625 0.5064047875 0.7412779296875 0.5074652328125 0.7319172921875 0.5153322109375 0.7273428640625 0.5247512359375001 0.7243779484374999 0.5391522546874999 0.7290370828125 0.556521125 0.7389906953125001 0.5681734109375001 0.74572526875 0.5698617015624999 0.754408209375 0.5716862328125 0.7666066859375 0.5652350609375 0.77664501875 0.547676575 0.7780004109374999 0.52829355625 0.7763908921875 0.5233115546875
1 0.854156140625 0.5871828234375001 0.8509371015625 0.5772188296875 0.8390351218750001 0.5654303015625 0.81955145 0.5640678703125 0.8040068625 0.5763718718749999 0.8015502250000001 0.583504259375 0.7984158890625 0.600328159375 0.8016349249999999 0.61029215625 0.8114191125 0.62436731875 0.8199326296875 0.62861473125 0.8286155703125001 0.630439259375 0.8386962562500001 0.626274721875 0.848226315625 0.61598486875 0.852800746875 0.60656584375 0.854156140625 0.5871828234375001
1 0.9114635390625001 0.62162420625 0.90172170625 0.6209429906249999 0.8856264953125 0.6271216796875 0.8778753765625 0.6399706546874999 0.8777906546875001 0.669181428125 0.8857958984375 0.6806974703125 0.8923610484375001 0.6848086343750001 0.90883745625 0.687178140625 0.9268386843749999 0.6677417484375 0.9285329250000001 0.6435129749999999 0.9253138875 0.6335489812499999 0.9114635390625001 0.62162420625
1 0.83513835 0.67715515 0.8176030453124999 0.6759289609375 0.8041762484375001 0.6859463296875 0.7996018171875 0.6953653515625 0.79968651875 0.7221532484375001 0.8057433968750001 0.733533046875 0.8123085453125001 0.7376442109375 0.830733325 0.7401499609375 0.84873455 0.7207135671875 0.8502593671875 0.698907671875 0.8425929703125 0.682545875 0.83513835 0.67715515
1 0.76609839375 0.6285023578125 0.7586437734375 0.6231116328125 0.741108465625 0.62188544375 0.7276816703125 0.6319028125 0.723107240625 0.6413218359374999 0.7231919421875 0.6681097296875 0.7329761296874999 0.6821848921875 0.7434380125 0.6865685453125 0.746275853125 0.6879843484375 0.7583049046875 0.683956053125 0.7722399734375001 0.666670053125 0.7739342140625001 0.6424412796875 0.76609839375 0.6285023578125
1 0.6997268515624999 0.583688253125 0.6938393984375 0.5698855765624999 0.6863847796875 0.564494846875 0.67291563125 0.5611182671875 0.6649527359375 0.562996171875 0.649069303125 0.5801459312499999 0.6475444859375 0.601951828125 0.650763525 0.611915821875 0.6569898249999999 0.62087274375 0.663554975 0.6249839125000001 0.6780830156250001 0.627217175 0.68409754375 0.625203028125 0.6978631875 0.6103399015625001 0.7009975234375 0.593516003125 0.6997268515624999 0.583688253125
1 0.6230628515625 0.5320676125 0.6200132375 0.5196807421875 0.6137869359375 0.5107238187500001 0.5987082703125 0.50236524375 0.5847308499999999 0.5062572953125 0.5752007890625 0.51654715 0.5706263609375 0.525966171875 0.570880484375 0.550331190625 0.582443615625 0.5669654734375 0.5891781890625001 0.5686537609375 0.6017578625 0.57075078125 0.605824025 0.568600390625 0.6195896671875001 0.55373726875 0.62204630625 0.5466048765625 0.6230628515625 0.5320676125
1 0.5397913109375 0.5749391953125 0.5262798109375 0.55816866875 0.5067961390625 0.5568062375 0.4953177109375 0.5669598484375 0.4907432796875 0.5763788703125 0.4908279828125 0.6031667671875 0.5006121703125 0.6172419296875 0.5110740546875 0.6216255796875 0.51975699375 0.6234501140625001 0.525771521875 0.6214359671875 0.5375887968749999 0.6064366015625 0.542332653125 0.5945947 0.5397913109375 0.5749391953125
1 0.46770174062500003 0.51389953125 0.459696496875 0.5023834890625001 0.45029350625 0.49685652031250005 0.43860330625 0.49603906249999996 0.4304709875 0.50033984375 0.418823134375 0.51291633125 0.41619707031250003 0.5224715984375 0.41534994999999997 0.5345859843749999 0.41856898906250006 0.54454998125 0.42657423281250006 0.556066025 0.4331393828125 0.5601771921875 0.44766742343750004 0.5624104515624999 0.4557997421875 0.5581096718749999 0.46761701875000006 0.54311030625 0.46931125937499996 0.5188815296875 0.46770174062500003 0.51389953125
1 0.3944262015625 0.46982001249999994 0.39137658750000004 0.4574331375 0.38337134375000004 0.44591709531249996 0.3759167203125 0.44052636874999995 0.35626362500000003 0.441586815625 0.3490207796875 0.4471671578125 0.3398719203125 0.46600520625 0.3390247984375 0.47811959374999996 0.3422438359375 0.48808358749999997 0.3520280234375 0.5021587484375 0.3568142296875 0.5037107984375 0.3713422703125 0.5059440578125 0.3794745890625 0.5016432765625 0.38900465 0.4913534234375 0.39374850625 0.47951152343750003 0.3944262015625 0.46982001249999994
1 0.30937571875000003 0.510132471875 0.3013704734375 0.49861642812499996 0.2939158515625 0.49322570312499997 0.2802772796875 0.492272 0.2721449640625 0.49657278125 0.262614903125 0.5068626375 0.25804047343750003 0.5162816625 0.25685450468750004 0.5332418031249999 0.2600735421875 0.5432057968749999 0.27286499218750004 0.5562738890625 0.29128976875 0.5587796375 0.2994220875 0.554478853125 0.3115782125 0.5346337343750001 0.3124253328125 0.522519346875 0.30937571875000003 0.510132471875
1 0.230932775 0.4559527140625 0.21742127656250002 0.43918218906249995 0.20590049531250001 0.435941853125 0.197937603125 0.43781975781250004 0.184341384375 0.45026000312500003 0.1797669515625 0.4596790234375 0.178242134375 0.4814849203125 0.1842990109375 0.49286471875000004 0.194422046875 0.502094128125 0.2108984578125 0.504463634375 0.2190307765625 0.500162853125 0.2331352671875 0.4804539734375 0.23381296406250002 0.470762465625 0.230932775 0.4559527140625
1 0.9246361515625001 0.7552378234375 0.9230266328125 0.750255825 0.9093457125000001 0.7359081734374999 0.8997732984375 0.7328040812500001 0.89181040625 0.7346819859375 0.8815602968749999 0.7412694046875 0.8739786031250001 0.751695503125 0.8722843609375 0.775924275 0.8781718140624999 0.78972695 0.8865159078125 0.7963972390625 0.9049406859375001 0.7989029890625 0.9090068421874999 0.7967525984375 0.9185369046874999 0.786462740625 0.9231113343749999 0.77704371875 0.9246361515625001 0.7552378234375
1 0.9166308703125001 0.8557191109375 0.901721628125 0.8449376578125 0.8939281578125 0.8443926859375 0.8818991046875 0.8484209796875 0.8700818281249999 0.8634203484375 0.8683875875 0.8876491218749999 0.8699971046874999 0.8926311203124999 0.87800235 0.9041471624999999 0.8845674984375 0.9082583281250001 0.9010439109374999 0.9106278328125 0.9190451359375 0.89119144375 0.9223488984375001 0.8719446671875 0.9209088015625 0.8645397890625001 0.9166308703125001 0.8557191109375
1 0.8426352828124999 0.8079371562500001 0.8346300375 0.7964211140625 0.8271754187499999 0.7910303875 0.8055739515625 0.791954590625 0.7935872515625 0.80937683125 0.7918930109375 0.8336056046874999 0.7935025296875 0.83858760625 0.8015077734375 0.8501036484375 0.8080729234374999 0.8542148109375001 0.82260096875 0.856448075 0.830733284375 0.8521472937500001 0.8381455531249999 0.844144075 0.84288940625 0.8323021718750001 0.8426352828124999 0.8079371562500001
1 0.69515238125 0.7051046078125001 0.6922721921874999 0.69029485625 0.678591271875 0.6759472078125001 0.6591075953125001 0.6745847765625 0.64762916875 0.6847383875 0.6430547375 0.6941574125 0.6416993453125001 0.7135404328125 0.6465279015625 0.7284864234375 0.6566509390624999 0.73771583125 0.6633855125 0.739404121875 0.6701200828125 0.7410924125 0.6761346109375 0.7390782625 0.6876130390624999 0.7289246515625 0.694474684375 0.71479611875 0.69515238125 0.7051046078125001
1 0.61789540625 0.6339647078125 0.613617471875 0.6251440296874999 0.6006565968750001 0.614498815625 0.5829518671875 0.6156955046875 0.5714734406249999 0.625849115625 0.566729584375 0.63769101875 0.5658824640625 0.6498054062499999 0.570541596875 0.667174278125 0.5815541046875 0.6776832453125 0.5980305171875 0.6800527515625 0.6020966734375001 0.6779023578125 0.6114573109375 0.670035384375 0.6183189578125 0.655906846875 0.61789540625 0.6339647078125
1 0.46261899843750004 0.642584521875 0.45973880781250004 0.6277747703125 0.4480062546875 0.6135633656249999 0.4403822078125 0.610595515625 0.4265742125 0.612064690625 0.41052135468750006 0.6316373234375 0.40899653750000003 0.6534432203125 0.412215575 0.6634072171875001 0.4221691859375 0.6750595015624999 0.42695539374999997 0.67661155 0.44148343749999996 0.6788448109375 0.44554959375000003 0.67669441875 0.452792440625 0.6711140765625 0.461771878125 0.6546989062499999 0.46261899843750004 0.642584521875
1 0.385531446875 0.5690217421875 0.377526203125 0.5575057 0.3681232125 0.55197873125 0.35643301250000003 0.5511612734375 0.34830069375 0.5554620531250001 0.336652840625 0.5680385421875 0.3341962015625 0.5751709328125 0.3328408078125 0.5945539515625 0.336059846875 0.6045179468749999 0.344234515625 0.6136111109375 0.35274803125 0.617858521875 0.36532770625 0.6199555390625 0.37346002500000003 0.6156547578125 0.38087229375 0.6076515375 0.3879033640625 0.591100125 0.385531446875 0.5690217421875
1 0.295355909375 0.6126279109375 0.2879012859375 0.6072371828125 0.268248190625 0.6082976296875 0.254482546875 0.6231607515625 0.2510093625 0.6448304078125 0.2524494578125 0.6522352812500001 0.2649020609375 0.6701491265625 0.2872235734375 0.672927359375 0.30327643125 0.6533547265624999 0.30624134375 0.6389537046875 0.303361153125 0.624143953125 0.295355909375 0.6126279109375
1 0.22847609531250002 0.5750824359375 0.223478115625 0.56255931875 0.21903075625 0.55616151875 0.203952090625 0.547802940625 0.1981069859375 0.5473942109375 0.183960146875 0.5537091421875 0.17654787656249998 0.5617123640624999 0.17180401875 0.5735542609375 0.1709568984375 0.5856686515625 0.174006515625 0.598055521875 0.182011759375 0.6095715625 0.19035585 0.6162418515625 0.197090425 0.61793014375 0.21106784531249997 0.614038090625 0.22271569531250002 0.6014615984375 0.22729012656249997 0.5920425765624999 0.22847609531250002 0.5750824359375
1 0.612050265625 0.745553309375 0.5985387671875 0.728782784375 0.5909147203125 0.725814934375 0.574988934375 0.72957074375 0.563341084375 0.7421472312499999 0.5607150203125 0.7517025 0.5598679 0.7638168890625 0.5629175140625 0.776203759375 0.57092275625 0.7877198015625 0.581384640625 0.7921034546875 0.5881192140625 0.7937917421875 0.6043838484374999 0.7851901796874999 0.6123043906250001 0.7699183296875 0.6136597828125 0.750535309375 0.612050265625 0.745553309375
1 0.5325060749999999 0.679122921875 0.516707359375 0.6670619078125 0.5007815734375 0.6708177156249999 0.49125151406249995 0.6811075718749999 0.48667708281250005 0.69052659375 0.4856605375 0.7050638593749999 0.4887101515625 0.71745073125 0.49849433750000005 0.731525896875 0.5052289109375 0.733214184375 0.5158602234375 0.7351749625 0.5239925390625 0.7308741796875 0.5379276046875 0.713588178125 0.5389441500000001 0.6990509125 0.5325060749999999 0.679122921875
1 0.4585527984375 0.756732246875 0.4556726109375 0.7419224953125 0.447667365625 0.730406453125 0.440212746875 0.7250157265625 0.42657417343750004 0.7240620234375 0.41844185468750006 0.72836280625 0.41102958593750005 0.7363660265624999 0.4062857328125 0.748207925 0.4065398578125 0.77257294375 0.4108177921875 0.7813936203125 0.41916188437499996 0.788063909375 0.43953502968749997 0.7907059015625 0.4436011875 0.7885555109375 0.4531312484375 0.77826565625 0.457875103125 0.7664237546875 0.4585527984375 0.756732246875
1 0.7602955640625 0.8654822421875 0.7522903203125 0.8539662 0.7448357 0.848575475 0.731197128125 0.8476217734375 0.7271309703125 0.8497721625000001 0.7156525390625 0.859925775 0.7109086859375 0.8717676765625001 0.7097227171875 0.888727815625 0.7129417546875 0.8986918125000001 0.7191680546875 0.9076487359375 0.727681571875 0.9118961453125 0.74026125 0.9139931625 0.748393565625 0.9096923828125 0.7579236265625 0.8994025265625 0.7626674812500001 0.8875606250000001 0.7602955640625 0.8654822421875
1 0.6857493546875 0.8115749734375 0.6796924765625 0.80019516875 0.6685105484375 0.7921090796875 0.6529236093749999 0.7910191359375001 0.6488574484375 0.7931695265625 0.6394968125 0.801036503125 0.632635165625 0.8151650390625 0.633228140625 0.8346843015625 0.642842903125 0.8511823406250001 0.6494080531249999 0.8552935093749999 0.663936096875 0.8575267734375001 0.669950621875 0.8555126203125001 0.681598475 0.8429361328124999 0.6840551140625 0.8358037453125 0.6857493546875 0.8115749734375
1 0.5348779546875 0.8131986375 0.5318283375 0.8008117671875 0.52382309375 0.7892957203125001 0.512471740625 0.7836325078125 0.494597584375 0.7872520734374999 0.48718531406250004 0.79525529375 0.4824414609375 0.8070971968749999 0.48108606875 0.826480215625 0.48269558593750006 0.8314622109375 0.48875246250000004 0.8428420109375001 0.5009932921875 0.8497847859375 0.5096762328125 0.8516093203124999 0.519756915625 0.8474447828124999 0.5292869765625 0.8371549234375 0.534030834375 0.825313025 0.5348779546875 0.8131986375
1 0.603917909375 0.861851425 0.5939642984375 0.8501991390624999 0.576598415625 0.846550075 0.5705838921875 0.848564221875 0.5633410453125001 0.854144565625 0.55436160625 0.8705597359375 0.5533450625 0.885097 0.5563946750000001 0.8974838703125 0.5691861265625 0.9105519609374999 0.5856625359375001 0.9129214671874999 0.593794853125 0.908620684375 0.605781553125 0.891198440625 0.6071369453125001 0.8718154218749999 0.603917909375 0.861851425
1 0.44148337499999996 0.8468408109375 0.42199970468750003 0.8454783796875001 0.41069069999999996 0.8532091140625001 0.4039984796875 0.86491476875 0.40103356406249996 0.8793157921875 0.40391375781249994 0.8941255437500001 0.41191900156249994 0.9056415859375001 0.4184841515625 0.9097527546874999 0.434960559375 0.91212225625 0.45296178593749997 0.8926858671875 0.4564349703125 0.8710162109375 0.4532159328125 0.8610522171874999 0.44148337499999996 0.8468408109375
1 0.3635487046875 0.7853924203125 0.3440650328125 0.7840299890625 0.339998875 0.7861803796875 0.33046881093749997 0.796470234375 0.32589438125000003 0.805889259375 0.3243695640625 0.8276951546875001 0.3339843265625 0.84419319375 0.3405494765625 0.8483043609375001 0.35702588749999997 0.850673865625 0.36109204687499996 0.8485234734375 0.37714490624999997 0.8289508421875 0.3770602046875 0.8021629453125 0.3635487046875 0.7853924203125
1 0.2966688921875 0.7478469453125001 0.288663646875 0.736330903125 0.28120902812500004 0.7309401734375001 0.2656220890625 0.729850228125 0.2574897703125 0.7341510140625 0.2455030703125 0.7515732546875 0.24397825312500002 0.7733791515624999 0.245587771875 0.778361146875 0.255371959375 0.7924363140625 0.2638854765625 0.796683721875 0.27062005 0.7983720125 0.2826491015625 0.79434371875 0.2965841703125 0.777057715625 0.2995490796875 0.7626566921875 0.2966688921875 0.7478469453125001
1 0.30005731562500004 0.8673853953125 0.2922214953125 0.8534464765625 0.284766871875 0.848055746875 0.277142828125 0.8450878968750001 0.2612170421875 0.8488437078125 0.25168698125 0.8591335640625 0.24711255156249998 0.8685525859375 0.245757159375 0.8879356046875 0.24897619531249998 0.8978996031250001 0.2617676484375 0.9109676890625 0.2762956890625 0.913200953125 0.2823102125 0.9111868046874999 0.2937886453125 0.9010331953125 0.2983630734375 0.89161416875 0.30005731562500004 0.8673853953125
1 0.22407105 0.6940759140625 0.2210214359375 0.68168904375 0.214795134375 0.672732121875 0.2016648359375 0.6645097843750001 0.19387136875 0.6639648125 0.18379068125 0.6681293546875 0.1698556140625 0.685415353125 0.169940315625 0.7122032468749999 0.179724503125 0.7262784078125 0.1882380203125 0.73052581875 0.1988693265625 0.7324865968750001 0.20895001249999998 0.7283220546875 0.220597865625 0.7157455671874999 0.22305450468750002 0.708613178125 0.22407105 0.6940759140625
1 0.21576926875 0.8127969046875 0.21255023125 0.8028329109375001 0.2063239296875 0.7938759890625 0.1969209390625 0.7883490203125 0.18717910468750001 0.78766780625 0.1770984203125 0.79183234375 0.16316335312500002 0.809118340625 0.1614691109375 0.8333471187500001 0.1630786296875 0.8383291156249999 0.171083875 0.8498451578124999 0.179597390625 0.85409256875 0.1902286984375 0.85605334375 0.20030938437499998 0.8518888046875001 0.2098394453125 0.8415989500000001 0.21441387656250002 0.8321799249999999 0.21576926875 0.8127969046875