1 0.152403846875 0.1025390625 0.1476412265625 0.09472656093750001 0.13692533125 0.08593750156249999 0.11311223125 0.083984375 0.095252403125 0.09472656093750001 0.090489784375 0.1025390625 0.090489784375 0.1181640625 0.1035869890625 0.130859375 0.11311223125 0.134765625 0.130972053125 0.1337890625 0.13692533125 0.1328124984375 0.1476412265625 0.12402343906249999 0.152403846875 0.11425781406249999 0.152403846875 0.1025390625
1 0.27146935 0.0966796875 0.27146935 0.0908203125 0.2655160765625 0.08593750156249999 0.25599083437500003 0.083984375 0.227415115625 0.08984375156249999 0.2214618390625 0.09472656093750001 0.2143179078125 0.10839843906249999 0.21908053125000002 0.12402343906249999 0.2297964234375 0.1328124984375 0.24765625 0.1357421859375 0.263134765625 0.1328124984375 0.27623196875 0.1181640625 0.27623196875 0.1025390625 0.27146935 0.0966796875
1 0.2095552890625 0.1748046875 0.1988393921875 0.166015625 0.1821702234375 0.1640624984375 0.17026367343749998 0.1679687515625 0.1547851578125 0.1806640625 0.152403846875 0.1982421859375 0.16550104999999998 0.2109375015625 0.17502629218750002 0.2148437515625 0.1952674265625 0.2138671859375 0.2095552890625 0.2060546875 0.21669921875 0.1943359375 0.21669921875 0.1865234390625 0.2095552890625 0.1748046875
1 0.1476412265625 0.2626953125 0.12501878125000002 0.244140625 0.10596829999999999 0.2460937515625 0.090489784375 0.2568359375 0.0857271609375 0.2646484390625 0.0857271609375 0.2861328140625 0.10596829999999999 0.296875 0.126209434375 0.2958984390625 0.1321627109375 0.2949218734375 0.1428786078125 0.2861328140625 0.1476412265625 0.2783203125 0.1476412265625 0.2626953125
1 0.20003004687499998 0.3408203125 0.1869328421875 0.3300781265625 0.1678823609375 0.3261718734375 0.1476412265625 0.3369140625 0.140497296875 0.3525390625 0.140497296875 0.3642578140625 0.14645056875 0.3710937515625 0.1583571234375 0.3769531265625 0.16550104999999998 0.3789062484375 0.18097956875 0.3779296875 0.189314153125 0.375 0.20003004687499998 0.3662109375 0.20479266875 0.3525390625 0.20003004687499998 0.3408203125
1 0.1476412265625 0.4287109375 0.1321627109375 0.416015625 0.12263746874999999 0.4140624984375 0.10596829999999999 0.416015625 0.0881084734375 0.4306640625 0.0857271609375 0.4384765609375 0.0881084734375 0.4501953125 0.10596829999999999 0.4648437515625 0.128590746875 0.4638671859375 0.13692533125 0.4609375015625 0.1476412265625 0.4501953125 0.150022534375 0.4443359375 0.1476412265625 0.4287109375
1 0.2536095265625 0.4140624984375 0.24408428437500002 0.4101562484375 0.22503380312500001 0.4101562484375 0.20717397656249997 0.4208984390625 0.20241135781250003 0.4306640625 0.20241135781250003 0.4443359375 0.2226524921875 0.4609375015625 0.24527493906250003 0.4599609375 0.26432541875000004 0.4443359375 0.26670673125 0.4365234390625 0.26432541875000004 0.4267578140625 0.2536095265625 0.4140624984375
1 0.1821702234375 0.4980468734375 0.17026367343749998 0.4980468734375 0.1476412265625 0.5087890625 0.145259915625 0.5126953125 0.145259915625 0.5341796875 0.1559758109375 0.5449218734375 0.16550104999999998 0.5488281265625 0.1857421890625 0.5478515609375 0.20241135781250003 0.5361328140625 0.20479266875 0.5146484390625 0.1916954609375 0.5019531265625 0.1821702234375 0.4980468734375
1 0.3131422765625 0.4980468734375 0.30361703906250004 0.494140625 0.2893291765625 0.494140625 0.27146935 0.5029296875 0.26432541875000004 0.5126953125 0.2619441109375 0.5244140625 0.26432541875000004 0.5302734390625 0.2774226265625 0.541015625 0.286947865625 0.5449218734375 0.3048076921875 0.5439453125 0.3131422765625 0.541015625 0.3238581734375 0.5322265609375 0.326239484375 0.5126953125 0.3131422765625 0.4980468734375
1 0.145259915625 0.5986328140625 0.1274000890625 0.583984375 0.09882436875 0.5859375015625 0.090489784375 0.5908203125 0.08334585312500001 0.6005859375 0.08334585312500001 0.6181640625 0.1035869890625 0.634765625 0.1238281234375 0.6337890625 0.1297814 0.6328124984375 0.1428786078125 0.6220703125 0.1476412265625 0.6142578140625 0.145259915625 0.5986328140625
1 0.26908804218750004 0.5986328140625 0.24884690312500002 0.5820312484375 0.227415115625 0.5820312484375 0.20717397656249997 0.5986328140625 0.20717397656249997 0.6162109375 0.22027118437499998 0.6289062484375 0.232177734375 0.6328124984375 0.24289363125 0.6318359375 0.251228215625 0.630859375 0.2619441109375 0.6240234390625 0.26908804218750004 0.6142578140625 0.26908804218750004 0.5986328140625
1 0.20479266875 0.6826171859375 0.19407677343750002 0.671875 0.18455153124999998 0.6679687515625 0.1678823609375 0.6679687515625 0.1535945 0.6738281265625 0.140497296875 0.6865234390625 0.140497296875 0.6982421859375 0.1476412265625 0.7099609375 0.1583571234375 0.7167968734375 0.16550104999999998 0.71875 0.1857421890625 0.7177734390625 0.19407677343750002 0.7148437515625 0.20479266875 0.7041015609375 0.20717397656249997 0.6943359375 0.20479266875 0.6826171859375
1 0.38815354687500003 0.0966796875 0.37029371875 0.08593750156249999 0.34886193125 0.087890625 0.338146034375 0.09472656093750001 0.331002103125 0.1064453125 0.333383415625 0.1181640625 0.338146034375 0.1259765609375 0.35362455000000004 0.134765625 0.373865684375 0.1337890625 0.38220026875 0.130859375 0.390534853125 0.1220703125 0.392916165625 0.10449218593750001 0.38815354687500003 0.0966796875
1 0.3155235890625 0.166015625 0.29647310781249997 0.166015625 0.286947865625 0.1699218734375 0.27623196875 0.1787109375 0.2738506609375 0.1982421859375 0.27861328125 0.2060546875 0.294091796875 0.2148437515625 0.3167142421875 0.2138671859375 0.331002103125 0.2041015609375 0.333383415625 0.1826171859375 0.326239484375 0.1728515609375 0.3155235890625 0.166015625
1 0.2738506609375 0.2626953125 0.263134765625 0.2519531265625 0.2536095265625 0.2480468734375 0.232177734375 0.2480468734375 0.2226524921875 0.2519531265625 0.21193659999999998 0.2646484390625 0.2143179078125 0.2822265609375 0.227415115625 0.2949218734375 0.234559046875 0.296875 0.25241886875 0.2958984390625 0.258372146875 0.2949218734375 0.26908804218750004 0.2861328140625 0.2738506609375 0.2783203125 0.2738506609375 0.2626953125
1 0.37743764999999996 0.2480468734375 0.3560058578125 0.2460937515625 0.34648061874999997 0.25 0.33576472343749997 0.2587890625 0.333383415625 0.2783203125 0.338146034375 0.2861328140625 0.3512432390625 0.2949218734375 0.35838716875 0.296875 0.3714843765625 0.2958984390625 0.3798189609375 0.2929687515625 0.392916165625 0.2802734390625 0.392916165625 0.2626953125 0.37743764999999996 0.2480468734375
1 0.4548302265625 0.1845703125 0.4476863 0.1728515609375 0.4345890921875 0.1640624984375 0.4155386109375 0.1640624984375 0.40601337343750005 0.1679687515625 0.3952974765625 0.1806640625 0.3952974765625 0.1982421859375 0.40839468125 0.2109375015625 0.4179199234375 0.2148437515625 0.428635815625 0.2138671859375 0.44411433437500003 0.208984375 0.4500676078125 0.2041015609375 0.4548302265625 0.1962890625 0.4548302265625 0.1845703125
1 0.573895734375 0.1826171859375 0.5607985265625001 0.1679687515625 0.5488919765625 0.1640624984375 0.5369854265625 0.1640624984375 0.5191256 0.1748046875 0.51436298125 0.1826171859375 0.51436298125 0.1962890625 0.5167442921875 0.2021484390625 0.527460184375 0.2109375015625 0.5393667390625 0.2148437515625 0.55008263125 0.2138671859375 0.5607985265625001 0.2109375015625 0.5691331109375 0.2041015609375 0.573895734375 0.1962890625 0.573895734375 0.1826171859375
1 0.5096003609374999 0.09472656093750001 0.494121846875 0.083984375 0.47030874218749996 0.08593750156249999 0.46078350312499994 0.08984375156249999 0.4548302265625 0.0966796875 0.4548302265625 0.1181640625 0.4572115390625 0.1220703125 0.46792743437500006 0.130859375 0.48578726093749997 0.1337890625 0.5012657765624999 0.130859375 0.51436298125 0.1162109375 0.51436298125 0.1025390625 0.5096003609374999 0.09472656093750001
1 0.5941368687499999 0.08203124843750001 0.573895734375 0.09277343906249999 0.5715144234375 0.0966796875 0.5715144234375 0.1162109375 0.578658353125 0.1259765609375 0.58937425 0.1328124984375 0.611996696875 0.1318359375 0.6310471765625 0.1162109375 0.6310471765625 0.09472656093750001 0.60842473125 0.08203124843750001 0.5941368687499999 0.08203124843750001
1 0.75011268125 0.0908203125 0.739396784375 0.08203124843750001 0.729871546875 0.08007812656249999 0.708439753125 0.08203124843750001 0.695342546875 0.0966796875 0.6977238578125 0.1162109375 0.7155836843750001 0.1289062484375 0.73820613125 0.1279296875 0.74773136875 0.1220703125 0.7548752999999999 0.11035156093750001 0.7548752999999999 0.09863281406249999 0.75011268125 0.0908203125
1 0.695342546875 0.1748046875 0.6905799265625 0.1669921859375 0.6822453421875 0.162109375 0.65605093125 0.1601562484375 0.6429537265625 0.1650390625 0.635809796875 0.1806640625 0.635809796875 0.1884765609375 0.6465256921875 0.2050781265625 0.65605093125 0.208984375 0.6691481390625 0.2099609375 0.6822453421875 0.2070312484375 0.6929612390625 0.1982421859375 0.695342546875 0.1943359375 0.695342546875 0.1748046875
1 0.8167893609375 0.1708984390625 0.80607346875 0.162109375 0.7965482265625 0.1582031265625 0.7798790578125 0.1582031265625 0.76201923125 0.1689453125 0.7572566109375 0.1787109375 0.7572566109375 0.1865234390625 0.7703538156249999 0.2050781265625 0.782260365625 0.208984375 0.7953575734375 0.2080078140625 0.8036921578125 0.2050781265625 0.814408053125 0.1962890625 0.8191706734374999 0.1767578140625 0.8167893609375 0.1708984390625
1 0.51436298125 0.2666015609375 0.5096003609374999 0.2568359375 0.5012657765624999 0.25 0.491740534375 0.2460937515625 0.475071365625 0.2460937515625 0.45959285000000005 0.2548828140625 0.4548302265625 0.2607421859375 0.45244891875000004 0.2724609375 0.4572115390625 0.2841796875 0.46792743437500006 0.2929687515625 0.48578726093749997 0.2958984390625 0.49888446562500005 0.2929687515625 0.5096003609374999 0.2841796875 0.51436298125 0.2744140625 0.51436298125 0.2666015609375
1 0.6381911078125 0.2587890625 0.6250939 0.2460937515625 0.6155686609375 0.2421875015625 0.6012808 0.2421875015625 0.5834209734375 0.2529296875 0.578658353125 0.2607421859375 0.578658353125 0.2744140625 0.5810396609375 0.2802734390625 0.5917555578125 0.2890624984375 0.6036621078125 0.2929687515625 0.614378003125 0.2919921859375 0.6250939 0.2890624984375 0.635809796875 0.2802734390625 0.6381911078125 0.2763671859375 0.6381911078125 0.2587890625
1 0.7489220265625 0.244140625 0.739396784375 0.240234375 0.722727615625 0.240234375 0.7132023734375 0.244140625 0.7024864765625 0.2548828140625 0.7001051687500001 0.2607421859375 0.7024864765625 0.2744140625 0.720346303125 0.2890624984375 0.74296875 0.2880859375 0.75963791875 0.2763671859375 0.76201923125 0.2705078140625 0.75963791875 0.2529296875 0.7489220265625 0.244140625
1 0.8787034265625 0.2529296875 0.86560621875 0.2421875015625 0.8560809812500001 0.2382812484375 0.8346491890625 0.2421875015625 0.8239332921875 0.2490234390625 0.8191706734374999 0.2568359375 0.8191706734374999 0.2724609375 0.8239332921875 0.2802734390625 0.8441744312499999 0.291015625 0.852509015625 0.2900390625 0.86560621875 0.287109375 0.876322115625 0.2783203125 0.883466046875 0.2646484390625 0.8787034265625 0.2529296875
1 0.876322115625 0.09472656093750001 0.8632249109375 0.08007812656249999 0.8441744312499999 0.07617187343750001 0.8322678765625 0.078125 0.8239332921875 0.08300781406249999 0.8167893609375 0.09277343906249999 0.814408053125 0.1064453125 0.8191706734374999 0.1162109375 0.8298865687499999 0.125 0.8441744312499999 0.1289062484375 0.850127703125 0.1279296875 0.8608435999999999 0.125 0.871559496875 0.1162109375 0.876322115625 0.1064453125 0.876322115625 0.09472656093750001
1 0.331002103125 0.3447265609375 0.317904896875 0.3320312484375 0.3083796578125 0.328125 0.29885441562500004 0.328125 0.282185246875 0.333984375 0.27623196875 0.3388671859375 0.27146935 0.3466796875 0.27146935 0.3603515609375 0.2738506609375 0.3662109375 0.286947865625 0.3769531265625 0.294091796875 0.3789062484375 0.3095703109375 0.3779296875 0.3155235890625 0.3769531265625 0.3286207921875 0.3662109375 0.331002103125 0.3623046875 0.331002103125 0.3447265609375
1 0.4393517109375 0.3320312484375 0.42030123125 0.328125 0.40363206093750004 0.333984375 0.397678784375 0.3388671859375 0.390534853125 0.3544921859375 0.392916165625 0.3642578140625 0.4107759921875 0.3789062484375 0.43577974687500004 0.3779296875 0.45244891875000004 0.3642578140625 0.4548302265625 0.3583984390625 0.45244891875000004 0.3447265609375 0.4393517109375 0.3320312484375
1 0.5810396609375 0.3408203125 0.57032376875 0.3300781265625 0.55841721875 0.3261718734375 0.546510665625 0.3261718734375 0.534604115625 0.3300781265625 0.5238882234375 0.3388671859375 0.5215069109375 0.3564453125 0.52626953125 0.3662109375 0.534604115625 0.3730468734375 0.554845253125 0.3759765609375 0.5679424578125001 0.3730468734375 0.578658353125 0.3642578140625 0.5810396609375 0.3603515609375 0.5810396609375 0.3408203125
1 0.38815354687500003 0.4208984390625 0.3798189609375 0.416015625 0.36076848125 0.412109375 0.3440993078125 0.4179687515625 0.338146034375 0.4228515609375 0.333383415625 0.4306640625 0.333383415625 0.4462890625 0.338146034375 0.4541015609375 0.35362455000000004 0.462890625 0.376246996875 0.4619140625 0.38815354687500003 0.4541015609375 0.392916165625 0.4462890625 0.392916165625 0.4287109375 0.38815354687500003 0.4208984390625
1 0.5191256 0.4306640625 0.506028396875 0.416015625 0.49650315312500004 0.412109375 0.48221529687500003 0.412109375 0.46197415781249995 0.4228515609375 0.4572115390625 0.4326171859375 0.4572115390625 0.4423828140625 0.45959285000000005 0.4482421859375 0.472690053125 0.458984375 0.48459660312499997 0.462890625 0.4929311890625 0.4619140625 0.5012657765624999 0.4609375015625 0.5096003609374999 0.4560546875 0.5191256 0.4423828140625 0.5191256 0.4306640625
1 0.7024864765625 0.3388671859375 0.684626653125 0.3242187515625 0.6631948609375 0.3242187515625 0.6453350343750001 0.3369140625 0.6429537265625 0.3544921859375 0.65605093125 0.369140625 0.6655761734375 0.3730468734375 0.683435996875 0.3720703125 0.691770584375 0.369140625 0.7024864765625 0.3583984390625 0.7048677890625 0.3525390625 0.7024864765625 0.3388671859375
1 0.8239332921875 0.3408203125 0.8036921578125 0.3242187515625 0.782260365625 0.3242187515625 0.7679725078125 0.3320312484375 0.7644005421875 0.3369140625 0.76201923125 0.3447265609375 0.7644005421875 0.3583984390625 0.775116434375 0.369140625 0.7846416765625001 0.3730468734375 0.802501503125 0.3720703125 0.8108360890625 0.369140625 0.8191706734374999 0.3623046875 0.8239332921875 0.3505859375 0.8239332921875 0.3408203125
1 0.647716346875 0.4267578140625 0.63700045 0.412109375 0.6227125890625 0.40625 0.6108060390625 0.40625 0.6012808 0.4101562484375 0.5881835921875 0.4208984390625 0.5858022843749999 0.4345703125 0.5881835921875 0.4423828140625 0.6036621078125 0.4550781265625 0.6108060390625 0.4570312484375 0.623903246875 0.4560546875 0.62985651875 0.4550781265625 0.6429537265625 0.4443359375 0.647716346875 0.4345703125 0.647716346875 0.4267578140625
1 0.76201923125 0.4169921859375 0.751303334375 0.4082031265625 0.727490234375 0.40625 0.7179649921875 0.4101562484375 0.7072491000000001 0.4208984390625 0.7072491000000001 0.4404296875 0.720346303125 0.453125 0.732252853125 0.4570312484375 0.7405874390625 0.4560546875 0.75963791875 0.4482421859375 0.76678185 0.4365234390625 0.76678185 0.4267578140625 0.76201923125 0.4169921859375
1 0.883466046875 0.4150390625 0.8727501500000001 0.40625 0.86798753125 0.4042968734375 0.8441744312499999 0.4042968734375 0.826314603125 0.4189453125 0.826314603125 0.4384765609375 0.8394118078125 0.4511718734375 0.85369966875 0.4550781265625 0.8596529468749999 0.4541015609375 0.8727501500000001 0.4511718734375 0.881084734375 0.4443359375 0.888228665625 0.4248046875 0.883466046875 0.4150390625
1 0.436970403125 0.494140625 0.4274451609375 0.494140625 0.4155386109375 0.4980468734375 0.40482271562500005 0.5068359375 0.400060096875 0.5166015609375 0.4024414078125 0.5322265609375 0.42030123125 0.5449218734375 0.44292367656250003 0.5439453125 0.45959285000000005 0.5322265609375 0.46197415781249995 0.5126953125 0.448876953125 0.4980468734375 0.436970403125 0.494140625
1 0.578658353125 0.5107421859375 0.5631798390625 0.4960937515625 0.541748046875 0.494140625 0.534604115625 0.4960937515625 0.5215069109375 0.5068359375 0.5191256 0.5107421859375 0.5191256 0.5283203125 0.5322228078125 0.541015625 0.541748046875 0.5449218734375 0.554845253125 0.5439453125 0.565561146875 0.541015625 0.5762770421875001 0.5322265609375 0.578658353125 0.5283203125 0.578658353125 0.5107421859375
1 0.7072491000000001 0.5068359375 0.6893892734375 0.4921875015625 0.66795748125 0.4921875015625 0.6584322421875 0.4960937515625 0.6500976578125 0.5048828140625 0.647716346875 0.5126953125 0.6500976578125 0.5263671859375 0.6548602765625 0.5341796875 0.66795748125 0.541015625 0.68819861875 0.5400390625 0.6941518921875 0.5390624984375 0.7072491000000001 0.5263671859375 0.7096304078125 0.5185546875 0.7072491000000001 0.5068359375
1 0.8179800187499999 0.494140625 0.8084547765625001 0.490234375 0.789404296875 0.490234375 0.77392578125 0.4990234390625 0.7691631609375 0.5068359375 0.7691631609375 0.5224609375 0.77392578125 0.5302734390625 0.7870229890625 0.5390624984375 0.8096454312500001 0.5380859375 0.8179800187499999 0.5351562484375 0.826314603125 0.5263671859375 0.8286959156249999 0.5068359375 0.8179800187499999 0.494140625
1 0.38220026875 0.5859375015625 0.37029371875 0.5800781265625 0.34886193125 0.5800781265625 0.3393366890625 0.583984375 0.331002103125 0.5927734390625 0.3286207921875 0.5986328140625 0.331002103125 0.6162109375 0.3393366890625 0.625 0.34886193125 0.6289062484375 0.3714843765625 0.6279296875 0.38815354687500003 0.6142578140625 0.390534853125 0.6064453125 0.38815354687500003 0.5927734390625 0.38220026875 0.5859375015625
1 0.5012657765624999 0.5859375015625 0.491740534375 0.5820312484375 0.47030874218749996 0.583984375 0.4548302265625 0.5966796875 0.45244891875000004 0.6025390625 0.4548302265625 0.6201171859375 0.46078350312499994 0.6269531265625 0.472690053125 0.6328124984375 0.4953125 0.6318359375 0.506028396875 0.6269531265625 0.51436298125 0.6162109375 0.5119816687500001 0.5947265609375 0.5012657765624999 0.5859375015625
1 0.333383415625 0.6806640625 0.32266751875 0.6699218734375 0.31076096875000003 0.6640624984375 0.2893291765625 0.6640624984375 0.26908804218750004 0.6767578140625 0.26670673125 0.7041015609375 0.2774226265625 0.712890625 0.286947865625 0.7167968734375 0.3095703109375 0.7158203125 0.317904896875 0.712890625 0.331002103125 0.7021484390625 0.333383415625 0.6982421859375 0.333383415625 0.6806640625
1 0.4500676078125 0.6787109375 0.4393517109375 0.6699218734375 0.4345890921875 0.6679687515625 0.4107759921875 0.6679687515625 0.3988694421875 0.6738281265625 0.390534853125 0.6845703125 0.390534853125 0.7021484390625 0.4107759921875 0.71875 0.43101712656249996 0.7177734390625 0.4464956421875 0.7109375015625 0.45244891875000004 0.7041015609375 0.4548302265625 0.6865234390625 0.4500676078125 0.6787109375
1 0.5727050765625 0.6640624984375 0.5631798390625 0.6601562484375 0.546510665625 0.6601562484375 0.5369854265625 0.6640624984375 0.52626953125 0.6728515609375 0.5238882234375 0.6943359375 0.5369854265625 0.708984375 0.5512732890625001 0.712890625 0.5596078734375001 0.7119140625 0.57032376875 0.708984375 0.5834209734375 0.6982421859375 0.5858022843749999 0.6787109375 0.5727050765625 0.6640624984375
1 0.647716346875 0.5908203125 0.6429537265625 0.5830078140625 0.63223783125 0.5761718734375 0.60842473125 0.5742187515625 0.5881835921875 0.5908203125 0.5881835921875 0.6083984390625 0.6012808 0.6210937515625 0.61318735 0.625 0.623903246875 0.6240234390625 0.62985651875 0.6230468734375 0.6429537265625 0.6142578140625 0.647716346875 0.6064453125 0.647716346875 0.5908203125
1 0.145259915625 0.7724609375 0.1321627109375 0.7578124984375 0.12263746874999999 0.7539062484375 0.10596829999999999 0.7539062484375 0.0916804390625 0.759765625 0.08334585312500001 0.7685546875 0.0809645421875 0.7861328140625 0.0857271609375 0.7939453125 0.09882436875 0.8046875015625 0.1035869890625 0.806640625 0.119065503125 0.8056640625 0.13454401875 0.8007812484375 0.140497296875 0.7939453125 0.145259915625 0.7861328140625 0.145259915625 0.7724609375
1 0.26670673125 0.7705078140625 0.2536095265625 0.7578124984375 0.24408428437500002 0.7539062484375 0.2297964234375 0.7539062484375 0.21193659999999998 0.7626953125 0.20241135781250003 0.7763671859375 0.20241135781250003 0.7822265609375 0.2095552890625 0.7958984390625 0.22027118437499998 0.8046875015625 0.227415115625 0.806640625 0.24289363125 0.8056640625 0.24884690312500002 0.8046875015625 0.2619441109375 0.7958984390625 0.26670673125 0.7880859375 0.26670673125 0.7705078140625
1 0.3952974765625 0.7802734390625 0.390534853125 0.7646484390625 0.3798189609375 0.755859375 0.3679124109375 0.7519531265625 0.3560058578125 0.7519531265625 0.3440993078125 0.755859375 0.3286207921875 0.7685546875 0.326239484375 0.7763671859375 0.3286207921875 0.7900390625 0.333383415625 0.7978515609375 0.3405273421875 0.8017578140625 0.34290865312499996 0.8076171859375 0.35362455000000004 0.8105468734375 0.361959134375 0.8095703125 0.3655311 0.806640625 0.37743764999999996 0.8046875015625 0.38815354687500003 0.7958984390625 0.3952974765625 0.7802734390625
1 0.49888446562500005 0.7539062484375 0.475071365625 0.7519531265625 0.463164815625 0.7578124984375 0.4548302265625 0.7685546875 0.4548302265625 0.7861328140625 0.45959285000000005 0.7939453125 0.475071365625 0.802734375 0.4953125 0.8017578140625 0.51436298125 0.7861328140625 0.51436298125 0.7685546875 0.5096003609374999 0.7607421859375 0.49888446562500005 0.7539062484375
1 0.71201171875 0.6787109375 0.691770584375 0.662109375 0.6703387921874999 0.662109375 0.6608135500000001 0.666015625 0.6524789656250001 0.6748046875 0.6500976578125 0.6962890625 0.6631948609375 0.7109375015625 0.672720103125 0.7148437515625 0.68819861875 0.7138671859375 0.7012958234375 0.708984375 0.7096304078125 0.7001953125 0.71201171875 0.6962890625 0.71201171875 0.6787109375
1 0.77392578125 0.5908203125 0.7632098843749999 0.578125 0.739396784375 0.572265625 0.727490234375 0.5761718734375 0.7167743390625 0.5849609375 0.71201171875 0.5927734390625 0.71201171875 0.6044921859375 0.7167743390625 0.6142578140625 0.729871546875 0.6230468734375 0.7370154734375001 0.625 0.75011268125 0.6240234390625 0.7608285765625 0.6210937515625 0.7691631609375 0.6142578140625 0.77392578125 0.6044921859375 0.77392578125 0.5908203125
1 0.8906099765625 0.5927734390625 0.8858473531250001 0.5830078140625 0.87751276875 0.5761718734375 0.8560809812500001 0.5703124984375 0.8441744312499999 0.5742187515625 0.833458534375 0.5830078140625 0.8286959156249999 0.5927734390625 0.8286959156249999 0.6005859375 0.833458534375 0.6123046875 0.8417931187500001 0.619140625 0.8560809812500001 0.6230468734375 0.864415565625 0.6220703125 0.87751276875 0.619140625 0.8858473531250001 0.6123046875 0.8906099765625 0.6044921859375 0.8906099765625 0.5927734390625
1 0.8858473531250001 0.6806640625 0.8727501500000001 0.671875 0.86560621875 0.6699218734375 0.8441744312499999 0.671875 0.833458534375 0.6806640625 0.8286959156249999 0.6904296875 0.8310772234374999 0.7060546875 0.8417931187500001 0.7167968734375 0.8513183578125 0.7207031265625 0.871559496875 0.7197265609375 0.87751276875 0.71875 0.888228665625 0.7080078140625 0.8906099765625 0.6884765609375 0.8858473531250001 0.6806640625