1 0.1286137296875 0.12457989375 0.1372634140625 0.12405530312499999 0.14847204687499999 0.12170901406250001 0.159987340625 0.11351138281249999 0.165820778125 0.0962148484375 0.1615206203125 0.0842546546875 0.15092529375 0.0748982546875 0.13884606093750002 0.0703535984375 0.1265623828125 0.06970983750000001 0.11908996406250001 0.07127402968749999 0.1050157171875 0.0812933578125 0.101332359375 0.1045699859375 0.1140777578125 0.1199064859375 0.1286137296875 0.12457989375
1 0.22422195781249998 0.1335021203125 0.2328716359375 0.1329775296875 0.241521315625 0.13245293593750002 0.255391125 0.12633450468750002 0.2635790796875 0.11111717343750001 0.264192390625 0.099414484375 0.2620423125 0.093434384375 0.2442812203125 0.07979083125 0.2222728296875 0.0766816140625 0.20082837812499998 0.0863146859375 0.1925382046875 0.10348246875 0.194483846875 0.113363459375 0.20968598593749999 0.12882871093749998 0.22422195781249998 0.1335021203125
1 0.32632978281249997 0.1359196546875 0.3441402375 0.125118228125 0.3495648 0.11562349375 0.35017811249999997 0.1039208046875 0.334975978125 0.088455553125 0.3253534765625 0.0840396484375 0.305699596875 0.08300963125000001 0.2956682203125 0.0863955203125 0.28405070781249997 0.096543603125 0.282926303125 0.11799853125 0.28743089843749997 0.12605782968749998 0.3029396921875 0.13567173593749998 0.32632978281249997 0.1359196546875
1 0.43258269374999997 0.1297533015625 0.43821169375 0.1163576703125 0.43626605312500005 0.1064766734375 0.4305841984375 0.09737777812500001 0.41379593281249993 0.0886747203125 0.394142053125 0.08764470468749999 0.38411067656250003 0.09103059375 0.3698319921875 0.1049508203125 0.371164321875 0.12653450156249998 0.3913821484375 0.140306809375 0.4147722390625 0.1405547265625 0.43258269374999997 0.1297533015625
1 0.4629341125 0.13818927187500002 0.48463585625 0.147149834375 0.49082879999999995 0.146496490625 0.5019352140625 0.14610065 0.5158050234375 0.13998221875 0.523992978125 0.1247648875 0.524504071875 0.11501264375 0.5223539921875 0.10903255 0.511758671875 0.09967614687500001 0.49967942968749995 0.09513148906249999 0.482482290625 0.094230225 0.46999417499999996 0.0974873625 0.46103783906249995 0.103863296875 0.4573544796875 0.127139925 0.4629341125 0.13818927187500002
1 0.6071130890624999 0.13694425 0.6099786984375 0.1292712078125 0.6082374953125 0.115489315625 0.5905786265625 0.09989531406249999 0.5660112765624999 0.09860779374999999 0.5509642125 0.10368662656250001 0.54446460625 0.1101913171875 0.5417012156250001 0.1159139078125 0.5429313265625 0.1394480390625 0.5632513734375 0.1512698984375 0.5866414625 0.1515178203125 0.6071130890624999 0.13694425
1 0.6540483421875 0.157984171875 0.6676114937500001 0.15771708125 0.6877764671875 0.148994859375 0.6930988109375 0.1414505703125 0.6940187796874999 0.12389653281249999 0.689514184375 0.11583723593749999 0.6764621234375 0.1063520828125 0.6544537328125 0.1032428671875 0.6369499281250001 0.108192946875 0.630552546875 0.11274718749999998 0.624821328125 0.12809326875 0.6291214859375 0.1400534625 0.6419691078125 0.153439515625 0.6540483421875 0.157984171875
1 0.735222815625 0.160282540625 0.753699434375 0.1602729578125 0.7598923828124999 0.1596196125 0.771407671875 0.1514219765625 0.776730015625 0.14387768750000002 0.777649984375 0.12632365625 0.7648023609375 0.1129376046875 0.755179859375 0.10852170000000001 0.73798271875 0.1076204359375 0.7279513421875 0.11100632343750001 0.7138770953125 0.1210256515625 0.710398175 0.1404013828125 0.7231435734375 0.1557378828125 0.735222815625 0.160282540625
1 0.8162950625000001 0.16453135624999998 0.8297559968750001 0.166214715625 0.8408624109374999 0.1658188765625 0.8548344390624999 0.157749996875 0.86281795625 0.1464335625 0.8635334875 0.132780421875 0.8590288921875 0.12472112500000002 0.8459768359375 0.1152359734375 0.8239684359374999 0.11212675624999999 0.8050829421874999 0.119938134375 0.7943360359375 0.136977159375 0.79863619375 0.148937353125 0.8091293 0.1602442046875 0.8162950625000001 0.16453135624999998
1 0.9070920390625 0.17124562968749998 0.9206551875000001 0.170978540625 0.931863825 0.16863225312500002 0.9433791140625001 0.16043461875 0.9493147703125 0.1411876390625 0.9449123937499999 0.131177896875 0.9366715843750001 0.12390069374999998 0.9270490828125 0.1194847890625 0.902481734375 0.11819726875 0.8859507578124999 0.1280878484375 0.880423975 0.139533034375 0.8822673984374999 0.15136447656250002 0.8950127984374999 0.1667009734375 0.9070920390625 0.17124562968749998
1 0.188347240625 0.183450846875 0.2035987421875 0.1744711203125 0.2089210875 0.16692683125000002 0.21188891562499998 0.1573033375 0.20758875781250002 0.14534314375 0.18982766874999998 0.1316995921875 0.16280358125 0.13028331875000002 0.1513905109375 0.13653050625000002 0.14350921249999998 0.1458964875 0.1447393234375 0.1694306203125 0.1528779140625 0.17865827031249998 0.162500415625 0.183074175 0.188347240625 0.183450846875
1 0.294395715625 0.18118538906249998 0.302890325 0.1601167171875 0.282979159375 0.140493065625 0.2560572890625 0.13712634375 0.234306184375 0.15261076406250002 0.2332839984375 0.172115246875 0.248486134375 0.187580496875 0.260565375 0.192125153125 0.2692150546875 0.191600559375 0.282880421875 0.18938302499999998 0.294395715625 0.18118538906249998
1 0.3344718578125 0.1920868171875 0.3514645609375 0.196888978125 0.3601142453125 0.19636438437499998 0.37132287812500003 0.194018096875 0.382838171875 0.1858204625 0.388262734375 0.176325728125 0.388978265625 0.1626725875 0.3821191546875 0.1525340921875 0.3714216140625 0.1451281375 0.34695648437500004 0.14189016875 0.33948405625 0.1434543609375 0.3254098140625 0.1534736921875 0.32172645625 0.1767503203125 0.32612883125000003 0.1867600625 0.3344718578125 0.1920868171875
1 0.4203553578125 0.1985435859375 0.45347017031250003 0.20125696093749998 0.459663115625 0.20060361875 0.46861945625 0.19422767968750002 0.476705190625 0.1809608015625 0.47731850312499996 0.1692581109375 0.47516842343750004 0.1632780109375 0.46221858281249995 0.1518424109375 0.4501393484375 0.1472977546875 0.435398940625 0.14652524218750002 0.4138522703125 0.158108765625 0.40852992656250003 0.1656530546875 0.4077121765625 0.181256640625 0.4203553578125 0.1985435859375
1 0.5160658046875 0.2055153625 0.5369991578125 0.2056345296875 0.5431921015625 0.2049811875 0.5572663484375 0.19496185625 0.5600297390625 0.18923926562499999 0.5586974109375 0.1676555796875 0.54574756875 0.1562199796875 0.5361250671875 0.15180407499999998 0.5163689687499999 0.15272450625 0.4972790390625 0.16443677968749998 0.49451564687499994 0.170159375 0.4957457578125 0.19369350624999998 0.50152983125 0.2008419546875 0.5160658046875 0.2055153625
1 0.5816292609375 0.20015027343749997 0.5875155484375 0.20534827500000002 0.6044060421874999 0.212100884375 0.622882659375 0.21209130156249997 0.634091296875 0.2097450125 0.6431498515625 0.20141862812500003 0.6484721953125 0.1938743390625 0.6491877265625 0.180221196875 0.6470376484375 0.17424110312500002 0.6340878062499999 0.1628055 0.6244653046875001 0.15838959531250002 0.6072681640625001 0.15748833125 0.5997957359375 0.1590525234375 0.583162540625 0.1708935515625 0.5802969296875 0.17856659218749998 0.5816292609375 0.20015027343749997
1 0.678312525 0.2120625484375 0.6903917578125001 0.2166072046875 0.706411646875 0.2164688703125 0.7150613265625 0.2159442765625 0.7291355734375 0.2059249484375 0.7345601359375 0.1964302078125 0.7351734484375 0.18472751874999999 0.7200735328125 0.167311821875 0.7079942906250001 0.1627671640625 0.69325388125 0.16199465156249998 0.6743683875 0.169806028125 0.6664870890625 0.1791720171875 0.6634170421875 0.1907459546875 0.6678194203125 0.200755696875 0.678312525 0.2120625484375
1 0.794854103125 0.22110394375000003 0.803606 0.21862890156249998 0.8151212937500001 0.21043126874999998 0.8188046531250001 0.1871546421875 0.798791265625 0.1694814375 0.7766806484375001 0.16832266875 0.7575907187500001 0.1800349453125 0.752166153125 0.1895296796875 0.7517572796875001 0.197331471875 0.7584119546875 0.2113708703125 0.76429824375 0.21656886874999998 0.776377484375 0.22111352499999998 0.794854103125 0.22110394375000003
1 0.8599064703125 0.22549109375 0.8783830890625 0.22548151249999998 0.8895917265625 0.223135221875 0.901311453125 0.21103669374999998 0.9040748437499999 0.20531409687500002 0.9024358578125 0.189581759375 0.8823202531250001 0.17385900625 0.8602096359375 0.17270023750000002 0.8411197046875 0.1844125140625 0.835797359375 0.19195680312500002 0.835184046875 0.20365949218749999 0.839586425 0.21366923437500002 0.8502839671875 0.2210751890625 0.8599064703125 0.22549109375
1 0.12258282812500002 0.23965634374999997 0.1312325125 0.2391317515625 0.14244114531250002 0.2367854640625 0.1539564390625 0.2285878296875 0.15927878281250002 0.22104354062499998 0.1599943140625 0.2073904046875 0.153237421875 0.195301459375 0.14253988125 0.1878955046875 0.11561801249999999 0.184528784375 0.0964258625 0.1981915046875 0.093458034375 0.207814996875 0.0951992390625 0.22159688437499997 0.10804685781250001 0.23498293593750003 0.12258282812500002 0.23965634374999997
1 0.20600959687499998 0.2459843609375 0.21957274999999998 0.24571727499999999 0.2357970703125 0.241678040625 0.2421944578125 0.2371237984375 0.2501779734375 0.22580736406250002 0.2507912859375 0.21410467500000002 0.24864120625 0.20812458125000002 0.2356913703125 0.196688978125 0.22606886875 0.1922730734375 0.2064149890625 0.1912430578125 0.18486831875 0.2028265765625 0.1791371 0.21817265937500002 0.18922133125 0.23728130468750003 0.20600959687499998 0.2459843609375
1 0.317842146875 0.25086735625 0.3356526015625 0.24006592968749998 0.3409749453125 0.232521640625 0.3416904765625 0.2188685 0.33718588125000004 0.210809203125 0.3217793046875 0.19924485 0.312054584375 0.19677939375 0.28984175625 0.1975710734375 0.27290190000000003 0.21526344375 0.27218636875 0.228916584375 0.28482955 0.24620352968749998 0.2944520515625 0.250619434375 0.317842146875 0.25086735625
1 0.3625744671875 0.24343264687500002 0.36846075625 0.24863065 0.380437778125 0.2551257546875 0.39389870781249997 0.2568091140625 0.41257976406249997 0.25289863437500004 0.4240950578125 0.244701003125 0.42941740156249997 0.2371567140625 0.4301329328125 0.22350357187499997 0.42562833749999995 0.215444275 0.4125762828125 0.2059591234375 0.400497040625 0.201414465625 0.3906701015625 0.2008994578125 0.370607346875 0.2076712359375 0.36410774687499997 0.2141759265625 0.36052660625 0.23550210312500003 0.3625744671875 0.24343264687500002
1 0.46161224375 0.2574241234375 0.473691484375 0.2619687796875 0.487254634375 0.261701690625 0.49846327187500006 0.259355403125 0.5099785609375 0.25115776875 0.5159142171875 0.23191078906249998 0.511511840625 0.221901046875 0.5032710328125 0.21462384375000002 0.488837278125 0.20799998749999998 0.4765536078125 0.20735622812500001 0.46150654375 0.2124350609375 0.45255020312500005 0.21881099843750001 0.446818984375 0.23415708125 0.4510169234375 0.2480677203125 0.46161224375 0.2574241234375
1 0.5732403546875 0.2662080109375 0.5844489875 0.263861725 0.598625453125 0.25189194531250003 0.6021043749999999 0.23251621406249998 0.5869022359375 0.21705096406250002 0.577279734375 0.212635059375 0.56008259375 0.211733796875 0.5500512171875 0.215119684375 0.5357725328125 0.22903990937500002 0.534750346875 0.2485443921875 0.5475979703125 0.26193044374999996 0.5596772031249999 0.26647509999999996 0.5732403546875 0.2662080109375
1 0.6844067375 0.2602991625 0.688090096875 0.237022534375 0.670431221875 0.2214285328125 0.6459660921875 0.218190565625 0.635934715625 0.22157645312500002 0.6217582546875 0.2335462296875 0.6208382875 0.2511002671875 0.622988365625 0.2570803625 0.6335836859375 0.2664367640625 0.6432061874999999 0.27085266875 0.6641395484375 0.2709718359375 0.6844067375 0.2602991625
1 0.7242784453125 0.2751014859375 0.7475663140625 0.27729985625000003 0.7537592625 0.2766465109375 0.770494678125 0.2628550375 0.7733602875 0.255181996875 0.7716190828125 0.24140010312500002 0.76112598125 0.2300932546875 0.7515034796875 0.22567735 0.73932201875 0.2230831421875 0.7269361296875 0.2243898296875 0.7052872406249999 0.2379237984375 0.7064151328125 0.26340838125 0.709844690625 0.2684776296875 0.7242784453125 0.2751014859375
1 0.8310953 0.281677425 0.8398471984375 0.2792023828125 0.8539214453125 0.2691830515625 0.8575025859375 0.247856875 0.852997990625 0.239797578125 0.8374891953124999 0.23018367031250003 0.812921846875 0.22889615000000002 0.79639086875 0.23878672656250002 0.79096630625 0.2482814671875 0.7904552140625001 0.25803370625 0.7948575890625 0.2680434546875 0.8102641609375001 0.27960780625 0.8310953 0.281677425
1 0.93095083125 0.2800653109375 0.9400093859374999 0.2717389265625 0.9434883062500001 0.2523631953125 0.9366291953125 0.24222469531250002 0.9259316515625 0.23481874375 0.8965530515625 0.23132327031250002 0.8798176375000001 0.24511474687499998 0.876338715625 0.26449047812500004 0.887906859375 0.27878737343750004 0.8962498875 0.28411412812500003 0.9196399749999999 0.2843620453125 0.93095083125 0.2800653109375
1 0.146642575 0.2976356171875 0.17238718125000002 0.2999627359375 0.1835958140625 0.29761645 0.19511110625 0.289418815625 0.20114898281250002 0.268221390625 0.1989989015625 0.262241290625 0.1836945484375 0.24872649062500002 0.15431594843750002 0.2452310171875 0.1377849671875 0.25512159375 0.13246262343749998 0.26266588281250003 0.1295970140625 0.2703389234375 0.13154265468749998 0.2802199203125 0.133692734375 0.2862000140625 0.146642575 0.2976356171875
1 0.22684422187500003 0.2949934875 0.2375417640625 0.3023994421875 0.263286371875 0.3047265609375 0.274495009375 0.30238027500000003 0.28345134375000003 0.2960043390625 0.2887736890625 0.28846004999999997 0.2919459546875 0.2749356609375 0.289795875 0.2689555671875 0.27449151875 0.25544076250000003 0.26486901406249996 0.2510248578125 0.24767187499999999 0.25012359375000004 0.22612520468750003 0.2617071171875 0.22080286093749998 0.26925140625 0.22008732968750003 0.2829045421875 0.22684422187500003 0.2949934875
1 0.3235274875 0.30690576406250003 0.3356067203125 0.31145042031250003 0.35408334375 0.3114408375 0.3652919765625 0.30909454687500004 0.3742483171875 0.302718609375 0.37957066093749997 0.2951743203125 0.38038841093750003 0.2795707328125 0.37823833125 0.2735906390625 0.36764300625 0.2642342359375 0.3556659921875 0.25773913125000003 0.3433823125 0.257095371875 0.31948113125 0.26659969375000003 0.3111909578125 0.2837674703125 0.3152866796875 0.2996285609375 0.3235274875 0.30690576406250003
1 0.4094109859375 0.3133625328125 0.4263014796875 0.32011514218750003 0.43986462812499993 0.3198480546875 0.451073265625 0.317501765625 0.4651475078125 0.307482434375 0.4710831640625 0.2882354546875 0.46657856875 0.2801761578125 0.44881747968749997 0.2665326046875 0.42680908124999994 0.2634233875 0.41176201562500003 0.2685022203125 0.40280568125 0.274878159375 0.3971766796875 0.288273790625 0.3990201015625 0.3001052328125 0.4011701828125 0.3060853328125 0.4094109859375 0.3133625328125
1 0.52595256875 0.3224039234375 0.5421768890625 0.31836469218749996 0.548574275 0.3138104546875 0.5539988390625 0.3043157140625 0.55471436875 0.29066257812499996 0.552564290625 0.284682478125 0.5372599375 0.271167678125 0.5103380671875 0.26780095625 0.488689184375 0.281334925 0.48521026093749997 0.30071065625000004 0.4954989296875 0.3159184046875 0.5123894140624999 0.3226710140625 0.52595256875 0.3224039234375
1 0.628060396875 0.3248214625 0.6396779031250001 0.3146733828125 0.6431568249999999 0.2952976515625 0.6386522296875 0.287238353125 0.6232456546875 0.27567399843749996 0.6012372625 0.27256478125 0.591205884375 0.2759506703125 0.574368246875 0.29169259375 0.575598359375 0.3152267265625 0.59110715 0.3248406296875 0.6143950234375 0.327038996875 0.628060396875 0.3248214625
1 0.705294215625 0.331802821875 0.723002453125 0.322951846875 0.728427015625 0.31345710625 0.729142546875 0.29980397187499996 0.7163971421875 0.284467471875 0.7067746406250001 0.2800515671875 0.68466403125 0.2788927984375 0.674632653125 0.28227868749999996 0.66035396875 0.296198915625 0.66178851875 0.31583215 0.677092875 0.3293469515625 0.68436085625 0.3316836546875 0.705294215625 0.331802821875
1 0.808988175 0.32745816875 0.8147193937500001 0.3121120859375 0.8127737515625 0.3022310890625 0.8082691562500001 0.2941717921875 0.7975716171875 0.286765840625 0.770649746875 0.28339911875 0.7580594203125 0.2886067046875 0.7488986453125 0.2988835359375 0.7500265374999999 0.3243681203125 0.76788984375 0.3360612234375 0.7937366703125 0.33643789375 0.808988175 0.32745816875
1 0.8313032249999999 0.3247160390625 0.8465053609375 0.3401812890625 0.8585846015625 0.3447259453125 0.8696910156250001 0.344330103125 0.8808996484374999 0.3419838171875 0.8949738953124999 0.3319644890625 0.900398459375 0.3224697484375 0.9008073328125 0.31466795468750003 0.89660939375 0.30075731562499997 0.89072310625 0.2955593140625 0.8737303937500001 0.290757153125 0.8565332546875 0.2898558890625 0.8490608265624999 0.29142008124999996 0.8349865843750001 0.3014394125 0.8295620203125 0.310934146875 0.8313032249999999 0.3247160390625
1 0.8900145484375 0.403091475 0.9183181078124999 0.4035969 0.9284517031249999 0.398260559375 0.936333 0.388894578125 0.939096390625 0.38317198124999996 0.9373551875 0.3693900953125 0.9245075640625 0.35600404218750004 0.9148850625 0.3515881375 0.8952311828124999 0.350558121875 0.8851998062499999 0.3539440109375 0.8709211265624999 0.3678642359375 0.8680555171875 0.3755372765625 0.87225345625 0.389447921875 0.8900145484375 0.403091475
1 0.8323323859375 0.3990905796875 0.8502450609375 0.3863387015625 0.8531106703125 0.3786656609375 0.8513694656249999 0.3648837734375 0.8385218468750001 0.351497721875 0.8288993453125 0.3470818171875 0.811702196875 0.346180553125 0.8016708203125 0.3495664421875 0.787392140625 0.3634866671875 0.786676609375 0.3771398078125 0.7909767671875 0.3891000015625 0.8064855625 0.39871390624999997 0.8323323859375 0.3990905796875
1 0.7254133078125 0.3944650890625 0.74143319375 0.3943267546875 0.75520078125 0.39015876875 0.7642593390625 0.38183238125 0.7677382609375 0.36245665 0.752638340625 0.345040953125 0.7430158390625 0.3406250484375 0.723361959375 0.33959503281250003 0.704272028125 0.35130730468750004 0.698847465625 0.3608020453125 0.698131934375 0.37445517968750003 0.7002820140625 0.3804352796875 0.7133340734375 0.3899204328125 0.7254133078125 0.3944650890625
1 0.7736315281249999 0.4615336765625 0.7944626625 0.46360329375 0.8056712953125 0.46125700312499995 0.8171865890625 0.45305937187499995 0.8226111515625 0.44356463125 0.820972165625 0.42783229218749996 0.8081245421875 0.41444624374999994 0.7862183703125 0.4093865796875 0.7738324734375001 0.4106932671875 0.757199278125 0.4225342953125 0.7544358875 0.428256884375 0.755870434375 0.4478901203125 0.764009025 0.45711777187499997 0.7736315281249999 0.4615336765625
1 0.6249938359375 0.3833349109375 0.63707306875 0.3878795671875 0.662919896875 0.3882562390625 0.6730534921875 0.3829199046875 0.6809347906250001 0.373553915625 0.6843114921875 0.3561286359375 0.6798068984375 0.3480693390625 0.664400321875 0.336504984375 0.6546756015625 0.33403952812500004 0.634919503125 0.334959959375 0.6209474796875 0.3430288390625 0.615625134375 0.350573128125 0.612759525 0.3582461703125 0.6143985109375001 0.3739785078125 0.6249938359375 0.3833349109375
1 0.7117514265625 0.4436221390625 0.7196327234375001 0.43425615000000006 0.7205526921875001 0.41670211874999996 0.716048096875 0.4086428203125 0.705350553125 0.40123686562499994 0.675971953125 0.39774139375 0.656984240625 0.4075032171875 0.6531986625 0.432730296875 0.6682985796875001 0.45014599375 0.6731098296875 0.452353946875 0.6964999234375 0.45260186406249997 0.7117514265625 0.4436221390625
1 0.57202070625 0.3834924140625 0.5807726078125001 0.381017375 0.5924923343749999 0.36891884375 0.595255725 0.36319625312500003 0.5938211765625 0.34356301875 0.5784146046875 0.3319986640625 0.551492734375 0.3286319421875 0.5337845031249999 0.3374829203125 0.527284896875 0.3439876109375 0.5241126328125 0.35751199375 0.5283105703125 0.3714226390625 0.5461738828125 0.38311574375 0.57202070625 0.3834924140625
1 0.636308175 0.425977684375 0.6348736265625 0.40634445 0.6145535843750001 0.39452259375 0.5899862359375 0.39323507343749997 0.5799548578125 0.3966209609375 0.5708963015624999 0.4049473484375 0.567110721875 0.430174421875 0.5871241140625 0.4478476265625 0.6105142015625 0.44809554374999994 0.633544784375 0.43170028125000004 0.636308175 0.425977684375
1 0.4860349859375 0.37898609375 0.49478688281250005 0.3765110546875 0.50640439375 0.36636297500000004 0.510087753125 0.343086346875 0.49713791250000006 0.33165074375 0.4827041578125 0.3250268859375 0.45803459062499996 0.3256898140625 0.4414013953125 0.3375308390625 0.4385357859375 0.3452038796875 0.4401747703125 0.36093621875 0.44938839843749995 0.373153915625 0.46018815625 0.378609421875 0.4860349859375 0.37898609375
1 0.3717457 0.37397435 0.3925768390625 0.3760439671875 0.40624220624999996 0.3738264296875 0.41785971875000005 0.363678346875 0.42338650156249996 0.3522331609375 0.421543078125 0.34040171875 0.40152969218749995 0.3227285171875 0.39180497187499996 0.3202630609375 0.3745056046875 0.3213122453125 0.35541567343749997 0.33302451718750004 0.3524478453125 0.34264801093749997 0.3539846125 0.36033079375 0.3597686875 0.3674792453125 0.3717457 0.37397435
1 0.3922736703125 0.42883482031250003 0.41013698125 0.440527928125 0.43598380625 0.4409046015625 0.4447357078125 0.4384295609375 0.45389648125 0.428152725 0.45952548125000003 0.41475709375 0.46044545000000003 0.39720305625 0.45220464531250004 0.38992585625 0.43040068125 0.38291574375000004 0.403172165625 0.38540036718750004 0.391656871875 0.393598 0.386130090625 0.4050431859375 0.38848460625 0.40712238906250003 0.387769075 0.4207755234375 0.3922736703125 0.42883482031250003
1 0.4812272203125 0.4237176546875 0.4833773 0.42969775 0.49632713749999996 0.441133353125 0.5108631078125 0.4458067609375 0.5195127921875 0.4452821703125 0.5307214250000001 0.44293588125000005 0.544795671875 0.43291655 0.550220234375 0.423421815625 0.5508335468750001 0.411719125 0.5464311703125 0.4017093765625 0.5381903609375 0.39443217656249996 0.523756609375 0.3878083203125 0.51392966875 0.3872933125 0.496425871875 0.39224339218750004 0.4874695328125 0.398619328125 0.4819427515625 0.4100645140625 0.4812272203125 0.4237176546875
1 0.3246060125 0.356835325 0.3285960265625 0.3277073484375 0.318102925 0.3164005015625 0.306023684375 0.31185584375 0.2788973859375 0.31239002031249996 0.26492535781250004 0.3204589 0.25960301406249997 0.32800318906250003 0.2585808265625 0.347507671875 0.2737829609375 0.3629729234375 0.2834054625 0.367388828125 0.30433882031250004 0.3675079984375 0.3246060125 0.356835325
1 0.344214009375 0.42924983125000005 0.35828825625 0.4192305 0.36371281875 0.40973576562499997 0.36453056875 0.394132178125 0.351785165625 0.37879567812500003 0.31503636562500004 0.37491395 0.2984031640625 0.38675497812500004 0.2955375546875 0.39442801875 0.297074321875 0.41211080312500004 0.314733190625 0.42770480624999996 0.3380210671875 0.4299031734375 0.344214009375 0.42924983125000005
1 0.1926084953125 0.36067455625 0.20852616093749998 0.3624866703125 0.21717584374999999 0.3619620765625 0.23104565 0.3558436453125 0.239029165625 0.3445272109375 0.239846915625 0.328923625 0.2354445390625 0.318913875 0.2248492171875 0.3095574765625 0.19792734843749998 0.3061907546875 0.1763806828125 0.31777427812500003 0.17095612031250002 0.3272690125 0.1704450265625 0.3370212578125 0.1806314734375 0.35417945 0.1926084953125 0.36067455625
1 0.19993281875 0.4324453046875 0.2061257640625 0.43179195937500003 0.22009779062499998 0.4237230765625 0.22562457343750003 0.412277890625 0.22408780625000002 0.39459510625 0.21594922031250002 0.38536745625 0.201617684375 0.37679315 0.1770503359375 0.3755056296875 0.1602126984375 0.3912475546875 0.1567337765625 0.41062328593749997 0.1718336921875 0.4280389828125 0.1839129359375 0.43258363906249997 0.19993281875 0.4324453046875
1 0.08886168125 0.3425246796875 0.0994570078125 0.35188108281249997 0.11153623906250001 0.35642573906249997 0.12264265781250001 0.35602989687500003 0.1338512953125 0.3536836109375 0.14782331875000002 0.345614728125 0.151302240625 0.326238996875 0.1470020828125 0.314278803125 0.1364067625 0.304922403125 0.12432752031250001 0.300377746875 0.1145005796875 0.2998627375 0.1020124734375 0.30311987500000004 0.0904971796875 0.31131750625 0.0850726171875 0.320812246875 0.0845615234375 0.3305644859375 0.08886168125 0.3425246796875