1 0.055786971875 0.2130394296875 0.063324403125 0.213434059375 0.0809497453125 0.20868929687499999 0.09063158593750001 0.2016394609375 0.0967180703125 0.1893635640625 0.0974708796875 0.1812165140625 0.0930633734375 0.1721695609375 0.0839016328125 0.16413315781249999 0.074566528125 0.161125496875 0.0484182265625 0.1666834890625 0.0371714265625 0.1780594859375 0.03444758125 0.1886222515625 0.0368840453125 0.20008491718750002 0.0432625890625 0.206716153125 0.055786971875 0.2130394296875
1 0.15030159999999998 0.27781198281249997 0.158418475 0.27508830781250004 0.16925919843749998 0.26180186562499996 0.170824159375 0.2574757078125 0.16716946093750001 0.24028170468750001 0.148672615625 0.2292376390625 0.12490143437500001 0.234290359375 0.11168359218749999 0.2480820703125 0.10855366875000001 0.2567343921875 0.11377332656250001 0.2696022359375 0.132270175 0.2806463 0.139807609375 0.28104092812500003 0.15030159999999998 0.27781198281249997
1 0.23778954375 0.24523853125 0.2562863890625 0.2562825984375 0.2638238234375 0.2566772265625 0.2790720515625 0.252437734375 0.286782846875 0.2478036171875 0.293681490625 0.23934861093749998 0.29640533593749996 0.22878584375000002 0.2943749484375 0.2192336203125 0.2907796015625 0.21400755781249997 0.2778491421875 0.2057738375 0.2675285140625 0.2039740375 0.25326580781249997 0.20700566875 0.244569490625 0.21284764531249997 0.23569980625000003 0.223718371875 0.23413484687500002 0.22804453281249998 0.23778954375 0.24523853125
1 0.2191693234375 0.169326021875 0.2203282109375 0.1630894171875 0.2151085484375 0.150221578125 0.19939489531250001 0.14058268437500002 0.1894803453125 0.140693328125 0.1684923609375 0.14715122187500002 0.15805771562499998 0.16234810625 0.1649016875 0.182857725 0.17504894843750002 0.189686275 0.185369575 0.19148607499999998 0.2053720421875 0.18623604062500002 0.2191693234375 0.169326021875
1 0.3293882515625 0.16187233750000002 0.34359161562499996 0.1468727671875 0.3447504984375 0.14063616406249999 0.3391247625 0.125857878125 0.332746215625 0.1192266453125 0.3206279140625 0.11481381093750001 0.292508575 0.1227875203125 0.28288608593750003 0.1418052953125 0.2853225515625 0.1532679640625 0.2917010953125 0.1598991984375 0.3042254765625 0.166222471875 0.3117629078125 0.1666171015625 0.3293882515625 0.16187233750000002
1 0.4262706484375 0.1442744859375 0.438968396875 0.14556901718749998 0.44708526718749997 0.14284534375 0.46447790156249996 0.131161390625 0.46917279375 0.11818290468749999 0.4671424046875 0.1086306796875 0.46035778125000004 0.1000890046875 0.4478334015625 0.0937657265625 0.44267308437499997 0.092865825 0.423656140625 0.0969080015625 0.41693086562500004 0.10033426406249998 0.41003222343749995 0.10878927187500001 0.4069022984375 0.11744159375 0.41015091875 0.13272515000000001 0.4262706484375 0.1442744859375
1 0.3882461140625 0.23422397031250003 0.3963629859375 0.231500296875 0.406450903125 0.2263609046875 0.41688554843750003 0.21116402031249998 0.413636928125 0.19588046406249998 0.406852303125 0.187338784375 0.3971111203125 0.1824206796875 0.3753109796875 0.185057684375 0.36423754375 0.191404934375 0.35733890156250003 0.1998599421875 0.355773940625 0.2041861015625 0.359834715625 0.22329054843749999 0.37554836875 0.23292944218749997 0.3882461140625 0.23422397031250003
1 0.5059431265625001 0.2151969765625 0.5283227125 0.20944166718749999 0.5385839906250001 0.1992735296875 0.5417139171875001 0.1906212078125 0.5352760234375 0.1720220359375 0.5251287609374999 0.1651934859375 0.5148081328125 0.1633936859375 0.49579118749999995 0.1674358625 0.48257335156250003 0.1812275734375 0.4798495015625 0.1917903421875 0.48187988906249996 0.2013425625 0.48825843593749996 0.2079737953125 0.500782815625 0.21429707343749999 0.5059431265625001 0.2151969765625
1 0.5435615874999999 0.123337046875 0.5596219687499999 0.122918446875 0.5764351609375 0.1143527953125 0.5844926890625 0.0996611796875 0.58124406875 0.08437762343750001 0.574865521875 0.0777463890625 0.55758690625 0.072433659375 0.5409470796875 0.0759705625 0.5322507640625 0.0818125421875 0.5253521203125 0.0902675484375 0.5226282734375001 0.10083031406250001 0.524252584375 0.10847209218750001 0.53103720625 0.1170137734375 0.5435615874999999 0.123337046875
1 0.67627411875 0.09313136875 0.686768109375 0.0899024234375 0.6968560234375001 0.0847630328125 0.703754665625 0.07630802343750001 0.7068252453125 0.0556877640625 0.6972574265625 0.045740910937500004 0.685139125 0.041328078125 0.6633389843749999 0.0439650828125 0.6546426671875001 0.049807060937499995 0.646179059375 0.062588228125 0.6470505656250001 0.07837705625 0.6506459125 0.08360312187499999 0.6659534921875 0.09133156875000001 0.67627411875 0.09313136875
1 0.6588314875 0.1747125140625 0.6653240546875 0.1643470625 0.663234315625 0.1428269 0.6451435484375 0.133693278125 0.6376061140625 0.1332986515625 0.61661813125 0.13975654375 0.60577740625 0.153042984375 0.6070549890625 0.17074225781250002 0.62317471875 0.18229159374999998 0.6334953453125001 0.18409139531250002 0.651120690625 0.1793466359375 0.6588314875 0.1747125140625
1 0.73031839375 0.1545256078125 0.7475970109375 0.1598383390625 0.758497078125 0.15851983593750002 0.7733392296875 0.15236990156250002 0.7822089109375 0.14149917812499999 0.7869038015625 0.1285206921875 0.7824962953125 0.11947374531249999 0.78365518125 0.1132371359375 0.7775093484375 0.11354509531250001 0.766376565625 0.1079244046875 0.7489245859375 0.10764041875000001 0.730719796875 0.1155034859375 0.7206912265625001 0.1326108171875 0.723939846875 0.1478943734375 0.73031839375 0.1545256078125
1 0.8080011265625 0.06413355 0.817682965625 0.0570837140625 0.8261465687499999 0.044302545312500004 0.8228979484375 0.0290189890625 0.8165194015624999 0.0223877546875 0.7964575921875 0.01566985 0.7754696062499999 0.022127740625 0.7661938484374999 0.031088021875 0.7630639203125 0.039740345312499994 0.7667186187499999 0.0569343453125 0.7772719593749999 0.0656733390625 0.7927528984375 0.068373040625 0.8080011265625 0.06413355
1 0.4552208453125 0.303851928125 0.46612091875 0.30253342656250004 0.4805569921875 0.294473046875 0.48745563125 0.286018040625 0.49017948125000005 0.27545527187499996 0.488555171875 0.26781349374999996 0.48177054531249996 0.259271815625 0.46924616874999997 0.25294853906250003 0.44941706718749996 0.25316982656250003 0.4314449890625 0.26797208281249996 0.42831506406250003 0.2766244046875 0.43156368437500003 0.29190796093750004 0.44211702500000005 0.300646953125 0.4552208453125 0.303851928125
1 0.6063708796875 0.2727223765625 0.6140816765625 0.2680882578125 0.6245163218750001 0.252891371875 0.62004946875 0.2318764828125 0.6023647750000001 0.22465330625000002 0.5829417546875 0.2267850375 0.5742454375 0.23262701562500002 0.565375753125 0.2434977390625 0.5638107921875 0.2478238984375 0.567465490625 0.26501790000000003 0.5831791421875 0.27465679375 0.5934997703125 0.276456596875 0.6063708796875 0.2727223765625
1 0.715138865625 0.252598165625 0.7208786218750001 0.2503797640625 0.7333436546875001 0.24473510156249997 0.740242296875 0.23628009218749998 0.743372221875 0.22762777031249998 0.7401236015625 0.21234421406249998 0.721626753125 0.20130015 0.6998266156249999 0.2039371515625 0.6891592578125 0.2121948453125 0.682666690625 0.222560296875 0.683538190625 0.2383491265625 0.68713354375 0.24357519062500002 0.7024411171875 0.2513036375 0.715138865625 0.252598165625
1 0.8629809328125001 0.19421711875 0.85300703125 0.18235982343749998 0.8376994578125 0.174631375 0.8158993171875 0.17726837812500001 0.79833331875 0.1939810796875 0.7968277015624999 0.21027518125000003 0.8068016 0.2221324765625 0.8217030984375 0.22795048125 0.8440826796875 0.2221951734375 0.8626341999999999 0.20427461406249997 0.8629809328125001 0.19421711875
1 0.3355527921875 0.325294640625 0.350801021875 0.32105514999999996 0.358511815625 0.31642103125 0.3669754234375 0.3036398640625 0.3681343078125 0.2974032546875 0.36250856875 0.2826249703125 0.3444177984375 0.27349135 0.3345032484375 0.2736019953125 0.3206466171875 0.2785440703125 0.30742877968750004 0.2923357859375 0.3066759703125 0.30048283593749997 0.312301709375 0.31526112031250003 0.3280153609375 0.3249000109375 0.3355527921875 0.325294640625
1 0.22875584531249998 0.343003134375 0.2344956015625 0.3407847328125 0.2433652859375 0.32991400937500004 0.2464952109375 0.3212616875 0.24365266718749998 0.3078885734375 0.2275329375 0.2963392359375 0.2053267203125 0.2970657953125 0.19425328749999998 0.30341304375 0.1838186390625 0.3186099328125 0.187067259375 0.3338934890625 0.20318699218749997 0.3454428234375 0.21588473437500003 0.346737353125 0.22875584531249998 0.343003134375
1 0.0658342421875 0.3596623625 0.081953971875 0.3712116984375 0.09465171875 0.3725062265625 0.107522828125 0.36877200625 0.113262584375 0.36655360625 0.1225383453125 0.3575933234375 0.1260743484375 0.3508514484375 0.1260150015625 0.3388835109375 0.1188243 0.3284313859375 0.10629992031249999 0.322108109375 0.093602175 0.32081358125000004 0.084093703125 0.32283466875 0.073020265625 0.32918191874999997 0.0641505859375 0.3400526421875 0.062585621875 0.34437880625 0.0658342421875 0.3596623625
1 0.171134925 0.44011309687500005 0.18400603437500002 0.43637887812500004 0.19171683281250002 0.431744759375 0.2005865125 0.42087403281249997 0.20215147656250002 0.4165478734375 0.19849677968749999 0.399353871875 0.17762281093750001 0.388815078125 0.16770826249999998 0.388925721875 0.1538516328125 0.393867796875 0.13866275156250002 0.4100752265625 0.137503865625 0.4163118359375 0.1427235265625 0.42917967343749996 0.15843717968749998 0.4388185671875 0.171134925 0.44011309687500005
1 0.31863025624999997 0.39178954374999997 0.31497555781250003 0.37459554375000004 0.2941015953125 0.3640567484375 0.2703304125 0.36910946875 0.2575186484375 0.3848116265625 0.25879623125 0.40251089999999995 0.2749159609375 0.41406023750000004 0.2852365890625 0.41586003906249996 0.3028619328125 0.4111152765625 0.3125437734375 0.404065440625 0.31863025624999997 0.39178954374999997
1 0.434995021875 0.3840279015625 0.439516546875 0.3760781671875 0.4426464734375 0.36742584375 0.43702073593749996 0.352647559375 0.4165528453125 0.34401920937499997 0.3951587828125 0.3485666578125 0.38037597968750003 0.3666845296875 0.38403067812499997 0.3838785328125 0.39974433125000003 0.3935174265625 0.4124420765625 0.39481195625 0.4229360671875 0.391583009375 0.434995021875 0.3840279015625
1 0.512869825 0.45233735781249995 0.520580625 0.4477032375 0.5290442265624999 0.43492206875 0.5249834515625 0.41581762187500004 0.5041094890625 0.40527882968749995 0.4850925453125 0.40932100625 0.47639622656249997 0.4151629828125 0.46833869687499996 0.429854596875 0.46758588906250004 0.438001646875 0.47199339531250006 0.4470485984375 0.4849238546875 0.45528231874999997 0.49524448281250005 0.4570821203125 0.512869825 0.45233735781249995
1 0.5404003703125 0.3656168203125 0.5556485984374999 0.361377328125 0.5633593968749999 0.3567432109375 0.572229078125 0.3458724875 0.5705454203125 0.32626276718749997 0.5572088843749999 0.31611860625 0.5468882578125001 0.314318803125 0.5278713125000001 0.3183609796875 0.5142473984375 0.33024224687500003 0.5111174703125 0.33889456875 0.5139600140625 0.3522676828125 0.5175553640625 0.35749374375 0.53007974375 0.3638170203125 0.5404003703125 0.3656168203125
1 0.6876083203125 0.33931870468750003 0.69984064375 0.326734846875 0.705288340625 0.3056093125 0.7016929875 0.300383253125 0.6919518015625 0.295465146875 0.6740937437500001 0.29327071875 0.6598310374999999 0.2963023515625 0.6511347203125 0.302144328125 0.6422650375 0.313015053125 0.6407000734375 0.317341215625 0.64394869375 0.332624771875 0.6676058578124999 0.3445687375 0.6876083203125 0.33931870468750003
1 0.781707521875 0.3203156796875 0.789244953125 0.3207103078125 0.8068702999999999 0.31596554375 0.8175376546875001 0.30770785156249997 0.8261746249999999 0.2898979359375 0.824550315625 0.2822561578125 0.8181717718750001 0.2756249234375 0.802864196875 0.2678964734375 0.7925435703125 0.266096675 0.7854122140625 0.26761249062500003 0.768019578125 0.2792964421875 0.7630919796875 0.2853357328125 0.759962053125 0.29398805625 0.7632106734375 0.3092716125 0.781707521875 0.3203156796875
1 0.6220438890625 0.43412359062499994 0.6301607640625 0.43139991875000006 0.6359005203125 0.42918151406250005 0.6471473203125 0.41780551718750003 0.6502772484375 0.4091531953125 0.64743470625 0.395780084375 0.6378668843749999 0.3858332328125 0.6285317796875 0.3828255734375 0.6067316390624999 0.385462578125 0.6000063625000001 0.38888883750000003 0.589165640625 0.4021752765625 0.5904432203125001 0.41987455156250003 0.6014026343750001 0.4305239890625 0.6220438890625 0.43412359062499994
1 0.76449760625 0.40883601562500005 0.7727878453125 0.40108359687500006 0.7778888109375 0.39001555625 0.774640190625 0.374732 0.771450915625 0.37141638125 0.7585204609375 0.3631826625 0.7434455984375 0.36239340468750003 0.7208926484375 0.373177459375 0.7128351234375 0.387869071875 0.71608374375 0.40315262812499997 0.7224622875 0.4097838625 0.739740903125 0.4150965953125 0.76449760625 0.40883601562500005
1 0.8393471484375 0.3869359796875 0.8542486453125001 0.3927539828125 0.8722800703125 0.3899196625 0.8803969437499999 0.387195990625 0.8912376656250001 0.3739095484375 0.8943675921875001 0.3652572265625 0.89152505 0.351884115625 0.8758113984375001 0.342245221875 0.8631136515625 0.34095069218749996 0.8512280609375 0.343477053125 0.8401546281250001 0.3498243015625 0.8312849453125001 0.3606950265625 0.82971998125 0.36502118906250003 0.8329686015625001 0.3803047453125 0.8393471484375 0.3869359796875
1 0.5673795296875 0.527609978125 0.5850048734375 0.5228652140625 0.5927156703125 0.518231096875 0.5996143140625 0.5097760890624999 0.6023381609375 0.499213321875 0.6003077734375 0.4896610984375 0.593929228125 0.48302986406250004 0.581404846875 0.4767065890625 0.554850471875 0.4803541359375 0.5416326296875 0.49414585000000005 0.53850270625 0.5027981718750001 0.544128440625 0.51757645625 0.5598420984375 0.5272153484375 0.5673795296875 0.527609978125
1 0.7066439703125 0.49900678593750003 0.714354765625 0.4943726671875 0.72084733125 0.48400721718749995 0.7195697531249999 0.46630794218749994 0.7131912046875 0.4596767078125 0.69828970625 0.45385870156249997 0.6907522765625 0.453464075 0.672141409375 0.45941669375 0.6597357234375 0.47702929843749997 0.658982915625 0.48517634843749996 0.663390421875 0.4942232984375 0.6842643890625 0.504762090625 0.7066439703125 0.49900678593750003
1 0.3526174015625 0.4873984421875 0.3676922625 0.48818769843750004 0.3734320203125 0.485969296875 0.383519934375 0.48082990625 0.3923896171875 0.46995917968749995 0.3951134640625 0.4593964125 0.393489153125 0.451754634375 0.3867045328125 0.44321295781250003 0.376963346875 0.43829485312500005 0.3666427203125 0.436495053125 0.3500028953125 0.4400319578125 0.3348140125 0.456239384375 0.333249046875 0.4605655484375 0.3364976671875 0.4758491046875 0.3526174015625 0.4873984421875
1 0.45049466718750003 0.5504578625 0.4609886625 0.5472289171875 0.46869945625 0.5425947984375 0.477569140625 0.531724071875 0.4791341015625 0.5273979140625 0.47547940312500003 0.5102039109375001 0.45976575156250005 0.5005650171875 0.439936653125 0.50078630625 0.4215585 0.5136781171875 0.41726968906249995 0.5285670453125 0.4184879203125 0.5342983765625 0.4284618171875 0.5461556765625 0.43541980625 0.54966860625 0.45049466718750003 0.5504578625
1 0.275098678125 0.490896621875 0.2762575640625 0.48466001406250003 0.2702257484375 0.4679712875 0.26286168125 0.46254791093750003 0.2497578578125 0.45934293750000005 0.22401563906250002 0.466811375 0.21358099375 0.48200825781249995 0.212828184375 0.49015530781249994 0.21764176875 0.5011127046875 0.2385157375 0.5116514999999999 0.26089531875 0.5058961921875 0.275098678125 0.490896621875
1 0.31343398125 0.5835845281250001 0.32868220937500003 0.5793450390625 0.336393003125 0.5747109203125 0.34485661093750003 0.56192975 0.3460154921875 0.555693146875 0.3403897578125 0.5409148625 0.3302424953125 0.5340863125 0.31992186875 0.5322865109375 0.298527803125 0.5368339609375 0.2872810046875 0.54820995625 0.28415108125 0.556862278125 0.2873997015625 0.572145834375 0.3058965453125 0.5831899015625 0.31343398125 0.5835845281250001
1 0.138850146875 0.527844178125 0.1445899 0.525625775 0.1550245484375 0.5104288859375 0.15577735312500002 0.5022818375 0.14777449843749998 0.488008825 0.1300898046875 0.48078564999999995 0.099593346875 0.48926463125 0.09269470937499999 0.4977196390625 0.08997085625 0.5082824031250001 0.0951905203125 0.5211502453125 0.11090417187499998 0.5307891359375 0.1212248 0.5325889390625 0.138850146875 0.527844178125
1 0.19098272656249998 0.6036220703125 0.2133623125 0.5978667625 0.22362358906250002 0.587698625 0.22831847968750002 0.5747201390625001 0.22269274062500002 0.5599418546875 0.2046019703125 0.5508082375 0.1946874203125 0.5509188796875 0.1927163796875 0.553334596875 0.1808307890625 0.5558609578125 0.165641909375 0.572068384375 0.1669194890625 0.5897676578125 0.17329803593749998 0.5963988921875 0.185822415625 0.6027221703125 0.19098272656249998 0.6036220703125
1 0.1709896171875 0.6907372328125 0.180671453125 0.6836874 0.185192978125 0.6757376625 0.1835093203125 0.6561279437499999 0.1743475765625 0.6480915406250001 0.15985215625 0.6441839796875 0.138458096875 0.6487314265624999 0.1277907390625 0.6569891203125 0.1232692140625 0.66493885625 0.122110328125 0.6711754625 0.12814214375 0.687864190625 0.1486100359375 0.696492540625 0.1709896171875 0.6907372328125
1 0.26114673593750004 0.67656564375 0.27384448125 0.6778601734375 0.279584234375 0.6756417703125 0.2920492703125 0.6699971078125 0.30091895156250004 0.6591263828125 0.3036428015625 0.648563615625 0.3020184921875 0.6409218375 0.295233865625 0.6323801578125 0.28270948749999997 0.6260568828124999 0.260909346875 0.6286938875 0.2541840703125 0.632120146875 0.2433433484375 0.6454065890625 0.24143165312499998 0.6597902437500001 0.24862235625 0.6702423671875 0.26114673593750004 0.67656564375
1 0.39861350156249997 0.6453494203125001 0.4114846109375 0.641615203125 0.419195409375 0.636981084375 0.428065090625 0.6261103625 0.429630053125 0.6217841984375 0.42597535468750003 0.604590196875 0.40747850625000004 0.5935461328125 0.3856783703125 0.5961831359375 0.376982053125 0.6020251109375 0.368518446875 0.614806284375 0.3677656359375 0.622953334375 0.37298529999999996 0.635821171875 0.39107607031249997 0.64495479375 0.39861350156249997 0.6453494203125001
1 0.5402550609375 0.6162409578125 0.5479658609375 0.6116068390625 0.5544584218749999 0.6012413859375 0.5527747671875 0.5816316687499999 0.543613025 0.5735952625 0.5342779156249999 0.5705876046875 0.52911760625 0.5696877015624999 0.510100659375 0.573729878125 0.494911778125 0.5899373078125 0.496595434375 0.6095470265625 0.5057571750000001 0.617583434375 0.5202525984374999 0.6214909921875 0.5402550609375 0.6162409578125
1 0.6446748906249999 0.5990377359375 0.6599231156250001 0.5947982453125 0.6656628718750001 0.5925798437500001 0.6765035953125 0.579293403125 0.6748199375 0.559683684375 0.6587002078124999 0.548134346875 0.6460024625 0.54683981875 0.636493990625 0.5488609062500001 0.6254205578125 0.5552081546875 0.6165508734375 0.5660788796875 0.6149859109375 0.57040504375 0.6186406078125 0.587599040625 0.6319771453125 0.5977432078125 0.6446748906249999 0.5990377359375
1 0.740685784375 0.5656510578125 0.7512391203125001 0.5743900515625 0.7690971828125 0.5765844796875 0.777214053125 0.57386080625 0.7896790859375 0.5682161421874999 0.7965777296875001 0.559761134375 0.7997076578125 0.5511088125 0.7972711921875 0.539646146875 0.783528578125 0.5275915359375001 0.7755850703125 0.5252864640625 0.76091628125 0.52640765 0.7494367734375 0.53084445625 0.74213205 0.5373890171875 0.7370310859375 0.54845705625 0.736684353125 0.5585145515625001 0.740685784375 0.5656510578125
1 0.8142530703125 0.4851191828125 0.8217905015625 0.485513809375 0.8322844953124999 0.48228486249999997 0.8423724078125 0.477145471875 0.855184171875 0.46144331406249994 0.8551248250000001 0.4494753734375 0.8465425265625001 0.4383206640625 0.8282783921875 0.43421579374999997 0.8112324859375001 0.43584225156249995 0.800159053125 0.4421895 0.793260409375 0.450644509375 0.7901304828125 0.45929683125 0.792566946875 0.47075949687499996 0.7961623 0.4759855609375 0.8142530703125 0.4851191828125
1 0.90482561875 0.554723165625 0.9129424937499999 0.551999490625 0.9241892937499999 0.5406234953125 0.9273192187499999 0.5319711734375 0.924476675 0.5185980609375 0.9149088578125 0.508651209375 0.9055737484374999 0.50564355 0.9004134374999999 0.50474365 0.879019375 0.5092910984375 0.8642365703125 0.527408971875 0.8682973453124999 0.54651341875 0.8891713125 0.5570522109375 0.90482561875 0.554723165625
1 0.25141490312500003 0.75351266875 0.2545448265625 0.744860346875 0.25129620625000004 0.729576790625 0.2421344671875 0.7215403874999999 0.22763904687499997 0.717632825 0.20427394531249998 0.724595990625 0.194998184375 0.73355626875 0.19186825937500002 0.742208590625 0.1955229578125 0.75940259375 0.216396921875 0.7699413875000001 0.23877650312499998 0.7641860796875 0.25141490312500003 0.75351266875
1 0.373866153125 0.7334751328125 0.38412743437499997 0.72330699375 0.3872573578125 0.714654671875 0.38360265937500004 0.6974606703124999 0.380413390625 0.69414505 0.365105815625 0.686416603125 0.3575683796875 0.6860219734374999 0.343305675 0.6890536046875 0.3322322375 0.69540085625 0.322203671875 0.7125081875 0.32585836874999996 0.7297021859374999 0.3443552171875 0.740746253125 0.373866153125 0.7334751328125
1 0.48918605 0.71495340625 0.4968968484375 0.7103192875000001 0.5073314921875001 0.6951224015624999 0.5032707171874999 0.6760179546875 0.48239675000000004 0.6654791640625 0.46337980625 0.6695213390625 0.44778484843750005 0.6838183234375 0.44506100000000004 0.6943810921875 0.4470913859375 0.7039333125 0.45068673906249995 0.7091593765625 0.468777509375 0.7182929984374999 0.476314940625 0.718687625 0.48918605 0.71495340625
1 0.5872273296875 0.6911189515625 0.59754795625 0.6929187515625 0.6127961875 0.6886792609375 0.620506984375 0.6840451421875 0.627405628125 0.6755901343749999 0.6305355515625 0.6669378125 0.62728693125 0.65165425625 0.618125190625 0.643617846875 0.6087900828125 0.6406101921875 0.586989940625 0.64324719375 0.5802646671875 0.6466734562500001 0.5694239453125001 0.659959896875 0.5678589796875 0.66428605625 0.5711076 0.6795696125 0.5872273296875 0.6911189515625
1 0.7513624906249999 0.6392584921875 0.7465489078124999 0.6283010984375 0.7256749421875 0.6177623046875 0.6999327234375 0.6252307421875 0.689498075 0.640427628125 0.6883391921875 0.6466642328125001 0.69355885 0.659532071875 0.71443281875 0.6700708671875 0.7368124 0.6643155625 0.75060968125 0.6474055437499999 0.7513624906249999 0.6392584921875
1 0.838855109375 0.6476176078125 0.8588575765625001 0.642367575 0.8665683703125 0.63773345625 0.8730609359375 0.62736800625 0.8742198218749999 0.621131396875 0.8681880062499999 0.604442671875 0.8580407421875 0.597614121875 0.847720115625 0.5958143203125 0.8287031718750001 0.599856496875 0.8200068546875 0.6056984734374999 0.8119493296875 0.6203900875 0.8183872234375 0.6389892625 0.8285344828125 0.645817809375 0.838855109375 0.6476176078125
1 0.9268178296875 0.710787675 0.9420660546875 0.706548184375 0.9541250124999999 0.6989930765625 0.9610236515624999 0.6905380671875 0.9625886156250001 0.6862119078125 0.9593399968749999 0.6709283515625 0.9380599515625001 0.6584791125 0.9138826953124999 0.6616213890625 0.8982877359374999 0.675918375 0.8955638890625 0.6864811421875 0.8971881984375001 0.6941229203125 0.9039728203124999 0.7026645968749999 0.9192803953125 0.7103930453125 0.9268178296875 0.710787675
1 0.7818136296875 0.74160926875 0.7945113765625 0.7429037968750001 0.8073824859375 0.7391695781250001 0.81312224375 0.7369511765625 0.823962965625 0.7236647359374999 0.8222793046874999 0.7040550171875 0.8186839578124999 0.6988289562500001 0.8033763828125 0.6911005078125 0.7982160671874999 0.6902006078125 0.776822003125 0.69474805625 0.7636041625 0.70853976875 0.7608803156249999 0.7191025359375 0.7625046265625001 0.7267443140625 0.7692892484375 0.73528599375 0.7818136296875 0.74160926875
1 0.8996933625000001 0.7994186546875001 0.9154616875 0.780092921875 0.913025221875 0.76863025625 0.9062405968749999 0.760088578125 0.8881498265625 0.75095495625 0.8782352765624999 0.7510655984375 0.8643786468749999 0.7560076765625 0.85116080625 0.7697993875 0.84803088125 0.778451709375 0.8536566171875 0.79322999375 0.8693702703125 0.8028688890625 0.8915764875000001 0.8021423296875 0.8996933625000001 0.7994186546875001
1 0.961740496875 0.8750859046875 0.976988721875 0.8708464125000001 0.9846995203125 0.8662122953125 0.9935691999999999 0.8553415718749999 0.9970458593749999 0.8366317546875001 0.9878841156249999 0.828595346875 0.972576540625 0.8208668984375 0.9527474421875001 0.8210881859375 0.9373258484375 0.8303564234374999 0.9304272062500001 0.8388114328125 0.9325169437499999 0.86033159375 0.9388954875 0.866962828125 0.95658018125 0.8741860046875001 0.961740496875 0.8750859046875
1 0.6728722781250001 0.7667622265625 0.6904976265625 0.762017465625 0.6962373828125 0.7597990625000001 0.7070781046875 0.7465126203125 0.7102080296875 0.7378602984375 0.7045822937499999 0.7230820140625001 0.6864915218750001 0.71394839375 0.659937146875 0.7175959390625 0.64671930625 0.7313876546875 0.6435893796875 0.740039978125 0.646431921875 0.7534130875 0.6555936625000001 0.761449496875 0.6677119671875 0.7658623265625 0.6728722781250001 0.7667622265625
1 0.5617271734375 0.787391709375 0.569437971875 0.7827575906249999 0.5783076515625 0.771886865625 0.579872615625 0.7675607046875 0.575811840625 0.7484562578125 0.554937878125 0.737917465625 0.5335438140625001 0.7424649140625 0.5203259734375 0.7562566265624999 0.5171960453125 0.7649089499999999 0.5200385875 0.7782820609375001 0.5413186328124999 0.7907312984375 0.5464789484375 0.7916312 0.5617271734375 0.787391709375
1 0.4192734609375 0.8126792843749999 0.43197120624999996 0.8139738109374999 0.44008807968749997 0.8112501390625001 0.450175996875 0.8061107468750001 0.46101671875 0.79282430625 0.462581678125 0.7884981437499999 0.4593330578125 0.7732145874999999 0.443213328125 0.7616652515625 0.43051558593749994 0.760370721875 0.4186299953125 0.7628970828125 0.4119047203125 0.7663233421875 0.40106399374999996 0.7796097843750001 0.3995583796875 0.795903884375 0.406749078125 0.8063560093750001 0.4192734609375 0.8126792843749999
1 0.3283041875 0.8230299859375 0.334970115625 0.8076357828124999 0.3321275734375 0.7942626734375 0.3201826375 0.7848210953125 0.30847040937500003 0.78231870625 0.28707635 0.7868661546875 0.27582955 0.7982421515625 0.2726996234375 0.8068944734375 0.27635432031249996 0.8240884749999999 0.2972282890625 0.8346272703125001 0.3219849890625 0.8283666890625 0.3283041875 0.8230299859375
1 0.17959061875 0.8656222031249999 0.1972159671875 0.8608774390624999 0.2049267609375 0.856243321875 0.212984290625 0.84155170625 0.21373709531250001 0.8334046578125 0.20932959375000001 0.824357709375 0.1908327453125 0.8133136421874999 0.1714097234375 0.8154453734375 0.1603362859375 0.8217926234374999 0.1534376421875 0.8302476296875 0.1491488328125 0.8451365609374999 0.1535563390625 0.8541835078125001 0.1720531890625 0.8652275749999999 0.17959061875 0.8656222031249999
1 0.2845992421875 0.9271658078125 0.2914978828125 0.918710803125 0.29306284531250004 0.9143846390625001 0.28900207031249997 0.8952801953125 0.26812810625 0.8847414 0.24673404375 0.8892888484375 0.23154516093750002 0.905496278125 0.23363489375 0.927016440625 0.24934854999999997 0.9366553328125 0.26204629375 0.9379498640625 0.27016316875 0.9352261875 0.2845992421875 0.9271658078125
1 0.4119187484375 0.8891210375 0.41267155625 0.8809739875 0.4078579734375 0.87001659375 0.3921443203125 0.8603776984374999 0.365589940625 0.864025246875 0.356893625 0.8698672265624999 0.35040106249999997 0.8802326765625 0.35208471874999997 0.8998423921875001 0.3584632671875 0.9064736265625 0.373364765625 0.9122916328124999 0.398121465625 0.9060310515625 0.4119187484375 0.8891210375