1 1 0.1738892578125 0.9999193359375 0.1730310359375 0.9935259000000001 0.1586758328125 0.986654671875 0.1526541140625 0.9731905015625 0.1502800171875 0.9627506578125 0.1532493265625 0.9490869875 0.16887805312499998 0.94497408125 0.1922035046875 0.946074953125 0.19720775 0.9559040046874999 0.21457381406249998 0.960506990625 0.21658797812500002 0.9689568843749999 0.2192804578125 0.9813201796875 0.216650303125 0.9918265265624999 0.2076800546875 0.9977298843750001 0.19669564374999998 1 0.1909761546875 1 0.1738892578125
1 0.9299312515624999 0.193158646875 0.921547859375 0.18446523125 0.9061602375 0.181751978125 0.8976438453125001 0.185060440625 0.8839801749999999 0.20068916718750002 0.8809681421875 0.22901886875000002 0.887361578125 0.24337407187500001 0.8954001828125 0.24839909218749998 0.9019266187499999 0.25075241406250004 0.9142899171875 0.2481222640625 0.9318004921874999 0.2331718484375 0.934812528125 0.20484215 0.9299312515624999 0.193158646875
1 0.8821774359375001 0.1546750265625 0.872348384375 0.13730896718750002 0.8535251453124999 0.1315848546875 0.8454200453125 0.13256077500000002 0.8321676671875 0.14585695468749998 0.8261313078124999 0.1688432484375 0.8268208890625001 0.17618004062499998 0.8347264890625 0.1932069484375 0.8393294750000001 0.19522111250000002 0.855473178125 0.1992702171875 0.8639895687499999 0.1959617515625 0.874495915625 0.18699150312499999 0.8799879828125 0.1783396328125 0.8821774359375001 0.1546750265625
1 0.75309431875 0.11628125781250001 0.73385979375 0.1128896921875 0.723008659375 0.118191540625 0.7144257656249999 0.12750094843749998 0.70838940625 0.1504872421875 0.715883715625 0.16984669375 0.7219988640625 0.1745325609375 0.7400660171875 0.178920821875 0.7567540109374999 0.16863549687499998 0.76224608125 0.1599836265625 0.765947696875 0.13899072031249998 0.75309431875 0.11628125781250001
1 0.6490283765625 0.115969625 0.6422236453125 0.10394696249999999 0.6319168046875 0.0949143921875 0.6141944390625 0.0941945265625 0.601764640625 0.1028256203125 0.5962725734375 0.1114774859375 0.5921596671875 0.13480293593749998 0.599653978125 0.15416239062499998 0.6057691234375 0.158848253125 0.6199893750000001 0.162558203125 0.628505765625 0.1592497390625 0.64642763125 0.1419667796875 0.650818828125 0.1283106640625 0.6490283765625 0.115969625
1 0.5264051984375 0.0859301140625 0.5160983531250001 0.07689754062500001 0.498787278125 0.0738451296875 0.4902708890625 0.0771535921875 0.4820992859375 0.0841304546875 0.476195928125 0.0951148671875 0.47372818437499997 0.10911013750000001 0.4755186359375 0.1214511765625 0.48039991249999997 0.13313468125 0.48995067499999995 0.1408314046875 0.502247471875 0.1442021921875 0.5107638640625 0.140893728125 0.5263509875 0.125604159375 0.5327986359375 0.10028531874999999 0.5264051984375 0.0859301140625
1 0.41354457031249997 0.07925760937500001 0.408663296875 0.067574109375 0.40027990625000004 0.058880690624999996 0.38145666718750004 0.053156578125 0.37527501874999997 0.0544716546875 0.3605104796875 0.065096134375 0.3550184125 0.0737480015625 0.35255066875 0.087743271875 0.3543411203125 0.1000843109375 0.3626580109375 0.1147786703125 0.36726099687499997 0.1167928359375 0.3834047 0.1208419421875 0.38958634999999997 0.11952686406249999 0.3992701109375 0.11522170625000001 0.407096921875 0.10457645 0.41354457031249997 0.07925760937500001
1 0.7864948843749999 0.16305681249999998 0.7779784937499999 0.1663652765625 0.76706085625 0.17766806875000002 0.7610244984375 0.2006543671875 0.761714078125 0.20799115937499998 0.7681075171875 0.2223463640625 0.7742226640625 0.2270322265625 0.7903663671875 0.23108133125000002 0.8125464265625 0.2121441390625 0.8166593328125 0.1888186875 0.8038059593750001 0.166109221875 0.7864948843749999 0.16305681249999998
1 0.6978165625 0.16545843124999998 0.6929352859375 0.15377493125 0.6860640578125 0.147753215625 0.6644947875 0.14635503593750002 0.6493189546875 0.15931206250000002 0.64287130625 0.1846309046875 0.6435608859374999 0.19196769687499998 0.6545573078125 0.20833706406250002 0.67454791875 0.2130644796875 0.6889011671875 0.20477254375 0.696727978125 0.1941272890625 0.6996070125 0.1777994734375 0.6978165625 0.16545843124999998
1 0.5835102734375 0.1501132859375 0.5756046734375 0.13308637968749998 0.5668099921875001 0.12672550625 0.5552692765625 0.1246905671875 0.5448294312499999 0.12765987343750002 0.5343230890624999 0.136630121875 0.5288310171874999 0.145281990625 0.5255406921875 0.1639423515625 0.527331146875 0.176283390625 0.5360593296875 0.18864520468749998 0.540662315625 0.19065936875 0.5548825625 0.1943693171875 0.563398953125 0.191060853125 0.5734940109375 0.18442314843750002 0.5817321125 0.171445346875 0.5835102734375 0.1501132859375
1 0.46274404999999996 0.1264138734375 0.45593931875000004 0.1143912171875 0.4471446375 0.10803034062500001 0.4336804703125 0.1056562453125 0.42324062656250006 0.10862555468749999 0.4123229890625 0.1199283484375 0.406008340625 0.1332453046875 0.40436317656250004 0.1425754859375 0.407665790625 0.157588228125 0.4144705203125 0.1696108859375 0.4225091234375 0.17463590625 0.4290355609375 0.176989228125 0.4413988578125 0.174359078125 0.4538286546875 0.1657279875 0.45932072343749997 0.15707611562499998 0.46274404999999996 0.1264138734375
1 0.3371630484375 0.0850300203125 0.329947025 0.07533990625 0.3068655953125 0.0712700265625 0.2983492015625 0.07457849375 0.28743156718749996 0.0858812875 0.28400824375 0.11654353125000001 0.29191384375 0.133570434375 0.298028990625 0.13825630312499998 0.3122492390625 0.14196625000000002 0.32076563281250003 0.13865778281250002 0.33168326718749996 0.1273549890625 0.3385422078125 0.0997036046875 0.3371630484375 0.0850300203125
1 0.986213746875 0.26200690625 0.9718482093749999 0.236625740625 0.9583840390624999 0.2342516453125 0.94794419375 0.23722095156249998 0.9397725906250001 0.2441978125 0.9315344890624999 0.2571756140625 0.929756328125 0.2785076765625 0.937661928125 0.2955345828125 0.9437770765625 0.300220446875 0.9599207796875 0.3042695515625 0.9684371703125001 0.3009610875 0.9821008390625 0.2853323609375 0.986080746875 0.2740087890625 0.986213746875 0.26200690625
1 0.8666813937500001 0.2313098625 0.8564410484374999 0.2162763453125 0.8391299734375 0.21322393593750003 0.8348717796875 0.214878165625 0.8169499140625 0.23216112500000002 0.8132482984375 0.253154034375 0.8154500406249999 0.2631625265625 0.8207426078125 0.2725134828125 0.8287812078125001 0.2775385078125 0.8410780046875 0.2809092953125 0.8495943953125 0.27760083125 0.8675162609375 0.260317871875 0.8688831359375 0.241318353125 0.8666813937500001 0.2313098625
1 0.753064684375 0.22330150468749999 0.75086294375 0.213293009375 0.7406226015625 0.1982594921875 0.721388071875 0.19486792656250002 0.7015427562500001 0.2118117296875 0.6959176859375 0.23246548125 0.69660726875 0.239802275 0.7049241562499999 0.2544966328125 0.71103930625 0.2591824984375 0.7252595546875 0.2628924453125 0.7337759484374999 0.2595839828125 0.7442822921875 0.2506137328125 0.749774359375 0.241961865625 0.753064684375 0.22330150468749999
1 0.6342219140625 0.1999412484375 0.624392859375 0.1825751890625 0.6055696234375 0.17685107656250001 0.59705323125 0.180159540625 0.5865468875000001 0.18912979218749998 0.58105481875 0.19778165625 0.5784540734375 0.2237788109375 0.5867709640625 0.23847317031249998 0.5928861140625 0.243159034375 0.6071063640625 0.2468689828125 0.61562275625 0.24356052031250003 0.6261291 0.2345902734375 0.63162116875 0.22593840312500002 0.6342219140625 0.1999412484375
1 0.512010025 0.167569196875 0.50513879375 0.1615474796875 0.4820573640625 0.15747760156249999 0.4696275671875 0.1661086921875 0.4641355 0.1747605609375 0.45851042968750005 0.19541430937499998 0.45920001250000003 0.202751103125 0.4671056125 0.219778009375 0.473220759375 0.224463871875 0.4874410078125 0.22817382031250003 0.502550340625 0.221217734375 0.511133234375 0.21190833125 0.5184034640624999 0.1819244 0.512010025 0.167569196875
1 0.3976372375 0.1582249875 0.389320346875 0.143530628125 0.36472675468750004 0.1367890484375 0.3585451046875 0.138104121875 0.34295798125 0.1533936953125 0.33774420625 0.1717149015625 0.34104681718749996 0.1867276390625 0.35396669687500004 0.20343616406249998 0.370110396875 0.20748526875 0.376292046875 0.20617019218750002 0.38872184375 0.1975391015625 0.39421391093749997 0.18888723125 0.3976372375 0.1582249875
1 0.9643242640624999 0.3242865390625 0.9555295812500001 0.31792566718750004 0.9459123187499999 0.316229884375 0.9354724750000001 0.319199190625 0.9198853515625001 0.3344887609375 0.9157724453125 0.3578142109375 0.9232667546875 0.37717366406249997 0.9293819031250001 0.381859528125 0.9497838015625 0.3842544 0.9672943765625 0.369303984375 0.97250815625 0.35098278125000004 0.9707177 0.3386417421875 0.9643242640624999 0.3242865390625
1 0.908664846875 0.26877601093750003 0.899458875 0.26474768125 0.889430321875 0.2653844453125 0.8699962937500001 0.279995703125 0.8639599359375 0.302982 0.866161678125 0.31299049375 0.87523465 0.3290207046875 0.8952252578125 0.33374812343750004 0.9119132515624999 0.3234627984375 0.91740531875 0.314810928125 0.9200060656250001 0.28881377656249996 0.908664846875 0.26877601093750003
1 0.80157458125 0.2631209765625 0.794769853125 0.2510983203125 0.7894107875 0.24774830312499999 0.77787006875 0.2457133625 0.767430225 0.24868267031250002 0.7545891359375 0.25964630781250003 0.7482744890624999 0.272963265625 0.7488310671875 0.292301940625 0.7571479578125 0.3069963 0.7690334625 0.3126996359375 0.784076296875 0.31174449375 0.79691738125 0.30078085625 0.8028207421875001 0.28979644375 0.8048771953125 0.27813371875000004 0.80157458125 0.2631209765625
1 0.6864457125000001 0.2524409203125 0.6785401125 0.2354140125 0.6697454296875 0.2290531421875 0.6601281671875 0.22735735781250002 0.6473535796875 0.23232005312499998 0.63643594375 0.24362284843749998 0.630810875 0.26427659531250003 0.6315004562500001 0.2716133890625 0.6435977515625 0.29298700312500003 0.655894546875 0.29635779375000004 0.6663343921875 0.2933884875 0.6791754796875 0.28242485 0.6846675515625 0.27377298125 0.6864457125000001 0.2524409203125
1 0.5627216640625 0.2173971640625 0.5404628125000001 0.208662190625 0.5323577125 0.2096381109375 0.5199279156250001 0.21826920312500003 0.5136132640625 0.2315861609375 0.5107342296875 0.24791397656249997 0.512524684375 0.26025501875 0.5220089437500001 0.27395268437500003 0.5439230046875 0.2790192546875 0.558687546875 0.2683947765625 0.5669256484375 0.255416975 0.5702159734375 0.2367566140625 0.5627216640625 0.2173971640625
1 0.4483488765625 0.20805295625000003 0.443056309375 0.198701996875 0.4165392625 0.1916212625 0.40802287187499997 0.194929725 0.399439978125 0.20423913124999998 0.3925810375 0.2318905171875 0.3970510234375 0.2459065640625 0.40811395 0.2562749890625 0.4204107453125 0.259645778125 0.430850590625 0.256676471875 0.4421795171875 0.24304113125 0.44903845625 0.21538974843749997 0.4483488765625 0.20805295625000003
1 0.3323974265625 0.2020379890625 0.329506103125 0.1846927 0.3173423078125 0.1693200265625 0.305801590625 0.1672850859375 0.29343829375 0.1699152390625 0.2805972046875 0.180878878125 0.2774398796875 0.187537353125 0.2741495546875 0.20619771406249998 0.2759400078125 0.21853875781249998 0.28123257343749997 0.2278897109375 0.29463024375 0.2362647484375 0.303080134375 0.2389572265625 0.313519978125 0.23598791874999997 0.3193568375 0.2310044484375 0.3303409734375 0.21370071406250002 0.3323974265625 0.2020379890625
1 0.8435580390625 0.300587128125 0.824323509375 0.2971955609375 0.8044781953125 0.314139365625 0.7996757062500001 0.3301280265625 0.7999539984374999 0.3397973609375 0.8044239796875001 0.353813409375 0.8139747453125 0.3615101328125 0.8281949921875 0.36522008125 0.8367113859374999 0.3619116171875 0.8522985078125 0.34662204218750003 0.8564114140625 0.3232965921875 0.8435580390625 0.300587128125
1 0.7386695109375 0.3049405859375 0.72925175 0.28524198125 0.7204570703125001 0.2788811046875 0.7085050625 0.2791787125 0.6933957328125 0.2861347984375 0.68673629375 0.295783359375 0.6846798390625 0.307446084375 0.6823450953125 0.309439475 0.683312965625 0.3264456015625 0.69011769375 0.338468259375 0.700079746875 0.3438324390625 0.7066061875 0.3461857578125 0.718969484375 0.3435556078125 0.7294758296875 0.334585359375 0.7349678953125001 0.325933490625 0.7386695109375 0.3049405859375
1 0.6224397734375 0.28925628125 0.6191371593749999 0.2742435390625 0.611921140625 0.264553428125 0.59502135625 0.2591684734375 0.58691625625 0.2601443921875 0.569405678125 0.27509480625 0.5637806125 0.29574855312500004 0.5655710640625 0.3080895953125 0.572375790625 0.32011225312499997 0.5804143953125 0.325137275 0.592711190625 0.3285080640625 0.5988928390625 0.32719298750000003 0.6117339265624999 0.316229353125 0.6199720296875 0.303251553125 0.6224397734375 0.28925628125
1 0.49417923906250005 0.2461974203125 0.475356 0.240473309375 0.46917435156250004 0.24178838281249998 0.45715584531250003 0.24808693124999998 0.44891774531250006 0.26106473281250003 0.4456274203125 0.2797250953125 0.4478291625 0.2897335859375 0.4546338921875 0.3017562421875 0.466519396875 0.30745958125 0.477304034375 0.30815866875000003 0.4881551671875 0.3028568171875 0.499895384375 0.2868889328125 0.5024961296875 0.2608917796875 0.49417923906250005 0.2461974203125
1 0.3831090625 0.2518659515625 0.380907321875 0.24185745937499997 0.37410259218749997 0.22983480312500001 0.368743525 0.2264847875 0.3456620921875 0.2224149078125 0.33556703906249996 0.2290526109375 0.330074971875 0.237704478125 0.325272484375 0.2536931359375 0.3281638078125 0.2710384234375 0.3349685359375 0.2830610796875 0.341083684375 0.28774694843750004 0.353380484375 0.2911177359375 0.35956213125 0.2898026640625 0.3719919296875 0.28117156875 0.3798187375 0.27052631250000003 0.3831090625 0.2518659515625
1 0.9071230531250001 0.373124559375 0.9007296140625 0.35876935625 0.8938583843749999 0.35274764062499997 0.8765473109374999 0.34969523125 0.86803091875 0.35300369374999996 0.8543672484375 0.3686324203125 0.8506656328125001 0.38962532968749997 0.8528673781249999 0.399633821875 0.8581599421874999 0.40898477812499995 0.866198546875 0.4140098 0.8804187953125 0.417719746875 0.888935184375 0.414411284375 0.8994415328124999 0.4054410375 0.9049335984375 0.3967891671875 0.9071230531250001 0.373124559375
1 0.790482021875 0.3597728 0.7871794078125001 0.34476005781249996 0.783399003125 0.3380808046875 0.7746043234375 0.33171993125 0.7568819578125 0.331000065625 0.744452159375 0.339631159375 0.7362140578124999 0.3526089578125 0.7345688953125 0.361939140625 0.73746021875 0.3792844265625 0.7427527859375 0.3886353828125 0.7488679328125001 0.393321246875 0.763088184375 0.3970311953125 0.771604575 0.39372273125 0.7797761765625 0.386745871875 0.788014278125 0.37376806875 0.790482021875 0.3597728
1 0.672050540625 0.33407999843749997 0.669848796875 0.3240715046875 0.6626327765625 0.3143813921875 0.6414748 0.3106506703125 0.63295840625 0.31395913593749997 0.622040771875 0.32526192656249997 0.6160044124999999 0.34824822499999997 0.6193070265625 0.3632609625 0.6292025796875 0.374626084375 0.6434228281250001 0.3783360328125 0.649604478125 0.37702095625 0.6671150515625001 0.3620705421875 0.672740121875 0.34141679062499997 0.672050540625 0.33407999843749997
1 0.5543086374999999 0.3157239921875 0.5464030375 0.2986970890625 0.5410439703125001 0.2953470734375 0.52565635 0.29263382031249996 0.512881759375 0.297596515625 0.507044903125 0.30257998750000004 0.5011415453125 0.3135644 0.49854080156249997 0.3395615546875 0.5068576921875 0.3542559140625 0.5148962921875 0.35928093437499997 0.523346184375 0.3619734125 0.5337860265625001 0.35900410625 0.5489618593750001 0.34604707968750004 0.5549982203125 0.323060784375 0.5543086374999999 0.3157239921875
1 0.4365667359375 0.29736798593749997 0.43209675000000003 0.2833519390625 0.425225521875 0.2773302234375 0.40599099375 0.2739386578125 0.3998093453125 0.27525373124999997 0.38696825625 0.2862173671875 0.381476190625 0.2948692375 0.378185865625 0.31352959999999996 0.3917953234375 0.3375749125 0.40986247656249997 0.3419631734375 0.4160441265625 0.340648096875 0.428885215625 0.329684459375 0.43163124843749995 0.3253585265625 0.4365667359375 0.29736798593749997
1 0.31635709218749997 0.29300725 0.31346576718749997 0.2756619640625 0.30817320000000004 0.2663110078125 0.2959429046875 0.256939275 0.2758857953125 0.2582127984375 0.262633415625 0.27150898125 0.2589318 0.292501890625 0.260032671875 0.2975061359375 0.2694504359375 0.3172047421875 0.27556558125 0.32189060625 0.289785834375 0.3256005546875 0.300225678125 0.3226312484375 0.3111433125 0.311328453125 0.3143006390625 0.30466997500000004 0.31635709218749997 0.29300725
1 0.957145109375 0.41561573437500005 0.9518525453125 0.4062647765625 0.9430578625000001 0.39990390625 0.9334405968749999 0.398208121875 0.9187425578124999 0.40283166093749995 0.9129056999999999 0.40781513281250004 0.9042563078124999 0.42312547812499995 0.9026111453125001 0.43245565625 0.9044015953125 0.4447966984375 0.9127184859374999 0.4594910546875 0.917321471875 0.46150522031249996 0.9334651765625 0.465554325 0.939646825 0.4642392484375 0.9568791109375001 0.4396194984375 0.9593468546875 0.4256242265625 0.957145109375 0.41561573437500005
1 0.84050408125 0.4022639703125 0.8321871890624999 0.3875696140625 0.8233925078125001 0.38120873906249997 0.81762215 0.38019126875000003 0.8029241109375 0.384814809375 0.789260440625 0.4004435359375 0.7855588250000001 0.42143644374999994 0.791540971875 0.43812419062499997 0.7976561203125 0.442810059375 0.819570178125 0.44787663125000005 0.8296652359375001 0.44123892812500004 0.8398267890625 0.42860028124999994 0.8427058234375 0.412272465625 0.84050408125 0.4022639703125
1 0.7242743390624999 0.38657966875 0.711420965625 0.36387020312499996 0.687928240625 0.36213286875 0.6774218953125 0.37110311875 0.6719298296875 0.37975498281250003 0.6683612125 0.38874600937500003 0.6704299546875 0.41075638437500006 0.6757225203125 0.420107340625 0.6818376703125 0.42479320937500004 0.6979813734375 0.42884230937499995 0.7064977625 0.4255338453125 0.7201614328125 0.40990511874999996 0.7249639203125 0.3939164609375 0.7242743390624999 0.38657966875
1 0.6076333093749999 0.3732279078125 0.60543156875 0.3632194125 0.597114678125 0.34852505312500004 0.591755609375 0.3451750390625 0.582138346875 0.34347925625000003 0.5674403031249999 0.34810279375 0.5588574140625 0.3574122015625 0.5525427625 0.37072915625 0.5526880546874999 0.392400378125 0.5594927828125 0.404423034375 0.5675313828124999 0.409448059375 0.5779047265624999 0.41247969375000004 0.590679315625 0.407516996875 0.60159695 0.396214203125 0.604754275 0.3895557234375 0.6076333093749999 0.3732279078125
1 0.4872783765625 0.34719595000000003 0.4789614859375 0.332501590625 0.4720902546875 0.32647987343749996 0.46247299062499997 0.324784090625 0.45010969375 0.327414240625 0.43644602499999996 0.34304297031250003 0.4323331171875 0.36636842187499996 0.4334339890625 0.37137266874999997 0.44175087968750004 0.386067028125 0.4463538671875 0.38808119375 0.4624975703125 0.392130296875 0.47101396093750003 0.38882183124999997 0.4842663390625 0.37552565000000004 0.48837924531250004 0.3522001984375 0.4872783765625 0.34719595000000003
1 0.371048634375 0.331511646875 0.3597074203125 0.31147388125000003 0.346654540625 0.306767240625 0.338549440625 0.3077431578125 0.330033046875 0.311051625 0.31678066875 0.3243478046875 0.313768634375 0.35267750625 0.320162071875 0.367032709375 0.32627722187499997 0.37171857343750003 0.344344378125 0.376106834375 0.3505260234375 0.3747917578125 0.36570185624999996 0.361834734375 0.3717382171875 0.3388484359375 0.371048634375 0.331511646875
1 0.30360708281250004 0.3653161484375 0.293778028125 0.3479500875 0.2869068 0.3419283734375 0.27536608125 0.339893434375 0.26259149531250003 0.344856125 0.251673859375 0.35615891875 0.24797224375 0.37715182812500003 0.2501739859375 0.3871603234375 0.2550552640625 0.39884382343749997 0.2646060265625 0.4065405484375 0.276902821875 0.4099113390625 0.2830844703125 0.4085962625 0.2955142671875 0.399965171875 0.30100633593750004 0.3913133015625 0.30360708281250004 0.3653161484375
1 0.9445403906250001 0.5095958546875 0.9301748515625 0.4842146859375 0.9167106828125 0.48184059062499995 0.9081942890624999 0.48514905312499995 0.8976879453125 0.494119303125 0.8917845874999999 0.5051037171874999 0.8900064234375 0.5264357765625001 0.8983233140625 0.5411301374999999 0.9044384624999999 0.5458160046875 0.9186587125000001 0.5495259531250001 0.9248403609375 0.5482108765625 0.932600671875 0.5435665609375 0.940427484375 0.53292130625 0.9445403906250001 0.5095958546875
1 0.8863344421875 0.4404084390625 0.8794632109375 0.434386721875 0.8640755890625 0.43167347031250003 0.8598173953125 0.4333277 0.844641565625 0.4462847265625 0.8387382046875 0.4572691390625 0.8370930421875 0.4665993171875 0.8388834968750001 0.47894035625000003 0.8491238390625 0.4939738734375 0.8556502781249999 0.4963271953125 0.8679470734375 0.499697984375 0.8764634656249999 0.49638952343750004 0.8901271359375 0.480760796875 0.8927278796874999 0.4547636421875 0.8863344421875 0.4404084390625
1 0.8276210671875001 0.48657475625 0.82122763125 0.47221955312499997 0.8143564031249999 0.46619783750000005 0.7947105828125001 0.4651388140625 0.77678871875 0.482421775 0.772808815625 0.49374534375 0.773776684375 0.510751475 0.7805814125 0.52277413125 0.7866965625 0.5274599953125 0.8009168109375 0.5311699437499999 0.8113566546875 0.5282006375 0.825020325 0.5125719109375 0.8287219406249999 0.491579003125 0.8276210671875001 0.48657475625
1 0.8813570296875 0.541746125 0.8791552890625001 0.5317376296874999 0.8674027828125 0.5140324140625 0.8496804171875001 0.513312546875 0.832581134375 0.52593041875 0.8270890671875 0.534582284375 0.8242100328124999 0.550910103125 0.8264117750000001 0.5609185953125 0.8332165046875 0.57294125625 0.8412551046875001 0.5779662765625 0.8554753546875 0.5816762234375 0.8597335484374999 0.5800219906249999 0.8674938609374999 0.5753776765625 0.8776554140625 0.56273903125 0.8813570296875 0.541746125
1 0.9294556359374999 0.5838981453125001 0.9211387453125001 0.569203784375 0.9157796781249999 0.5658537671875 0.90190421875 0.56581221875 0.8933878249999999 0.56912068125 0.880135446875 0.5824168609375 0.87643383125 0.60340976875 0.8786355765625 0.613418265625 0.8873637578125001 0.625780078125 0.8919667453125 0.62779424375 0.9042635390625 0.6311650359375001 0.9147033828125 0.6281957234375 0.9287783453125 0.6102344515625 0.9312460874999999 0.596239184375 0.9294556359374999 0.5838981453125001
1 0.776498140625 0.43907933593750004 0.7727842359375 0.42639914062499995 0.7655682171875 0.41670902656250003 0.7482571421875 0.41365661718749996 0.73974075 0.41696507968749996 0.72923440625 0.42593533125 0.7237423374999999 0.434587196875 0.7204520125 0.45324755781250003 0.7215528859375 0.45825180468750004 0.7298697734374999 0.4729461640625 0.7359849234375 0.4776320328125 0.748281721875 0.481002825 0.76105630625 0.4760401265625 0.772385234375 0.46240478593749995 0.7767764296874999 0.4487486703125 0.776498140625 0.43907933593750004
1 0.648237603125 0.396020475 0.6347734359375 0.39364637812500003 0.6243335921875001 0.3966156828125 0.6114925046875 0.407579321875 0.6055891453125 0.4185637328125 0.6035326921874999 0.43022646406250004 0.60532314375 0.4425675015625 0.6121278718750001 0.4545901578125 0.620166475 0.4596151796875 0.636721465625 0.46133174062500004 0.6491512625 0.4527006453125 0.657389365625 0.4397228484375 0.659578821875 0.4160582375 0.648237603125 0.396020475
1 0.540736046875 0.392697984375 0.5339313203125 0.3806753234375 0.5285722515625 0.3773253125 0.5151080796875 0.374951215625 0.5046682375 0.3779205203125 0.48908111718749997 0.3932100921875 0.4853795015625 0.414203 0.4875812421875 0.42421149218750004 0.4943859703125 0.436234153125 0.5024245734375 0.4412591734375 0.5108744640625 0.44395165 0.5279072484375 0.43733472031250004 0.5400587546875 0.41903429531249997 0.5429377890625 0.4027064765625 0.540736046875 0.392697984375
1 0.42286114374999995 0.38634385625 0.4206594015625 0.37633536562500003 0.40657215156250004 0.360623534375 0.393107984375 0.3582494390625 0.38459159062500003 0.3615579015625 0.3744965375 0.36819560625 0.3690044703125 0.376847471875 0.3653028546875 0.39784037968749997 0.376232778125 0.42021068906250003 0.3823479265625 0.4248965546875 0.39079781874999997 0.42758903125 0.4012376625 0.424619725 0.41133271875000005 0.417982021875 0.4195708171875 0.40500421875 0.42286114374999995 0.38634385625
1 0.356931753125 0.422820065625 0.3558308796875 0.41781581875 0.34943744374999997 0.40346061562499996 0.33913059843750004 0.394428040625 0.32140823281249997 0.393708171875 0.308978434375 0.4023392671875 0.3007403328125 0.41531707031250004 0.2986838796875 0.42697979531249997 0.30349865781249996 0.4446642359375 0.3103033859375 0.45668689218749997 0.314906371875 0.4587010578125 0.3291266234375 0.46241100625 0.3353082703125 0.46109592812500005 0.34540332500000004 0.45445822812500003 0.353641428125 0.44148042500000007 0.356931753125 0.422820065625
1 0.29141365 0.45696372500000004 0.2850202140625 0.4426085234375 0.272789915625 0.433236790625 0.256991003125 0.432856084375 0.2390691390625 0.450139040625 0.236190103125 0.466466859375 0.238391846875 0.47647535 0.2509004328125 0.495516421875 0.26896759062500003 0.49990467968749996 0.2774839796875 0.49659621718749997 0.2884016140625 0.48529342187499996 0.2925145203125 0.46196797187499994 0.29141365 0.45696372500000004
1 0.4073651 0.4629786921875 0.40056036875 0.45095603593750005 0.3936891421875 0.44493431718750004 0.37830152031250003 0.4422210640625 0.3697851265625 0.4455295296875 0.359278784375 0.45449977812500003 0.35378671562499997 0.463151646875 0.352141553125 0.47248182656250004 0.356133746875 0.4948313609375 0.3667853828125 0.50753233125 0.3733118234375 0.5098856515625 0.3840964578125 0.5105847406249999 0.39494759375 0.5052828875 0.4062765171875 0.49164755 0.40956684218749995 0.4729871890625 0.4073651 0.4629786921875
1 0.46071940468749994 0.413462359375 0.43722668281250004 0.4117250265625 0.42672033750000005 0.4206952734375 0.4208169796875 0.43167968593749995 0.4183492359375 0.44567495625 0.42165185000000005 0.4606876984375 0.4269444171875 0.47003865781250004 0.43690647031249996 0.47540283437499997 0.4453563625 0.4780953125 0.45813095 0.473132615625 0.4713833296875 0.45983643125 0.47439536406249994 0.431506734375 0.46071940468749994 0.413462359375
1 0.594472009375 0.4478693546875 0.5895907328125001 0.4361858515625 0.5812073421874999 0.42749243281249993 0.559638071875 0.42609425625 0.547208275 0.434725346875 0.54171620625 0.443377215625 0.538014590625 0.46437012031249997 0.5398050421875 0.4767111625 0.5485332234375 0.48907297656250004 0.5531362109375 0.49108714062500003 0.5654330062499999 0.4944579328125 0.5716146578125 0.49314285625 0.5817097109375 0.48650515 0.5899478125 0.4735273484375 0.594472009375 0.4478693546875
1 0.7098791656250001 0.46821875 0.698537953125 0.448180984375 0.67696868125 0.44678280781249996 0.6590468171875 0.46406576875 0.6569903640625 0.47572849375 0.654655621875 0.477721884375 0.6560347828124999 0.4923954640625 0.664351675 0.5070898265625 0.668954659375 0.5091039890625 0.683174909375 0.5128139375 0.6893565578125 0.5114988609375 0.7021976453125001 0.5005352234375 0.7076897140625 0.4918833578125 0.7098791656250001 0.46821875
1 0.7632038375 0.5257226625 0.7610020953125 0.515714171875 0.7541973671875 0.5036915109375 0.7473261359375 0.49766979375 0.737708875 0.4959740109375 0.72726903125 0.49894331875000003 0.7120932 0.5119003453125 0.7068794203125 0.53022155 0.7075690031249999 0.53755834375 0.7154746015625 0.5545852453125 0.7215897499999999 0.5592711140625 0.7338865484375 0.5626419046875 0.7443263921875001 0.5596725953125 0.7548327359375 0.5507023484375 0.760324803125 0.542050478125 0.7632038375 0.5257226625
1 0.8410556031249999 0.5959691 0.834873953125 0.5972841765625 0.8201094140625 0.6079086578124999 0.8146173484375 0.6165605234375 0.8113270234375 0.635220884375 0.8124278921875 0.640225134375 0.8173091687499999 0.651908634375 0.8249364796875 0.6592662015624999 0.8430036359375 0.6636544640625 0.8628489515625001 0.6467106578124999 0.8669618578125 0.6233852078125001 0.8579553875 0.60135405625 0.8410556031249999 0.5959691
1 0.814738059375 0.5708855374999999 0.8033968437500001 0.550847775 0.7922674187500001 0.54648029375 0.7799041203125 0.549110440625 0.767063034375 0.56007408125 0.761570965625 0.5687259453125 0.759103221875 0.5827212171875 0.761304965625 0.5927297125 0.76810969375 0.60475236875 0.774224840625 0.609438234375 0.7865216390625 0.612809025 0.7969614828125 0.60983971875 0.807467825 0.6008694703125 0.8129598953125001 0.5922176015625 0.814738059375 0.5708855374999999
1 0.750320828125 0.6100334484375 0.7485303765625 0.59769240625 0.7402134859375 0.5829980453125 0.7348544171875 0.579648034375 0.715208603125 0.578589009375 0.6972867375 0.5958719718750001 0.6942747 0.6242016703125 0.701079428125 0.636224328125 0.7144771000000001 0.644599365625 0.7190800859375 0.6466135296875 0.729519928125 0.6436442234374999 0.7423610171874999 0.6326805859375 0.748264375 0.6216961750000001 0.750320828125 0.6100334484375
1 0.69699615625 0.5525295328125 0.6958952843749999 0.5475252859374999 0.68909055625 0.535502625 0.6822193296875 0.5294809093749999 0.6706786109375 0.52744596875 0.66023876875 0.5304152765625 0.64465164375 0.54570485 0.6409500296874999 0.5666977546874999 0.6431517703125 0.57670625 0.6545594875 0.590743071875 0.6687797359375 0.59445301875 0.6772961265624999 0.5911445578125 0.6878024734375 0.58217430625 0.693294540625 0.5735224390625 0.69699615625 0.5525295328125
1 0.6451836484375 0.49769731874999995 0.6368667578125 0.483002959375 0.6161200671875 0.4769396921875 0.607603675 0.48024815624999995 0.59709733125 0.48921840312500003 0.5916052625 0.497870271875 0.588726228125 0.5141980875 0.59051668125 0.5265391265625 0.5958092484375 0.535890084375 0.6019243953125 0.540575946875 0.6180680984375 0.544625053125 0.6265844921875 0.5413165890625 0.637090834375 0.5323463421875 0.642582903125 0.5236944718750001 0.6451836484375 0.49769731874999995
1 0.4309366109375 0.4923881875 0.4134925359375 0.5013376593750001 0.40683309687499997 0.510986225 0.4031314828125 0.5319791296874999 0.40561151406249996 0.5516569609374999 0.41090408125 0.5610079171875 0.41894268281249997 0.5660329374999999 0.44552622968750005 0.5671127359375 0.4596011890625 0.5491514625 0.46494796718750003 0.518828375 0.45553020312500003 0.49912976875000004 0.4309366109375 0.4923881875
1 0.5285426171875 0.4843455578125 0.5259295828125 0.476669609375 0.5221491781250001 0.46999035468750006 0.5099188796874999 0.46061862187499997 0.5003016171875 0.45892283906250003 0.4875270328125 0.46388553750000006 0.4761981046875 0.4775208765625 0.47208519843749996 0.500846328125 0.47318607031250004 0.505850575 0.47999079843750003 0.517873234375 0.486105946875 0.5225590984374999 0.50224965 0.526608203125 0.510766040625 0.5232997390625 0.5189376421875 0.5163228796875 0.527998325 0.4986799875 0.5285426171875 0.4843455578125
1 0.578153384375 0.529169275 0.5679130421874999 0.514135759375 0.5567836140625 0.5097682765625 0.5486785125 0.51074419375 0.540162121875 0.514052659375 0.5292444875 0.5253554546875 0.5236194171874999 0.5460092015625 0.523897709375 0.5556785421875 0.5337267609375 0.5730446 0.538329746875 0.5750587656249999 0.55062654375 0.5784295562499999 0.55680819375 0.5771144796875001 0.5747300578125001 0.5598315234375 0.580355128125 0.539177771875 0.578153384375 0.529169275
1 0.503054884375 0.6626364640625 0.49817360781250003 0.6509529609375 0.4882780578125 0.6395878421875001 0.47481388750000003 0.6372137453125 0.46629749687500005 0.640522209375 0.453045115625 0.6538183921875 0.4496217890625 0.6844806359375 0.45869476249999996 0.70051084375 0.47868537031249997 0.7052382625 0.48294356406250005 0.70358403125 0.49578465312500003 0.6926203937500001 0.5012767234375 0.6839685249999999 0.503054884375 0.6626364640625
1 0.513736153125 0.5683171875 0.506931425 0.5562945265625 0.49662458125000003 0.54726195 0.48893077187499995 0.5459053234375 0.47423272968749997 0.5505288640625 0.46056906093750005 0.566157590625 0.45879089687499996 0.5874896546875 0.4708881921875 0.6088632703125 0.49087880000000006 0.6135906875 0.495136996875 0.611936453125 0.5056433421875 0.60296620625 0.5115467 0.59198179375 0.513736153125 0.5683171875
1 0.4405907421875 0.5951032765625001 0.431796059375 0.5887424046875 0.4179206015625 0.58870085625 0.4050795140625 0.5996644921875001 0.3995874421875 0.6083163578125 0.3967084078125 0.6246441765624999 0.40001102343749995 0.6396569140625 0.4079831234375 0.6506828796875 0.42605027968750003 0.6550711421875001 0.442738271875 0.6447858156249999 0.448230340625 0.636133946875 0.4504197953125 0.6124693406249999 0.4405907421875 0.5951032765625001
1 0.396683834375 0.5572979703125001 0.3883669421875 0.542603609375 0.37957226093749996 0.5362427375000001 0.36803154375 0.534207796875 0.35951515 0.5375162609374999 0.34626277031249997 0.5508124453125001 0.343662028125 0.5768095984375 0.3458637703125 0.586818090625 0.3538358703125 0.59784405625 0.3699795734375 0.6018931578125 0.376161221875 0.600578084375 0.386256275 0.5939403796875 0.3940830875 0.5832951234375 0.396683834375 0.5572979703125001
1 0.34625048281250004 0.517139340625 0.34446003125 0.5047983031250001 0.3361431390625 0.4901039421875 0.3292719109375 0.48408222656250005 0.31154954687499997 0.48336236093749996 0.2963737171875 0.4963193875 0.29157122812499997 0.512308046875 0.2918495203125 0.5219773859375 0.2966642953125 0.5396618281250001 0.3050476859375 0.5483552453125 0.319267934375 0.5520651937500001 0.3254495828125 0.5507501171875 0.338290671875 0.5397864796875 0.3441940296875 0.5288020671875 0.34625048281250004 0.517139340625
1 0.2807323828125 0.5512830015625 0.27742976874999997 0.5362702609375 0.27062504062500004 0.524247603125 0.2564712921875 0.514536715625 0.24644273437500003 0.5151734796875 0.2398497984375 0.5188210984375 0.2265974203125 0.532117278125 0.22330709531249998 0.550777640625 0.2244079640625 0.5557818890624999 0.23801742187500002 0.5798272046874999 0.2541611265625 0.5838763078125 0.26034277499999997 0.5825612312499999 0.27277256875 0.573930140625 0.2786759296875 0.562945728125 0.2807323828125 0.5512830015625
1 0.9165726281250001 0.668208925 0.9071548640625 0.6485103203125 0.8855855937499999 0.647112140625 0.873155796875 0.655743234375 0.8649176921875 0.6687210359375 0.8624499484375001 0.6827163046875 0.8657525640625 0.6977290468749999 0.86953296875 0.7044083015625 0.8810071859375 0.71244418125 0.887533625 0.714797503125 0.9022316640625 0.7101739640625 0.916717915625 0.689880146875 0.9183630781250001 0.6805499640625 0.9165726281250001 0.668208925
1 0.7947720296874999 0.6335043265625 0.78405389375 0.6268042968749999 0.7721018859375001 0.6271019015625 0.765508946875 0.6307495234375 0.755002603125 0.6397197718750001 0.7495105359374999 0.648371640625 0.7462202109375 0.667032003125 0.748421953125 0.6770404953125 0.7590735890625 0.6897414656249999 0.765600025 0.6920947859375 0.772126465625 0.6944481078125 0.7844897625 0.6918179578125 0.79815343125 0.67618923125 0.8011654671875 0.6478595296874999 0.7947720296874999 0.6335043265625
1 0.8529779749999999 0.7026917421875 0.8435602140625 0.6829931375 0.8382011468749999 0.6796431203125 0.82047878125 0.6789232578125 0.8080489875 0.68755435 0.799810884375 0.7005321515625 0.79775443125 0.7121948765624999 0.8006457546875 0.7295401625 0.8078617734375 0.7392302749999999 0.812464759375 0.741244440625 0.826685009375 0.7449543875 0.8328666578125 0.7436393109375 0.8484537781249999 0.728349740625 0.8532562671875 0.712361078125 0.8529779749999999 0.7026917421875
1 0.735514365625 0.6940050734375001 0.7348247828125001 0.6866682796875 0.7265078921875 0.6719739203125 0.717713209375 0.665613046875 0.706172496875 0.6635781078125 0.6894845000000001 0.67386343125 0.683992434375 0.6825152984375 0.68029081875 0.70350820625 0.68819641875 0.7205351125 0.7015940859375001 0.72891015 0.7061970718749999 0.7309243109375 0.716636915625 0.7279550046875001 0.7271432625 0.7189847578124999 0.7330466203125 0.7080003453125 0.735514365625 0.6940050734375001
1 0.66782415625 0.6111199921875 0.6562834390625001 0.6090850515625 0.6477670453125 0.6123935140625 0.639595446875 0.619370375 0.63135734375 0.632348178125 0.6295791796875 0.6536802374999999 0.6359726203125 0.66803544375 0.642087765625 0.672721309375 0.660154921875 0.677109571875 0.680000240625 0.66016576875 0.6845244375 0.6345077703124999 0.6731832203125 0.6144700078125 0.66782415625 0.6111199921875
1 0.62054813125 0.564302884375 0.6094187046874999 0.559935396875 0.6013136046875001 0.56091131875 0.5904624703125 0.5662131703125 0.5818795765625 0.575522575 0.575843215625 0.5985088734375 0.5780449625 0.6085173640625 0.587529221875 0.6222150296875 0.6094432828125 0.6272816031249999 0.6195383359375 0.6206438984375 0.6273651484375 0.60999864375 0.6318893453125 0.584340646875 0.62054813125 0.564302884375
1 0.567060825 0.6258211 0.5659599546875 0.620816853125 0.5591552234375 0.608794196875 0.5469249281249999 0.5994224640625 0.534972921875 0.5997200687500001 0.5241217859375 0.6050219218749999 0.5147163124999999 0.61899641875 0.511837278125 0.635324234375 0.5151398921875 0.650336975 0.5219446203125 0.6623596328125 0.526547609375 0.664373796875 0.5349974984375 0.667066275 0.54928425 0.6647752765625 0.55745585 0.65779841875 0.563359209375 0.6468140078125 0.567060825 0.6258211
1 0.5541778140625 0.7101318859375 0.547373084375 0.6981092234374999 0.5351427890625 0.6887374921875 0.5189325859375 0.69068933125 0.5084262421875 0.6996595796875 0.50252288125 0.7106439921875001 0.50074471875 0.73197605625 0.5044586234375 0.744656253125 0.5094064015625 0.7503388125 0.5313204625 0.7554053859375001 0.5460850015625 0.7447809046875 0.55157706875 0.7361290359375 0.5552786843749999 0.7151361296875 0.5541778140625 0.7101318859375
1 0.6192846265624999 0.6783207671875 0.6159820125000001 0.6633080296875 0.59956001875 0.6495895843749999 0.593789659375 0.6485721156250001 0.5790916203124999 0.6531956546875 0.5681739859375 0.6644984484375 0.5640610796875001 0.6878238999999999 0.571555390625 0.70718335 0.5776705359375 0.7118692171875 0.5957376921875001 0.716257478125 0.5999958875 0.7146032453125 0.61050223125 0.7056329984375 0.6164055921875 0.6946485859375 0.6192846265624999 0.6783207671875
1 0.6716414265624999 0.7188185500000001 0.664836696875 0.7067958937500001 0.656042015625 0.700435021875 0.6425778453125 0.6980609249999999 0.6340614546875 0.7013693890625 0.620809075 0.7146655734375 0.6160065875 0.7306542312500001 0.61669616875 0.7379910234375 0.6241904796875 0.7573504734375 0.630305628125 0.7620363421875 0.6445258765624999 0.7657462859375 0.6507075265625 0.7644312125 0.663548615625 0.753467575 0.66904068125 0.7448157046875 0.6716414265624999 0.7188185500000001
1 0.7874598749999999 0.7368354046875 0.7810664359375 0.7224802 0.772271753125 0.716119328125 0.75688413125 0.7134060765625 0.7526259375000001 0.7150603046875 0.73978485 0.72602394375 0.7338814921875 0.7370083546874999 0.7322363281250001 0.7463385375 0.73402678125 0.7586795765625001 0.7423436718749999 0.7733739359375 0.752305725 0.7787381140625 0.7650138140625 0.7797763578125 0.77160675 0.7761287375 0.777443609375 0.7711452671875 0.7865042921875001 0.753502375 0.7874598749999999 0.7368354046875
1 0.840784546875 0.7943393171875 0.83899409375 0.781998278125 0.8272415875 0.7642930625 0.811853965625 0.7615798093749999 0.8033375765624999 0.7648882734375 0.795165975 0.771865134375 0.7837705500000001 0.7915014125 0.7866618734374999 0.8088467015624999 0.7915431484375001 0.8205302015625 0.8049408140625 0.8289052375000001 0.8095437999999999 0.830919403125 0.8242418421875 0.8262958625 0.835159478125 0.8149930671875 0.8383168031249999 0.8083345906250001 0.840784546875 0.7943393171875
1 0.904379196875 0.7598564984375 0.9030000359375 0.74518291875 0.8961953046875 0.7331602562499999 0.8874006234375 0.7267993859375 0.8777833609375 0.725103603125 0.866932225 0.73040545625 0.8564258812500001 0.739375703125 0.85326855625 0.7460341828125 0.8495669390625 0.7670270890625 0.8517686828125001 0.7770355828125 0.8570612499999999 0.786386540625 0.8685354640625 0.7944224203125 0.8750619046875 0.796775740625 0.8878364921875 0.7918130453125001 0.8983428359375001 0.782842796875 0.9015001609375 0.7761843171875 0.904379196875 0.7598564984375
1 0.8886048625 0.8268220015625 0.8798766812500001 0.8144601828125 0.866412509375 0.8120860859375 0.851714471875 0.8167096265625 0.8458776125 0.821693096875 0.83997425625 0.8326775109375 0.837373509375 0.8586746640625 0.8422547859374999 0.8703581640625 0.8472025625 0.8760407265625 0.8537290000000001 0.8783940484375 0.8664370890624999 0.8794322937500001 0.877288225 0.874130440625 0.8890284390625001 0.8581625562499999 0.891907475 0.8418347374999999 0.8886048625 0.8268220015625
1 0.8758671390625 0.932804003125 0.8698849921875 0.9161162515625 0.85573124375 0.9064053624999999 0.848037434375 0.9050487374999999 0.8375975906249999 0.90801804375 0.82709124375 0.9169882953125 0.821187884375 0.9279727078125 0.8198210140625 0.946972225 0.8262144515625 0.9613274281249999 0.8323295999999999 0.96601329375 0.8503967546875 0.9704015531250001 0.8589131468750001 0.9670930906249999 0.8694194906250001 0.9581228421875 0.8721655234375 0.95379690625 0.8758671390625 0.932804003125
1 0.828312825 0.8763175546875 0.8272119546875001 0.8713133109375001 0.8188950640625 0.85661895 0.810100384375 0.8502580765625 0.8004831203125 0.84856229375 0.791966728125 0.85187075625 0.7791256390625 0.8628343953125001 0.775968315625 0.8694928734375 0.7733675703125 0.895490028125 0.77976100625 0.9098452312499999 0.7897230609375 0.915209409375 0.80243115 0.916247653125 0.813282284375 0.9109458 0.8191191437500001 0.9059623296874999 0.8250225 0.8949779171875001 0.828312825 0.8763175546875
1 0.7730647015625001 0.8184744859374999 0.7662599718750001 0.8064518250000001 0.7516949328125 0.7990734828125 0.7350734390625 0.8033578671875 0.7205871921875 0.8236516828125 0.7189420281250001 0.832981865625 0.72183335 0.85032715 0.7271259171875 0.8596781078125 0.7370879718750001 0.8650422843750001 0.7517195109375 0.866419690625 0.75831245 0.8627720671875 0.7664840515625 0.855795209375 0.7732099921875 0.8401457046875 0.7730647015625001 0.8184744859374999
1 0.723865228125 0.771318221875 0.7227643546875 0.766313971875 0.7067536546875 0.750262990625 0.6890312890625 0.7495431234375001 0.6789362359375 0.756180828125 0.6706981328125 0.7691586296875 0.6678190984375 0.78548644375 0.670020840625 0.7954949359375 0.6810172640625 0.8118643046875 0.6971609671875 0.815913409375 0.7056773609375 0.8126049468750001 0.713848959375 0.8056280843750001 0.7197523218749999 0.7946436718750001 0.723865228125 0.771318221875
1 0.710159634375 0.8602940921875 0.7048670687499999 0.8509431390625 0.6945602234375 0.8419105625000001 0.6830195078125 0.8398756234375 0.6745031171875 0.8431840875000001 0.6639967703125 0.852154334375 0.6557586671875 0.8651321359375 0.65631525 0.8844708125 0.6669003828125 0.9031727265624999 0.686890990625 0.907900140625 0.698909496875 0.9016015953125001 0.7071475984375 0.8886237937500001 0.7112605046875 0.8652983421875 0.710159634375 0.8602940921875
1 0.7645851765625 0.9228022546875 0.7627947265625 0.9104612171875001 0.75104221875 0.892755996875 0.7337311453125 0.8897035875 0.7252147515625 0.8930120531249999 0.709216340625 0.9106341718750001 0.7071598875 0.9222968953124999 0.7089503390624999 0.934637934375 0.7172672312499999 0.9493322953125001 0.7218702171875 0.951346459375 0.7380139203125 0.9553955609375 0.74419556875 0.9540804875 0.7566253671875 0.94544939375 0.7621174328125 0.9367975265625 0.7645851765625 0.9228022546875
1 0.650719815625 0.7981043125 0.6438485843749999 0.792082596875 0.6303844187500001 0.7897084999999999 0.621868025 0.7930169640625 0.6113616796875 0.8019872140625001 0.6054583234375001 0.8129716265625 0.6040914484375 0.8319711453125 0.606293190625 0.8419796359375 0.6161887453125 0.8533447578125 0.6304089921875 0.8570547062499999 0.6365906406249999 0.8557396296875 0.6541012187499999 0.8407892171875 0.658625415625 0.81513121875 0.650719815625 0.7981043125
1 0.6000081765624999 0.748276346875 0.587777878125 0.7389046171875 0.5715676765625 0.7408564515625 0.56106133125 0.7498267046875 0.5547466828125 0.7631436578125 0.554891971875 0.7848148796875 0.5597732484375 0.7964983796875 0.5658883984374999 0.8011842484375 0.582032096875 0.805233353125 0.590548490625 0.8019248859375001 0.6042121609375 0.786296159375 0.6083250671875 0.762970709375 0.6000081765624999 0.748276346875
1 0.6420285 0.886761803125 0.6348124796875 0.8770716937499999 0.61983615 0.8720258937500001 0.6093963046875001 0.8749952015625 0.59106315 0.8946107078125 0.590797146875 0.918614471875 0.6002814109375 0.9323121375 0.6202720187499999 0.9370395546875001 0.6307118625 0.9340702484375001 0.64121820625 0.925099996875 0.6472545656250001 0.9021137031249999 0.6420285 0.886761803125
1 0.5924177328125 0.8419380859375 0.5806652265625 0.8242328671875001 0.56527760625 0.8215196140625001 0.5567612125 0.82482808125 0.5485896125 0.8318049390625 0.5403515109375 0.8447827406249999 0.540085509375 0.8687865046875001 0.5484024 0.8834808656250001 0.5530053859375 0.8854950296874999 0.56337873125 0.8885266640625 0.5714838328125 0.8875507453125 0.588583115625 0.8749328765625 0.5946194734375 0.85194658125 0.5924177328125 0.8419380859375
1 0.5439078375 0.802118615625 0.5417060921875 0.7921101187499999 0.5280301374999999 0.7740657468750001 0.5145659671875 0.7716916515625 0.5060495765625 0.7750001140625 0.49554322968750003 0.7839703609375 0.489639871875 0.7949547765625 0.48827299843749994 0.8139542953125 0.49047474218750003 0.8239627875 0.5003702953125 0.835327909375 0.5145905453124999 0.839037853125 0.52695384375 0.8364077046875 0.5327907 0.83142423125 0.54144009375 0.8161138875 0.5439078375 0.802118615625
1 0.5310248265624999 0.8864293968749999 0.5288230828125 0.8764209046874999 0.517070578125 0.858715684375 0.50978805625 0.8550265140625 0.4955013078125 0.8573175078125 0.480325475 0.8702745359374999 0.47483340937499996 0.8789264015624999 0.47277695625 0.8905891265625 0.47456740625 0.9029301656250001 0.4783478109375 0.9096094203125 0.48638641250000003 0.9146344453124999 0.5063770203125 0.9193618609374999 0.5125586703125 0.9180467859375 0.5226537234374999 0.9114090812500001 0.528145790625 0.9027572156250001 0.5310248265624999 0.8864293968749999
1 0.4768775734375 0.8335905734375 0.4746758296875 0.82358208125 0.460999871875 0.8055377046875 0.44945915468750003 0.803502765625 0.4409427640625 0.8068112281250001 0.42535564062500003 0.8221008015625 0.4223436078125 0.8504305000000001 0.42722488593749997 0.862114 0.4333400296875 0.8667998656250001 0.4514071859375 0.8711881281249999 0.4599235765625 0.8678796609375 0.470841215625 0.8565768671875 0.4739985390625 0.8499183921875 0.4768775734375 0.8335905734375
1 0.48934929531250004 0.7516123343750001 0.4875588390625 0.7392712968749999 0.47539504531250004 0.723898621875 0.4580839734375 0.7208462124999999 0.438238653125 0.7377900171875 0.434258746875 0.7491135859375 0.4348153265625 0.7684522609375 0.439696603125 0.7801357656250001 0.4458117515625 0.7848216296875 0.46195545625 0.7888707328125 0.46813710156250005 0.78755565625 0.48097818906249995 0.77659201875 0.486470259375 0.767940153125 0.48934929531250004 0.7516123343750001
1 0.42811902343749997 0.6770815156250001 0.41932434062499996 0.6707206421875 0.40970707500000003 0.669024859375 0.39693249062499997 0.67398755625 0.38519227031250003 0.6899554390625 0.384926271875 0.7139592046875001 0.39358795 0.7323219625 0.41165510625 0.736710221875 0.43383516718750004 0.7177730296875 0.43822636406250004 0.7041169140625 0.4364359140625 0.691775875 0.42811902343749997 0.6770815156250001
1 0.38380082187500003 0.6416087546875 0.3769960921875 0.6295860953125 0.3682014109375 0.6232252218750001 0.35858414843749997 0.6215294390625 0.34622085 0.6241595890625 0.3380492484375 0.63113645 0.332145890625 0.6421208625 0.3325694703125 0.67346141875 0.3378620375 0.6828123765624999 0.342465025 0.684826540625 0.356685271875 0.6885364890625 0.36286692187499997 0.6872214125 0.3803774953125 0.6722709984375 0.38490169218750003 0.6466130015625 0.38380082187500003 0.6416087546875
1 0.32965356875 0.588769928125 0.3179010625 0.5710647125 0.3005899875 0.568012303125 0.280744671875 0.58495610625 0.27786563750000004 0.6012839203125 0.2800673796875 0.6112924125 0.28989643125 0.6286584765625001 0.2944994171875 0.6306726406250001 0.30871966875 0.6343825890625 0.3129778640625 0.63272835625 0.323484209375 0.6237581078125001 0.329387565625 0.6127736953125 0.32965356875 0.588769928125
1 0.30996583125 0.661058053125 0.3030946 0.6550363359375 0.287706978125 0.6523230843750001 0.2791905890625 0.655631546875 0.2678616609375 0.6692668875 0.266083496875 0.6905989515625001 0.27089827187500004 0.70828339375 0.27584605 0.7139659515625 0.29391320625 0.7183542140625 0.304764340625 0.7130523609375 0.3133472296875 0.7037429562499999 0.317871428125 0.6780849578125 0.30996583125 0.661058053125
1 0.36067746562499997 0.71088601875 0.3553183984375 0.707536003125 0.339930778125 0.70482275 0.3314143875 0.7081312171875 0.3200854625 0.7217665531249999 0.317206428125 0.738094371875 0.318174296875 0.7551005015625 0.32346686562500004 0.7644514578125 0.33150546406250003 0.7694764796875 0.34613700468749997 0.7708538796875 0.3569881390625 0.76555203125 0.3691396453125 0.7472516 0.3689943578125 0.7255803796875 0.36067746562499997 0.71088601875
1 0.4231416109375 0.778419203125 0.4118003953125 0.758381440625 0.406441328125 0.755031425 0.396824065625 0.7533356421875 0.38638422031249997 0.7563049515625 0.3727205515625 0.771933678125 0.368329353125 0.78558979375 0.3686076453125 0.795259128125 0.37458979062500003 0.8119468796874999 0.380704940625 0.81663274375 0.39877209375 0.8210210046875 0.40303029375 0.8193667703124999 0.41079060156249997 0.81472245625 0.42136344687499994 0.79975126875 0.4231416109375 0.778419203125
1 0.41108118125 0.8580648984374999 0.40578861406250005 0.8487139406249999 0.39548176874999996 0.839681365625 0.38586450625 0.8379855828125 0.3754246625 0.8409548890625 0.367664353125 0.845599203125 0.3598375421875 0.8562444593749999 0.35531334531250003 0.8819024578124999 0.360605909375 0.8912534140625 0.3740035765625 0.8996284515624999 0.39055857031249996 0.9013450093750001 0.3990749640625 0.8980365453125 0.41081517968750003 0.8820686625 0.413282925 0.868073390625 0.41108118125 0.8580648984374999
1 0.356111346875 0.8098911640625 0.34779445625 0.7951968046875 0.338999775 0.7888359281249999 0.3313059625 0.7874793015625 0.32086611875000004 0.7904486125 0.30720245 0.8060773390625 0.30267825312499996 0.8317353375 0.3075595296875 0.8434188375 0.3151868390625 0.850776403125 0.3332539953125 0.855164665625 0.33943564375 0.8538495890625001 0.3499419875 0.8448793421874999 0.3558453453125 0.8338949296875 0.356111346875 0.8098911640625
1 0.2966715265625 0.747701384375 0.28828813593749997 0.739007965625 0.2709770609375 0.73595555625 0.2667188671875 0.737609784375 0.25264390625 0.755571059375 0.24701883906250002 0.776224809375 0.248119709375 0.78122905625 0.251488821875 0.79024085625 0.2625517484375 0.8006092812500001 0.2767719984375 0.804319228125 0.282953646875 0.8030041562499999 0.2985407671875 0.78771458125 0.3026536734375 0.7643891296875001 0.2966715265625 0.747701384375
1 0.29197240625 0.8587084062500001 0.2905932453125 0.844034821875 0.2841998078125 0.829679621875 0.27348167343749996 0.8229795890625 0.26194095625 0.82094465 0.247998996875 0.8269040421874999 0.2357809890625 0.8512054125 0.237160153125 0.8658789984374999 0.24245271875 0.8752299515624999 0.24932395000000002 0.8812516671875 0.25969729375 0.8842833015625 0.2724053796875 0.885321546875 0.27899831875 0.8816739265625 0.2875812109375 0.8723645234375 0.2896376640625 0.860701796875 0.29197240625 0.8587084062500001