1 0.9176862890624999 0.12686018593749998 0.9135188984375 0.1167793015625 0.90079831875 0.10707926718750001 0.8741309671874999 0.1052145046875 0.865305296875 0.10949209062500001 0.85735116875 0.11872535312500002 0.8542456484375001 0.1282976671875 0.85612498125 0.136260659375 0.86386070625 0.1475700125 0.874429471875 0.1532037890625 0.8925436296875 0.155449403125 0.899952784375 0.15400960625 0.9114752515625 0.146004809375 0.9168688296875 0.13855038749999998 0.9176862890624999 0.12686018593749998
1 0.8494771390625001 0.1964905203125 0.8344684984375 0.18467259687499998 0.810225453125 0.1829773578125 0.7934456546875001 0.1964882078125 0.7922194671875 0.21402351406250003 0.7943712828125 0.2180897703125 0.80695561875 0.229738171875 0.8153725625 0.231305690625 0.826213809375 0.23304273125 0.83362296875 0.23160293437499999 0.8504027703125001 0.2180920875 0.8537807734375 0.2046230375 0.8494771390625001 0.1964905203125
1 0.723277071875 0.189623646875 0.71298079375 0.1800931375 0.7035560624999999 0.17551830625 0.6890102375 0.1745011640625 0.679040534375 0.177719803125 0.667381825 0.187672965625 0.6645487937500001 0.19334854375 0.663867578125 0.20309037968750002 0.6680349703124999 0.213171265625 0.6760431859375 0.22058388281250002 0.684323884375 0.22409976562499997 0.700013740625 0.22617585624999997 0.7074229015625 0.22473606093749998 0.7242026984375001 0.211225209375 0.7254288859375 0.1936899078125 0.723277071875 0.189623646875
1 0.7791743703125 0.104448175 0.757491875 0.10097409375 0.7476584140625 0.10224436562500001 0.7334391609375001 0.1139763703125 0.7300611515625001 0.1274454171875 0.7320767296875 0.13346004218750002 0.7480931546875 0.1482852828125 0.7686316234375 0.15070041875 0.7786013265625 0.14748178125 0.787699484375 0.139307459375 0.7916224640625 0.11804494375 0.7791743703125 0.104448175
1 0.665149909375 0.1150748046875 0.6529743015625 0.0975813015625 0.62401889375 0.093598646875 0.6126326734374999 0.0996550765625 0.607239090625 0.10710949843749999 0.60372484375 0.1225269125 0.6057404171874999 0.1285415375 0.621893090625 0.14141840625 0.64000725 0.1436640203125 0.6474164046875 0.142224225 0.6589388703125 0.13421943125 0.6643324500000001 0.126765009375 0.665149909375 0.1150748046875
1 0.5346462062499999 0.1000754140625 0.526637990625 0.09266279375 0.519501321875 0.0902058546875 0.5001068875 0.08884966250000001 0.4951220328125 0.090458984375 0.48359957031249995 0.09846378125000001 0.47806974531249996 0.10786656562500001 0.4773885296875 0.1176084046875 0.48384398749999996 0.12980718125 0.50269345 0.13895684218749998 0.5111103890625001 0.14052435624999998 0.5235044 0.137475240625 0.537859896875 0.12379486875000001 0.5389498406250001 0.1082079296875 0.5346462062499999 0.1000754140625
1 0.5995013078125 0.182926296875 0.5914930921875 0.17551367812500002 0.57964405625 0.1707693234375 0.5576890734375 0.171191975 0.548727159375 0.17741792812499999 0.5431973343750001 0.18682071718749999 0.5421073890625 0.20240765624999998 0.5545554828125 0.21600442343749998 0.5652604890624999 0.2196898328125 0.5736774296875 0.22125735 0.5860714390624999 0.21820823437499998 0.6002906921875 0.20647622812500002 0.6016531234375 0.1869925546875 0.5995013078125 0.182926296875
1 0.4770599015625 0.1919854109375 0.47289250625 0.181904525 0.4578838703125 0.1700866 0.438489434375 0.168730409375 0.4285197296875 0.1719490484375 0.4194215703125 0.18012336874999998 0.41563483437500004 0.199437515625 0.419938471875 0.2075700328125 0.43151501875 0.21621112187499997 0.4544777921875 0.2187957828125 0.459462640625 0.2171864625 0.470985103125 0.20918166562499999 0.4763786859375 0.20172724375 0.4770599015625 0.1919854109375
1 0.41787086875 0.09778336875 0.409862653125 0.09037075156249999 0.40043792187499994 0.0857959203125 0.3834677921875 0.08460925312499999 0.3670967203125 0.0922749984375 0.3617031375 0.0997294203125 0.3606131921875 0.115316359375 0.37063698437500003 0.12874360468749999 0.388478659375 0.134885953125 0.404441 0.13306530625 0.415963465625 0.1250605125 0.4214932875 0.11565772187500001 0.422038259375 0.107864253125 0.41787086875 0.09778336875
1 0.2943675921875 0.0871892828125 0.28420755625 0.07571040625 0.274782825 0.0711355765625 0.25282784375 0.071558228125 0.2414416234375 0.0776146578125 0.233351253125 0.088796290625 0.239261734375 0.108788534375 0.24726995000000002 0.11620115312499998 0.257974953125 0.11988656093750001 0.2688162 0.12162360312500001 0.278785903125 0.1184049640625 0.29286891875 0.10862132656250001 0.2957019484375 0.1029457453125 0.2943675921875 0.0871892828125
1 0.3343805890625 0.1594925140625 0.3126980953125 0.1560184328125 0.3052889359375 0.15745822812500002 0.28864538125 0.16902071093749998 0.2895710078125 0.190622275 0.29744298125 0.199983259375 0.3057236828125 0.20349914687499998 0.3238378421875 0.2057447578125 0.3338075453125 0.2025261171875 0.3481630421875 0.1888457453125 0.346964928125 0.171140915625 0.3343805890625 0.1594925140625
1 0.21801397968749997 0.15135536875 0.1988920328125 0.1461024421875 0.1816494171875 0.1488125109375 0.17140722656250001 0.155927884375 0.16527834375 0.15647825625 0.1672939203125 0.1624928859375 0.1641883984375 0.1720651953125 0.17064385625 0.18426397187500002 0.1809401296875 0.1937944828125 0.19649374375 0.19781893749999999 0.2074712328125 0.1976076125 0.22384230624999998 0.18994186562499998 0.2292358890625 0.1824874453125 0.23032583281250002 0.16690050625 0.21801397968749997 0.15135536875
1 0.17113679843750002 0.072698465625 0.16070428125 0.0651163203125 0.13902178437499998 0.061642240625 0.12009016718750001 0.07108683125000001 0.11469658437500001 0.078541253125 0.11360663906249999 0.094128190625 0.1237666703125 0.10560706875 0.134335434375 0.11124084375000001 0.150025290625 0.11331693281249999 0.16497984375000002 0.1084889734375 0.174214246875 0.09836628750000001 0.1754404359375 0.0808309828125 0.17113679843750002 0.072698465625
1 0.53559579375 0.2606891484375 0.5157385421875 0.2485321765625 0.4960716203125 0.2510727203125 0.48454915937500004 0.259077515625 0.47901933124999996 0.2684803046875 0.478474359375 0.2762737734375 0.48264175624999994 0.28635465937500004 0.490649965625 0.2937672765625 0.5060673375 0.2997401 0.51704483125 0.299528775 0.5295750796875 0.294531290625 0.5388094828125001 0.284408603125 0.539899428125 0.268821665625 0.53559579375 0.2606891484375
1 0.3995622640625 0.2550925484375 0.3892659875 0.24556203906250001 0.37984125625 0.2409872078125 0.360310578125 0.24157938437499998 0.3438032625 0.2511934984375 0.3423045890625 0.2726255390625 0.35475268125000003 0.2862223078125 0.36303338281249997 0.2897381921875 0.376298934375 0.2916447578125 0.3862686390625 0.2884261171875 0.4004878921875 0.2766941125 0.4017140796875 0.2591588046875 0.3995622640625 0.2550925484375
1 0.280498865625 0.2506826109375 0.2726268921875 0.2413216265625 0.2609140984375 0.2346289046875 0.23895911875000003 0.235051559375 0.2221793171875 0.24856240624999998 0.2210893734375 0.2641493453125 0.2253930078125 0.27228186249999997 0.23340122343749997 0.27969448125 0.24653053125 0.2835494140625 0.2525231703125 0.28494740625000003 0.26491718125 0.2818982921875 0.2790001921875 0.2721146546875 0.2818332265625 0.2664390734375 0.280498865625 0.2506826109375
1 0.1422594328125 0.22437386875 0.12030445000000001 0.22479652031250003 0.10622144062500001 0.234580159375 0.097994821875 0.2477101578125 0.0997379125 0.25762151875 0.12060295000000001 0.2727858046875 0.14356571875 0.2753704671875 0.1575124859375 0.26753519375 0.165739103125 0.25440519375 0.16198043906249998 0.23847920781249998 0.1422594328125 0.22437386875
1 0.6617958578125 0.26755602500000003 0.6467872203125 0.255738096875 0.6323776359375 0.2527725890625 0.622544175 0.25404285937500004 0.6059006171875 0.26560534062499996 0.6023863671874999 0.28102275468750004 0.6044019421875 0.287037384375 0.6145619765625 0.2985162609375 0.622842675 0.3020321453125 0.63853253125 0.3041082328125 0.6459416874999999 0.3026684359375 0.660160940625 0.29093643281250003 0.663675190625 0.27551901875 0.6617958578125 0.26755602500000003
1 0.775411590625 0.262774496875 0.7635625578125 0.25803014375 0.74147133125 0.2604011625 0.7271158359375 0.274081534375 0.7261621328125 0.28772010937500003 0.73046576875 0.295852625 0.7407620453125 0.30538313437500003 0.7467546859375 0.3067811265625 0.7600202375 0.30868769218750003 0.7724142421875 0.3056385765625 0.7867697421875001 0.29195820625 0.7878596875 0.2763712671875 0.775411590625 0.262774496875
1 0.9093473875000001 0.28095072499999996 0.8990511140624999 0.2714202140625 0.8872020765625 0.2666758609375 0.877504859375 0.265997765625 0.8651108515624999 0.26904687968749996 0.8535883890625 0.277051675 0.8479223203125 0.2884028328125 0.8495291671875 0.300262559375 0.8539690437499999 0.3064467078125 0.8644015640625 0.3140288515625 0.8703942046875 0.31542684374999996 0.8836597562499999 0.317333409375 0.896053765625 0.3142842953125 0.9104092625 0.30060392343750003 0.9114992078125 0.285016984375 0.9093473875000001 0.28095072499999996
1 0.8453056296874999 0.36066194375 0.8280089265624999 0.3467261265625 0.8135993453125 0.34376061875 0.8037658859375 0.3450308890625 0.7845617781249999 0.358372215625 0.7833355906249999 0.375907521875 0.7854874093750001 0.379973778125 0.7957836828125 0.3895042890625 0.804064384375 0.393020175 0.8173299374999999 0.39492673906250003 0.8297239453125 0.3918776234375 0.8439431984375 0.38014561874999997 0.84732120625 0.36667657187499997 0.8453056296874999 0.36066194375
1 0.7092180171875 0.3384194578125 0.684974971875 0.33672421875 0.66577086875 0.3500655453125 0.66454468125 0.3676008515625 0.67228040625 0.37891020468750003 0.6828491703124999 0.38454398125 0.7009633281250001 0.38678959375 0.7109330328125 0.3835709546875 0.7252885296875 0.36989058125 0.724090415625 0.35218574999999996 0.7092180171875 0.3384194578125
1 0.5827454624999999 0.33544931875 0.5609267234375 0.3339236046875 0.541858859375 0.3453165640625 0.538344609375 0.36073397812499997 0.542648246875 0.3688664953125 0.5482321578125 0.3761095890625 0.5612252234375 0.3819128890625 0.57206646875 0.38364993125 0.584460478125 0.3806008140625 0.5986797312500001 0.368868809375 0.5999059203125 0.3513335015625 0.5827454624999999 0.33544931875
1 0.5215908234375 0.4261308453125 0.5115670328124999 0.4127036015625 0.5021423 0.40812877031249994 0.48274786562500005 0.4067725796875 0.4635437640625 0.42011390468750004 0.46218133281249996 0.439597578125 0.47234136250000003 0.45107645625000004 0.480622065625 0.454592340625 0.49873622187500005 0.4568379546875 0.508705928125 0.45361931406249995 0.5203646359375 0.44366615156250006 0.5234701562499999 0.43409383906250004 0.5215908234375 0.4261308453125
1 0.46656918125 0.3420096890625 0.46226554374999995 0.333877171875 0.44712066406249995 0.32400761562499997 0.42772622812499994 0.322651425 0.417756525 0.325870065625 0.4059615734375 0.3377715921875 0.407023446875 0.357424790625 0.41731972031250003 0.3669553 0.42560042343750004 0.3704711828125 0.44129027968749995 0.3725472734375 0.4512599828125 0.369328634375 0.4627824453125 0.3613238390625 0.46561547968749994 0.35564826250000003 0.46656918125 0.3420096890625
1 0.322799925 0.325103734375 0.31337519375 0.3205289046875 0.29882936875 0.3195117609375 0.2814505109375 0.32417019375 0.27248859375 0.33039614687499996 0.2696555578125 0.3360717234375 0.27799034375 0.35623349375 0.29185495625 0.366992475 0.3123934203125 0.369407609375 0.334158075 0.3542874421875 0.3352480203125 0.3387005046875 0.33309620156249997 0.33463424375 0.322799925 0.325103734375
1 0.2095929203125 0.3240401578125 0.2038727703125 0.31874542968749997 0.1850233078125 0.3095957734375 0.17775039374999999 0.3090872015625 0.16778068906250002 0.3123058390625 0.1536976796875 0.322089478125 0.1483041 0.3295438984375 0.147759128125 0.33733736875 0.1587907046875 0.3537719265625 0.1705034953125 0.3604646453125 0.18861765625 0.362710259375 0.1960268125 0.3612704640625 0.2128066140625 0.3477596125 0.21389655937500002 0.332172675 0.2095929203125 0.3240401578125
1 0.38550320625 0.40388835937499995 0.3783665375 0.401431421875 0.3564115546875 0.40185407343749996 0.34758588437500004 0.4061316578125 0.3394955109375 0.417313290625 0.3385418078125 0.4309518609375 0.342845446875 0.439084378125 0.355566025 0.4487844109375 0.361558665625 0.45018240625 0.369975609375 0.451749921875 0.3899150171875 0.44531264375 0.3992856609375 0.43324159062499995 0.39808754375 0.415536759375 0.38550320625 0.40388835937499995
1 0.2636067765625 0.40515400156250003 0.2397724609375 0.3976136609375 0.22495415 0.40049325312499995 0.21329544375 0.4104464140625 0.210598653125 0.4141736265625 0.20950870781250003 0.4297605640625 0.2161004046875 0.44001097343750006 0.22538889218749997 0.4465341703125 0.25077596875 0.44928835468750006 0.267147040625 0.44162260625 0.27254061875 0.434168184375 0.27363056406249997 0.418581246875 0.2636067765625 0.40515400156250003
1 0.1525515921875 0.4081566859375 0.142255315625 0.398626175 0.1304062828125 0.393881821875 0.118284759375 0.393034203125 0.10589075156250001 0.3960833171875 0.09167149687500001 0.40781532499999995 0.0907177953125 0.42145389531250005 0.095021434375 0.42958641249999996 0.1076057703125 0.4412348125 0.11602271093750001 0.442802328125 0.13427311718749999 0.443099575 0.148219884375 0.43526430625 0.1536134671875 0.42780988437499995 0.1547034109375 0.41222294687499994 0.1525515921875 0.4081566859375
1 0.45795779531249997 0.49999696406250005 0.442949153125 0.48817903906250004 0.4161455625 0.48826264375 0.4046230984375 0.4962674390625 0.39922951875 0.5037218609375 0.398548303125 0.5134636968749999 0.40271569375 0.5235445828125 0.410723909375 0.5309572 0.4190046109375 0.5344730828124999 0.4371187703125 0.536718696875 0.44452792499999993 0.5352789015625 0.45874718437500006 0.5235468953125 0.46226142968749995 0.50812948125 0.45795779531249997 0.49999696406250005
1 0.32388575468749997 0.4837691015625 0.3046275625 0.48046454531249994 0.29721840781250003 0.48190433906249996 0.283271640625 0.48973961250000003 0.27787805625 0.497194034375 0.27907617500000004 0.514898865625 0.28694814687500003 0.52425985 0.2952288453125 0.527775734375 0.318191615625 0.53036039375 0.337395721875 0.51701906875 0.3405012421875 0.50744675625 0.338621909375 0.49948376406249995 0.32388575468749997 0.4837691015625
1 0.657488109375 0.4336758140625 0.6401914046875 0.41974 0.6232212765625 0.41855333281249996 0.613251571875 0.42177197031249997 0.6042896546875001 0.427997925 0.5987598328125 0.43740070937500003 0.5982148609375 0.4451941796875 0.6023822515624999 0.45527506406249996 0.6126785296875 0.4648055765625 0.6233835328125 0.468490984375 0.629376171875 0.4698889765625 0.6441944828125 0.4670093875 0.658549984375 0.45332901249999996 0.6596399296875 0.4377420734375 0.657488109375 0.4336758140625
1 0.58590095 0.5167751984375 0.5795817390625 0.5026280562500001 0.5595882484375 0.49241945156250005 0.5399213265625 0.49495999375000005 0.5257020734375 0.5066919999999999 0.5244758859374999 0.52422730625 0.5266277015624999 0.5282935640625 0.536923978125 0.537824075 0.5452046765625 0.541339959375 0.5560459265625 0.543077 0.5708642375 0.5401974093749999 0.57726560625 0.5357503015625 0.5854922203124999 0.5226202984375 0.58590095 0.5167751984375
1 0.7686795359375 0.428724765625 0.7421484328125 0.424911634375 0.72961818125 0.4299091171875 0.72308056875 0.43630459374999997 0.7194300765625 0.45367037187500003 0.7214456515625 0.4596850015625 0.737598321875 0.47256187031249997 0.7605610921875 0.47514653281249997 0.7797651984375 0.46180520625000004 0.7830069625 0.450284525 0.7811276296874999 0.44232153125 0.7686795359375 0.428724765625
1 0.7173583578125 0.51813601875 0.7046377796875001 0.5084359843749999 0.6828190375000001 0.50691026875 0.672849334375 0.5101289078125 0.6637511734375 0.5183032296875 0.660236928125 0.53372064375 0.6622525 0.5397352671875 0.6724125359374999 0.5512141453125 0.6806932328124999 0.5547300296875 0.6963830890625 0.5568061171875 0.70379225 0.5553663234374999 0.720572046875 0.5418554734375001 0.7216619921875 0.5262685359375 0.7173583578125 0.51813601875
1 0.903024059375 0.44105589062500006 0.8950158484375 0.43364327031250005 0.8636361328125 0.42949109375 0.8471288171875001 0.43910520625 0.841190265625 0.454353096875 0.8430695953124999 0.462316090625 0.8555176921875001 0.47591286093749996 0.8615103281250001 0.4773108546875 0.8796244906249999 0.479556465625 0.88959419375 0.476337825 0.903813446875 0.4646058234375 0.90719145625 0.451136771875 0.903024059375 0.44105589062500006
1 0.8411341203125 0.5248333671875 0.8238374203125 0.5108975546875001 0.8117158984374999 0.510049934375 0.8094278359375 0.5079320421875 0.7995943765625 0.509202315625 0.7829508171875 0.52076479375 0.7794365671875 0.5361822078125 0.7858920234375 0.5483809859375001 0.7974685703125 0.5570220734375 0.8204313421875 0.559606734375 0.8254161921875 0.5579974171875001 0.8369386546875001 0.5499926187499999 0.8423322375 0.5425381984375 0.8411341203125 0.5248333671875
1 0.8904356078125 0.6036597968749999 0.878722815625 0.596967075 0.8569040796875 0.5954413609375 0.84309355625 0.6013282656250001 0.8351394234375 0.6105615281250001 0.8362012984374999 0.6302147265625 0.8417852078125 0.6374578234375 0.8523539687499999 0.6430915953125 0.8753167375 0.6456762578124999 0.894384603125 0.6342832984375 0.8980350953125 0.6169175171875 0.8960195203125 0.6109028921874999 0.8904356078125 0.6036597968749999
1 0.774395571875 0.6082718 0.7618112359375 0.5966233984375 0.7546745671874999 0.594166459375 0.7327195843750001 0.5945891125 0.721197121875 0.60259390625 0.7156672937499999 0.6119966953125 0.715122321875 0.619790165625 0.71928971875 0.62987105 0.7295859921875001 0.639401559375 0.7427153046875 0.643256490625 0.748707940625 0.644654484375 0.76110195 0.6416053703125 0.7726244109375 0.633600575 0.77829048125 0.6222494171874999 0.774395571875 0.6082718
1 0.6461799296875 0.5953903015625001 0.6360198968749999 0.5839114203125 0.6265951656250001 0.5793365921875 0.6046401859375 0.5797592453125 0.587860384375 0.5932700921875 0.5866341953124999 0.6108054 0.5887860140625001 0.614871659375 0.5990822890625 0.62440216875 0.607362990625 0.6279180531249999 0.6206285421875 0.6298246171875 0.628037696875 0.628384821875 0.64468125625 0.616822340625 0.6480592640625 0.6033532953125 0.6461799296875 0.5953903015625001
1 0.5002588546875 0.574418084375 0.48086441874999997 0.5730618921875 0.4758795703125 0.5746712140625 0.46705389375 0.5789487984374999 0.4590997671875 0.5881820640625001 0.4601616421875 0.607835259375 0.46803360937500005 0.6171962468750001 0.4763143125 0.62071213125 0.4968527765625 0.6231272671875 0.5106633046875 0.6172403656250001 0.51861743125 0.6080070984375 0.5175555578125 0.5883539 0.5002588546875 0.574418084375
1 0.39377979375 0.5816565515625001 0.3834835171875 0.5721260406249999 0.3716344828125 0.5673816875 0.361937265625 0.5667035921875 0.3495432578125 0.5697527078125 0.33518776093749997 0.5834330796875 0.336249634375 0.6030862781249999 0.348833971875 0.6147346781249999 0.3548266109375 0.6161326703125 0.3705164640625 0.6182087609375 0.3829104734375 0.6151596453125 0.394705425 0.6032581140625 0.3959316125 0.5857228125 0.39377979375 0.5816565515625001
1 0.272019603125 0.5809738265625 0.26542790781250003 0.5707234171875 0.257283446875 0.56525916875 0.2452981734375 0.5624631812499999 0.2306161 0.56339440625 0.22307070312500002 0.5667825671875 0.21113950781250002 0.580632465625 0.2103220484375 0.59232266875 0.21462568750000002 0.6004551859375 0.22263390312500003 0.6078678046875 0.23576321249999999 0.6117227375 0.244180153125 0.613290253125 0.261559015625 0.6086318187499999 0.2707934140625 0.5985091328125 0.27376269375 0.5908851875 0.272019603125 0.5809738265625
1 0.20702826093749999 0.5000713109375 0.20272462343750003 0.49193879375 0.1947164078125 0.48452617499999995 0.182867375 0.4797818203125 0.165761 0.48054352187499993 0.148245896875 0.487150321875 0.14129955624999999 0.49939089843750006 0.142906403125 0.511250628125 0.1577788 0.5250169203125 0.1684838046875 0.5287023296875 0.17932505468749999 0.5304393703125 0.18673420937500002 0.5289995765625 0.20337776718749997 0.51743709375 0.206210803125 0.5117615125 0.20702826093749999 0.5000713109375
1 0.104143546875 0.560424265625 0.099158696875 0.5620335828125 0.0903330234375 0.5663111671875 0.0822426515625 0.5774928015625 0.08128895 0.591131371875 0.085592584375 0.5992638890624999 0.0983131640625 0.608963921875 0.106730109375 0.610531440625 0.122556209375 0.6106591609375001 0.141760315625 0.5973178375 0.14312274687499998 0.5778341625000001 0.1259622859375 0.5619499796875 0.104143546875 0.560424265625
1 0.8241057890624999 0.681253125 0.799998990625 0.6776095203125 0.786188465625 0.683496425 0.7782343390625 0.6927296875 0.77714439375 0.7083166249999999 0.781448028125 0.7164491421875 0.7954488828125 0.7252597546875 0.8184116515625 0.7278444171875 0.83761575625 0.714503090625 0.83884194375 0.6969677843750001 0.834538309375 0.6888352671875 0.8241057890624999 0.681253125
1 0.6814805625 0.6654061140625 0.666934740625 0.6643889703125 0.6595255796874999 0.6658287671875 0.6454425703125 0.6756124046875 0.6427457828125 0.6793396171875 0.6415195953125 0.696874925 0.645823228125 0.705007440625 0.6573997796875 0.7136485296874999 0.6876354609375 0.716741759375 0.7044152625 0.703230909375 0.70564145 0.68569560625 0.6933296 0.67015046875 0.6814805625 0.6654061140625
1 0.5814569578125 0.6848433578125 0.5772895625000001 0.674762471875 0.55985661875 0.6627750234375 0.540462184375 0.6614188328124999 0.521258078125 0.67476015625 0.519895646875 0.69424383125 0.532343740625 0.7078406 0.5406244421874999 0.711356484375 0.55388999375 0.7132630484375 0.5612991484375 0.7118232546875001 0.5779427078125 0.700260771875 0.5807757421875 0.6945851921874999 0.5814569578125 0.6848433578125
1 0.4535137984375 0.6680651234375 0.44092946250000004 0.656416721875 0.4337927953125 0.6539597828125 0.41183781093749994 0.6543824359375 0.40301213750000003 0.6586600171875 0.395058009375 0.6678932843750001 0.39396806406249996 0.683480221875 0.3982716984375 0.6916127390625 0.40627991406249997 0.6990253578125001 0.414560615625 0.7025412421875 0.4302504734375 0.7046173312499999 0.440220178125 0.7013986921875001 0.45457567499999996 0.68771831875 0.45566561875 0.67213138125 0.4535137984375 0.6680651234375
1 0.31944175937499997 0.6518372625 0.29291065625 0.6480241312499999 0.2737065515625 0.6613654578125 0.2704647875 0.6728861359375 0.2723441203125 0.6808491296875 0.2883605484375 0.6956743703125 0.3113233171875 0.6982590296875 0.330527425 0.6849177015625 0.333905428125 0.67144865625 0.3318898546875 0.66543403125 0.31944175937499997 0.6518372625
1 0.1978178140625 0.6492061703124999 0.1883930828125 0.6446313406249999 0.1689986484375 0.6432751484375 0.1590289453125 0.6464937875000001 0.14993078437500001 0.654668109375 0.1462802921875 0.6720338875 0.1482958671875 0.678048515625 0.1561678390625 0.6874095015624999 0.1644485375 0.6909253859375 0.1849870046875 0.6933405203125 0.194956709375 0.6901218828125 0.204054865625 0.681947565625 0.20784160156249998 0.6626334140625 0.1978178140625 0.6492061703124999
1 0.13423887031249998 0.7397181734375 0.1300714796875 0.7296372875 0.1126385328125 0.7176498390625 0.0882592484375 0.717902965625 0.0689188984375 0.7331926609375 0.06782895312500001 0.7487795984375001 0.069980771875 0.75284585625 0.077988984375 0.7602584765625 0.09098205312499999 0.7660617765625 0.10667190625 0.7681378640625 0.114081065625 0.7666980671875 0.128164075 0.756914428125 0.1336938984375 0.74751164375 0.13423887031249998 0.7397181734375
1 0.2721517328125 0.7532777671875001 0.267984340625 0.7431968828125 0.2529757 0.7313789578125001 0.23115695937499997 0.7298532437499999 0.2261721046875 0.7314625625 0.2120890953125 0.7412462015625 0.209256065625 0.746921778125 0.210317934375 0.7665749765625 0.2229022703125 0.7782233781250001 0.22889491093749997 0.77962136875 0.2421604625 0.7815279359375 0.254554471875 0.7784788203125 0.2660769375 0.7704740250000001 0.271606759375 0.7610712375 0.2721517328125 0.7532777671875001
1 0.189805484375 0.8160458578125 0.1747968421875 0.8042279328124999 0.1603872609375 0.801262421875 0.1505538015625 0.8025326953125 0.1339102421875 0.8140951765625 0.12838041718749998 0.8234979656249999 0.1275629578125 0.8351881671875001 0.1458674484375 0.8521312968749999 0.1542843921875 0.853698815625 0.17637561875000002 0.8513277968749999 0.190594871875 0.8395957890625001 0.19410911875 0.8241783734375 0.189805484375 0.8160458578125
1 0.12091511875000001 0.8954180328125 0.1129069046875 0.8880054124999999 0.0963455046875 0.88097364375 0.07667858281249999 0.8835141875 0.0625955734375 0.893297825 0.0546414421875 0.902531090625 0.06068816875000001 0.9205749671874999 0.07098444375 0.930105478125 0.0792651453125 0.9336213609374999 0.09495499843750001 0.9356974515625 0.0999398515625 0.93408813125 0.11644716718749999 0.9244740171875 0.12184074687499999 0.9170195953125001 0.12091511875000001 0.8954180328125
1 0.39121513124999996 0.7576877046875 0.38691149375 0.7495551875 0.37190285156249997 0.737737259375 0.3450992625 0.737820865625 0.328455703125 0.749383346875 0.32494145625000004 0.7648007625 0.329245090625 0.7729332796875 0.341829428125 0.7845816796875 0.3478220671875 0.785979675 0.3659362296875 0.7882252859375 0.3709210796875 0.7866159671874999 0.3823073015625 0.780559540625 0.3902614296875 0.7713262734375 0.39121513124999996 0.7576877046875
1 0.5155358671875 0.756591584375 0.5005272265625 0.7447736593750001 0.47870848437499997 0.7432479437499999 0.4595043828125 0.75658926875 0.4581419515625 0.7760729421875 0.46029377031249996 0.7801392 0.47059004531250004 0.7896697109375 0.47887074687500003 0.7931855953125 0.49456059999999996 0.795261684375 0.499545453125 0.7936523625 0.518885803125 0.778362671875 0.5198395046875001 0.7647241015625 0.5155358671875 0.756591584375
1 0.6368873296875 0.7631194109375 0.6243029890625 0.751471009375 0.61716631875 0.7490140703125 0.605044796875 0.74816645 0.5926507921875 0.751215565625 0.5782952953125 0.7648959375 0.5772053500000001 0.7804828765625 0.5793571656250001 0.7845491359375 0.5919415015625 0.7961975375 0.602646509375 0.7998829453125 0.61106345 0.8014504609375 0.623457459375 0.7984013484375 0.634979925 0.7903965546875 0.640645990625 0.779045396875 0.6368873296875 0.7631194109375
1 0.75077554375 0.7544411484375 0.7289568078124999 0.752915434375 0.7177068281250001 0.7570234953125 0.7071921515625 0.768035603125 0.7062384500000001 0.781674171875 0.714981965625 0.7959908421875 0.7219823921875 0.8003961468749999 0.7473694656250001 0.8031503328125 0.7665735734375 0.7898090046874999 0.7677997609375 0.7722737000000001 0.7634961234375 0.7641411828125 0.75077554375 0.7544411484375
1 0.8891512234375 0.778801525 0.8811430078125 0.77138890625 0.8692939703125001 0.766644553125 0.8497632921875 0.7672367296875 0.832983490625 0.7807475796875 0.8298779749999999 0.790319890625 0.831757303125 0.7982828828125 0.8417810953125 0.8117101296874999 0.8500617921875 0.8152260124999999 0.8681759546875 0.8174716265624999 0.875585109375 0.8160318296875 0.8923649125 0.8025209796875 0.8954704328125 0.7929486703124999 0.8891512234375 0.778801525
1 0.8049797265624999 0.8502525078125001 0.7831609859374999 0.8487267921875 0.7639568828125001 0.8620681203125 0.7625944515625 0.8815517921874999 0.7647462703125 0.8856180515625001 0.7727544828124999 0.89303066875 0.7881718531249999 0.8990034921875001 0.7965887984375 0.9005710109375 0.808982803125 0.8975218937499999 0.8232020625 0.8857898890625 0.8222764296875 0.864188325 0.8049797265624999 0.8502525078125001
1 0.6931892421875 0.8463511453124999 0.6837645125 0.8417763140625001 0.6569609171875 0.84185991875 0.6427416640625 0.8535919265624999 0.6394999 0.8651126046875 0.6413792328125 0.8730755968749999 0.6573956609375 0.887900834375 0.682782734375 0.8906550203125001 0.6967295015625 0.882819746875 0.7021230859375 0.875365325 0.7010612125 0.85571213125 0.6931892421875 0.8463511453124999