1 0.0161711046875 0.2406437796875 0.033507175 0.24627500000000002 0.039903965624999996 0.2435939890625 0.0476759375 0.238187096875 0.056614620312499996 0.22046889531249997 0.053238837500000004 0.1971643328125 0.0473211640625 0.1888969671875 0.0363818828125 0.1805847359375 0.018198515625 0.1799659109375 0.011114134375 0.1840098640625 0.0030227500000000003 0.19671567031249998 0.000800271875 0.2044539484375 0.003120284375 0.2231854671875 0.007134889062499999 0.231892190625 0.0161711046875 0.2406437796875
1 0.2099157109375 0.18989333125000002 0.2110824203125 0.177582015625 0.20844299687499998 0.16614941562500002 0.19348911093750001 0.1491304609375 0.1848210734375 0.1463148484375 0.1657904078125 0.1507084234375 0.15547654375 0.1711525078125 0.15885232656249998 0.194457065625 0.1647699984375 0.20272443125 0.180043296875 0.21244447187499998 0.1997615546875 0.20668795625 0.2099157109375 0.18989333125000002
1 0.3649601640625 0.1625278703125 0.36871753125 0.148414259375 0.36343868281249997 0.12554905624999999 0.3427755984375 0.1098481734375 0.32374493125 0.11424174843749998 0.317188434375 0.12057222187500001 0.3115280015625 0.13512518906249998 0.31543166875 0.1607162703125 0.321349340625 0.1689836375 0.3385257046875 0.178264315625 0.35634089687500003 0.1729471578125 0.3649601640625 0.1625278703125
1 0.47285830625 0.12196307343749999 0.48173481406249996 0.13436412343749998 0.49024314375 0.14082919375 0.498911178125 0.14364480156249998 0.5148233015625 0.1387670046875 0.5206922078125 0.1337994734375 0.5268805265625 0.121533025 0.5285751203125 0.11150822812500001 0.5243520421875 0.0932160671875 0.51843436875 0.0849487 0.5074950890625 0.07663646874999999 0.4969239859375 0.0742602140625 0.48740865468749994 0.076457 0.4789490890625 0.08322683125 0.472760771875 0.09549328124999999 0.4705382921875 0.10323155312500001 0.47285830625 0.12196307343749999
1 0.6714026421875 0.10502620625 0.677799434375 0.10234519375 0.6886411828125001 0.084187634375 0.6836817453124999 0.0540235109375 0.6697836265625 0.0415775984375 0.651600259375 0.0409587734375 0.6393345625 0.04860731875 0.6331462453125 0.060873767187500004 0.6314516515624999 0.0708985640625 0.6362026140625 0.0914772453125 0.6549626359375 0.107617484375 0.6611997171875 0.10858593125 0.6714026421875 0.10502620625
1 0.130598928125 0.280456815625 0.1431840359375 0.2655093515625 0.14487863125 0.25548455625 0.13959978281250002 0.23261935625 0.1213676484375 0.21876563437500002 0.10180909687499999 0.22087269062499998 0.09525259999999999 0.227203159375 0.08959216875 0.24175613281250002 0.093495834375 0.267347209375 0.1018444578125 0.277461740625 0.11225585468749999 0.283487453125 0.118492940625 0.2844559 0.130598928125 0.280456815625
1 0.26640424375 0.24789949375 0.27887841406249997 0.2498363859375 0.2852752015625 0.2471553765625 0.2930471765625 0.2417484875 0.3006106734375 0.2267561578125 0.3023052703125 0.21673136249999997 0.2991379609375 0.20301224218749997 0.28418407343749996 0.1859932875 0.2755160375 0.18317767499999998 0.25838843749999996 0.18713189218749998 0.2518319421875 0.19346236562500002 0.246171509375 0.20801533437500003 0.24532420937500002 0.2130277296875 0.2500751734375 0.233606415625 0.26640424375 0.24789949375
1 0.42678971718750003 0.2132799796875 0.43736081718750003 0.21565623125000002 0.443757609375 0.2129752203125 0.4575581921875 0.198951340625 0.46046826249999995 0.189850125 0.456564596875 0.16425904375 0.4421385953125 0.1495266125 0.433470559375 0.14671099999999998 0.4163429625 0.15066521718749998 0.409786465625 0.15699569062500002 0.40412603281250004 0.171548659375 0.4032787328125 0.1765610546875 0.408029696875 0.197139740625 0.4163783203125 0.20725426875 0.42678971718750003 0.2132799796875
1 0.593940159375 0.1819154328125 0.6060461484374999 0.17791635 0.618103371875 0.1606823703125 0.6201173796874999 0.14335865625 0.6150470046875001 0.13007889374999998 0.6091293296875 0.12181152656250001 0.59819005 0.1134992953125 0.5919529671875 0.11253084375 0.5696440546875 0.1200896578125 0.563455734375 0.1323561078125 0.561761140625 0.1423809046875 0.564081153125 0.1611124234375 0.5790350390625 0.178131378125 0.593940159375 0.1819154328125
1 0.04256534375 0.354969790625 0.05313644375 0.35734604375 0.0633393703125 0.35378631875 0.07111134062499999 0.348379428125 0.07867484062499999 0.3333871 0.0782578953125 0.3142162234375 0.07128445312500001 0.30137581562500004 0.062248237500000005 0.292624225 0.0535802015625 0.2898086171875 0.0397308546875 0.290597596875 0.0312712890625 0.29736742656250004 0.025082971875 0.3096338765625 0.0241247375 0.33153062968749997 0.031098178124999997 0.34437103750000003 0.04256534375 0.354969790625
1 0.2015756359375 0.32307615625 0.2121467375 0.3254524078125 0.22044659375000003 0.322332040625 0.2335595875 0.3096710984375 0.23694877499999997 0.28962150625 0.23430935156250002 0.27818890625 0.2278637953125 0.2676350203125 0.2144935609375 0.2574756234375 0.1949350125 0.2595826796875 0.18975369687500002 0.2631872703125 0.1821901984375 0.2781796015625 0.1804956046875 0.2882043984375 0.18471868281249998 0.30649655937500003 0.1906363546875 0.314763925 0.2015756359375 0.32307615625
1 0.3576270890625 0.28704884062499997 0.36819819374999996 0.289425090625 0.37649805000000003 0.2863047234375 0.38427002187500003 0.28089783437500004 0.3932087046875 0.2631796265625 0.3903608078125 0.24216158906250002 0.38391525 0.23160770312499998 0.37297596875 0.22329547187499998 0.36430793281249996 0.220479859375 0.350986465625 0.22355536250000002 0.33771376875 0.23986576249999997 0.3360191734375 0.24989055625 0.3378113 0.2663355578125 0.3442568578125 0.2768894421875 0.3576270890625 0.28704884062499997
1 0.538786590625 0.2512458515625 0.543280315625 0.249004196875 0.5508438140624999 0.234011871875 0.55253840625 0.2239870765625 0.5448286078125 0.199274709375 0.5271243578125 0.1877075125 0.520887275 0.18673906093749998 0.5061906281249999 0.1925404453125 0.4945015828125 0.21571040468749997 0.500308315625 0.24086212499999998 0.5204435171874999 0.2542764875 0.5266805984375 0.25524493593750003 0.538786590625 0.2512458515625
1 0.6709454796875 0.21591778593750002 0.683259940625 0.221504140625 0.6939907484375001 0.22023093437500002 0.7055688531250001 0.21394532656249998 0.713132353125 0.1989530015625 0.7148269468749999 0.1889282046875 0.71060386875 0.17063604375000002 0.704686196875 0.1623686765625 0.6875098296875 0.153088 0.6703822328125 0.1570422171875 0.6671039859375 0.1602074515625 0.65763741875 0.175639134375 0.65699859375 0.190236975 0.6631247390625 0.208089778125 0.6709454796875 0.21591778593750002
1 0.1554095140625 0.3879232640625 0.1599032375 0.3856816125 0.16746673750000002 0.370689284375 0.16916133125 0.36066448906250004 0.1625073 0.340525165625 0.14427516875 0.32667144375 0.123341434375 0.3315043765625 0.11302757187500001 0.3519484609375 0.112708159375 0.3592473765625 0.1193621890625 0.379386703125 0.1308293546875 0.38998545625 0.139497390625 0.3928010671875 0.1554095140625 0.3879232640625
1 0.2922705984375 0.359938984375 0.309238490625 0.35963422500000003 0.31891353125 0.353787978125 0.3270049140625 0.341082171875 0.3281716234375 0.328770853125 0.32447643125000003 0.3127652140625 0.3076194765625 0.296185615625 0.29704837500000003 0.2938093625 0.28753304062499996 0.29600615 0.2737324578125 0.3100300296875 0.2706626796875 0.32278070312499996 0.27139903906249996 0.3346526640625 0.278900365625 0.3497795875 0.2922705984375 0.359938984375
1 0.47152703125000006 0.324575353125 0.48358425625 0.3073413734375 0.4852788484375 0.2973165765625 0.4810557703125 0.279024415625 0.47270714687500004 0.2689098875 0.457961734375 0.261476371875 0.4389310671875 0.265869946875 0.429464503125 0.2813016296875 0.4277699078125 0.2913264265625 0.43600759062499994 0.31832531249999996 0.45318395625 0.327605990625 0.459421040625 0.3285744359375 0.47152703125000006 0.324575353125
1 0.6116663625000001 0.29342583437499997 0.61790345 0.294394284375 0.6300094374999999 0.2903952015625 0.63587834375 0.2854276671875 0.6434418421875 0.2704353421875 0.644289140625 0.2654229421875 0.6384824078125 0.240271221875 0.6245842890625 0.2278253046875 0.615916253125 0.225009696875 0.600691721875 0.2285245578125 0.5879469078125 0.247121475 0.5862523140625 0.2571462703125 0.5904753921875 0.275438434375 0.5988240140625 0.2855529609375 0.6116663625000001 0.29342583437499997
1 0.09385915156249999 0.45993469375 0.10401331093749999 0.443140071875 0.10570790468749999 0.43311527656250004 0.0995817578125 0.4152624703125 0.08568364218749999 0.4028165546875 0.0770156078125 0.400000946875 0.061791074999999994 0.40351580781249996 0.055234578125 0.40984627656250006 0.0495741453125 0.424399246875 0.0492547328125 0.43169816406250006 0.0564366484375 0.4541240109375 0.0741408984375 0.4656912109375 0.09385915156249999 0.45993469375
1 0.2504384953125 0.4261939 0.26143994843749996 0.40438687656249994 0.259647821875 0.3879418765625 0.2526743796875 0.37510146875 0.2393041453125 0.3649420765625 0.23116399531249998 0.3644129875 0.2145642828125 0.370653725 0.20922326249999998 0.377907778125 0.2053061890625 0.395670846875 0.21248810156250003 0.41809669375 0.2239552703125 0.42869544375 0.23262330625 0.4315110546875 0.2504384953125 0.4261939
1 0.38349344375 0.39908832968749997 0.39596761406250003 0.401025225 0.4023644046875 0.39834421249999996 0.408761196875 0.395663203125 0.419075059375 0.37521911874999997 0.41992235625 0.3702067234375 0.41517139218750004 0.34962804062499997 0.3988423234375 0.3353349625 0.388271221875 0.3329587078125 0.37875589062500004 0.3351554953125 0.370296325 0.341925325 0.3627328265625 0.356917653125 0.3618855296875 0.3619300515625 0.3671643765625 0.38479525312499996 0.38349344375 0.39908832968749997
1 0.5400727859375001 0.3653475328125 0.5549779078125 0.369131590625 0.5613746984375 0.36645058124999996 0.5724249171875 0.3578784546875 0.577238053125 0.34833788125 0.5789326453125 0.3383130875 0.5747095671875 0.3200209234375 0.5712228484375 0.3136007234375 0.5554216656250001 0.3015941640625 0.5377661796875 0.3032618625 0.5293066171875 0.3100316890625 0.52174311875 0.32502401875000003 0.520895821875 0.3300364140625 0.5261746703125 0.35290161875 0.5400727859375001 0.3653475328125
1 0.7038962125 0.323913328125 0.7172664453125 0.3340727203125 0.7323312734375 0.334207321875 0.7439093765625 0.327921715625 0.752848059375 0.3102035125 0.753167471875 0.3029045921875 0.74894439375 0.28461243125 0.7430267203125 0.276345065625 0.7258503546874999 0.2670643828125 0.710625821875 0.2705792421875 0.7021662609375 0.27734907343750004 0.695977940625 0.2896155234375 0.6948112328125 0.3019268390625 0.6974506578125 0.3133594421875 0.7038962125 0.323913328125
1 0.1802200984375 0.495389715625 0.1860890046875 0.4904221875 0.1950276859375 0.4727039796875 0.18731788437500002 0.4479916140625 0.17585071875 0.43739286406250005 0.16718268281249998 0.43457724999999997 0.1500550859375 0.4385314671875 0.1392133390625 0.4566890328125 0.1375187453125 0.46671382968749997 0.1412139390625 0.48271947187500003 0.155639940625 0.4974519078125 0.164307975 0.5002675156249999 0.1802200984375 0.495389715625
1 0.3012799984375 0.455398878125 0.3096286234375 0.4655134046875 0.3219430875 0.4710997609375 0.339758275 0.46578260312499997 0.3470023625 0.4580891921875 0.352662796875 0.443536225 0.350023371875 0.4321036234375 0.3513985546875 0.4293777421875 0.3489676015625 0.42753058125 0.346328178125 0.41609798124999997 0.330526996875 0.404091421875 0.309065378125 0.4066378359375 0.30250888125 0.4129683078125 0.295473265625 0.4302471546875 0.2951538546875 0.43754607187500005 0.3012799984375 0.455398878125
1 0.46377701406250005 0.42992544375 0.4747162953125 0.43823767656249996 0.4852873953125 0.44061393125 0.49549031875000005 0.43705420625 0.5018871093749999 0.434373190625 0.5099784953125 0.42166738437499995 0.5119925000000001 0.4043436734375 0.509353075 0.3929110671875 0.50047656875 0.380510021875 0.49006517031249996 0.374484309375 0.485731153125 0.37307650468750003 0.46860355625 0.37703072187500003 0.462047059375 0.38336119218750003 0.4558587421875 0.395627640625 0.4568035703125 0.41708504062499996 0.46377701406250005 0.42992544375
1 0.638380015625 0.4004529296875 0.6470480515625 0.40326854218749997 0.6648632421875 0.3979513859375 0.67073214375 0.392983853125 0.6750173968750001 0.381156759375 0.676711990625 0.37113196406250004 0.6724889125 0.3528398015625 0.666571240625 0.34457243593750003 0.65372889375 0.3366995609375 0.6493948734375 0.3352917578125 0.6322672765624999 0.339245975 0.6192030500000001 0.3651418125 0.6188836359375001 0.3724407328125 0.6244818984375 0.388007015625 0.638380015625 0.4004529296875
1 0.0927143984375 0.5721892125 0.10138243437500001 0.5750048265625 0.11539149062500001 0.57056638125 0.11988521562500001 0.5683247265625 0.128823896875 0.550606525 0.1299906046875 0.53829520625 0.127879065625 0.5291491234375 0.11900255781249999 0.5167480765625 0.10859116093750001 0.5107223640624999 0.1042571421875 0.5093145609375 0.085226478125 0.5137081359375 0.0743847296875 0.5318656953125 0.078288396875 0.5574567765625 0.0817751171875 0.56387698125 0.0927143984375 0.5721892125
1 0.27197082968749997 0.5368255859375 0.2826528734375 0.5223174796875 0.28413899374999996 0.5027072453125 0.279596503125 0.49171400312499997 0.25893341875 0.4760131203125 0.2526963328125 0.4750446734375 0.2399027515625 0.4804066953125 0.2282137078125 0.50357665625 0.2278942953125 0.5108755734375 0.23349255625 0.5264418609375 0.241841178125 0.5365563875 0.252252575 0.5425821 0.27197082968749997 0.5368255859375
1 0.39736475000000004 0.49824254999999995 0.40830402968749996 0.5065547828125 0.416972065625 0.5093703921875 0.4309811234375 0.50493195 0.43547484687500004 0.502690296875 0.44441352968750003 0.4849720890625 0.4405098625 0.4593810125 0.43702314375 0.45296080781250003 0.426083859375 0.44464857812499997 0.41741582343749994 0.4418329640625 0.402191290625 0.445347825 0.3956347953125 0.4516782984375 0.389446478125 0.46394474687500004 0.38827976875000003 0.4762560609375 0.391447078125 0.4899751859375 0.39736475000000004 0.49824254999999995
1 0.5816915578125 0.4761586859375 0.595700615625 0.4717202453125 0.6001943359374999 0.4694785890625 0.6091330203124999 0.451760384375 0.6099803171875 0.44674798437499996 0.605229353125 0.426169303125 0.5889002859375 0.411876225 0.5802322515625 0.4090606171875 0.566910784375 0.41213612031249997 0.5603542874999999 0.4184665890625 0.5527907859375001 0.43345891875 0.556694453125 0.45904999531249996 0.5711204578125 0.47378243124999997 0.5816915578125 0.4761586859375
1 0.76269135 0.44400515937499996 0.7767004078124999 0.4395667171875 0.78394449375 0.4318733078125 0.7896049265625 0.4173203390625 0.78675703125 0.3963022953125 0.7773526390625001 0.3816147296875 0.7669412421875 0.3755890171875 0.7473826906250001 0.37769607031249997 0.737547946875 0.38719177656250003 0.7313596296875 0.3994582265625 0.730512334375 0.404470625 0.735263296875 0.42504930781250005 0.749689296875 0.4397817421875 0.76269135 0.44400515937499996
1 0.2066143390625 0.6097157296875 0.2181436765625 0.590195228125 0.218990971875 0.585182828125 0.214240009375 0.564604146875 0.1935769234375 0.5489032640625 0.17782450625 0.55013160625 0.16936494375 0.55690143125 0.1631766265625 0.5691678796875 0.161482034375 0.5791926765625 0.1657051125 0.5974848374999999 0.1716227828125 0.6057522046875 0.186896084375 0.61547224375 0.2066143390625 0.6097157296875
1 0.338613521875 0.5780371234375 0.3516155734375 0.5822605359375 0.3618184953125 0.578700809375 0.37286871875 0.5701286875 0.3776818546875 0.560588115625 0.3788485640625 0.5482767953125001 0.376209140625 0.5368441953125 0.3697635828125 0.5262903109375 0.3563933515625 0.5161309171874999 0.3368348 0.51823796875 0.32837523750000003 0.5250078 0.3235621 0.5345483718749999 0.32186750468750003 0.5445731671875 0.32661846875 0.5651518484375 0.338613521875 0.5780371234375
1 0.53843550625 0.5319045828125 0.5435680546875 0.515065090625 0.53828920625 0.49219988593749997 0.5200570718749999 0.4783461703125 0.5119169203125 0.4778170765625 0.4972202734375 0.48361846093749994 0.48690640937499996 0.5040625390625 0.48658699843750003 0.511361459375 0.4932410265625 0.5315007828125 0.5133762265625 0.544915146875 0.53119141875 0.5395979890625 0.53843550625 0.5319045828125
1 0.6751368859375 0.50756975625 0.683804921875 0.5103853671875 0.694535728125 0.5091121609375 0.7028355859375 0.5059917921875 0.71092696875 0.4932859859375 0.7139967453125 0.480535309375 0.7127325046874999 0.46637683125 0.7057590609375 0.4535364234375 0.6948197796875 0.44522419218750003 0.6861517453125 0.442408584375 0.6709272125 0.44592344375000004 0.6643707156249999 0.45225391249999997 0.6568072140625001 0.4672462421875 0.6607108828125 0.4928373203125 0.6751368859375 0.50756975625
1 0.1016128609375 0.6845334640625 0.1165667453125 0.7015524203125 0.12523478125 0.70436803125 0.1411469078125 0.699490228125 0.1470158109375 0.6945227 0.152676246875 0.6799697296875 0.15384295312500001 0.6676584109375 0.1517314140625 0.6585123296875001 0.145285859375 0.6479584453125 0.134346575 0.6396462140625 0.12377547343749999 0.6372699578125001 0.1142601421875 0.6394667453125 0.10580058125 0.6462365765625 0.0996122625 0.658503025 0.0984455515625 0.670814340625 0.1016128609375 0.6845334640625
1 0.26717964843750003 0.646309359375 0.2756879796875 0.6527744281250001 0.284356015625 0.6555900375 0.29836506875 0.6511515953125 0.304233975 0.6461840671875 0.31042229374999997 0.6339176171875 0.31158900312500004 0.621606296875 0.3078938109375 0.6056006593750001 0.2995451859375 0.5954861265625 0.289133790625 0.58946041875 0.269575240625 0.5915674703125 0.2643939265625 0.5951720671875 0.25683042500000003 0.61016439375 0.2556637171875 0.6224757078125001 0.258303140625 0.6339083078125001 0.26717964843750003 0.646309359375
1 0.4658349234375 0.6124881328125 0.47170382968749996 0.6075206046875 0.47821156093750006 0.5879552343750001 0.4729327125 0.56509003125 0.4547005796875 0.5512363140625001 0.446560428125 0.5507072203125001 0.43186378124999997 0.5565086046875 0.4223972140625 0.5719402875 0.42070262031250005 0.5819650843749999 0.4249256984375 0.6002572453125 0.4308433703125 0.6085246125 0.44801973593750005 0.617805290625 0.4658349234375 0.6124881328125
1 0.5839359890625 0.568363609375 0.6002650578125001 0.5826566875 0.6089330953125 0.5854723 0.621039084375 0.581473215625 0.6274358765625 0.5787922015625 0.6363745562500001 0.5610739984374999 0.6372218546874999 0.5560615984374999 0.6319430078125 0.5331963984375 0.6254974484375 0.5226425124999999 0.617517003125 0.5184639625 0.6069459015625001 0.5160877125 0.5974305703125 0.5182844984375 0.5903461890624999 0.5223284484375 0.5808796203125 0.5377601328125 0.579185025 0.5477849296875 0.5839359890625 0.568363609375
1 0.8130403312500001 0.5275126671875 0.80828936875 0.50693398125 0.799940746875 0.4968194546875 0.78519533125 0.4893859390625 0.768067734375 0.49334015625000005 0.7582329875 0.5028358625 0.7539477359375 0.5146629546875 0.760282353125 0.542101196875 0.763241190625 0.5462348796875001 0.7809454375 0.5578020796875001 0.804469828125 0.5511668515625 0.8130403312500001 0.5275126671875
1 0.2189995203125 0.7284801812499999 0.23300857812500003 0.7240417406249999 0.23887748437499998 0.7190742109375 0.2472882796875 0.699069484375 0.2425373171875 0.678490803125 0.2237772984375 0.6623505625 0.20612181562499998 0.66401825625 0.19766224999999998 0.6707880875 0.1914739328125 0.6830545375 0.1897793390625 0.6930793328125 0.1934745328125 0.709084975 0.19696125312499999 0.715505175 0.21276243906249998 0.7275117343749999 0.2189995203125 0.7284801812499999
1 0.4006381375 0.6817288203125 0.4095768203125 0.6640106125 0.41042411718749994 0.6589982171875 0.40567315312499996 0.6384195328125 0.38744101875000003 0.624565815625 0.365979403125 0.6271122250000001 0.3546097703125 0.6429832703125 0.3529151765625 0.6530080671875 0.3576661390625 0.6735867468750001 0.37832922343750003 0.6892876296875 0.38906003437500003 0.6880144234375 0.4006381375 0.6817288203125
1 0.5584329546875 0.6489116046875 0.569434409375 0.62710458125 0.5702817062500001 0.622092184375 0.566058628125 0.6038000234374999 0.555279053125 0.5918383296874999 0.5429645890625 0.5862519749999999 0.52255874375 0.59337143125 0.515842540625 0.6033513578125 0.5127727656250001 0.616102034375 0.517523728125 0.6366807156250001 0.5258723515625 0.64679524375 0.5406177671875 0.654228759375 0.5584329546875 0.6489116046875
1 0.7360569671875 0.59345351875 0.7363763796875 0.5861545984375 0.7297223500000001 0.5660152765625 0.713921165625 0.5540087171875 0.6962656828125 0.555676415625 0.6824650984375 0.5697002953125 0.679395321875 0.5824509671875 0.68118745 0.5988959671874999 0.6966692203125 0.6182014421875001 0.7053372578125 0.6210170546875 0.7250555140625 0.615260540625 0.7360569671875 0.59345351875
1 0.12906287031250002 0.8034325171875001 0.14000215 0.8117447484375001 0.1486701859375 0.8145603593749999 0.16267924218750002 0.8101219140625 0.1690760328125 0.8074409046875 0.1744170546875 0.8001868546875001 0.17748683125 0.787436178125 0.175694703125 0.77099118125 0.1668181953125 0.75859013125 0.158309865625 0.7521250609375 0.1420295640625 0.7510668828125 0.1283886859375 0.7614413046874999 0.12495073281249999 0.768255996875 0.122936725 0.7855797109375 0.1255761484375 0.7970123124999999 0.12906287031250002 0.8034325171875001
1 0.3083193 0.7680688859375 0.3261344921875 0.7627517296875 0.3333785796875 0.755058321875 0.338511128125 0.7382188296875001 0.3332322796875 0.7153536296875 0.3193341640625 0.7029077125 0.3106661296875 0.7000921046874999 0.29734466249999997 0.7031676078125 0.2888851 0.7099374328125 0.2832246640625 0.724490403125 0.28237736875 0.729502803125 0.28712833125000004 0.7500814828125 0.293046003125 0.75834885 0.3083193 0.7680688859375
1 0.4532230046875 0.714143896875 0.46659323593749996 0.7243032953124999 0.4752612703125 0.7271189031249999 0.48356113125 0.7239985359375 0.49186098749999996 0.7208781656250001 0.5007996671875 0.703159959375 0.5024942609374999 0.6931351640625001 0.49879906875 0.677129525 0.492881396875 0.6688621593749999 0.47951116406249994 0.6587027609375 0.45995261249999997 0.6608098171875 0.45339611562500004 0.667140290625 0.4458326171875 0.6821326156249999 0.444665909375 0.69444393125 0.4467774484375 0.7035900125000001 0.4532230046875 0.714143896875
1 0.6141363625 0.6818109078125001 0.625603528125 0.692409659375 0.6342715640625001 0.6952252718749999 0.6501836875 0.690347471875 0.6560525921875 0.6853799390625 0.6622409109375 0.6731134890625 0.6639355046875 0.6630886921875 0.6597124265625001 0.64479653125 0.6532668703125 0.6342426453125001 0.640424521875 0.626369771875 0.6360905031249999 0.62496196875 0.61896290625 0.6289161859375 0.6075932734375 0.6447872265625 0.6058986796875 0.6548120234375 0.6076908046875 0.6712570234374999 0.6141363625 0.6818109078125001
1 0.2228276078125 0.8275446703125 0.2361978390625 0.8377040640625 0.2448658734375 0.840519671875 0.2550688 0.836959946875 0.262840771875 0.8315530578124999 0.270404271875 0.8165607328125001 0.27262675000000003 0.8088224546875 0.26893155625 0.7928168125 0.25397766875 0.7757978578125 0.247212703125 0.772542890625 0.23336335 0.773331871875 0.22162553906250002 0.7832669359375 0.216812403125 0.7928075078125 0.215117809375 0.8028323046875 0.21934088749999997 0.8211244656250001 0.2228276078125 0.8275446703125
1 0.39468024687500003 0.8035239078125 0.40091733124999995 0.8044923546874999 0.418732521875 0.7991751984375 0.429733975 0.7773681781249999 0.4305812734375 0.7723557796875 0.42635819531249997 0.7540636187499999 0.420440521875 0.745796253125 0.4075981765625 0.737923378125 0.40326415625 0.736515575 0.388039625 0.740030434375 0.381483128125 0.746360903125 0.37529480937500004 0.7586273515624999 0.3736002140625 0.7686521484375 0.37729540781250004 0.7846577906250001 0.39468024687500003 0.8035239078125
1 0.5645810515624999 0.7667076078124999 0.584299309375 0.7609510937499999 0.5944534671875 0.744156471875 0.5961480609375001 0.734131675 0.5919249828125001 0.7158395140625 0.5860073109374999 0.707572146875 0.5750680312500001 0.699259915625 0.5707340125 0.6978521125 0.5517033484375 0.7022456874999999 0.5451468515625 0.7085761546875 0.5394864140625 0.723129125 0.5433900828125 0.7487202046875 0.55173870625 0.7588347328125 0.5645810515624999 0.7667076078124999
1 0.71317995 0.7287882625 0.7254944109375 0.73437461875 0.7317314968749999 0.7353430640624999 0.7438374859375 0.73134398125 0.751609459375 0.72593709375 0.7564225953125 0.7163965203125 0.7568529453124999 0.69221324375 0.74692066875 0.6752391531249999 0.740843290625 0.6706212500000001 0.729744303125 0.6659584749999999 0.7164228375 0.669033978125 0.7079632734375 0.6758038046875 0.70177495625 0.6880702578125 0.7009276609375 0.6930826531250001 0.707262278125 0.720520896875 0.71317995 0.7287882625
1 0.168827340625 0.9279179234375 0.1793984453125 0.930294175 0.18579523281250002 0.9276131624999999 0.1968454546875 0.9190410421875 0.203033771875 0.9067745875 0.20388107187500001 0.9017621921875 0.1980743390625 0.87661046875 0.1841762203125 0.8641645562500001 0.1736051171875 0.8617883015625001 0.1640897859375 0.8639850875 0.1556302203125 0.87075491875 0.14944190468750002 0.88302136875 0.1477473109375 0.8930461624999999 0.1524982734375 0.9136248453125001 0.168827340625 0.9279179234375
1 0.2683012796875 0.9507120015625 0.279032090625 0.9494387984375001 0.2854288765625 0.946757784375 0.29764580625 0.9258743453125 0.2984931046875 0.9208619468749999 0.2937421421875 0.9002832640625 0.27931613906249997 0.885550828125 0.2587018203125 0.8830848437500001 0.24886707343749997 0.8925805499999999 0.24267875781249998 0.904847 0.24098416406249998 0.9148717953125001 0.2452072421875 0.9331639578125 0.25963324375 0.94789639375 0.2683012796875 0.9507120015625
1 0.342485515625 0.8769880109375 0.35406361875000003 0.8707024046875 0.36162711718749996 0.855710078125 0.36416900937499996 0.8406728828125001 0.3531809609375 0.8191257546875 0.3341015296875 0.810284434375 0.31559875000000004 0.816964528125 0.3080352484375 0.83195685625 0.30634065625 0.8419816499999999 0.31056373437499996 0.8602738140625 0.3164814046875 0.868541178125 0.3274206890625 0.876853409375 0.342485515625 0.8769880109375
1 0.4853752078125 0.8403867343750001 0.4940432453125 0.8432023484375 0.508052303125 0.83876390625 0.5125460265624999 0.83652225 0.523387775 0.8183646890625 0.5200119921875 0.7950601265625 0.506961171875 0.7776018140625001 0.49205605312499995 0.773817759375 0.48254072031249995 0.776014546875 0.47408115781250004 0.7827843718749999 0.467892840625 0.7950508234375 0.46587883281250003 0.8123745375 0.4674624875 0.8192340984375001 0.4739080453125 0.829787984375 0.4853752078125 0.8403867343750001
1 0.4399454453125 0.9171058046875 0.4511553734375 0.9048842203125 0.456447628125 0.884395271875 0.45486397343749996 0.8775357093749999 0.4449316953125 0.8605616203125 0.43642336562499995 0.8540965515625001 0.4239491953125 0.8521596562499999 0.4106277328125 0.855235159375 0.3984108 0.8761186015625 0.4028423515625 0.9039962015624999 0.4153652859375 0.9191679953125 0.429742521875 0.9206655296875 0.4399454453125 0.9171058046875
1 0.611762725 0.836495996875 0.5910996390625 0.8207951140624999 0.568790725 0.8283539234375 0.559004746875 0.8510845265625001 0.5667145484375 0.8757968921874999 0.5849466796875 0.8896506140625 0.6046649375 0.8838940984375 0.611909025 0.8762006890625 0.6170415734375 0.859361196875 0.611762725 0.836495996875
1 0.6530535375000001 0.8113087109375 0.6592906234375 0.8122771625 0.673299678125 0.8078387171875001 0.6810716515624999 0.8024318296875 0.6872599687500001 0.7901653796875 0.6889545640625 0.7801405828125 0.6847314859375 0.761848421875 0.6697775984375001 0.7448294671875 0.6611095625 0.7420138546875 0.6420788984375 0.746407428125 0.6312371484375 0.76456499375 0.6300704390625 0.776876309375 0.6332377484375 0.7905954328125 0.642642140625 0.8052829984375001 0.6530535375000001 0.8113087109375
1 0.7437484984375 0.8481715390625 0.752416534375 0.8509871515625 0.7683286609375 0.8461093515625 0.7741975640625001 0.8411418171875 0.780385884375 0.82887536875 0.7815525921875001 0.816564053125 0.7783852828125 0.8028449296875 0.7634313984375 0.7858259750000001 0.7504293421875 0.781602559375 0.7390109453125 0.784238703125 0.725738246875 0.8005491046875 0.723196353125 0.8155862984375 0.7263636625000001 0.8293054203124999 0.7328092203125001 0.8398593062499999 0.7437484984375 0.8481715390625