1 0.126953125 0.1615147890625 0.12109375 0.14937081875 0.1142578125 0.143298834375 0.1044921875 0.13844124687499998 0.09277343593750001 0.13844124687499998 0.0849609375 0.143298834375 0.076171875 0.15422840625 0.07421875 0.178516346875 0.080078125 0.19308910625 0.0888671875 0.2015898859375 0.09277343593750001 0.2040186796875 0.109375 0.20280428437500003 0.1142578125 0.2015898859375 0.123046875 0.1906603140625 0.126953125 0.178516346875 0.126953125 0.1615147890625
1 0.20703125 0.108081325 0.203125 0.0983661515625 0.1923828125 0.087436575 0.1865234359375 0.0850077828125 0.1689453109375 0.087436575 0.16015625 0.0959373546875 0.15625 0.10565253125 0.154296875 0.1129389109375 0.15625 0.12994046875 0.1669921875 0.14572763125 0.1748046890625 0.1505852171875 0.189453125 0.14937081875 0.1943359375 0.14815642499999998 0.205078125 0.1347980546875 0.20703125 0.12994046875 0.20703125 0.108081325
1 0.283203125 0.178516346875 0.28125 0.176087553125 0.28125 0.16637237656249998 0.2666015640625 0.14815642499999998 0.2470703109375 0.14572763125 0.23046875 0.16637237656249998 0.23046875 0.1906603140625 0.236328125 0.20280428437500003 0.2470703109375 0.2113050625 0.265625 0.2100906640625 0.2724609375 0.2064474765625 0.28125 0.1906603140625 0.28125 0.180945140625 0.283203125 0.178516346875
1 0.357421875 0.108081325 0.3466796890625 0.094722959375 0.3427734359375 0.09229416562500001 0.3271484359375 0.09229416562500001 0.3125 0.10565253125 0.30859375 0.11536770468749999 0.30859375 0.1347980546875 0.3232421875 0.1554428046875 0.3271484359375 0.1578715984375 0.34375 0.156657203125 0.3505859375 0.1530140109375 0.359375 0.13965564531250002 0.361328125 0.1202252953125 0.357421875 0.108081325
1 0.4375 0.180945140625 0.43359375 0.1688011703125 0.4248046890625 0.1578715984375 0.4169921875 0.1530140109375 0.4052734359375 0.1530140109375 0.3955078125 0.1578715984375 0.38671875 0.1688011703125 0.3847656265625 0.17365875625 0.3847656265625 0.197946696875 0.4013671875 0.2185914421875 0.41796875 0.2173770484375 0.4267578125 0.21373385625000002 0.43359375 0.20280428437500003 0.4375 0.1906603140625 0.4375 0.180945140625
1 0.513671875 0.11779650156249999 0.4990234359375 0.099580546875 0.4931640625 0.09715175312499999 0.4755859375 0.099580546875 0.466796875 0.11051011875000001 0.4628906265625 0.1202252953125 0.4609375015625 0.12994046875 0.4628906265625 0.14208443906249998 0.470703125 0.156657203125 0.4775390625 0.162729184375 0.49609375 0.1615147890625 0.5068359375 0.1554428046875 0.51171875 0.1469420265625 0.515625 0.1347980546875 0.513671875 0.11779650156249999
1 0.671875 0.12508288125 0.66796875 0.11536770468749999 0.6552734359375 0.1044381328125 0.6376953109375 0.1044381328125 0.623046875 0.11779650156249999 0.6191406265625 0.127511675 0.6191406265625 0.1445132328125 0.623046875 0.156657203125 0.6298828125 0.165157978125 0.6376953109375 0.17001556874999998 0.6503906265625 0.1688011703125 0.6650390625 0.160300390625 0.669921875 0.15179961250000001 0.671875 0.1469420265625 0.671875 0.12508288125
1 0.8359375015625 0.15422840625 0.8339843734375 0.127511675 0.8212890625 0.11172451718750001 0.8134765640625 0.1092957234375 0.7958984359375 0.11172451718750001 0.783203125 0.12994046875 0.78125 0.13965564531250002 0.783203125 0.156657203125 0.7958984359375 0.1748731546875 0.7998046890625 0.1773019484375 0.814453125 0.176087553125 0.8212890625 0.1748731546875 0.8271484359375 0.17001556874999998 0.8339843734375 0.159085996875 0.8359375015625 0.15422840625
1 0.58984375 0.180945140625 0.5859375015625 0.1712299625 0.5732421875 0.160300390625 0.5556640625 0.160300390625 0.54296875 0.17365875625 0.5390624984375 0.1833739328125 0.5390624984375 0.200375490625 0.54296875 0.21251945781249998 0.5498046890625 0.22102023593750003 0.5576171875 0.22587782656250002 0.5722656265625 0.224663428125 0.5791015640625 0.22102023593750003 0.5878906265625 0.2100906640625 0.591796875 0.19551790468750002 0.58984375 0.180945140625
1 0.748046875 0.1833739328125 0.7353515640625 0.16758677500000002 0.7294921875 0.165157978125 0.7099609375 0.16758677500000002 0.703125 0.17365875625 0.6972656265625 0.18580272656250002 0.6953124984375 0.19308910625 0.6972656265625 0.21251945781249998 0.7119140625 0.23073541406250003 0.73046875 0.2295210140625 0.7373046890625 0.22587782656250002 0.74609375 0.21494825468749998 0.75 0.20523307812499997 0.748046875 0.1833739328125
1 0.123046875 0.270810509375 0.10839843593750001 0.2525945578125 0.09082031093750001 0.2501657640625 0.0849609375 0.2525945578125 0.07226562656249999 0.268381715625 0.07031249843750001 0.290240859375 0.07421875 0.30238482968749997 0.08105468906249999 0.310885609375 0.09667968906249999 0.3181719890625 0.10156249843750001 0.31695759375 0.1162109375 0.308456815625 0.12109375 0.2999560375 0.123046875 0.29509845 0.123046875 0.270810509375
1 0.27734375 0.2805256859375 0.2626953109375 0.262309734375 0.2548828125 0.2598809375 0.2412109375 0.262309734375 0.2265624984375 0.2805256859375 0.2265624984375 0.30481362343749996 0.2412109375 0.3230295796875 0.2470703109375 0.3254583734375 0.2597656265625 0.3242439734375 0.2705078125 0.3181719890625 0.27734375 0.3072424171875 0.279296875 0.2999560375 0.27734375 0.2805256859375
1 0.359375 0.2368073984375 0.3535156265625 0.219805840625 0.3408203109375 0.20887626875 0.3232421875 0.20887626875 0.3193359375 0.2113050625 0.310546875 0.222234634375 0.3066406265625 0.2368073984375 0.310546875 0.2610953359375 0.3212890625 0.2720249078125 0.3291015640625 0.27688249374999996 0.33203125 0.27566809999999997 0.3466796890625 0.2695961140625 0.35546875 0.25866654218749996 0.359375 0.246522571875 0.359375 0.2368073984375
1 0.5097656265625 0.2343786046875 0.4951171875 0.21616265 0.4755859375 0.21616265 0.4609375015625 0.23194980781250002 0.4589843734375 0.2368073984375 0.4589843734375 0.25623774843749997 0.4628906265625 0.26595292187499997 0.4716796890625 0.27688249374999996 0.4755859375 0.2793112875 0.4941406265625 0.27809689375 0.5009765640625 0.27688249374999996 0.5097656265625 0.2610953359375 0.51171875 0.25380895625 0.5097656265625 0.2343786046875
1 0.66796875 0.24166498593750002 0.6640624984375 0.23194980781250002 0.6533203109375 0.22102023593750003 0.6474609375 0.2185914421875 0.6396484359375 0.2185914421875 0.6240234359375 0.22587782656250002 0.6191406265625 0.23194980781250002 0.6152343734375 0.24409377812500002 0.6152343734375 0.270810509375 0.6298828125 0.28416887812499997 0.640625 0.28538327343750003 0.6552734359375 0.28174008125 0.6640624984375 0.270810509375 0.66796875 0.2610953359375 0.66796875 0.24166498593750002
1 0.8193359375 0.23316420624999998 0.8115234359375 0.2283066203125 0.7978515640625 0.2283066203125 0.7900390625 0.23316420624999998 0.779296875 0.246522571875 0.77734375 0.25138015937499997 0.77734375 0.27323930625 0.783203125 0.28538327343750003 0.7939453109375 0.29388405156249997 0.8125 0.29266965625 0.8173828125 0.2914552578125 0.828125 0.27809689375 0.830078125 0.24895136562500003 0.8193359375 0.23316420624999998
1 0.0849609375 0.3667478671875 0.07031249843750001 0.38496381875 0.07031249843750001 0.409251759375 0.07226562656249999 0.416538140625 0.0869140625 0.42989650625 0.10546875 0.4286821109375 0.12109375 0.409251759375 0.12109375 0.3873926125 0.1044921875 0.3667478671875 0.0849609375 0.3667478671875
1 0.1845703109375 0.3133144015625 0.1630859375 0.3133144015625 0.15234375 0.3242439734375 0.1484375015625 0.3339591515625 0.1484375015625 0.35581829531250003 0.1650390625 0.37646304062499997 0.18359375 0.3752486453125 0.19921875 0.35581829531250003 0.19921875 0.3339591515625 0.1953124984375 0.3242439734375 0.1845703109375 0.3133144015625
1 0.3535156265625 0.343674325 0.3427734359375 0.3254583734375 0.3271484359375 0.32060078281250004 0.3115234359375 0.32788716562500003 0.3066406265625 0.3339591515625 0.3027343734375 0.34124553125 0.3027343734375 0.36553346875 0.3066406265625 0.3752486453125 0.3193359375 0.3861782171875 0.3359375015625 0.38496381875 0.3427734359375 0.38132063125000004 0.3515624984375 0.370391059375 0.3535156265625 0.36553346875 0.3535156265625 0.343674325
1 0.4316406265625 0.290240859375 0.4208984359375 0.27445370156250004 0.4130859375 0.2695961140625 0.3994140625 0.2695961140625 0.3847656265625 0.2829544796875 0.3808593734375 0.290240859375 0.37890625 0.30481362343749996 0.3828124984375 0.3193863875 0.3935546890625 0.33274475312499996 0.4033203109375 0.3376023390625 0.408203125 0.3363879453125 0.4150390625 0.335173546875 0.4277343734375 0.3242439734375 0.4316406265625 0.3145288 0.4316406265625 0.290240859375
1 0.5878906265625 0.30481362343749996 0.5839843734375 0.29266965625 0.5732421875 0.2793112875 0.5693359375 0.27688249374999996 0.5537109375 0.27688249374999996 0.5478515640625 0.2793112875 0.5371093734375 0.29266965625 0.533203125 0.30238482968749997 0.533203125 0.3145288 0.5371093734375 0.3266727671875 0.5458984359375 0.3400311359375 0.5556640625 0.3448887234375 0.5625 0.343674325 0.5693359375 0.3424599296875 0.58203125 0.3315303578125 0.5859375015625 0.32181518124999997 0.5878906265625 0.30481362343749996
1 0.7294921875 0.28174008125 0.7119140625 0.28174008125 0.7021484359375 0.289026465625 0.6933593734375 0.30481362343749996 0.6933593734375 0.3291015609375 0.7080078125 0.3448887234375 0.7138671875 0.3473175171875 0.73046875 0.34610311875 0.7441406265625 0.3291015609375 0.74609375 0.32181518124999997 0.7441406265625 0.29752724375 0.7294921875 0.28174008125
1 0.2753906265625 0.3971077890625 0.26953125 0.3825350265625 0.2607421875 0.37403424687500003 0.2490234359375 0.37403424687500003 0.2470703109375 0.37160545312500004 0.2373046890625 0.37403424687500003 0.2265624984375 0.38496381875 0.22265625 0.394678996875 0.22265625 0.414109346875 0.2333984359375 0.4323252984375 0.2412109375 0.43718288593750004 0.2558593734375 0.435968490625 0.2607421875 0.4347540921875 0.2714843734375 0.4213957265625 0.2753906265625 0.41168055312499996 0.2753906265625 0.3971077890625
1 0.11914062656249999 0.503974715625 0.11523437343750001 0.49425954218749996 0.1044921875 0.4833299703125 0.0869140625 0.4809011765625 0.07714843593750001 0.48575876406249996 0.07031249843750001 0.49425954218749996 0.06640625 0.5064035125 0.06640625 0.5209762734375001 0.07421875 0.5379778296875 0.08105468906249999 0.544049815625 0.0869140625 0.546478609375 0.09960937343750001 0.5452642140624999 0.1044921875 0.544049815625 0.11914062656249999 0.5234050671875 0.12109375 0.5185474796875 0.11914062656249999 0.503974715625
1 0.1933593734375 0.44568366406250004 0.1845703109375 0.4347540921875 0.1767578125 0.42989650625 0.1552734359375 0.4323252984375 0.1464843734375 0.4432548703125 0.142578125 0.460256428125 0.14453125 0.4724003984375 0.1552734359375 0.49061635 0.1650390625 0.495473940625 0.17578125 0.49425954218749996 0.1865234359375 0.4881875578125 0.1933593734375 0.4772579859375 0.1953124984375 0.46997160468750004 0.1933593734375 0.44568366406250004
1 0.34765625 0.44811246093749996 0.3369140625 0.4347540921875 0.3173828125 0.4323252984375 0.3056640625 0.43961168281249996 0.30078125 0.44811246093749996 0.298828125 0.4529700484375 0.298828125 0.4772579859375 0.3095703109375 0.49304514375 0.3173828125 0.49790273437500004 0.330078125 0.4966883359375 0.3388671875 0.49304514375 0.34765625 0.482115571875 0.3515624984375 0.462685221875 0.34765625 0.44811246093749996
1 0.4130859375 0.38374942500000003 0.3935546890625 0.38374942500000003 0.37890625 0.39953658281250004 0.376953125 0.4262533140625 0.3935546890625 0.4468980625 0.4140624984375 0.44568366406250004 0.42578125 0.43353969687499994 0.4296875015625 0.42382452031250006 0.4277343734375 0.4019653765625 0.4130859375 0.38374942500000003
1 0.5078124984375 0.35338950156250004 0.5058593734375 0.34853191093749997 0.4990234359375 0.3376023390625 0.4873046890625 0.33031595937499997 0.4697265640625 0.33274475312499996 0.45703125 0.34853191093749997 0.455078125 0.35824708906249997 0.455078125 0.36796226249999997 0.4589843734375 0.3825350265625 0.4736328125 0.398322184375 0.4765624984375 0.3971077890625 0.4951171875 0.3934645984375 0.50390625 0.3825350265625 0.5078124984375 0.372819853125 0.5078124984375 0.35338950156250004
1 0.580078125 0.4019653765625 0.5673828125 0.3910358046875 0.5498046890625 0.3910358046875 0.5419921875 0.395893390625 0.533203125 0.409251759375 0.533203125 0.435968490625 0.5419921875 0.44932685625 0.5498046890625 0.4541844421875 0.5703124984375 0.4529700484375 0.580078125 0.4432548703125 0.5839843734375 0.43353969687499994 0.5839843734375 0.41168055312499996 0.580078125 0.4019653765625
1 0.6640624984375 0.36067588125 0.6621093734375 0.35338950156250004 0.6494140625 0.3376023390625 0.6357421875 0.335173546875 0.6240234359375 0.3400311359375 0.6152343734375 0.3509607078125 0.611328125 0.36067588125 0.611328125 0.3776774390625 0.6152343734375 0.3873926125 0.6240234359375 0.398322184375 0.6337890625 0.403179775 0.642578125 0.4019653765625 0.6474609375 0.40075098125 0.66015625 0.3873926125 0.6640624984375 0.3776774390625 0.6640624984375 0.36067588125
1 0.73828125 0.4068229625 0.7275390625 0.395893390625 0.7236328125 0.3934645984375 0.7099609375 0.3934645984375 0.7021484359375 0.398322184375 0.69140625 0.41168055312499996 0.689453125 0.43353969687499994 0.6933593734375 0.44568366406250004 0.7021484359375 0.456613240625 0.7060546890625 0.4590420328125 0.7246093734375 0.45782763437499996 0.7314453109375 0.4541844421875 0.7402343734375 0.4432548703125 0.7421875015625 0.416538140625 0.73828125 0.4068229625
1 0.826171875 0.36553346875 0.8154296890625 0.349746309375 0.8076171875 0.3448887234375 0.7919921875 0.3448887234375 0.7841796890625 0.349746309375 0.7753906265625 0.36067588125 0.7734375015625 0.36553346875 0.7734375015625 0.389821409375 0.7802734359375 0.403179775 0.7919921875 0.4104661546875 0.8046875015625 0.41168055312499996 0.8154296890625 0.40560856875000006 0.82421875 0.394678996875 0.826171875 0.389821409375 0.826171875 0.36553346875
1 0.5058593734375 0.46754281249999996 0.4951171875 0.44932685625 0.4873046890625 0.44446926875 0.4716796890625 0.44446926875 0.4589843734375 0.455398840625 0.453125 0.4724003984375 0.453125 0.482115571875 0.45703125 0.49425954218749996 0.4677734359375 0.5076179078124999 0.4736328125 0.5100467015625 0.486328125 0.50883230625 0.4931640625 0.5051891140625 0.50390625 0.4918307484375 0.5058593734375 0.4869731625 0.5058593734375 0.46754281249999996
1 0.2714843734375 0.50883230625 0.267578125 0.4991171296875 0.2587890625 0.49061635 0.2392578125 0.4881875578125 0.2333984359375 0.49061635 0.22265625 0.503974715625 0.220703125 0.50883230625 0.220703125 0.52826265625 0.2294921875 0.546478609375 0.2412109375 0.5537649890624999 0.25 0.55255059375 0.2568359375 0.5513361953125 0.267578125 0.5404066234375 0.2734375015625 0.5234050671875 0.2714843734375 0.50883230625
1 0.1933593734375 0.5622657671875 0.19140625 0.5549793875 0.1767578125 0.5416210218749999 0.1572265640625 0.5416210218749999 0.14453125 0.55255059375 0.140625 0.5622657671875 0.140625 0.5816961187499999 0.14453125 0.5914112953124999 0.1533203109375 0.6023408671875 0.1630859375 0.607198453125 0.171875 0.605984059375 0.1806640625 0.6023408671875 0.19140625 0.5889825015625 0.1953124984375 0.579267325 0.1933593734375 0.5622657671875
1 0.10644531093750001 0.5999120734375001 0.09082031093750001 0.592625690625 0.08105468906249999 0.592625690625 0.06640625 0.6035552656250001 0.0625 0.6132704390625 0.0625 0.6375583765624999 0.07910156406249999 0.658203125 0.095703125 0.6569887265625 0.1025390625 0.6533455390625 0.111328125 0.6424159671874999 0.11328125 0.6132704390625 0.10644531093750001 0.5999120734375001
1 0.18359375 0.6642751109375 0.1708984359375 0.6533455390625 0.1533203109375 0.6533455390625 0.1455078125 0.658203125 0.13671875 0.6739902843750001 0.13671875 0.6958494281250001 0.1533203109375 0.7164941765624999 0.171875 0.715279778125 0.1787109375 0.7116365906250001 0.185546875 0.70070701875 0.1875 0.6739902843750001 0.18359375 0.6642751109375
1 0.263671875 0.6156992328124999 0.2509765640625 0.6047696609375001 0.2333984359375 0.6047696609375001 0.2255859375 0.6096272468749999 0.216796875 0.622985615625 0.216796875 0.647273553125 0.2294921875 0.6654895062499999 0.2412109375 0.6703470921875 0.2441406265625 0.669132696875 0.2548828125 0.6654895062499999 0.265625 0.652131140625 0.267578125 0.625414409375 0.263671875 0.6156992328124999
1 0.345703125 0.5695521515624999 0.3310546890625 0.5513361953125 0.3232421875 0.5489074015625001 0.3095703109375 0.5513361953125 0.3017578125 0.5561937859375 0.294921875 0.5695521515624999 0.29296875 0.579267325 0.294921875 0.59626888125 0.3076171875 0.61205604375 0.3134765640625 0.6144848374999999 0.328125 0.6132704390625 0.3349609375 0.6096272468749999 0.341796875 0.60112646875 0.345703125 0.5914112953124999 0.345703125 0.5695521515624999
1 0.423828125 0.5112611 0.4150390625 0.500331528125 0.4013671875 0.495473940625 0.3857421875 0.5027603203125001 0.37890625 0.5112611 0.375 0.5234050671875 0.375 0.5379778296875 0.376953125 0.5452642140624999 0.3896484359375 0.5610513734375 0.3935546890625 0.5634801656249999 0.40625 0.5622657671875 0.4130859375 0.5610513734375 0.42578125 0.5452642140624999 0.4277343734375 0.5209762734375001 0.423828125 0.5112611
1 0.5 0.5671233578125 0.4892578125 0.5561937859375 0.4697265640625 0.5561937859375 0.455078125 0.5719809453125 0.451171875 0.5914112953124999 0.455078125 0.6035552656250001 0.4658203109375 0.6193424249999999 0.4716796890625 0.6217712171875001 0.48046875 0.62055681875 0.4912109375 0.61691363125 0.501953125 0.6035552656250001 0.50390625 0.5768385312500001 0.5 0.5671233578125
1 0.58203125 0.52826265625 0.580078125 0.5185474796875 0.5693359375 0.5051891140625 0.5615234359375 0.500331528125 0.5498046890625 0.500331528125 0.5400390625 0.5051891140625 0.53125 0.5161186859375 0.529296875 0.5209762734375001 0.529296875 0.5452642140624999 0.5400390625 0.5610513734375 0.5478515640625 0.565908959375 0.5625 0.5646945640625 0.5693359375 0.5610513734375 0.578125 0.5501218 0.58203125 0.5404066234375 0.58203125 0.52826265625
1 0.6621093734375 0.4772579859375 0.654296875 0.45782763437499996 0.6474609375 0.45175565000000006 0.6279296890625 0.44932685625 0.6201171875 0.4541844421875 0.611328125 0.4651140140625 0.607421875 0.4772579859375 0.607421875 0.4869731625 0.611328125 0.4991171296875 0.6201171875 0.5100467015625 0.6279296890625 0.5149042875000001 0.642578125 0.51368989375 0.6474609375 0.51247549375 0.658203125 0.4991171296875 0.6621093734375 0.48940195624999994 0.6621093734375 0.4772579859375
1 0.736328125 0.5234050671875 0.7275390625 0.51247549375 0.7197265640625 0.5076179078124999 0.7060546890625 0.5076179078124999 0.6982421875 0.51247549375 0.689453125 0.5234050671875 0.685546875 0.5355490374999999 0.685546875 0.5476930078125 0.6962890625 0.568337753125 0.7041015640625 0.5731953437499999 0.72265625 0.5719809453125 0.736328125 0.5598369734374999 0.7402343734375 0.5501218 0.7402343734375 0.53312024375 0.736328125 0.5234050671875
1 0.8183593734375 0.4724003984375 0.8056640625 0.4590420328125 0.7978515640625 0.456613240625 0.7861328125 0.4590420328125 0.7714843734375 0.4748291921875 0.767578125 0.48940195624999994 0.767578125 0.4991171296875 0.7802734359375 0.519761878125 0.7880859375 0.5246194656250001 0.8046875015625 0.5234050671875 0.8154296890625 0.5149042875000001 0.8222656265625 0.503974715625 0.8222656265625 0.482115571875 0.8183593734375 0.4724003984375
1 0.1025390625 0.714065384375 0.09277343593750001 0.7067789999999999 0.0849609375 0.70435020625 0.07519531093750001 0.7067789999999999 0.060546875 0.72013736875 0.05859375 0.72499495625 0.05859375 0.7468541 0.0625 0.7565692734375 0.0712890625 0.7674988484374999 0.07519531093750001 0.7699276421875 0.09375 0.7687132437499999 0.1025390625 0.7626412578124999 0.109375 0.74928289375 0.109375 0.72499495625 0.1025390625 0.714065384375
1 0.10546875 0.836719471875 0.09472656406249999 0.820932309375 0.0830078125 0.8160747234375 0.07519531093750001 0.8160747234375 0.0595703109375 0.825789896875 0.0546875015625 0.8342906749999999 0.0527343734375 0.841577059375 0.0546875015625 0.8610074093750001 0.0712890625 0.8816521546875 0.08789062656249999 0.8804377593750001 0.09472656406249999 0.87679456875 0.10351562656249999 0.865864996875 0.10546875 0.8610074093750001 0.10546875 0.836719471875
1 0.185546875 0.78814359375 0.1748046890625 0.7699276421875 0.1533203109375 0.7674988484374999 0.1455078125 0.7723564359374999 0.13671875 0.7832860078125 0.1347656265625 0.8075739453124999 0.138671875 0.819717915625 0.1455078125 0.82821869375 0.1533203109375 0.8330762796875 0.16796875 0.83186188125 0.1748046890625 0.82821869375 0.18359375 0.8172891218749999 0.185546875 0.81243153125 0.185546875 0.78814359375
1 0.34375 0.6837054609375001 0.33984375 0.6739902843750001 0.3291015640625 0.6630607125 0.3095703109375 0.6630607125 0.294921875 0.676419078125 0.2910156265625 0.690991840625 0.2910156265625 0.70070701875 0.296875 0.715279778125 0.3076171875 0.72620935 0.3134765640625 0.7286381468750001 0.3203124984375 0.7274237484375 0.3271484359375 0.72620935 0.3378906265625 0.717708571875 0.34375 0.7031358125 0.34375 0.6837054609375001
1 0.419921875 0.62055681875 0.4091796890625 0.6096272468749999 0.3916015640625 0.607198453125 0.3779296890625 0.61691363125 0.373046875 0.625414409375 0.37109375 0.647273553125 0.376953125 0.6618463171875 0.3857421875 0.6703470921875 0.3896484359375 0.6727758890625 0.40625 0.671561490625 0.41796875 0.6618463171875 0.423828125 0.644844759375 0.423828125 0.6327007890624999 0.419921875 0.62055681875
1 0.580078125 0.6375583765624999 0.5654296890625 0.61691363125 0.5517578125 0.6144848374999999 0.5439453109375 0.61691363125 0.53125 0.630271996875 0.52734375 0.644844759375 0.52734375 0.6569887265625 0.53515625 0.6739902843750001 0.5419921875 0.68006226875 0.5458984359375 0.6824910625 0.560546875 0.6812766671875 0.5654296890625 0.68006226875 0.576171875 0.669132696875 0.580078125 0.6594175203125 0.580078125 0.6375583765624999
1 0.66015625 0.5865537078124999 0.658203125 0.579267325 0.6474609375 0.565908959375 0.6396484359375 0.5610513734375 0.6279296890625 0.5610513734375 0.6181640625 0.565908959375 0.609375 0.5768385312500001 0.60546875 0.598697675 0.611328125 0.6156992328124999 0.6181640625 0.6242000109375 0.6259765640625 0.6290575984375 0.638671875 0.6278432031250001 0.6474609375 0.6242000109375 0.65625 0.6156992328124999 0.66015625 0.605984059375 0.66015625 0.5865537078124999
1 0.7236328125 0.6242000109375 0.7041015640625 0.6217712171875001 0.6962890625 0.6266288046875 0.6875 0.6375583765624999 0.68359375 0.652131140625 0.685546875 0.6667039046875 0.7001953109375 0.68734865 0.72265625 0.6861342546875 0.736328125 0.669132696875 0.73828125 0.6618463171875 0.736328125 0.6399871703125 0.7236328125 0.6242000109375
1 0.8222656265625 0.59626888125 0.8183593734375 0.584124915625 0.8115234359375 0.5756241359375001 0.7978515640625 0.568337753125 0.7919921875 0.568337753125 0.7763671875 0.5756241359375001 0.7714843734375 0.5816961187499999 0.765625 0.5938400890625 0.765625 0.6108416453125 0.76953125 0.62055681875 0.7802734359375 0.6339151875 0.7939453109375 0.638772775 0.80078125 0.6375583765624999 0.8095703109375 0.631486390625 0.8183593734375 0.62055681875 0.8222656265625 0.608412853125 0.8222656265625 0.59626888125
1 0.421875 0.7468541 0.419921875 0.737138921875 0.4091796890625 0.7237805578125001 0.3935546890625 0.7189229703125 0.3857421875 0.7213517640625 0.37109375 0.737138921875 0.3691406265625 0.7419965125 0.3691406265625 0.7614268640625 0.3759765640625 0.777214021875 0.3916015640625 0.7869291953124999 0.3984375015625 0.7857147999999999 0.4091796890625 0.782071609375 0.41796875 0.7711420375 0.421875 0.7589980703125 0.421875 0.7468541
1 0.5 0.690991840625 0.49609375 0.6812766671875 0.4873046890625 0.6703470921875 0.4716796890625 0.6654895062499999 0.455078125 0.676419078125 0.4472656265625 0.6958494281250001 0.4472656265625 0.7104221921875 0.4599609375 0.7286381468750001 0.4677734359375 0.733495734375 0.4785156265625 0.7322813359375 0.4853515640625 0.731066940625 0.49609375 0.717708571875 0.5 0.7055646046875 0.5 0.690991840625
1 0.5722656265625 0.7419965125 0.5654296890625 0.733495734375 0.5576171875 0.7286381468750001 0.5439453109375 0.7286381468750001 0.5361328125 0.733495734375 0.52734375 0.7444253062499999 0.5234375015625 0.7589980703125 0.5234375015625 0.7687132437499999 0.52734375 0.7808572140625001 0.5361328125 0.7917867859375 0.5400390625 0.7942155796875 0.560546875 0.79300118125 0.5693359375 0.7869291953124999 0.57421875 0.7784284203125 0.576171875 0.7541404796875 0.5722656265625 0.7419965125
1 0.263671875 0.8561498234375 0.2597656265625 0.8440058531249999 0.2490234359375 0.8330762796875 0.2451171875 0.8306474875 0.2314453109375 0.8306474875 0.2236328125 0.8355050734375 0.21484375 0.8464346453125 0.2109375015625 0.8682937890625 0.21484375 0.8804377593750001 0.2236328125 0.8913673328125 0.2314453109375 0.89622491875 0.2441406265625 0.8950105234375 0.2529296890625 0.8913673328125 0.2597656265625 0.882866553125 0.263671875 0.8731513765625 0.263671875 0.8561498234375
1 0.33984375 0.7905723874999999 0.3310546890625 0.782071609375 0.3271484359375 0.779642815625 0.3115234359375 0.779642815625 0.2998046890625 0.7869291953124999 0.29296875 0.797858771875 0.29296875 0.8221467078125 0.294921875 0.8294330890625 0.3056640625 0.842791453125 0.3115234359375 0.8452202515625 0.326171875 0.8440058531249999 0.3330078125 0.8403626609374999 0.34375 0.8245755015625 0.345703125 0.8051451515625001 0.33984375 0.7905723874999999
1 0.49609375 0.8075739453124999 0.4921875015625 0.7954299734375 0.4853515640625 0.7869291953124999 0.4677734359375 0.782071609375 0.4560546890625 0.7869291953124999 0.4472656265625 0.797858771875 0.4433593734375 0.8100027375 0.4433593734375 0.8221467078125 0.4472656265625 0.8342906749999999 0.4560546890625 0.8452202515625 0.4658203109375 0.8500778375 0.4746093734375 0.8488634390625001 0.4873046890625 0.842791453125 0.4941406265625 0.83186188125 0.49609375 0.8270042953125 0.49609375 0.8075739453124999
1 0.4121093734375 0.8488634390625001 0.4052734359375 0.842791453125 0.3994140625 0.8403626609374999 0.3818359375 0.842791453125 0.37109375 0.8537210265624999 0.3671875015625 0.8634362031249999 0.3671875015625 0.882866553125 0.3779296890625 0.9010825062500001 0.3857421875 0.9059400953125 0.40234375 0.904725696875 0.4160156265625 0.8925817265625 0.419921875 0.8804377593750001 0.419921875 0.865864996875 0.4121093734375 0.8488634390625001
1 0.5703124984375 0.8707225828125 0.564453125 0.858578615625 0.5537109375 0.8500778375 0.5341796890625 0.8500778375 0.5214843734375 0.8634362031249999 0.517578125 0.8731513765625 0.51953125 0.8950105234375 0.5361328125 0.9156552687499999 0.5527343734375 0.914440875 0.5595703109375 0.9107976828125001 0.5683593734375 0.8998681109375 0.5722656265625 0.885295346875 0.5703124984375 0.8707225828125
1 0.6484375015625 0.8075739453124999 0.6396484359375 0.7966443734374999 0.6357421875 0.7942155796875 0.6162109375 0.7942155796875 0.6015624984375 0.8100027375 0.5996093734375 0.836719471875 0.6142578125 0.8573642171875001 0.6181640625 0.8597930109374999 0.6347656265625 0.858578615625 0.6416015640625 0.8549354250000001 0.65234375 0.839148265625 0.65234375 0.8172891218749999 0.6484375015625 0.8075739453124999
1 0.736328125 0.7687132437499999 0.7255859375 0.7504972921874999 0.7177734359375 0.7456397015625 0.7021484359375 0.7456397015625 0.6943359375 0.7504972921874999 0.685546875 0.7614268640625 0.6816406265625 0.7759996234375001 0.68359375 0.7905723874999999 0.6962890625 0.8087883437500001 0.7080078125 0.8136459296874999 0.71484375 0.81243153125 0.7236328125 0.8087883437500001 0.734375 0.7954299734375 0.736328125 0.7905723874999999 0.736328125 0.7687132437499999
1 0.72265625 0.8755801734374999 0.7138671875 0.8646505984375 0.6982421875 0.8597930109374999 0.6904296890625 0.8622218046875 0.6826171875 0.8670793953124999 0.673828125 0.8804377593750001 0.673828125 0.904725696875 0.6777343734375 0.914440875 0.6884765640625 0.9253704468749999 0.6943359375 0.927799240625 0.7089843734375 0.9265848406250001 0.72265625 0.914440875 0.7265624984375 0.904725696875 0.7265624984375 0.885295346875 0.72265625 0.8755801734374999
1 0.8037109375 0.689777446875 0.7939453109375 0.68491985625 0.7861328125 0.68491985625 0.7724609375 0.692206240625 0.765625 0.70070701875 0.76171875 0.7128509859375 0.76171875 0.7274237484375 0.763671875 0.7347101296874999 0.7744140625 0.7480684937500001 0.7841796890625 0.7529260843750001 0.794921875 0.7517116859375 0.8037109375 0.7480684937500001 0.814453125 0.7347101296874999 0.81640625 0.7079933984375 0.8037109375 0.689777446875
1 0.814453125 0.83186188125 0.8017578125 0.8136459296874999 0.7919921875 0.8087883437500001 0.7822265640625 0.8087883437500001 0.7724609375 0.8136459296874999 0.765625 0.8221467078125 0.76171875 0.83186188125 0.76171875 0.8512922328125001 0.765625 0.8610074093750001 0.7744140625 0.87193698125 0.7841796890625 0.87679456875 0.794921875 0.8755801734374999 0.8037109375 0.87193698125 0.8125 0.8610074093750001 0.814453125 0.8561498234375 0.814453125 0.83186188125