1 0.1489057265625 0.0785446625 0.16081431562499998 0.08411709218749999 0.16966780625 0.0845206625 0.186667065625 0.0724700453125 0.192493484375 0.061921979687499996 0.19447299843750002 0.05069560468749999 0.18878672968750002 0.032329834375 0.1803571765625 0.023898223437499998 0.1672889078125 0.019278853125000002 0.152637034375 0.023640582812499998 0.14412338593750001 0.0325572734375 0.1382409078125 0.054670871875000006 0.140504203125 0.0643302875 0.1489057265625 0.0785446625
1 0.20791261562500002 0.13756593125 0.21484264999999997 0.1376303390625 0.22833485156250002 0.1342216671875 0.2391678484375 0.1233988578125 0.2446544265625 0.103530534375 0.242787034375 0.0916258453125 0.2343855109375 0.0774114703125 0.2155468875 0.0717746265625 0.20938062343750002 0.07300243281249999 0.19430481875 0.085392203125 0.1892141421875 0.1030152515625 0.1895539859375 0.112335509375 0.195636153125 0.12845600468750001 0.20791261562500002 0.13756593125
1 0.2835193828125 0.10806839374999999 0.292768775 0.106226684375 0.305525228125 0.09574302968750001 0.3125954125 0.0668936046875 0.307644890625 0.0556028171875 0.2992153390625 0.04717120625 0.2799808125 0.043779640625 0.26298155 0.05583025781249999 0.2594744859375 0.064472203125 0.25823071875000003 0.0827735640625 0.2677638875 0.1018176484375 0.2765893484375 0.1080039796875 0.2835193828125 0.10806839374999999
1 0.322923871875 0.16016060000000001 0.3356242625 0.1612424796875 0.34487365312499996 0.1594007703125 0.3576301109375 0.14891711875 0.36430439375 0.12231297031249999 0.3513202171875 0.1003452953125 0.342098859375 0.0964042390625 0.330162240625 0.09661457343749999 0.3178016890625 0.10485295312500001 0.3123711703125 0.11315574218749999 0.30886410937500003 0.1217976859375 0.30841214375 0.13560849531250002 0.31947286875 0.15723701406249999 0.322923871875 0.16016060000000001
1 0.40622445 0.13201968749999998 0.41123103437499997 0.1317449421875 0.42630684218750003 0.119355171875 0.43298112499999997 0.09275102187499999 0.42152450156250004 0.0733677828125 0.4007624234375 0.0673917828125 0.384159065625 0.077197121875 0.3787285484375 0.0854999109375 0.3759572296875 0.1012168421875 0.3778246234375 0.1131215296875 0.386226146875 0.12733590625 0.3896771484375 0.1302594953125 0.40622445 0.13201968749999998
1 0.43451215468750004 0.1740489140625 0.44025448125000005 0.1808491515625 0.45872523125000003 0.1829485015625 0.47029398125000005 0.179200671875 0.47648826875 0.1721901015625 0.4819187875 0.1638873125 0.48469010625 0.1481703859375 0.47976761406249996 0.1310968296875 0.47402528437499997 0.1242965921875 0.45518665937499997 0.1186597515625 0.44477759375000003 0.1214545203125 0.43665984843750005 0.128125934375 0.43083343281250003 0.1386740015625 0.42806211406249994 0.154390928125 0.43451215468750004 0.1740489140625
1 0.5143056703125 0.1545499515625 0.5270060609375 0.1556318296875 0.5343320031250001 0.1534509640625 0.5447690984375 0.14487343125000002 0.5501996171875 0.13657064375 0.5537627406250001 0.1163631625 0.54422956875 0.0973190796875 0.5234674890625 0.0913430828125 0.5107390656249999 0.0960439671875 0.5026213234375 0.10271538281249999 0.49713474843750005 0.12258370781250001 0.49900213750000005 0.1344883953125 0.5074036656249999 0.148702771875 0.5143056703125 0.1545499515625
1 0.58643688125 0.206625053125 0.602304496875 0.1897447296875 0.6062635234375 0.1672919734375 0.59865380625 0.14858704843749998 0.574044821875 0.141932734375 0.5543303046875 0.1581347453125 0.5512191421875 0.1645314171875 0.550371278125 0.1805875015625 0.559904446875 0.1996315875 0.566806453125 0.2054787609375 0.5814302984374999 0.20689980000000002 0.58643688125 0.206625053125
1 0.631636278125 0.1752385046875 0.6477876765625 0.1792439703125 0.6527942609374999 0.1789692265625 0.6651548109375 0.1707308484375 0.6740923921875 0.1537861140625 0.674544353125 0.1399753046875 0.6650111796875 0.1209312171875 0.64424910625 0.114955221875 0.6292013234375 0.12156222812499999 0.6230070359375001 0.1285728 0.619499971875 0.1372147453125 0.6182562046875 0.1555161046875 0.6232067265625 0.16680689375 0.631636278125 0.1752385046875
1 0.7246136609375 0.21594130156250002 0.7270451359375001 0.190904115625 0.7205670671875 0.1770288953125 0.7136650609374999 0.1711817203125 0.6901877265625 0.169357115625 0.6824658828125 0.17378325781249998 0.6770353703125 0.1820860453125 0.6707569875 0.20644491718750002 0.6745478296874999 0.218688765625 0.6852687109375 0.2309970234375 0.7037394625 0.2330963734375 0.7246136609375 0.21594130156250002
1 0.7662499359375 0.20476222968750002 0.7797421359375 0.20135356249999997 0.790575134375 0.1905307484375 0.7936862953125 0.18413408125 0.7949300625 0.16583272031250001 0.7873203421875 0.1471277953125 0.7784948890625001 0.14094145625 0.7650307171875 0.138567359375 0.7526981953125 0.1410229765625 0.742657 0.147355234375 0.7371143625000001 0.17878909062499998 0.7481750875000001 0.2004176046875 0.7662499359375 0.20476222968750002
1 0.7477546328125 0.2871591109375 0.758927475 0.2856565546875 0.7670452171875 0.278985140625 0.7755868953125 0.2642856859375 0.77915001875 0.2440782046875 0.7711443984375 0.22761855468749997 0.752701678125 0.21973643437499998 0.74036915625 0.22219205 0.7280086015625 0.230430425 0.7209384156249999 0.2592798515625 0.7319991375 0.2809083625 0.7389011421875 0.2867555453125 0.7477546328125 0.2871591109375
1 0.6637183078125 0.3082250375 0.67254376875 0.314411371875 0.6813972546875 0.3148149359375 0.6906466453125 0.31297322968749997 0.7010837453125001 0.30439569375 0.7065142609375 0.29609290625 0.710077384375 0.275885428125 0.7082099921875 0.26398073593750004 0.70286356875 0.254935225 0.6801780390625 0.24862007187500001 0.6639705828125 0.256180134375 0.6562207109375 0.26638904218750004 0.652317746875 0.2772762625 0.6537892328125 0.291426228125 0.6637183078125 0.3082250375
1 0.6292923734375 0.26164085 0.636618309375 0.2594599859375 0.6493747671875 0.2489763296875 0.65480528125 0.24067354062500002 0.6575765984374999 0.22495661562499997 0.65036278125 0.20400641249999998 0.6434607765625 0.198159234375 0.6280731546875 0.19544598124999998 0.6195875390625 0.19857990625 0.6068310875 0.209063559375 0.600552703125 0.233422434375 0.61506443125 0.2579745390625 0.6292923734375 0.26164085
1 0.48243028906249996 0.2172244328125 0.49275526718749996 0.231777965625 0.506983209375 0.2354442765625 0.520475409375 0.23203560625000003 0.5262737984375 0.22727030781250002 0.5348154734375 0.2125708515625 0.536399084375 0.20358974999999999 0.53492759375 0.189439784375 0.5280536171875 0.1778098390625 0.5192281624999999 0.17162350625 0.507687446875 0.169588565625 0.4949590234375 0.17428945 0.4868412796875 0.18096086875 0.48016699375 0.20756501875 0.48243028906249996 0.2172244328125
1 0.375424653125 0.21108941250000002 0.38427814374999997 0.21149297812499998 0.391208178125 0.2115573875 0.4054921828125 0.2036581703125 0.4140338609375 0.18895870937499998 0.415617471875 0.1799776078125 0.4137500765625 0.1680729171875 0.40382100468750004 0.15127410937500002 0.3888292859375 0.146315578125 0.37417740625 0.1506773109375 0.3656637609375 0.159594003125 0.35938538124999997 0.183952875 0.3685226484375 0.205242234375 0.375424653125 0.21108941250000002
1 0.30176937187499997 0.2351433390625 0.3086713765625 0.24099051562499998 0.3213717671875 0.2420723953125 0.328697709375 0.23989153124999998 0.34145416093750003 0.22940787812500002 0.34773254531250003 0.205049003125 0.3439416984375 0.19280515781250002 0.335144271875 0.18083605625000002 0.320152553125 0.17587752968749998 0.30974348281249997 0.17867229375 0.30162574062499997 0.1853437140625 0.296195225 0.1936465 0.29223619843750004 0.21609925625 0.29602704375 0.2283431015625 0.30176937187499997 0.2351433390625
1 0.2731137921875 0.189576621875 0.288953378125 0.1784790671875 0.29477979374999996 0.167931 0.297155209375 0.15445934687500001 0.29489191875 0.1447999328125 0.286490390625 0.13058555624999998 0.2638048609375 0.12427039843750001 0.2464096984375 0.13856629375 0.2405272171875 0.1606798921875 0.242790515625 0.1703393078125 0.251192040625 0.1845536828125 0.25464304375 0.1874772703125 0.2731137921875 0.189576621875
1 0.1986667015625 0.21812109999999998 0.20791609218749998 0.21627938750000003 0.22067255000000002 0.2057957359375 0.22689486718750002 0.19300239531250002 0.2288743796875 0.18177601875 0.22700699218749998 0.169871328125 0.2162861109375 0.1575630734375 0.19744748750000002 0.1519262296875 0.188961871875 0.1550601546875 0.17812886875 0.1658829640625 0.17185048593750002 0.1902418390625 0.18443875781250002 0.21445478593749998 0.1986667015625 0.21812109999999998
1 0.15773466249999998 0.1634444578125 0.1681717640625 0.154866921875 0.1736022796875 0.146564134375 0.1767695 0.12860193125 0.1676322296875 0.10731256874999999 0.1511129625 0.0997696140625 0.13878044218750002 0.1022252203125 0.12834334218750001 0.1108027578125 0.12166905937500001 0.13740690625000002 0.1319379765625 0.1635259734375 0.15040872656249998 0.165625321875 0.15773466249999998 0.1634444578125
1 0.1380796828125 0.24679439531249997 0.1515999140625 0.23760295937499998 0.1570304265625 0.229300171875 0.1605935515625 0.209092690625 0.158330259375 0.19943327500000002 0.14953282968749998 0.187464171875 0.13069420468749998 0.181827334375 0.114090846875 0.19163267343749998 0.10866033125 0.1999354625 0.1054931109375 0.21789766562500001 0.11423447812500001 0.241432303125 0.11768548125 0.244355890625 0.1380796828125 0.24679439531249997
1 0.1682628125 0.294945546875 0.17171381562500002 0.2978691359375 0.186337659375 0.29929017343750003 0.193663596875 0.2971093046875 0.20410069687500002 0.2885317734375 0.2095312125 0.280228984375 0.2130943375 0.260021503125 0.205088715625 0.2435618515625 0.1981867109375 0.2377146765625 0.178952184375 0.2343231109375 0.1665916328125 0.2425614859375 0.1584458578125 0.25501566875 0.1572020875 0.2733170296875 0.15946538593749998 0.2829764453125 0.1682628125 0.294945546875
1 0.23501608906250002 0.2650444421875 0.24039054843750002 0.2683071859375 0.256937846875 0.27006738124999996 0.26426378437500003 0.26788651875 0.27509678593750003 0.2570637046875 0.2809792640625 0.23495010781249998 0.2733695453125 0.2162451796875 0.2630165375 0.2074744125 0.253399271875 0.20577862812499997 0.24299020468750002 0.20857340156249998 0.23255310625 0.217150934375 0.2271225890625 0.22545372187499998 0.22395536875 0.243415925 0.2262186640625 0.25307534062500003 0.23501608906250002 0.2650444421875
1 0.359248709375 0.2915801734375 0.3757960046875 0.29334036406249997 0.3831219453125 0.29115950156250003 0.39395494375 0.280336690625 0.39983742499999997 0.25822309374999997 0.390700153125 0.23693373125 0.3818746984375 0.2307474 0.3722574328125 0.22905161718749997 0.3618483671875 0.2318463828125 0.3514112671875 0.24042392031249998 0.344736984375 0.2670280703125 0.34700027499999997 0.2766874828125 0.35579770625 0.28865658125000004 0.359248709375 0.2915801734375
1 0.44447273750000005 0.2637784171875 0.4599164203125 0.2549261375 0.46534693593750004 0.24662335 0.468910059375 0.22641586875000003 0.466646765625 0.216756453125 0.45632178593750006 0.20220292187500002 0.437087259375 0.1988113546875 0.41737274218750003 0.2150133671875 0.41341371562499996 0.237466121875 0.41567700781249994 0.24712553593750003 0.42447443749999997 0.2590946375 0.42984889062500004 0.26235738125 0.44447273750000005 0.2637784171875
1 0.5625390953125 0.2915419546875 0.5675456750000001 0.2912672078125 0.5803021328125 0.2807835546875 0.5857326453125 0.272480765625 0.5888998671875 0.2545185625 0.58168605 0.23356835937499998 0.5570770703125 0.22691404999999998 0.5404737109375 0.23671938906249998 0.5350431921875 0.24502217656249997 0.531875971875 0.26298438125 0.5410132421875 0.2842737375 0.5479152468749999 0.29012091875 0.5625390953125 0.2915419546875
1 0.6150398781249999 0.34247076718749997 0.622365815625 0.340289903125 0.635914078125 0.3253156953125 0.6398731046874999 0.3028629421875 0.630735834375 0.28157358125 0.607654403125 0.27750370156250004 0.5991687859375 0.28063763124999996 0.58793988125 0.2937057140625 0.5839808546875 0.3161584671875 0.5877717015624999 0.3284023171875 0.595041575 0.337786984375 0.600416034375 0.341049728125 0.6150398781249999 0.34247076718749997
1 0.7043665671875 0.34201588437499997 0.7173507390625 0.3639835578125 0.7354255875 0.3683281828125 0.7465984359375 0.3668256296875 0.7570355328125 0.35824809687500003 0.7632578515625 0.34545475625 0.76410571875 0.3293986703125 0.7622383265625 0.31749398281249996 0.7534409015625 0.3055248796875 0.7403726328125 0.30090550625 0.7284360140625 0.30111584375 0.7176310453125 0.3061558859375 0.708721496875 0.31731785625 0.70521443125 0.3259598015625 0.7043665671875 0.34201588437499997
1 0.647146459375 0.390961075 0.655971915625 0.3971474046875 0.662901953125 0.39721181875 0.6721513406249999 0.395370109375 0.6849077953125 0.3848864546875 0.6907342171875 0.3743383921875 0.6931096328125 0.3608667390625 0.6901105921874999 0.3441323390625 0.686291715625 0.33767125781249996 0.6774662609375001 0.33148492812499997 0.6620786390625 0.328771675 0.6535930234375 0.331905596875 0.6404406671875 0.34463452656250004 0.6360857375 0.3693325578125 0.647146459375 0.390961075
1 0.5727274 0.413722784375 0.578469728125 0.42052301875 0.5853717328125 0.42637020000000003 0.5961486734375 0.42711292187499994 0.605398065625 0.42527121093750003 0.6158351609375 0.416693678125 0.6212656796875 0.4083908890625 0.6244329 0.3904286875 0.6236971546875 0.3833537 0.61529563125 0.3691393265625 0.5968529109375 0.361257209375 0.58220103125 0.36561893749999996 0.5764026421875 0.370384234375 0.5705762265625001 0.3809323015625 0.567804909375 0.396649228125 0.5727274 0.413722784375
1 0.5444396921875 0.3716935578125 0.549446275 0.3714188109375 0.5641261828124999 0.361274315625 0.5711963718749999 0.3324248890625 0.5635866484375 0.3137199625 0.547067384375 0.3061770015625 0.5304920546874999 0.310199575 0.524693665625 0.314964871875 0.51926315 0.3232676609375 0.515700025 0.3434751421875 0.52330974375 0.3621800671875 0.5336627515625 0.370950834375 0.5444396921875 0.3716935578125
1 0.473128315625 0.3093451328125 0.48003031875 0.315192315625 0.4965776203125 0.3169525078125 0.5039035578125 0.3147716390625 0.514736559375 0.30394882968750003 0.51784771875 0.2975521625 0.5194873921875 0.277005525 0.5172240968749999 0.267346109375 0.5084266703125 0.2553770125 0.48919214375 0.251985446875 0.480706528125 0.2551193671875 0.469873525 0.2659421796875 0.4667623625 0.2723388484375 0.46512269375 0.292885484375 0.473128315625 0.3093451328125
1 0.443344571875 0.33766217187500003 0.44877508437499997 0.3293593828125 0.45194230468749996 0.3113971796875 0.44967901406250005 0.30173776406249997 0.4393540359375 0.2871842328125 0.42628576718750005 0.282564859375 0.4120297953125 0.2846813171875 0.39808563124999996 0.30190079375 0.396050059375 0.32469270625 0.40943013749999996 0.344415103125 0.4298243390625 0.3468536109375 0.443344571875 0.33766217187500003
1 0.305195821875 0.32256315468749996 0.3144452140625 0.3207214484375 0.324882309375 0.3121439125 0.3319524984375 0.2832944890625 0.3254744234375 0.2694192703125 0.315121415625 0.260648503125 0.2997337953125 0.25793525 0.2850538890625 0.2680797453125 0.279623375 0.27638253437500004 0.2760602515625 0.296590015625 0.2798510953125 0.3088338609375 0.2871209734375 0.3182185328125 0.305195821875 0.32256315468749996
1 0.2199717890625 0.3503649109375 0.2403659953125 0.352803415625 0.256205578125 0.34170585781249996 0.261636096875 0.3334030703125 0.2640115125 0.31993141718749996 0.2625400203125 0.30578145156250003 0.260644596875 0.2996595265625 0.248368140625 0.29054960625000004 0.2310570625 0.287497196875 0.21637715625 0.29764169375 0.21094664375 0.30594448125 0.20738352031249999 0.3261519625 0.2111743625 0.3383958078125 0.2199717890625 0.3503649109375
1 0.098058528125 0.32192306249999997 0.1068839890625 0.32810939375000003 0.1157374734375 0.3285129625 0.1269103203125 0.3270104125 0.13734741875 0.3184328765625 0.143173834375 0.307884809375 0.145153346875 0.2966584359375 0.1448135078125 0.2873381765625 0.1364119828125 0.2731238015625 0.1295099796875 0.2672766203125 0.11412235781249999 0.2645633671875 0.10563674062499999 0.267697296875 0.0948037390625 0.2785201046875 0.09005290625 0.305463409375 0.098058528125 0.32192306249999997
1 0.1211714703125 0.3989236359375 0.1266019859375 0.390620846875 0.12976920625 0.3726586453125 0.1221594890625 0.3539537171875 0.109883025 0.3448437921875 0.10218921406249999 0.343487165625 0.0917801484375 0.346281934375 0.0813430484375 0.3548594703125 0.075404509375 0.3885386 0.0872570359375 0.405676565625 0.105727790625 0.407775915625 0.1211714703125 0.3989236359375
1 0.1501634125 0.37509715 0.1589888671875 0.3812834828125 0.1678423578125 0.3816870484375 0.17709175 0.3798453421875 0.18984820156249999 0.3693616890625 0.1965224875 0.34275754062499997 0.19044031875 0.3266370453125 0.1781638546875 0.3175271234375 0.16662313906249998 0.3154921828125 0.16045688125 0.3167199875 0.147700425 0.32720364062499996 0.14226991093750002 0.3355064296875 0.1394985921875 0.351223359375 0.14176188437499998 0.3608827734375 0.1501634125 0.37509715
1 0.22034314375 0.43261586249999995 0.2253497234375 0.4323411140625 0.24002963125000001 0.42219661875 0.24743965937499998 0.40266745625 0.244440621875 0.3859330546875 0.235643190625 0.37396395625 0.21488111875000002 0.36798795625 0.19788185625000002 0.380038575 0.1916034734375 0.4043974453125 0.19233921874999999 0.4114724296875 0.20074074375 0.4256868046875 0.20764275 0.43153398281250005 0.22034314375 0.43261586249999995
1 0.28670051875 0.40496003593749996 0.291707103125 0.4046852890625 0.30638700937499996 0.39454079375 0.311817521875 0.386238003125 0.31498474375 0.36827580000000004 0.3073750234375 0.3495708734375 0.30047301875 0.34372369375 0.2831619484375 0.340671284375 0.26344742656250003 0.3568732953125 0.2598843015625 0.3770807765625 0.2690215734375 0.3983701359375 0.277847028125 0.404556465625 0.28670051875 0.40496003593749996
1 0.35537725 0.3753980890625 0.36462664375 0.37355637656249996 0.3746678390625 0.36722411875 0.3800983515625 0.3589213296875 0.383661475 0.338713853125 0.37605175625 0.320008921875 0.35992839375 0.3102206890625 0.339874028125 0.3171024421875 0.33172825625 0.329556625 0.328561034375 0.347518828125 0.334247303125 0.3658845984375 0.3465237609375 0.3749945234375 0.35537725 0.3753980890625
1 0.45616056406250005 0.39432645 0.46651357187500003 0.40309721249999997 0.47344360625000004 0.403161621875 0.48461644843749996 0.4016590703125 0.5000881625 0.38702402343750003 0.5040471875 0.36457127031250003 0.4964374703125 0.3458663421875 0.487612009375 0.33968000468750004 0.47414784374999996 0.337305909375 0.46798157968750004 0.338533715625 0.45522512812500004 0.34901736875 0.44939870937500004 0.3595654359375 0.44781509843749995 0.3685465375 0.4508141390625 0.385280934375 0.45616056406250005 0.39432645
1 0.50939709375 0.45233024374999997 0.527471940625 0.45667486874999996 0.5367213328125 0.45483316093750004 0.544839075 0.4481617421875 0.553380753125 0.4334622859375 0.555360265625 0.4222359078125 0.5534928703124999 0.41033121718750004 0.543167896875 0.39577768125 0.5262527218749999 0.39048 0.5158436562500001 0.39327476875 0.5050106546875 0.4040975765625 0.4987322734375 0.428456453125 0.503654765625 0.44553000468750004 0.50939709375 0.45233024374999997
1 0.6271236046875 0.47077352031249997 0.6413235171875 0.48022259843750004 0.64825355625 0.4802870078125 0.6551835921875 0.48035141875000004 0.6671482390625 0.47435831562499997 0.6752940140625 0.46190413281250003 0.6776694296875 0.44843248124999996 0.6746703890625 0.43169808437499996 0.6693239656250001 0.42265257343749996 0.6604985046875 0.41646623437499997 0.645110884375 0.41375298125000004 0.6257922687499999 0.4277097203125 0.6195138859375 0.452068590625 0.6202496328125 0.45914357656250004 0.6271236046875 0.47077352031249997
1 0.7057574421874999 0.4522276109375 0.7242281953124999 0.45432696562499997 0.7334775828125 0.45248525781250004 0.7443105875 0.44166244375 0.7478176484375 0.4330204984375 0.7494573203125 0.412473865625 0.7471940265625 0.40281445 0.7383966 0.39084534843749996 0.71531516875 0.38677546875 0.6963924515625 0.3984869296875 0.6889824234375 0.41801609375000004 0.6935090125000001 0.43733492343749997 0.7023064390625 0.449304025 0.7057574421874999 0.4522276109375
1 0.7011222125 0.5347533109375 0.704573215625 0.5376769015625 0.7211205109375001 0.5394370953125 0.72612709375 0.539162346875 0.73927945 0.5264334203125001 0.7444261859375 0.4972448375 0.7436904421875 0.4901698578125 0.736816465625 0.4785399109375 0.7260675546875001 0.47201442031249996 0.7141309359375 0.47222475468749997 0.70332596875 0.47726480000000004 0.692492965625 0.48808760937500006 0.6874022906249999 0.50571065625 0.693852334375 0.52536864375 0.7011222125 0.5347533109375
1 0.6116834015625 0.5583392625 0.61858540625 0.564186440625 0.63320925625 0.565607475 0.64053519375 0.5634266125 0.65640280625 0.5465462859375 0.66149348125 0.528923240625 0.660757734375 0.521848259375 0.6523562093749999 0.5076338796875 0.645454203125 0.50178670625 0.626219678125 0.498395140625 0.6177340625000001 0.5015290609374999 0.6069010609375 0.5123518734375 0.6014144859375 0.53222019375 0.6048094296875 0.5467093171874999 0.6116834015625 0.5583392625
1 0.6054856328125 0.486636371875 0.607125303125 0.4660897390625 0.593745228125 0.44636734218749996 0.5745107015625 0.44297577656250003 0.557511440625 0.4550263890625 0.5508371546874999 0.4816305390625 0.5531004484375 0.491289953125 0.5653488765625 0.5061826453125 0.583819628125 0.5082819953125 0.6023744703125 0.49303304375 0.6054856328125 0.486636371875
1 0.49899150312499996 0.5338384734375 0.5174622531249999 0.5359378203125 0.5329059328125 0.5270855421875 0.538336453125 0.5187827546875 0.5415036734374999 0.50082055 0.540767928125 0.493745565625 0.5323664046875 0.47953119062500005 0.5254643984375 0.4736840125 0.5139236828125 0.4716490734375 0.49927180312499997 0.47601080468749996 0.493473415625 0.4807760984375 0.48804290312500004 0.4890788890625 0.484479778125 0.50928636875 0.49899150312499996 0.5338384734375
1 0.4611145625 0.48433069531250006 0.4726833109375 0.480582871875 0.48119695625 0.471666178125 0.4874753390625 0.447307303125 0.48560794375 0.43540261406249997 0.4768105171875 0.42343351250000005 0.45797189375 0.41779666875 0.45180563593749995 0.41902447656249997 0.43593801875000004 0.43590480156250005 0.4319789921875 0.45835755625 0.4357698390625 0.47060140156249997 0.4430397140625 0.47998606875 0.4611145625 0.48433069531250006
1 0.4113290390625 0.42925048749999994 0.4186549765625 0.427069625 0.42948797812499995 0.416246815625 0.4325991375 0.40985014375000006 0.4346347125 0.38705823281249996 0.42278218125 0.36992026875 0.40162420625 0.366189546875 0.3892636546875 0.3744279234375 0.38151378125 0.38463683125000003 0.3802700125 0.40293819218750004 0.387879734375 0.42164311874999993 0.394781740625 0.427490296875 0.4113290390625 0.42925048749999994
1 0.34265230625 0.4588124359375 0.3499782453125 0.4566315703125 0.36041534375 0.44805403593750004 0.36663766249999996 0.4352606953125 0.3670896265625 0.42144988593750005 0.3610074546875 0.40532939375000004 0.350654446875 0.396558625 0.33102401875 0.395412334375 0.3151564046875 0.4122926578125 0.3115932796875 0.4325001390625 0.32073055 0.45378949999999996 0.32418155312499997 0.45671308593750004 0.34265230625 0.4588124359375
1 0.257824178125 0.4843689140625 0.276294928125 0.48646826406250004 0.28594022343750003 0.48238128125 0.29445386875 0.4734645875 0.2975650265625 0.4670679203125 0.2992047 0.4465212828125 0.29272662656250004 0.4326460640625 0.2858246203125 0.42679888750000006 0.26659009375 0.4234073203125 0.251910190625 0.4335518171875 0.24647967187500003 0.44185460625 0.2444441 0.464646515625 0.2493946203125 0.4759373046875 0.257824178125 0.4843689140625
1 0.133591559375 0.4578331859375 0.1404935640625 0.4636803609375 0.1493470546875 0.4640839296875 0.1628392546875 0.460675259375 0.170956996875 0.45400384374999997 0.1806863828125 0.43256855937500005 0.17768734218749999 0.415834159375 0.1723409171875 0.4067886484375 0.1615920078125 0.40026315781250005 0.150051290625 0.39822821875000003 0.1396422203125 0.4010229859375 0.128809221875 0.4118457953125 0.12332264374999999 0.43171411875 0.1251900359375 0.44361880625000005 0.133591559375 0.4578331859375
1 0.0872324828125 0.4901727953125 0.0988012328125 0.4864249671875 0.109634234375 0.4756021578125 0.11314129531249999 0.46696021249999997 0.1139891640625 0.4509041265625 0.111725865625 0.4412447109375 0.104455990625 0.43186004375 0.0836939125 0.42588404375 0.07096548750000001 0.43058493125 0.06437529374999999 0.43984078125000003 0.059228559375 0.4690293609375 0.069157634375 0.48582816875 0.0872324828125 0.4901727953125
1 0.1158880609375 0.5357395125 0.1227900671875 0.541586690625 0.1393373671875 0.5433468828125 0.146663303125 0.54116601875 0.1598156609375 0.5284370875 0.1653022375 0.5085687671875 0.16303894375 0.498909353125 0.1546374203125 0.4846949734375 0.145811959375 0.47850864375 0.1381181484375 0.4771520171875 0.12770908281249999 0.47994678124999995 0.114952628125 0.4904304375 0.1079385 0.507714328125 0.1094099921875 0.5218642953125 0.1158880609375 0.5357395125
1 0.198000934375 0.5143344296875 0.211097228125 0.51317103125 0.223853684375 0.5026873796875 0.23052796718750002 0.4760832296875 0.22291824999999998 0.45737830312499994 0.2140927890625 0.45119196875 0.2025520734375 0.44915702968750004 0.1840252640625 0.45862321250000004 0.176275390625 0.46883212187499995 0.173899975 0.482303775 0.17729491875 0.49679289843749996 0.184168890625 0.5084228390625001 0.198000934375 0.5143344296875
1 0.2608827546875 0.5682512375 0.2759585640625 0.5558614703125 0.28144514374999996 0.5359931453125 0.2742313234375 0.515042940625 0.26540586718750003 0.5088566109375 0.25001824687499996 0.506143359375 0.23109553124999999 0.517854815625 0.22481715000000002 0.542213690625 0.2339544171875 0.5635030453125001 0.244703328125 0.570028540625 0.24970991250000002 0.5697537921875 0.2608827546875 0.5682512375
1 0.29878424375 0.5332627890625 0.30568625 0.5391099625 0.3160672875 0.5420979640625 0.3249207765625 0.5425015296875 0.33920478125 0.5346023109375 0.34735055625 0.522148128125 0.349725971875 0.508676475 0.347858578125 0.49677178125 0.34098460468749997 0.485141840625 0.3321591453125 0.478955503125 0.320618428125 0.47692056406249994 0.31213281249999997 0.480054490625 0.29937636093750003 0.49053814375 0.2930979796875 0.5148970171875 0.29878424375 0.5332627890625
1 0.372835434375 0.5069635859375 0.3782098859375 0.5102263328125 0.3928337328125 0.51164736875 0.397840315625 0.511372621875 0.4102008671875 0.5031342421875 0.4191384484375 0.48618950937500005 0.4195904125 0.4723787 0.415799565625 0.460134853125 0.41005724062500004 0.4533346171875 0.38969106249999996 0.44511334375 0.38352480624999996 0.44634115156250004 0.3680530921875 0.460976196875 0.3645460296875 0.46961814375 0.3636981640625 0.485674225 0.372835434375 0.5069635859375
1 0.46230574999999996 0.5563083328125 0.467736265625 0.54800554375 0.4701677421875 0.5229683546875 0.466744771875 0.5142620015625 0.4583152140625 0.5058303921875 0.44140004531250004 0.50053270625 0.4224773296875 0.5122441656250001 0.41936617031249995 0.518640834375 0.4165387890625 0.5459232968750001 0.428391315625 0.5630612625 0.448785521875 0.56549976875 0.46230574999999996 0.5563083328125
1 0.48049620156249995 0.6162353484375 0.4970435 0.6179955453125 0.5086122453125 0.6142477171875 0.517125890625 0.605331025 0.5230083671875 0.583217425 0.5138711 0.5619280703125 0.505045640625 0.55574173125 0.493504925 0.5537067921875 0.4873386671875 0.5549346 0.4745822125 0.5654182546875 0.46915169375000004 0.573721040625 0.46598447343749994 0.5916832453125 0.47359419531249997 0.6103881765625 0.48049620156249995 0.6162353484375
1 0.57805275 0.5859779875 0.588517878125 0.5716176828124999 0.5901575515624999 0.5510710484375 0.5821519312500001 0.534611396875 0.5694795640625 0.52774675 0.555619496875 0.527617928125 0.5432589453125 0.53585630625 0.5378284265625 0.54415909375 0.5350010484375 0.5714415578125001 0.544930125 0.588240365625 0.5649284265625 0.59292415 0.57805275 0.5859779875
1 0.5893411921875 0.6400578296874999 0.5981666546875 0.646244159375 0.6185608578124999 0.64868266875 0.6274423765625 0.6433034671875 0.6351922453125 0.6330945609375 0.63988701875 0.6177167875 0.638811428125 0.6013215484375001 0.6284864546875 0.5867680125 0.621188546875 0.5831661125000001 0.607328471875 0.583037290625 0.592648565625 0.593181790625 0.587218053125 0.6014845796875 0.5833150859375 0.612371796875 0.5843906718749999 0.628767040625 0.5893411921875 0.6400578296874999
1 0.6702943890624999 0.619605803125 0.6868416875000001 0.6213659953125 0.695327303125 0.6182320703124999 0.7057924328125 0.603871771875 0.7089035921875 0.5974751 0.7101473609375 0.5791737390625 0.696767284375 0.5594513437499999 0.6775327578125 0.5560597781250001 0.6690471421875 0.5591937031249999 0.6578182359375 0.5722617890625 0.6547070765624999 0.57865845625 0.65346330625 0.5969598171875 0.6633923828125 0.6137586265625 0.6702943890624999 0.619605803125
1 0.6721932890625 0.7044411890625 0.6814707109375 0.696816715625 0.6900123859375 0.6821172546875001 0.6927837046875001 0.666400328125 0.6893887640624999 0.6519112046875 0.6786678828125 0.639602946875 0.6694465187499999 0.6356618890625 0.650947740625 0.63934530625 0.635476028125 0.6539803531249999 0.6330445499999999 0.6790175406250001 0.641446078125 0.6932319171875 0.6517990859375 0.70200268125 0.6721932890625 0.7044411890625
1 0.5746927953125 0.72313301875 0.5908161640625 0.7329212578125001 0.5958227468749999 0.7326465109375 0.6008293265625 0.7323717624999999 0.613585784375 0.7218881109375 0.619016296875 0.713585321875 0.6221835171875 0.6956231171875 0.6130462515625 0.6743337578124999 0.6061442453125 0.66848658125 0.5965269796875 0.666790796875 0.5760767171875 0.6759178234375 0.5675350390625 0.6906172828125 0.56634733125 0.6973531078125 0.5678188234375 0.711503075 0.5746927953125 0.72313301875
1 0.542190315625 0.6768879906249999 0.553363159375 0.6753854359375 0.5614809015625 0.6687140203124999 0.5696266765625 0.6562598375 0.57239799375 0.6405429109375 0.563260725 0.6192535515625 0.5544352640625 0.6130672171875 0.544818003125 0.611371434375 0.5320895796875 0.61607231875 0.5239718328125 0.6227437375 0.5169016484375 0.6515931609375001 0.526434821875 0.67063724375 0.542190315625 0.6768879906249999
1 0.43221366874999995 0.64823580625 0.44341454531249996 0.6409504874999999 0.4488450609375 0.6326476984375 0.4519562203125 0.6262510265625 0.45319999062500005 0.607949665625 0.44021581249999997 0.585981996875 0.4209812859375 0.5825904296875 0.40630138281250006 0.5927349265624999 0.40047496093749996 0.6032829890625 0.3977036421875 0.6189999187499999 0.3991751359375 0.6331498859375 0.4060491078125 0.6447798296875 0.43221366874999995 0.64823580625
1 0.40024724218749996 0.5708316625000001 0.40109510625 0.5547755796875 0.3915619375 0.53573149375 0.3707998578125 0.529755496875 0.356515853125 0.5376547203125 0.34837008125 0.550108903125 0.346334509375 0.5729008140625 0.357791134375 0.5922840546875 0.3781853359375 0.594722559375 0.396740178125 0.5794736078125 0.40024724218749996 0.5708316625000001
1 0.30798105468750003 0.6217000765625 0.31954979843750003 0.617952246875 0.325744090625 0.6109416765625 0.3335500234375 0.589167234375 0.33168263124999997 0.5772625421875001 0.3232811078125 0.5630481671875 0.302519028125 0.5570721671875 0.2832004140625 0.5710289046875 0.2773179328125 0.5931425031249999 0.279185325 0.6050471921875 0.28605930156250003 0.6166771359375 0.2895103046875 0.6196007234375001 0.30798105468750003 0.6217000765625
1 0.21777847343749998 0.6439938062499999 0.22468047812499997 0.6498409875 0.2335339625 0.6502445531250001 0.244706809375 0.6487419984375 0.257067359375 0.640503621875 0.262497875 0.6322008343750001 0.265665096875 0.61423863125 0.25845128125 0.5932884265625 0.23808510468750002 0.585067153125 0.22767603906249997 0.587861921875 0.21955829218749998 0.5945333374999999 0.2114125203125 0.60698751875 0.20943300625 0.6182139 0.20977285 0.6275341562500001 0.21777847343749998 0.6439938062499999
1 0.1710480453125 0.5940824671875 0.1875953421875 0.5958426593749999 0.1949212828125 0.5936617921875 0.21078889687500002 0.5767814703125 0.2124285671875 0.5562348328125 0.2101652734375 0.5465754171875 0.199444390625 0.5342671625000001 0.1821333203125 0.5312147546875 0.1655299578125 0.5410200921875 0.1600994453125 0.5493228828125 0.1569322234375 0.5672850859375 0.159195515625 0.5769445015625 0.16759704375 0.5911588765625 0.1710480453125 0.5940824671875
1 0.11891860937500001 0.6254046062499999 0.128168 0.6235628984375 0.1436397140625 0.6089278484375 0.147598740625 0.5864750937500001 0.1422803453125 0.5716468140625001 0.1365380203125 0.5648465765624999 0.113852490625 0.5585314234375 0.10381129375 0.5648636828125 0.0960614203125 0.5750725921875001 0.0905748453125 0.5949409125 0.0939697890625 0.609430034375 0.1027672171875 0.6213991375 0.11891860937500001 0.6254046062499999
1 0.0464755875 0.558226475 0.0549051390625 0.5666580859375 0.0691330859375 0.5703244 0.0826252828125 0.5669157265625 0.090743025 0.5602443125 0.09656944687499999 0.549696246875 0.0989448625 0.53622459375 0.095945821875 0.5194901984375 0.0921269453125 0.5130291171875 0.083301490625 0.5068427828125001 0.0659904140625 0.5037903734375 0.048991153125 0.515840990625 0.0446922859375 0.5289734859374999 0.0430526140625 0.5495201203125 0.0464755875 0.558226475
1 0.032958834375 0.6461313765625001 0.041784295312500004 0.6523177109375 0.056408140625000006 0.6537387453125 0.06373407656249999 0.65155788125 0.0768864328125 0.6388289515625 0.0823730109375 0.61896063125 0.07787445 0.5938590328125 0.0709724453125 0.58801185625 0.05790418125 0.5833924859375 0.04981446875 0.5842811343750001 0.039773271875 0.5906133921875 0.029308142187500004 0.6049736953125 0.0246133703125 0.620351465625 0.027612410937499998 0.637085865625 0.032958834375 0.6461313765625001
1 0.0114364640625 0.717576625 0.0167828890625 0.7266221359375 0.023684895312500003 0.7324693140625 0.0383087390625 0.7338903484375 0.04755813125 0.7320486421875 0.0556758734375 0.7253772265625 0.06421754843750001 0.7106777671875 0.06540525625 0.7039419421875001 0.0635378671875 0.69203725 0.055532242187500004 0.6755776 0.0467067875 0.6693912640625 0.031319165625 0.6666780109375 0.02127796875 0.6730102718750001 0.013132192187499999 0.6854644546875 0.0080415203125 0.703087503125 0.0114364640625 0.717576625
1 0 0.8119162203125001 0.0028702328125 0.8167723109375 0.0082446921875 0.8200350546875 0.0228685359375 0.82145609375 0.030194471875 0.8192752296875 0.0460620890625 0.80239490625 0.0477017625 0.78184826875 0.0396961359375 0.7653886187500001 0.032794131250000004 0.7595414375 0.015483060937500001 0.7564890281250001 0.0008031515624999999 0.7666335281250001 0 0.767861478125 0 0.8119162203125001
1 0.10817665624999999 0.7763060390625001 0.1140591375 0.754192440625 0.110664196875 0.7397033203125 0.10531776875000001 0.73065780625 0.0807087890625 0.7240034953125 0.062917721875 0.7405446640625 0.059806560937499996 0.7469413296875 0.058166890625 0.76748796875 0.0680959625 0.7842867734375 0.073470421875 0.7875495203125 0.0919411703125 0.7896488703125 0.10817665624999999 0.7763060390625001
1 0.1008192125 0.705556209375 0.1077492484375 0.70562061875 0.1220332484375 0.697721396875 0.12978312187500002 0.687512490625 0.1329503421875 0.6695502875 0.12036206875 0.6453373359375 0.0995999953125 0.639361340625 0.08492008749999999 0.6495058375 0.079489571875 0.657808625 0.075926446875 0.6780161062500001 0.083536165625 0.6967210328125 0.0958126296875 0.705830953125 0.1008192125 0.705556209375
1 0.1472063171875 0.6674338328125 0.15294864531250002 0.6742340703124999 0.17102349375 0.6785786921875 0.17795352656250002 0.6786431046875 0.1856753703125 0.674216965625 0.196536403125 0.6576113875 0.19851591562499998 0.6463850078125 0.1966485203125 0.63448031875 0.1897745484375 0.622850375 0.18287254375 0.617003196875 0.169408371875 0.6146290999999999 0.1566799484375 0.6193299890625 0.148166303125 0.628246678125 0.1422838265625 0.6503602765625 0.1472063171875 0.6674338328125
1 0.1563750953125 0.7616538859374999 0.16370103125 0.759473021875 0.17413813125 0.7508954875 0.18081241406249998 0.7242913375 0.17320269531250002 0.7055864109375001 0.1532324265625 0.6951198609375 0.1447468109375 0.6982537859375 0.1319903578125 0.7087374390625001 0.125316071875 0.7353415859375 0.1260518171875 0.742416571875 0.1344533421875 0.756630946875 0.1379043453125 0.759554534375 0.1563750953125 0.7616538859374999
1 0.1174855859375 0.8416122578125 0.12286004375 0.84487500625 0.1374838890625 0.846296040625 0.14480982656250002 0.844115171875 0.1552469265625 0.835537640625 0.1610733453125 0.824989575 0.1634487609375 0.8115179234375001 0.161185465625 0.8018585078125 0.1493329390625 0.7847205453125 0.12585560625 0.7828959390625 0.1103838921875 0.7975309875 0.10727273281250001 0.803927659375 0.106424865625 0.8199837406249999 0.1086881609375 0.8296431562500001 0.1174855859375 0.8416122578125
1 0.2076881734375 0.8193185250000001 0.22624301562500002 0.8040695734375 0.2301459796875 0.7931823546875 0.23059794375 0.7793715453125001 0.22411987187500002 0.7654963234375 0.2156903140625 0.7570647140625 0.20030269218750002 0.7543514625000001 0.181379978125 0.7660629218749999 0.175157659375 0.7788562625 0.1747056953125 0.792667071875 0.1784965421875 0.8049109171875 0.18921741875 0.817219175 0.2076881734375 0.8193185250000001
1 0.24089141249999999 0.7209943828125 0.24716979375 0.6966355078124999 0.2449064984375 0.6869760921875 0.23610907343749998 0.675006990625 0.2172704484375 0.6693701515625 0.20222266718749998 0.67597715625 0.1960283765625 0.682987728125 0.19127754375 0.709931034375 0.1992831703125 0.7263906859375 0.20618517500000003 0.7322378640625 0.22273247343749997 0.7339980578125 0.24089141249999999 0.7209943828125
1 0.28716639375 0.7060030734375 0.2964157859375 0.7041613625 0.3091722421875 0.693677709375 0.31545062343749997 0.6693188375 0.30591745000000004 0.65027475 0.29901544375 0.644427578125 0.28170437187499997 0.64137516875 0.269343821875 0.64961354375 0.263913303125 0.6579163328125001 0.2596144359375 0.6710488296875 0.2595583734375 0.6826143640625 0.2690915453125 0.701658446875 0.28716639375 0.7060030734375
1 0.34121928125 0.6750200859375 0.35776658125 0.6767802828125 0.369335325 0.6730324546875 0.3755296171875 0.6660218828125 0.380960134375 0.65771909375 0.38412735468750003 0.639756890625 0.374990084375 0.6184675296875 0.3523045546875 0.6121523734375 0.34149958593749996 0.61719241875 0.3329859375 0.6261091125 0.329874778125 0.6325057796875 0.32823510625 0.653052415625 0.3289708515625 0.6601273984375 0.34121928125 0.6750200859375
1 0.2559707015625 0.7873180718749999 0.2744414515625 0.7894174203125 0.2817673875 0.78723655625 0.292600390625 0.7764137468750001 0.298482871875 0.7543001484375 0.2962195734375 0.7446407328125 0.2858946 0.730087196875 0.280520140625 0.7268244546875 0.26473661718749997 0.726356475 0.247341453125 0.7406523703125 0.2430425859375 0.7537848656249999 0.24259062187499997 0.767595675 0.2490686953125 0.78147089375 0.2559707015625 0.7873180718749999
1 0.2578695984375 0.8721534562500001 0.265195540625 0.86997259375 0.2756326359375 0.8613950562499999 0.2810631546875 0.8530922703125 0.2842303765625 0.835130065625 0.2731696515625 0.813501546875 0.25240757812500003 0.8075255484375001 0.23348486093749998 0.819237009375 0.227262540625 0.832030346875 0.226810578125 0.8458411578125 0.23787129999999998 0.867469675 0.24132230312499997 0.8703932609375 0.2578695984375 0.8721534562500001
1 0.3076796765625 0.8427374343749999 0.326150428125 0.8448367843750001 0.3415941109375 0.8359845046875 0.349004140625 0.8164553375000001 0.3490602 0.8048898046874999 0.341054578125 0.7884301515625001 0.33415257187499997 0.782582975 0.3187649515625 0.779869721875 0.3102793359375 0.783003646875 0.2994463375 0.7938264562499999 0.295939271875 0.8024684015625001 0.2950914078125 0.8185244875000001 0.304228675 0.839813846875 0.3076796765625 0.8427374343749999
1 0.3169536234375 0.7563994968750001 0.3311535359375 0.7658485749999999 0.33808357031249997 0.7659129890624999 0.3473329625 0.76407128125 0.3554507046875 0.7573998625 0.3639923828125 0.7427004046875 0.3663677984375 0.7292287515625 0.3641045 0.7195693375000001 0.3537795265625 0.7050158015625 0.3368643515625 0.69971811875 0.3283787359375 0.7028520421875 0.31562228281250004 0.7133356953125001 0.30973980624999997 0.73544929375 0.31160719375 0.7473539859375 0.3169536234375 0.7563994968750001
1 0.3910048078125 0.73010029375 0.396379265625 0.7333630421875 0.41100311093749997 0.7347840765625 0.418329046875 0.7326032125 0.42684269375 0.72368651875 0.43266911406249997 0.713138459375 0.43504452968749996 0.69966680625 0.4316495859375 0.6851776828125 0.424775609375 0.6735477375000001 0.4213246078125 0.6706241453125 0.40169417812499997 0.6694778593749999 0.387014271875 0.6796223546875 0.381583759375 0.68792514375 0.37915228125 0.7129623328125 0.3910048078125 0.73010029375
1 0.3944312578125 0.8175201140624999 0.407951490625 0.8083286749999999 0.413382003125 0.800025884375 0.4169451265625 0.7798184078125 0.4058844046875 0.758189890625 0.39089268593750004 0.753231365625 0.37624081249999997 0.75759309375 0.370442421875 0.7623583921875 0.3615048421875 0.7793031265625 0.3610528796875 0.7931139359375 0.3705860546875 0.8121580187499999 0.37596050625 0.815420765625 0.3944312578125 0.8175201140624999
1 0.3782553109375 0.8980108734375 0.39681015468749997 0.882761921875 0.400317215625 0.874119978125 0.40076917968750003 0.86030916875 0.3985058859375 0.850649753125 0.389708459375 0.8386806515625 0.38433400156249997 0.835417909375 0.364703571875 0.8342716156250001 0.34923186093749997 0.8489066640624999 0.3437452859375 0.8687749874999999 0.3528825578125 0.89006434375 0.3597845609375 0.895911525 0.3782553109375 0.8980108734375
1 0.44229333281249994 0.8722611656250001 0.4515427265625 0.870419453125 0.45966046718750003 0.8637480390625001 0.465090984375 0.85544525 0.4686541078125 0.835237771875 0.4663908125 0.82557835625 0.4575933859375 0.81360925625 0.4387547625 0.807972415625 0.4260263390625 0.8126733015625 0.41711678750000003 0.8238352671875001 0.4127618578125 0.8485332984375 0.42421848593749995 0.8679165390625 0.44229333281249994 0.8722611656250001
1 0.4504076 0.786876284375 0.4592610875 0.7872798546875 0.4661911234375 0.7873442625 0.47391296250000003 0.782918121875 0.485961703125 0.75957671875 0.48601776250000006 0.7480111828125 0.48222691875 0.7357673390625 0.47303359062499994 0.7260435109375 0.4537990640625 0.7226519453125 0.4367998015625 0.7347025609375 0.4305214171875 0.7590614375 0.432388809375 0.7709661265625 0.43965868906249994 0.7803507984375 0.4504076 0.786876284375
1 0.4577580890625 0.7001991953125 0.47043045 0.7070638375 0.47543703437499996 0.70678909375 0.48236706875 0.706853503125 0.49240826562500006 0.7005212453125 0.50094994375 0.6858217843750001 0.5037212625 0.6701048593750001 0.4945839921875 0.6488154984375 0.47806472187500004 0.6412725375 0.463412846875 0.6456342687500001 0.4552951015625 0.652305684375 0.4498645875 0.660608475 0.4470932703125 0.6763254 0.4493565609375 0.6859848140625 0.4577580890625 0.7001991953125
1 0.5363954015625 0.76036675 0.54722840625 0.7495439359375 0.5539026890625001 0.7229397875 0.54629296875 0.7042348625 0.5393909625 0.698387684375 0.5240033421875 0.69567443125 0.504684728125 0.7096311656250001 0.49840634375 0.733990040625 0.5113905203125 0.7559577140625 0.5167649734374999 0.7592204578125 0.5313888203125 0.7606414921875 0.5363954015625 0.76036675
1 0.496346221875 0.841278178125 0.516740421875 0.8437166859375 0.5329759109375 0.830373853125 0.536482971875 0.8217319078124999 0.5373308390625 0.805675825 0.5350675453125 0.7960164109375001 0.5243466625 0.7837081515625 0.5151253062500001 0.7797670906249999 0.5031886875 0.779977428125 0.4881128765625 0.792367203125 0.48268235937500004 0.8006699921875 0.481438590625 0.81897135 0.489444215625 0.8354310046875 0.496346221875 0.841278178125
1 0.5630994968749999 0.8113770765625 0.5811743500000001 0.8157216999999999 0.5885002874999999 0.8135408359375 0.6020485453125 0.7985666328125001 0.60555560625 0.7899246875 0.606007571875 0.776113878125 0.602216725 0.763870028125 0.5930233953124999 0.7541462046875 0.57378886875 0.7507546390625001 0.559108965625 0.760899134375 0.553678446875 0.7692019234374999 0.5497194203125 0.791654678125 0.5546699453125 0.8029454671874999 0.5630994968749999 0.8113770765625
1 0.638678234375 0.7876623078125 0.649455178125 0.78840503125 0.6544617578125 0.788130284375 0.670329375 0.7712499578124999 0.6738364359375 0.7626080125 0.674684303125 0.74655193125 0.6666786828125 0.730092278125 0.659776678125 0.7242451015625 0.6463125062499999 0.7218710046875 0.6401462484375 0.7230988125 0.6250704375 0.7354885828125 0.6180563109375 0.752772471875 0.6248742234375 0.775967953125 0.638678234375 0.7876623078125
1 0.7382143015625 0.7461785625 0.7437569390625 0.7147447062500001 0.7414936437499999 0.705085290625 0.7342237640625 0.6957006234375 0.7269258562500001 0.6920987234375 0.7068995250000001 0.6931977046875 0.689108459375 0.7097388718750001 0.6874687859375 0.730285509375 0.697001959375 0.7493295921875001 0.7039039640625 0.7551767703125 0.7262216234375 0.7579544328125001 0.7382143015625 0.7461785625
1 0.7027197390625 0.8406260578125 0.7170037390624999 0.8327268374999999 0.7252616359374999 0.7971415859375 0.715332559375 0.780342778125 0.698417390625 0.7750450921875001 0.6779671234375 0.7841721203125 0.6702172531249999 0.7943810265625 0.668237740625 0.80560740625 0.67850665625 0.8317264734375 0.6854086609375 0.837573646875 0.695789703125 0.8405616468750001 0.7027197390625 0.8406260578125
1 0.6352026828125 0.869234946875 0.653757525 0.8539859953125 0.6572645875 0.8453440515624999 0.6581124546875 0.8292879640624999 0.6501068296875 0.8128283109375 0.6432048234375001 0.8069811390625 0.627817203125 0.8042678859375 0.617012234375 0.8093079265625001 0.6034639765625001 0.8242821296875 0.601824303125 0.8448287671875001 0.6113574765625 0.8638728515625 0.616731928125 0.8671355984375 0.6352026828125 0.869234946875
1 0.5723243359375 0.8940315953125 0.5858725984375 0.8790573921875 0.5886999765625001 0.8517749296874999 0.5749239953124999 0.8342978078125001 0.5576129234375 0.8312453984375001 0.540613659375 0.8432960140624999 0.5351831453125 0.8515988046875 0.532015925 0.8695610078125 0.54154909375 0.888605090625 0.5484511000000001 0.8944522671874999 0.5649984 0.8962124593749999 0.5723243359375 0.8940315953125
1 0.4905513109375 0.9247569375 0.497481346875 0.9248213468750001 0.5117653484375 0.916922128125 0.5199111234375 0.9044679453125 0.5218906359375 0.8932415656250001 0.5166002703125 0.87263051875 0.50817071875 0.8641989109375 0.49510244999999997 0.8595795374999999 0.4746521859375 0.8687065687500001 0.46690231718749997 0.8789154734375 0.4637350953125 0.896877678125 0.4782468203125 0.92142978125 0.4905513109375 0.9247569375
1 0.5951815265625 0.944363609375 0.6059304359375 0.9508891 0.612860475 0.9509535109374999 0.6221098625 0.9491118015625 0.6348663171875 0.9386281500000001 0.6411447 0.914269275 0.63888140625 0.9046098593749999 0.6285564265625 0.8900563281249999 0.6097178015625 0.8844194890624999 0.6012321875 0.8875534093749999 0.5903991875 0.8983762234375 0.58496866875 0.9066790109375 0.582593253125 0.9201506625 0.583329 0.9272256453125 0.5951815265625 0.944363609375
1 0.7027512437500001 0.9135567546875001 0.70586240625 0.9071600828124999 0.708689784375 0.8798776203124999 0.69683725625 0.8627396578125 0.6776027296875 0.8593480921875001 0.6667977609375 0.864388134375 0.65556885625 0.8774562203125 0.6535332828125 0.9002481328125 0.6634623562499999 0.9170469375 0.6703643609375 0.9228941171875 0.68498820625 0.9243151546874999 0.7027512437500001 0.9135567546875001
1 0.715101359375 0.6691779890625 0.7293012734375 0.6786270671875 0.73430785625 0.6783523234375 0.741237890625 0.6784167328125 0.7512790890625001 0.672084475 0.7571055078125 0.6615364078125 0.76066863125 0.6413289328125 0.7588012390625 0.6294242375 0.750399715625 0.6152098640625 0.735407996875 0.6102513375 0.7207561171875 0.6146130656250001 0.7126383765625001 0.6212844796875 0.7076037625 0.627341996875 0.7040406390625 0.6475494734375 0.715101359375 0.6691779890625