1 0.0885648796875 0.1031530640625 0.0956451296875 0.11732981093749999 0.1021710578125 0.1234241859375 0.10973233593750001 0.128422353125 0.1185694796875 0.1277350140625 0.1294773328125 0.124855246875 0.1369653171875 0.112592465625 0.14134724375000002 0.103618321875 0.1423093015625 0.0852611609375 0.137059240625 0.07348128125 0.128703125 0.064990040625 0.1229720375 0.0623887375 0.1093189 0.06167320625 0.0972554375 0.0679438296875 0.0919584171875 0.0757195421875 0.0873359765625 0.0892829765625 0.0885648796875 0.1031530640625
1 0.08762915624999999 0.158326765625 0.08264594374999999 0.17877413125 0.08924516406250001 0.20212945625 0.0938206421875 0.20812161875 0.1013819203125 0.2131197828125 0.1141199625 0.2126368796875 0.12100666093750001 0.2118473265625 0.1281338734375 0.206468478125 0.1305653484375 0.197392115625 0.13470676406249998 0.1930072625 0.13701798125 0.1862255453125 0.137739525 0.17245767343750001 0.13614985 0.165471521875 0.1298644375 0.154787853125 0.1204729671875 0.1473928265625 0.108890534375 0.1444848671875 0.094876625 0.1506532703125 0.08762915624999999 0.158326765625
1 0.15839961875 0.170089003125 0.16413070624999998 0.172690303125 0.1827200953125 0.1725140609375 0.18881195312500001 0.168231425 0.19964651093750002 0.14809071093749998 0.20048831250000002 0.1320281984375 0.1970684421875 0.12264518124999998 0.18883258281249998 0.11185929218749999 0.1812713046875 0.106861128125 0.1635970125 0.108235803125 0.15025768281250002 0.1201919328125 0.14575550312500002 0.13146071875 0.14503395937500002 0.1452285890625 0.15016375937499998 0.159303115625 0.15839961875 0.170089003125
1 0.21919795625 0.12955730625 0.226759234375 0.13455547343750002 0.243398171875 0.134277009375 0.2483344234375 0.13338523124999999 0.25984355937500003 0.119032240625 0.26215478124999997 0.11225052499999999 0.2631168390625 0.0938933640625 0.2513408546875 0.076019103125 0.24377957499999997 0.0710209421875 0.23207688593750003 0.07040763125 0.22208412968750002 0.0744858234375 0.21069524999999997 0.08654417187499999 0.20766248593749997 0.10709375624999999 0.2109620953125 0.11877142031250001 0.21919795625 0.12955730625
1 0.26902085 0.1678331015625 0.2772567078125 0.1786189859375 0.2887188828125 0.183821590625 0.2975560296875 0.18313425156250002 0.306393175 0.1824469125 0.32021353124999996 0.16131220625 0.321175590625 0.1429550453125 0.319585915625 0.1359688890625 0.305739225 0.12028705937499999 0.3000081375 0.11768575625 0.2823338453125 0.119060434375 0.278312690625 0.1211506421875 0.268874259375 0.1333112046875 0.2665630375 0.140092921875 0.26560097968749996 0.1584500828125 0.26902085 0.1678331015625
1 0.3807713578125 0.1253697984375 0.3830825765625 0.1185880828125 0.3822144453125 0.0978340578125 0.36653756249999997 0.07975536093749999 0.347033078125 0.078733175 0.343011925 0.08082338125 0.32943208125 0.0973688 0.3271208625 0.104150515625 0.328229509375 0.1203152515625 0.343665875 0.1429832375 0.366156159375 0.143011428125 0.3807713578125 0.1253697984375
1 0.386649034375 0.16249299374999998 0.391658578125 0.17886216562499999 0.3962340546875 0.184854325 0.40001469375000004 0.1873534078125 0.42043427187500004 0.1895740265625 0.425370521875 0.18868225156250001 0.436879659375 0.174329259375 0.44138184531249997 0.16306047343750002 0.4421033875 0.14929260312499998 0.43880377499999995 0.1376149390625 0.4305679171875 0.12682905312499998 0.4152048453125 0.1214220109375 0.41313413906249996 0.1236144390625 0.4013111921875 0.1252957734375 0.391993015625 0.135161690625 0.3874908359375 0.1464304796875 0.386649034375 0.16249299374999998
1 0.4645936703125 0.1493207953125 0.47032475937499996 0.15192209375000001 0.4830628015625 0.15143919374999998 0.48799905 0.15054741875 0.4992676734375 0.1407837171875 0.506081078125 0.1227332125 0.5049724296875 0.10656847968750001 0.50326249375 0.10187697031250001 0.49124599687500003 0.088592 0.48551490937499997 0.0859907 0.46784061718750003 0.087365375 0.45565689843749996 0.09593064375 0.45023961874999996 0.1060010015625 0.450987496875 0.1290496703125 0.4645936703125 0.1493207953125
1 0.5755756734374999 0.14018095625 0.5856417234375 0.1533637078125 0.5932030015625 0.15836187031249999 0.603990596875 0.15777675156249998 0.612948 0.15479476875 0.6222661765625 0.14492885 0.6266480984375 0.13595470625 0.627850671875 0.1130082546875 0.62431055 0.1059198828125 0.614124240625 0.095031775 0.592669309375 0.0939073703125 0.584627 0.0980877890625 0.5753088265625 0.10795370468750001 0.5731178609375001 0.1124407765625 0.5722760609375 0.12850329375 0.5755756734374999 0.14018095625
1 0.7121803484375 0.1645972078125 0.7159609890625 0.1670962921875 0.734550375 0.1669200453125 0.74155733125 0.1638358453125 0.7488048 0.156162353125 0.7531867265625001 0.147188209375 0.75450955625 0.12194711250000001 0.742733571875 0.104072853125 0.73895293125 0.10157377031249999 0.72529979375 0.1008582390625 0.711285884375 0.10702664531249999 0.7019677109375 0.1168925640625 0.6969844953125001 0.1373399328125 0.700284109375 0.149017596875 0.7121803484375 0.1645972078125
1 0.7707407625 0.148108178125 0.7703799906250001 0.1549921109375 0.7842266796875 0.1706739453125 0.8047665140625 0.1705999171875 0.8117734703125 0.1675157171875 0.82304209375 0.15775201562500002 0.825353315625 0.1509703 0.8265558875 0.12802385 0.8231360171875 0.11864083125 0.8167303499999999 0.1102518109375 0.809169071875 0.1052536421875 0.793565484375 0.1044358921875 0.7815020234375 0.11070651718749999 0.769992884375 0.1250595078125 0.7689105703125 0.1457113125 0.7707407625 0.148108178125
1 0.8540087515625 0.16397680312500001 0.8622446109374999 0.1747626921875 0.86809595625 0.1750693484375 0.869926146875 0.1774662125 0.8807137421875 0.1768810921875 0.89162159375 0.174001325 0.90532169375 0.15516126562500002 0.9056824656250001 0.14827732968750001 0.9077531703125 0.146084903125 0.9065242671875 0.13221481562499998 0.8965784734375 0.11673741875000002 0.88901719375 0.111739253125 0.871463159375 0.110819284375 0.8654915578125 0.1128072765625 0.852031971875 0.127058046875 0.8489992093750001 0.147607634375 0.8540087515625 0.16397680312500001
1 0.9237644921875001 0.12046312343750001 0.914326059375 0.1326236890625 0.9138450312499999 0.14180227031249998 0.9172648984375 0.1511852875 0.9166636125000001 0.1626585109375 0.936241390625 0.180941646875 0.9400220296875 0.183440728125 0.9449582781249999 0.1825489515625 0.96378818125 0.177783415625 0.9773680234375 0.161238 0.9777287953125 0.154354065625 0.9797995015625001 0.1521616390625 0.98028053125 0.1429830578125 0.9769809203125 0.13130539531250002 0.9687450609375 0.120519509375 0.9592333343749999 0.115419125 0.9397288500000001 0.1143969390625 0.9376581453125 0.11658936718749999 0.9318068 0.1162827109375 0.9237644921875001 0.12046312343750001
1 0.14193360156249998 0.2417059 0.155780290625 0.257387734375 0.1782705765625 0.2574159265625 0.182291728125 0.25532571875 0.19324654375 0.2328903625 0.192378409375 0.2121363375 0.1860929984375 0.20145266718750002 0.1767015296875 0.194057640625 0.170850184375 0.1937509859375 0.16901999375 0.19135411875 0.1511051859375 0.1973180875 0.1438577171875 0.2049915796875 0.1394757921875 0.21396572187500001 0.13851373281249998 0.2323228828125 0.14193360156249998 0.2417059
1 0.2063923203125 0.2059679328125 0.21096779843750002 0.211960090625 0.2203592671875 0.2193551203125 0.2369982078125 0.21907665625 0.24388490468750001 0.2182871015625 0.25563455468749996 0.1993448203125 0.25683712812500004 0.17639836874999998 0.2534172640625 0.1670153515625 0.2432309546875 0.1561272453125 0.2315282640625 0.1555139328125 0.22774762499999998 0.15301485312500002 0.21373371406250002 0.15918325625000002 0.20855695000000002 0.164664321875 0.20186380312500002 0.18042018124999998 0.20150303125 0.1873041171875 0.2063923203125 0.2059679328125
1 0.3239002484375 0.2029224734375 0.3254899234375 0.20990862500000002 0.33360552656250003 0.22298916093750001 0.34116680625 0.227987321875 0.36170664218750004 0.2279132984375 0.3762015828125 0.2125663109375 0.3785128 0.2057845953125 0.3794748578125 0.187427434375 0.377885184375 0.18044128125 0.3761752484375 0.1757497703125 0.365988940625 0.164861665625 0.36025785312499997 0.1622603640625 0.34660471406250004 0.161544834375 0.3406331125 0.1635328234375 0.3314351953125 0.17110409843750002 0.32486230625 0.1845653125 0.3239002484375 0.2029224734375
1 0.44762029375 0.19329973281249999 0.44554958593749994 0.1954921609375 0.4466582359375 0.21165689375 0.4500781 0.221039909375 0.4564837703125 0.2294289359375 0.465995496875 0.23452931562499998 0.48068398749999997 0.23414863593750002 0.4836697890625 0.23315464062500002 0.49724963125 0.21660922500000002 0.49956085312500004 0.20982750625 0.500402653125 0.1937649921875 0.498812975 0.1867788375 0.490697375 0.17369830625 0.4831360953125 0.168700140625 0.46753250937499996 0.16788239062500002 0.4615609078125 0.16987037968750002 0.45236298750000004 0.17744165625 0.44798106562499995 0.1864157984375 0.44762029375 0.19329973281249999
1 0.5248433859375 0.193895403125 0.5305744734375 0.1964967046875 0.5433125171875 0.196013803125 0.548248765625 0.1951220265625 0.56170835 0.1808712546875 0.5648613734375 0.158027021875 0.5615617625 0.1463493609375 0.553325903125 0.1355634734375 0.5495452640625 0.1330643921875 0.5300407796875 0.1320422046875 0.5219984734375 0.13622261875 0.5146307453125 0.14619075625 0.512319528125 0.152972475 0.5112372125 0.173624278125 0.5248433859375 0.193895403125
1 0.6477216296874999 0.200335178125 0.6515022687500001 0.2028342625 0.6661907625000001 0.202453578125 0.673197715625 0.19936937500000002 0.684706853125 0.1850163859375 0.6870180718750001 0.17823466875 0.687859871875 0.1621721546875 0.6846805218750001 0.148199846875 0.6686428671875 0.137005084375 0.6490181265625 0.13827754375 0.6429262687499999 0.142560175 0.6355585406250001 0.1525283125 0.6332473203125 0.15931003125 0.6322852609375 0.1776671921875 0.6477216296874999 0.200335178125
1 0.693884140625 0.2338172421875 0.7021200000000001 0.24460313125000002 0.7096812796874999 0.24960129531250003 0.7282706671875 0.24942505 0.7312564671875 0.2484310546875 0.746907015625 0.2296932140625 0.7479893296875 0.20904140624999998 0.7463996546875 0.2020552546875 0.7363336046875 0.1888725046875 0.726821878125 0.18377211875 0.7170696359375001 0.18326102500000002 0.7030557265625 0.1894294296875 0.6978789640625 0.194910496875 0.69142633125 0.206077065625 0.6905845296875001 0.22213958125 0.693884140625 0.2338172421875
1 0.8252387578124999 0.24645361718749997 0.841877696875 0.2461751515625 0.8488846531249999 0.24309094999999997 0.8624644953124999 0.22654553437499997 0.8637873265625 0.20130443750000002 0.8620773937499999 0.1966129296875 0.8482307015625 0.1809310953125 0.8306766671875 0.1800111265625 0.8206839109375 0.18408932656250002 0.8134364421875 0.1917628171875 0.8067432968749999 0.20751867656249998 0.80785194375 0.2236834125 0.8214581187500001 0.24395453281249999 0.8252387578124999 0.24645361718749997
1 0.8795375 0.2366440828125 0.8829573703125 0.24602710156250002 0.8893630375000001 0.25441612343750003 0.898874765625 0.25951650625 0.9135632578124999 0.25913582343749997 0.922520659375 0.256153840625 0.9318388343749999 0.2462879203125 0.936220759375 0.237313778125 0.937303075 0.21666197343750002 0.9320530187499999 0.204882090625 0.9217464515625 0.19628863125 0.9160153640625 0.193687328125 0.9004117765625 0.19286957968750001 0.8943199171874999 0.19715221562500002 0.8807400734374999 0.21369763125 0.8784288546875001 0.220479346875 0.8795375 0.2366440828125
1 0.5695364781250001 0.21809666874999997 0.583142653125 0.23836779218749998 0.5869232921875 0.2408668734375 0.596675534375 0.241377965625 0.598505725 0.24377483125000002 0.6014915281250001 0.2427808375 0.6105691875 0.2375042109375 0.6198873625 0.227638290625 0.6245098015625 0.21407485781250002 0.62499083125 0.20489627812500003 0.6199812890625 0.1885271046875 0.61357561875 0.18013808281250002 0.6097949796875 0.1776389984375 0.5902904953125 0.1766168125 0.5822481875000001 0.1807972296875 0.5750007187499999 0.1884707203125 0.5706187921875 0.1974448640625 0.5695364781250001 0.21809666874999997
1 0.38195900156249996 0.251984153125 0.393734984375 0.2698584109375 0.4053174171875 0.2727663703125 0.40714760937500005 0.2751632328125 0.41013340937500004 0.2741692375 0.4210412609375 0.2712894734375 0.432430140625 0.25923112812500004 0.43681206875 0.250256984375 0.4376538703125 0.23419446875 0.4360641921875 0.227208315625 0.42038731093750004 0.20912962031250001 0.41063506875 0.208618528125 0.40880487812500005 0.2062216625 0.39698193125 0.207902996875 0.38985471875 0.21328184218750001 0.38328183125000004 0.22674305625 0.38195900156249996 0.251984153125
1 0.26259454843749996 0.215816209375 0.2602833296875 0.22259792812499998 0.259441528125 0.238660440625 0.261031203125 0.2456465953125 0.26457133125 0.2527349671875 0.2747576375 0.2636230734375 0.2806089828125 0.2639297296875 0.28243917343749997 0.26632659375 0.29322676875 0.265741475 0.300113465625 0.264951915625 0.31162260625 0.250598925 0.31381356718750003 0.246111853125 0.31501613906250003 0.22316540156250003 0.311596271875 0.21378238437500002 0.3014099640625 0.2028942828125 0.29567887656249997 0.2002929796875 0.278124840625 0.1993730125 0.2721532390625 0.20136100156249997 0.2669764765625 0.206842065625 0.2667359625 0.21143135468750002 0.26259454843749996 0.215816209375
1 0.194982809375 0.2743984109375 0.20011261249999998 0.2884729375 0.20651827968749997 0.29686195937500004 0.21603000625000002 0.3019623421875 0.23266894531250001 0.3016838796875 0.23760519531250002 0.3007921046875 0.24278195781249998 0.2953110375 0.2514255515625 0.279657396875 0.25226735312500004 0.2635948828125 0.250677678125 0.2566087265625 0.2387814359375 0.2410291109375 0.2330503484375 0.23842781249999997 0.2174467609375 0.2376100625 0.20940445312499997 0.24179047812499999 0.199966021875 0.25395104062499996 0.1954638390625 0.2652198296875 0.194982809375 0.2743984109375
1 0.0811352640625 0.28223760000000003 0.09498195468750001 0.29791942968749996 0.11162089374999999 0.29764096875 0.118507590625 0.296851409375 0.12368435468750001 0.2913703421875 0.13244820625 0.2734220578125 0.1330494921875 0.26194883281250003 0.12529466250000001 0.24198436562499998 0.1159031921875 0.23458933593750003 0.1023703109375 0.23157916093750003 0.09030685000000001 0.2378497875 0.0829391234375 0.24781792187499999 0.07831668281250001 0.2613813546875 0.079425328125 0.277546090625 0.0811352640625 0.28223760000000003
1 0.13406421562499998 0.317224753125 0.1374840828125 0.3266077703125 0.1457199421875 0.3373936546875 0.15328122187499998 0.34239182343749996 0.16796971249999998 0.34201113906249997 0.17692711562500002 0.339029153125 0.18210388125000002 0.3335480890625 0.18867676718749998 0.320086875 0.18951856875 0.30402435781250003 0.18438876875000001 0.28994983125 0.177862840625 0.283855453125 0.1703015625 0.27885729062500003 0.156648425 0.278141759375 0.150676821875 0.2801297484375 0.1372172375 0.294380521875 0.134906015625 0.301162234375 0.13406421562499998 0.317224753125
1 0.07434819375 0.3371046421875 0.0730253640625 0.3623457375 0.0747352953125 0.36703724531250004 0.0849216046875 0.37792535312500003 0.09065269375 0.3805266515625 0.10339073593749999 0.3800437546875 0.11222788125000001 0.3793564140625 0.11935509375 0.373977565625 0.1195956078125 0.36938827500000004 0.126048240625 0.35822170781249996 0.1268900421875 0.3421591921875 0.123470171875 0.3327761734375 0.1152343125 0.3219902890625 0.10572258593749999 0.316889903125 0.094019896875 0.316276590625 0.08804829374999999 0.31826458125 0.07873011875 0.3281305 0.07434819375 0.3371046421875
1 0.19029277656250002 0.3638895671875 0.20194850468749997 0.3840584734375 0.21146023125000002 0.3891588546875 0.2222478234375 0.3885737359375 0.23315567656249997 0.385693971875 0.242473853125 0.3758280515625 0.2468557765625 0.3668539078125 0.24769757656250002 0.35079139531250003 0.24427771250000002 0.341408378125 0.23604185156250002 0.33062248906249997 0.22457967499999998 0.3254198875 0.2167778828125 0.3250110125 0.20678512656249998 0.329089209375 0.1953962453125 0.341147553125 0.1910143203125 0.350121696875 0.19029277656250002 0.3638895671875
1 0.2530415640625 0.323460090625 0.26274684062500003 0.3435267734375 0.27225856875 0.3486271609375 0.2888975078125 0.3483486953125 0.29383375625 0.34745692031250003 0.3031519296875 0.33759100000000003 0.3097248203125 0.32412978593749997 0.31032610625 0.3126565625 0.30873643125 0.30567040625 0.2968401875 0.2900907921875 0.289278909375 0.2850926296875 0.27757621875 0.2844793171875 0.2675834640625 0.2885575125 0.2582652875 0.29842343125 0.25376310625 0.309692221875 0.2530415640625 0.323460090625
1 0.3329366484375 0.3103901078125 0.355426934375 0.3104183015625 0.36773090625 0.2995583859375 0.3721128359375 0.29058424375 0.37319515000000003 0.26993243906250003 0.3697752796875 0.260549421875 0.3595889734375 0.2496613140625 0.355808334375 0.24716223125 0.3382543 0.24624226249999998 0.325035228125 0.255903746875 0.3183420828125 0.27165960624999996 0.3175002828125 0.2877221203125 0.320920146875 0.2971051390625 0.3329366484375 0.3103901078125
1 0.44049878124999997 0.291867253125 0.442328975 0.294264115625 0.44196820312499996 0.30114805312500004 0.4482536125 0.3118317203125 0.4615459796875 0.3194311859375 0.470383125 0.3187438453125 0.48129097656250003 0.31586408125 0.49060915156249996 0.3059981625 0.4952315921875 0.2924347296875 0.4957126203125 0.28325615000000004 0.4925332671875 0.269283840625 0.48429740781249997 0.2584979578125 0.4767361296875 0.25349978906250004 0.46113254374999996 0.25268203906250003 0.455160940625 0.2546700296875 0.4457225078125 0.2668305921875 0.441220325 0.2780993828125 0.44049878124999997 0.291867253125
1 0.5084976265625001 0.26321765625000004 0.5167334859375 0.274003540625 0.5262452125 0.2791039265625 0.5409337015625 0.27872324531250003 0.548060915625 0.273344396875 0.557499346875 0.2611838328125 0.558942434375 0.2336480921875 0.5536923765624999 0.22186820937500001 0.545336259375 0.21337696875 0.5277822249999999 0.21245700156249997 0.521810621875 0.21444499062500003 0.5157187640625 0.218727621875 0.5083510375 0.2286957609375 0.5060398171875 0.23547747968750002 0.5050777578125001 0.2538346375 0.5084976265625001 0.26321765625000004
1 0.5646059296875 0.31217711718749996 0.572841790625 0.32296300312500004 0.5823535171875001 0.3280633890625 0.5931411093750001 0.32747826875 0.6020985140625 0.3244962828125 0.613487396875 0.31243793750000004 0.6156783578125 0.30795086562499996 0.6167606734375 0.2872990625 0.61334080625 0.27791604375 0.6051049453124999 0.2671301578125 0.5897418734375 0.26172311718749997 0.5777986703125 0.26569909687500004 0.5644593390625 0.277655221875 0.5621481203124999 0.2844369390625 0.5611860625 0.3027941 0.5646059296875 0.31217711718749996
1 0.6338806421875 0.2778420171875 0.645102303125 0.2876339109375 0.650833390625 0.29023520937499997 0.6577200859375 0.289445653125 0.6706986453125 0.2843734625 0.677946115625 0.27669997031250004 0.6823280390625001 0.267725828125 0.6834103546875 0.2470740203125 0.6799904890625 0.237691003125 0.6699244375 0.224508253125 0.64846950625 0.22338384687500001 0.6289180578125 0.2419172546875 0.62624606875 0.25558290625 0.6280762578125 0.25797976718750004 0.6277154859375 0.2648637046875 0.6338806421875 0.2778420171875
1 0.6876044296875 0.316322246875 0.6957200343750001 0.329402778125 0.7070619515625001 0.3369000265625 0.7178495453125 0.33631490625 0.7288776546875 0.33114049687499997 0.73819583125 0.3212745796875 0.7426980109375 0.3100057890625 0.743299296875 0.298532565625 0.739999690625 0.28685490156250004 0.7299336375000001 0.2736721515625 0.7124998609375 0.270457540625 0.69848595 0.27662594218750003 0.69123848125 0.2842994359375 0.6869768125 0.290978934375 0.6860147546875 0.3093360953125 0.6876044296875 0.316322246875
1 0.75218340625 0.278289634375 0.7639593921875 0.2961638921875 0.788400125 0.2962943046875 0.8048455125 0.2810495375 0.8070364734375 0.276562465625 0.80799853125 0.2582053046875 0.8045786671874999 0.2488222875 0.7945126140625 0.2356395390625 0.7887815265625 0.23303823437500001 0.773177940625 0.23222048593750003 0.7630649265625 0.23859332968750002 0.75374675 0.24845925000000002 0.7514355312500001 0.2552409640625 0.7505937312500001 0.27130348125000003 0.75218340625 0.278289634375
1 0.8140228 0.32985039843749997 0.8260392984375 0.343135365625 0.8318906437500001 0.34344202031250004 0.833720834375 0.345838884375 0.8425579796875 0.345151546875 0.8573667281249999 0.34247622031249997 0.86254349375 0.33699515468749996 0.86716593125 0.32343172187499997 0.8681279890625 0.30507456093749996 0.861167996875 0.28860316875 0.854642071875 0.2825087890625 0.8372082953125 0.279294178125 0.8252650906250001 0.28327015625 0.8138762078124999 0.2953285 0.811685246875 0.2998155734375 0.810482675 0.3227620234375 0.8140228 0.32985039843749997
1 0.8849604828125001 0.3197623984375 0.88838035 0.329145415625 0.9003968484374999 0.342430384375 0.9228871328125001 0.342458575 0.9331204046874999 0.3337910890625 0.937502328125 0.3248169453125 0.9389454140625 0.29728120625 0.9373557390625 0.29029505312500004 0.9309500703125 0.28190603125 0.9252189828124999 0.27930472812499996 0.917417190625 0.278895853125 0.915587 0.2764989875 0.901813603125 0.27807810312500003 0.8884742765625001 0.2900342296875 0.8840923484375001 0.29900837187499996 0.8849604828125001 0.3197623984375
1 0.7494438234375 0.36788301093750003 0.7540193000000001 0.373875171875 0.7691418578125 0.3838715015625 0.77602855625 0.38308194218749997 0.7869364078125 0.38020217500000003 0.7983252890625 0.36814383125 0.80282746875 0.35687504375 0.8033084984375 0.3476964640625 0.79829895625 0.3313272921875 0.793723478125 0.32533513125 0.7861621999999999 0.32033696875 0.766657715625 0.3193147828125 0.756544703125 0.3256876234375 0.7491769749999999 0.3356557625 0.7461442125 0.356205346875 0.7494438234375 0.36788301093750003
1 0.684864846875 0.405915625 0.6912705156250001 0.41430464687499996 0.6988317937499999 0.41930281249999996 0.7174211828125 0.41912656562499995 0.7338665703125 0.403881803125 0.73836875 0.3926130109375 0.737139846875 0.3787429234375 0.7271940531250001 0.3632655296875 0.719632775 0.3582673625 0.7139016875 0.3556660625 0.702078740625 0.35734739531250004 0.6940364328124999 0.3615278125 0.6847182562499999 0.3713937296875 0.6824070375 0.378175446875 0.6814449796875001 0.3965326078125 0.684864846875 0.405915625
1 0.6367518875 0.3723313375 0.649369675 0.37414308281249997 0.65820681875 0.37345574375 0.6736168546875 0.3593071921875 0.675807815625 0.354820121875 0.6770103890625 0.331873671875 0.66901504375 0.31649849375 0.6557226765624999 0.3088990265625 0.6479208843750001 0.3084901515625 0.6339069734375 0.31465855781249996 0.62251809375 0.3267169015625 0.6211952640625 0.351958 0.6229051953125 0.3566495078125 0.6367518875 0.3723313375
1 0.49843727656250003 0.3432235765625 0.501857146875 0.3526065953125 0.5082628140625001 0.3609956203125 0.517774540625 0.36609600000000003 0.5324630328125 0.3657153203125 0.5394699859375 0.36263111875 0.5487881625 0.3527651984375 0.55109938125 0.34598348125 0.552181696875 0.3253316765625 0.5487618296875 0.315948659375 0.5423561609374999 0.3075596359375 0.5347948812500001 0.30256146875 0.52114174375 0.3018459375 0.5090782828125 0.3081165640625 0.5017105546875 0.3180847015625 0.499519590625 0.3225717734375 0.49843727656250003 0.3432235765625
1 0.4456342859375 0.3991304484375 0.4531955640625 0.4041286171875 0.46788405624999996 0.403747934375 0.4748910109375 0.40066372812499995 0.486279890625 0.38860538437500003 0.48847085156250003 0.3841183125 0.48943290937499995 0.365761153125 0.486133303125 0.3540834921875 0.4797276328125 0.3456944671875 0.472166353125 0.3406963046875 0.45461231875 0.3397763359375 0.4371315796875 0.35611731406249997 0.4340988140625 0.37666689999999997 0.43739842656250005 0.388344565625 0.4456342859375 0.3991304484375
1 0.38550482812500003 0.352261196875 0.39306610625 0.3572593609375 0.4097050453125 0.35698089843749997 0.4186624484375 0.35399891562499997 0.4281008796875 0.3418383515625 0.4312539015625 0.3189941203125 0.427834034375 0.3096111015625 0.415817534375 0.2963261296875 0.410086446875 0.29372483125 0.3924121546875 0.29509950625000003 0.38114353125 0.30486320624999996 0.37676160625 0.31383735 0.37579954843749996 0.3321945109375 0.37738922656249996 0.339180665625 0.38550482812500003 0.352261196875
1 0.3146404390625 0.3796101421875 0.3266569390625 0.39289511093749996 0.3323880265625 0.3954964125 0.34512606875 0.39501351093750003 0.356154178125 0.3898391046875 0.36559260937500004 0.37767853749999997 0.367783575 0.373191465625 0.36862537500000003 0.3571289515625 0.36349557187500003 0.343054425 0.3533092640625 0.33216631875 0.3475781765625 0.32956501718750003 0.331974590625 0.32874726718749997 0.31656455625 0.342895821875 0.311942115625 0.3564592546875 0.3113408296875 0.36793248125 0.3146404390625 0.3796101421875
1 0.06869610312499999 0.444952959375 0.0766914484375 0.4603281375 0.08620317499999999 0.465428521875 0.0989412171875 0.46494561875 0.1078986203125 0.4619636359375 0.11721679375 0.45209771718749997 0.1217189796875 0.44082893125 0.12232026562500001 0.42935570468749995 0.1171904640625 0.41528117656249997 0.10700415468749999 0.40439307500000005 0.1012730671875 0.40179177031249996 0.0876199296875 0.40107624062499997 0.0816483265625 0.40306423281250003 0.07233015000000001 0.41293014687499996 0.0700189328125 0.41971186562499996 0.06869610312499999 0.444952959375
1 0.1277845046875 0.39972975625 0.1310841171875 0.41140741875 0.1411501671875 0.4245901703125 0.14493080625000002 0.42708925156250005 0.159619296875 0.42670856874999996 0.1725978546875 0.4216363765625 0.1777746203125 0.41615531250000004 0.1822768 0.4048865234375 0.1831186 0.388824009375 0.17969873593750002 0.379440990625 0.173293065625 0.37105196875 0.1600006984375 0.3634525015625 0.1541493546875 0.3631458453125 0.14220615 0.367121825 0.1349586796875 0.374795315625 0.128506046875 0.38596188593749997 0.1277845046875 0.39972975625
1 0.1857230015625 0.4510860796875 0.1956687953125 0.46656347656249997 0.20323007343750002 0.47156164218749996 0.21986901250000002 0.4712831765625 0.228826415625 0.46830119375 0.23826485000000003 0.45614063125 0.24057606874999998 0.4493589125 0.2397079359375 0.42860489062499996 0.23159233281249997 0.41552435625 0.224031053125 0.4105261953125 0.20257612187500001 0.4094017890625 0.1944135578125 0.415876846875 0.18704583125000002 0.42584498593750003 0.186685059375 0.4327289203125 0.1846143546875 0.4349213484375 0.1857230015625 0.4510860796875
1 0.2494338453125 0.39229944375 0.24847178749999999 0.4106566046875 0.251891653125 0.420039621875 0.263908153125 0.433324590625 0.269639240625 0.4359258890625 0.2804268359375 0.435340771875 0.2893842390625 0.4323587890625 0.30077311875 0.42030044218749996 0.3052753015625 0.4090316546875 0.3056360734375 0.40214771875000005 0.303805884375 0.3997508546875 0.30416665625 0.39286692031250003 0.2980015 0.37988860625 0.28861003125 0.37249357656250004 0.27507715 0.369483403125 0.2631339453125 0.37345938125 0.255886475 0.381132871875 0.2494338453125 0.39229944375
1 0.31635607499999996 0.47749032343750003 0.3239173546875 0.48248848750000006 0.34055629375 0.482210025 0.3475632484375 0.479125821875 0.3568814234375 0.4692599015625 0.363815084375 0.44891475468750003 0.360635728125 0.43494244687499994 0.35239987031250003 0.42415655937499996 0.3448385921875 0.4191583953125 0.3292350046875 0.41834064531250004 0.31406548437500004 0.4278999078125 0.3096835609375 0.43687405156250003 0.30677105312499997 0.45512899375 0.311780596875 0.4714981640625 0.31635607499999996 0.47749032343750003
1 0.3887368453125 0.439866584375 0.405375784375 0.43958812031249994 0.41963021093749997 0.42883042656250003 0.42401213281250005 0.41985628437500006 0.4250944484375 0.3992044765625 0.42167458281250003 0.389821459375 0.41148827343749994 0.3789333515625 0.394054496875 0.375718740625 0.384061740625 0.3797969390625 0.3747435671875 0.3896628578125 0.372552603125 0.3941499296875 0.37122977343749997 0.4193910234375 0.3830057578125 0.437265284375 0.3887368453125 0.439866584375
1 0.4328286515625 0.475541078125 0.44484515 0.48882604531249996 0.4653849859375 0.48875201874999996 0.47975966875 0.47569967812499997 0.48207088750000004 0.4689179640625 0.4831532015625 0.44826615781249995 0.479733334375 0.4388831390625 0.473327665625 0.430494115625 0.46381593906249996 0.4253937328125 0.45406369687500003 0.42488264062500003 0.44407094062499997 0.4289608359375 0.434873025 0.43653211093750005 0.430491096875 0.44550625312500003 0.42940878125 0.4661580609375 0.4328286515625 0.475541078125
1 0.49215756875 0.4257285796875 0.4955774359375 0.4351115984375 0.5038132953125001 0.4458974859375 0.5113745734374999 0.45089565 0.528013515625 0.4506171859375 0.53502046875 0.447532984375 0.5444589015625 0.435372421875 0.5466498640624999 0.4308853484375 0.547611921875 0.4125281890625 0.546022246875 0.40554203437499997 0.5397368328125001 0.39485836406249997 0.5264444671875 0.3872589015625 0.516692225 0.3867478078125 0.5046287640625 0.393018428125 0.49738129375 0.400691925 0.49287911093750003 0.4119607109375 0.49215756875 0.4257285796875
1 0.5600361546875 0.39937363124999997 0.5664418234374999 0.407762653125 0.57595355 0.4128630359375 0.5906420421874999 0.412482353125 0.60167015 0.4073079421875 0.609037878125 0.3973398078125 0.6113490968749999 0.3905580890625 0.6106012234375 0.3675094203125 0.6088912875 0.3628179109375 0.5987049796874999 0.3519298046875 0.5929738921875 0.3493285046875 0.579320753125 0.3486129734375 0.5598895640625 0.364851734375 0.557698603125 0.36933880625 0.55673654375 0.3876959671875 0.5600361546875 0.39937363124999997
1 0.6150358125000001 0.43216835624999994 0.6183354203125 0.4438460203125 0.6284014734375 0.45702877031250005 0.6399839046875 0.459936728125 0.641814096875 0.46233359218750003 0.6467503453125001 0.4614418140625 0.65363704375 0.46065225937500004 0.6670966296875 0.4464014859375 0.6713582984375 0.43972198906250004 0.6739100312499999 0.42835098125000004 0.6690207453125 0.40968716718750003 0.6626150765625 0.40129814062499997 0.6493227109374999 0.3936986765625 0.6415209171875 0.393289803125 0.6315281609375 0.3973679984375 0.6202595359374999 0.4071317 0.6157573562499999 0.4184004859375 0.6150358125000001 0.43216835624999994
1 0.7397442468750001 0.441004996875 0.7449943046875 0.452784878125 0.7532301640625 0.46357076406250003 0.7589612515625 0.4661720671875 0.7736497421874999 0.465791384375 0.7806566984375001 0.46270717968749997 0.792045578125 0.45064883437500003 0.7942365437500001 0.44616176406249997 0.7953188578125 0.42550995937499997 0.7900687984375 0.41373007656249994 0.783542871875 0.407635696875 0.7740311453125 0.4025353171875 0.764278903125 0.402024225 0.754286146875 0.4061024171875 0.7428972671875 0.418160765625 0.7405860484375 0.42494248125 0.7397442468750001 0.441004996875
1 0.8043232234375 0.40297238281250003 0.8112832171875001 0.419443771875 0.823419971875 0.430434096875 0.834087309375 0.43214362343749996 0.8429244546874999 0.43145628281250004 0.8530374671875001 0.42508344375 0.8606457093750001 0.410526015625 0.861728025 0.38987420781250004 0.86013835 0.38288805625 0.8565982218749999 0.37579968125 0.8482421062500001 0.367308440625 0.826787175 0.36618403593750004 0.8187448671875 0.37036444999999996 0.8073559859375001 0.3824227953125 0.8050447671875001 0.3892045140625 0.8043232234375 0.40297238281250003
1 0.897897778125 0.4274344734375 0.9124660140625 0.4293484328125 0.923494121875 0.42417402187500003 0.92879114375 0.4163983125 0.9331730671875 0.40742416875 0.9343756390625 0.38447771875000003 0.9207694656250001 0.364206596875 0.90126498125 0.3631844109375 0.8892015203125 0.36945503281250003 0.88183379375 0.3794231703125 0.877211353125 0.3929866046875 0.8785605140625 0.404562046875 0.8883860515625001 0.4223340859375 0.897897778125 0.4274344734375
1 0.873363121875 0.4664152453125 0.8721605484375001 0.489361696875 0.8857667250000001 0.5096328203125 0.8972289 0.5148354203125 0.9060660453124999 0.5141480828125 0.916973896875 0.51126831875 0.924582140625 0.496710890625 0.9268933593750001 0.48992917187499996 0.92809593125 0.466982721875 0.9246760640625 0.4575997046875 0.9181501375 0.451505325 0.9122987921875 0.45119866875000003 0.9104686015624999 0.4488018078125 0.8929145671875001 0.4478818390625 0.884872259375 0.4520622546875 0.8755540828124999 0.461928175 0.873363121875 0.4664152453125
1 0.79987370625 0.48787425000000006 0.8032935703125 0.49725726718749996 0.8133596234375 0.5104400171875 0.8209209015625 0.515438184375 0.8336589421875 0.5149552828124999 0.8406658984375 0.511871078125 0.8520547796875 0.499812734375 0.8543660015625001 0.49303101875 0.8554483171875 0.4723792109375 0.852148703125 0.46070155 0.8475732265625 0.454709390625 0.8380615 0.44960900625000005 0.8244083609375 0.4488934765625 0.8103944515625001 0.4550618796875 0.8052176859375001 0.46054294531249995 0.8008357640625 0.46951708906249995 0.79987370625 0.48787425000000006
1 0.7543914765624999 0.5533685765625 0.7749313124999999 0.553294553125 0.7852848390625 0.5423324203125001 0.791857728125 0.5288712046875 0.790869340625 0.510411825 0.7845839265625 0.4997281578125 0.773362265625 0.48993626562500003 0.75580823125 0.48901629687500003 0.7383274906249999 0.505357278125 0.7361365296875 0.5098443484375 0.735174471875 0.528201509375 0.7385943359375 0.5375845265625 0.7486603890625 0.550767278125 0.7543914765624999 0.5533685765625
1 0.676754946875 0.4860237640625 0.678464878125 0.4907152734375 0.6923115703125 0.50639710625 0.6980426578125 0.508998409375 0.71273115 0.508617725 0.71571695 0.50762373125 0.7292967953125 0.491078315625 0.7314877562500001 0.48659124218749994 0.7324498140625 0.46823408125 0.729029946875 0.4588510640625 0.717013446875 0.4455660953125 0.711282359375 0.44296479375000003 0.6936080671875 0.44433947187499995 0.6875162078125 0.44862210312500006 0.6780777765625 0.46078267031250003 0.6757665578125 0.467564384375 0.676754946875 0.4860237640625
1 0.6104660375 0.51936486875 0.6138859015625 0.5287478859375 0.6239519546875 0.5419306390624999 0.6315132328125 0.5469288 0.6442512734375 0.546445903125 0.653208678125 0.5434639203125 0.6626471109375001 0.531303353125 0.6672695515625 0.5177399203124999 0.6677505796875 0.508561340625 0.6607905875 0.4920899515625 0.6524344703125 0.48359870781250003 0.6467033828125001 0.48099740625000004 0.6330502453125 0.4802818765625 0.6250079375 0.4844622921875 0.61361905625 0.49652063750000003 0.6114280953125 0.5010077078124999 0.6104660375 0.51936486875
1 0.5619923046874999 0.492664521875 0.569553584375 0.497662684375 0.5861925234375 0.497384221875 0.5931994781250001 0.4943000203125 0.6004469453125 0.48662652656249994 0.604828875 0.4776523828125 0.606031446875 0.4547059328125 0.5960856515625 0.43922853906250003 0.5885243734375 0.434230371875 0.5729207875 0.43341262187499996 0.5648784796874999 0.4375930390625 0.5534895984375 0.44965138437499996 0.5504568359374999 0.4702009703125 0.55375644375 0.4818786359375 0.5619923046874999 0.492664521875
1 0.487467534375 0.5152197390625 0.491007659375 0.5223081109375001 0.503024159375 0.5355930828125001 0.523563996875 0.5355190546874999 0.53264165625 0.530242425 0.5379386765625 0.522466715625 0.5425611171875 0.5089032812500001 0.543162403125 0.4974300546875 0.5397425359375 0.4880470375 0.5315066749999999 0.47726115 0.5239453968750001 0.4722629875 0.5083418109375 0.4714452390625 0.500299503125 0.47562565156250003 0.4930520328125 0.48329914531249996 0.48867010781250003 0.4922732890625 0.487467534375 0.5152197390625
1 0.368249675 0.5135736921875 0.37843598125 0.52446179375 0.38416706875 0.5270630984375 0.400806009375 0.5267846328125 0.4078129640625 0.52370043125 0.41506043437500006 0.5160269390625001 0.41956261406250006 0.50475815 0.420524671875 0.48640098906249996 0.4171048078125 0.47701797187499995 0.4069184984375 0.46612986875000006 0.403137859375 0.463630784375 0.387534271875 0.46281303593749995 0.37949196406249996 0.46699345000000003 0.3679828265625 0.481346440625 0.366539740625 0.5088821828125 0.368249675 0.5135736921875
1 0.253727546875 0.5156251562499999 0.265189721875 0.520827759375 0.2740268703125 0.5201404187499999 0.282984271875 0.5171584359375 0.2964438578125 0.5029076640625 0.29947662343750003 0.482358078125 0.28782089375000003 0.4621891734375 0.280259615625 0.45719100937499996 0.2646560296875 0.456373259375 0.2525925671875 0.46264388125 0.2452248421875 0.47261201875000003 0.24303387812500002 0.477099090625 0.2421920765625 0.49316160781249996 0.2473218765625 0.507236134375 0.253727546875 0.5156251562499999
1 0.1828631578125 0.5429741015625 0.192929209375 0.5561568546875 0.19670985000000002 0.5586559359375001 0.21334878750000003 0.5583774703125 0.22035574375000003 0.5552932687500001 0.23174462343750002 0.5432349249999999 0.23405584531249998 0.53645320625 0.2350179046875 0.518096046875 0.22976784375 0.5063161671875 0.22141172656250002 0.49782492187500005 0.2176310875 0.49532584062499996 0.20007705312500002 0.4944058734375 0.1825963125 0.510746853125 0.18040535156249998 0.5152339234375 0.17944329375 0.533591084375 0.1828631578125 0.5429741015625
1 0.1233349859375 0.48463162187500003 0.12663459999999999 0.4963092859375 0.13670064843750002 0.5094920359375 0.1404812875 0.5119911171875 0.15712022812499998 0.5117126562500001 0.1641271828125 0.5086284546875001 0.173445359375 0.49876253437500007 0.17782728125 0.48978839062499996 0.1786690828125 0.47372587499999996 0.1735392828125 0.45965134843750005 0.16701335625 0.453556971875 0.159452078125 0.4485588046875 0.1477493875 0.44794549375 0.13775663124999998 0.4520236921875 0.1263677515625 0.4640820375 0.12417678593749999 0.4685691078125 0.1233349859375 0.48463162187500003
1 0.0641263265625 0.5321494718750001 0.068581546875 0.5404362796875 0.079923465625 0.547933525 0.09461195624999999 0.5475528421875 0.10564006562499999 0.542378434375 0.11300779062499999 0.5324102953125001 0.11531901250000001 0.5256285765625 0.11616081250000002 0.5095660640624999 0.114571134375 0.5025799078125 0.1110310125 0.49549153749999997 0.10267489375000001 0.48700029687499996 0.09694380625 0.48439899375 0.079389771875 0.4834790265625 0.06812114687500001 0.4932427265625 0.065809928125 0.5000244421875 0.0641263265625 0.5321494718750001
1 0.07730413750000001 0.63523225625 0.086141284375 0.6345449171875 0.0950986875 0.631562934375 0.1064875671875 0.619504590625 0.11135052187500001 0.6013518671875 0.10817116874999999 0.587379559375 0.1018857578125 0.5766958890625 0.09249428750000001 0.5693008625 0.07884115 0.56858533125 0.0667776890625 0.5748559531249999 0.061360409375 0.5849263109375 0.059676807812499996 0.6170513421875 0.064011771875 0.6276327890625 0.07730413750000001 0.63523225625
1 0.11681476406249999 0.5717259171875 0.12194456718749999 0.58580044375 0.1265200421875 0.591792603125 0.134081321875 0.5967907671875 0.1487698109375 0.596410084375 0.157727215625 0.593428103125 0.16704539062499998 0.5835621828125 0.171427315625 0.5745880390625 0.1722691171875 0.5585255250000001 0.1706794421875 0.5515393703125 0.1643940296875 0.5408557 0.15500255937500002 0.5334606734375 0.1434201265625 0.5305527156250001 0.13147692187499999 0.534528696875 0.12215874687499999 0.5443946125 0.11789707812500001 0.5510741125 0.11681476406249999 0.5717259171875
1 0.1782933828125 0.6301706140625 0.1846990515625 0.6385596390625 0.19226033125 0.6435578015625001 0.21084971874999997 0.6433815578125001 0.22729510625 0.6281367906249999 0.22960632812499998 0.6213550765625 0.2305683859375 0.6029979156249999 0.22714851406249997 0.5936148984375 0.21696220781250003 0.582726790625 0.21318156875 0.5802277078125 0.195627534375 0.5793077390625 0.1875852265625 0.5834881578125 0.1803377546875 0.59116165 0.1759558328125 0.60013579375 0.1748735171875 0.620787596875 0.1782933828125 0.6301706140625
1 0.11566485625 0.668305446875 0.122070525 0.6766944687499999 0.129631803125 0.6816926375000001 0.1462707421875 0.681414171875 0.15327769687499998 0.6783299671874999 0.162595871875 0.6684640515625 0.1670980546875 0.6571952624999999 0.167699340625 0.6457220375 0.1625695390625 0.6316475109375 0.156163871875 0.6232584859375 0.14092105625 0.6155568031249999 0.12495669843749999 0.6216229875 0.117709228125 0.6292964828125001 0.1134475609375 0.6359759796875 0.1122449875 0.6589224296875 0.11566485625 0.668305446875
1 0.0498569734375 0.692467971875 0.0514466515625 0.6994541265625001 0.06151270156250001 0.7126368765625 0.07102442812500001 0.7177372609375 0.0798615734375 0.7170499203125 0.09284013125 0.7119777296875001 0.09801689531249999 0.706496665625 0.1022785640625 0.6998171656250001 0.10519106874999999 0.6815622234375 0.10018152656249998 0.6651930546875 0.09560604843750001 0.65920089375 0.0823136828125 0.6516014296875 0.0745118890625 0.6511925546875 0.0645191328125 0.6552707484375 0.0530099953125 0.6696237390625 0.05081903125 0.6741108109375 0.0498569734375 0.692467971875
1 0.1076752125 0.7461189421875 0.12335209375 0.7641976406250001 0.13999103125 0.7639191765625 0.1510191421875 0.758744765625 0.15838686875000002 0.7487766265625 0.1605778328125 0.74428955625 0.16153989062500002 0.7259323953125 0.1581200203125 0.7165493781250001 0.146103521875 0.703264409375 0.140372434375 0.7006631109375 0.124648590625 0.7021400046874999 0.1113092609375 0.7140961296875 0.10692733750000001 0.7230702734375 0.10608553750000001 0.7391327890625 0.1076752125 0.7461189421875
1 0.045287196875000005 0.779664484375 0.046997132812499995 0.78435599375 0.05901363125 0.7976409656250001 0.06474471875 0.8002422640625 0.0774827625 0.7997593625 0.086440165625 0.7967773796875 0.097949303125 0.7824243890625 0.099151875 0.7594779375 0.09573200781249999 0.75009491875 0.08932633906250001 0.7417058984375 0.0817650609375 0.736707734375 0.06811192187500001 0.735992203125 0.0621403203125 0.737980190625 0.0508716984375 0.747743890625 0.043938035937499995 0.7680890421875 0.0457682265625 0.7704859046875 0.045287196875000005 0.779664484375
1 0.1784193421875 0.72106464375 0.185980621875 0.7260628046875001 0.2065204578125 0.7259887796875 0.22089513749999998 0.712936440625 0.22551758125000002 0.699373009375 0.225998609375 0.690194428125 0.22440893125 0.683208271875 0.21251269062499997 0.6676286609375001 0.2030009625 0.6625282734375 0.1951991703125 0.6621193984375 0.1852064140625 0.6661976000000001 0.1717468296875 0.68044836875 0.168834321875 0.6987033109375 0.17384386406250002 0.7150724828125 0.1784193421875 0.72106464375
1 0.2428780625 0.6853266734375 0.250439340625 0.6903248375000001 0.2690287265625 0.690148590625 0.2792619984375 0.6814811046875 0.285714628125 0.6703145359375 0.28802585 0.6635328203124999 0.28679694375000003 0.6496627296875 0.2731907703125 0.62939160625 0.2674596828125 0.62679030625 0.249785390625 0.6281649828125 0.2405874703125 0.6357362578125 0.23413484062499998 0.646902825 0.2330525265625 0.6675546328124999 0.23647239375 0.67693765 0.2428780625 0.6853266734375
1 0.295801309375 0.6271251546875 0.2991009234375 0.63880281875 0.3092872296875 0.649690921875 0.31306786875000003 0.65219000625 0.3258059109375 0.651707103125 0.33671376406250003 0.6488273390625 0.346031940625 0.6389614203125 0.3506543765625 0.6253979859375 0.35113540625 0.6162194046875 0.3478357984375 0.6045417453125 0.337769746875 0.59135899375 0.33398910625 0.5888599109375 0.31643507187500003 0.5879399421875 0.3083927640625 0.592120359375 0.301145296875 0.59979385 0.29676336718749996 0.60876799375 0.295801309375 0.6271251546875
1 0.254888859375 0.605422971875 0.2734782453125 0.6052467265625 0.2899236328125 0.5900019578125 0.29211459687499997 0.5855148875 0.2931969125 0.5648630812500001 0.28977704531250004 0.5554800640625001 0.275810096875 0.542092878125 0.26020651093749997 0.5412751296875 0.2542349078125 0.5432631156250001 0.242846028125 0.5553214609375 0.23846410156250003 0.5642956031249999 0.2393322375 0.5850496296875 0.2427521015625 0.594432646875 0.254888859375 0.605422971875
1 0.3194678359375 0.5673903546875 0.336106775 0.5671118921875 0.3451844359375 0.5618352625 0.3547431234375 0.547380053125 0.35594569531250003 0.524433603125 0.3542357640625 0.5197420953125 0.3403890734375 0.504060259375 0.3268561921875 0.5010500859375 0.3168634359375 0.505128284375 0.3054745578125 0.5171866281249999 0.3004913421875 0.5376339984375 0.3036706984375 0.5516063046874999 0.3099561078125 0.562289975 0.3194678359375 0.5673903546875
1 0.4290537125 0.566230665625 0.432954609375 0.566435103125 0.43661499218750005 0.57122883125 0.4423460796875 0.5738301296875 0.4609354671875 0.5736538875 0.47323944375 0.562793971875 0.47762136875000005 0.5538198296875 0.478823940625 0.5308733796875 0.46704795624999995 0.5129991203125 0.4575362296875 0.5078987359375 0.4477839875 0.50738764375 0.4357205265625 0.51365826875 0.42847305625 0.521331759375 0.4239708734375 0.5326005453125 0.4232493296875 0.5463684171875001 0.42678945468749996 0.5534567921875 0.4290537125 0.566230665625
1 0.360260028125 0.5913871859375 0.36184970625 0.5983733390625 0.37764684531250003 0.6141573921875 0.3981866796875 0.6140833640625 0.40841995156250005 0.6054158765625 0.4149928390625 0.5919546625 0.41595489687500004 0.5735975015625 0.41436522187499997 0.56661135 0.410825096875 0.5595229749999999 0.4024689796875 0.551031734375 0.39661763437499997 0.5507250781249999 0.39478744374999997 0.5483282171875 0.3771131515625 0.5497028921875 0.36584452968750003 0.5594665921875001 0.3614626015625 0.568440734375 0.360260028125 0.5913871859375
1 0.48484820624999997 0.6025184703125 0.48655814218750004 0.6072099796875 0.49674445 0.6180980859375 0.5024755375 0.6206993859375001 0.5230153718749999 0.6206253578125 0.53129819375 0.611855653125 0.5356801234375 0.602881509375 0.5361611515625 0.5937029296875 0.53823185625 0.5915105046875 0.537123209375 0.57534576875 0.530837796875 0.564662103125 0.5194958781250001 0.5571648546875 0.505842740625 0.5564493234375 0.4978004328125 0.5606297390625 0.48422058906250004 0.57717515625 0.48325853125 0.5955323156250001 0.48484820624999997 0.6025184703125
1 0.5510168609375 0.571472009375 0.5593729781250001 0.57996325 0.565104065625 0.582564553125 0.5836934546875 0.5823883078125001 0.5866792546874999 0.5813943109374999 0.5981883921875 0.5670413234375 0.6004996140625 0.5602596046875 0.6013414140625 0.5441970921875 0.5962116109375 0.5301225656249999 0.58785549375 0.521631325 0.5840748546875 0.5191322406250001 0.5665208203125001 0.5182122734375 0.5512310421875 0.5300661796874999 0.54684911875 0.5390403218750001 0.545766803125 0.5596921296875 0.5510168609375 0.571472009375
1 0.605655746875 0.6111506734375001 0.6137713484375 0.62423120625 0.6213326265625 0.62922936875 0.627183971875 0.6295360234375 0.6290141625000001 0.6319328890625 0.64370265625 0.6315522046875001 0.6518652203124999 0.625077146875 0.65831785 0.6139105765624999 0.6606290718750001 0.6071288609375001 0.6597609375 0.5863748359375001 0.6562208125 0.5792864640625 0.6460345046875 0.5683983578125 0.6403034171875001 0.5657970546875 0.622629125 0.5671717328125 0.6072190921875 0.5813202875 0.6049078703124999 0.5881020015625 0.60406606875 0.6041645203125 0.605655746875 0.6111506734375001
1 0.6721851703125 0.5732202765625 0.6803007734375 0.5863008078124999 0.6955435875 0.5940024937499999 0.7043807328125 0.5933151546875 0.7154088421875 0.58814074375 0.72277656875 0.5781726078125 0.724967534375 0.5736855375000001 0.72617010625 0.5507390875 0.7143941203125 0.5328648234375 0.706832840625 0.5278666624999999 0.693179703125 0.5271511328125 0.6851373953125 0.53133154375 0.67581921875 0.5411974640625 0.671437296875 0.5501716078125 0.6705954953125 0.566234125 0.6721851703125 0.5732202765625
1 0.6712757765624999 0.6652105171875 0.67963189375 0.6737017609375 0.6853629812500001 0.676303059375 0.7059028171875 0.6762290328125 0.71625634375 0.6652669015625 0.7206382734375001 0.656292759375 0.72160033125 0.6379355999999999 0.718180459375 0.62855258125 0.7117747921875 0.6201635578125 0.6984824265625 0.6125640921875 0.6806878765625 0.6162334140625 0.6672282921875 0.6304841859375 0.6649170703125 0.6372659015625 0.6641955281249999 0.651033771875 0.6659054624999999 0.65572528125 0.6712757765624999 0.6652105171875
1 0.7808353203125 0.6272342875 0.7861793078125 0.599902984375 0.7725731296875 0.5796318609375 0.755259609375 0.5741226015625001 0.745266853125 0.5782008000000001 0.73180726875 0.5924515718750001 0.728774503125 0.6130011578125 0.733904303125 0.6270756828125 0.7403099734375 0.63546470625 0.747871253125 0.6404628734375 0.766460640625 0.6402866281249999 0.7808353203125 0.6272342875
1 0.6074916390625 0.7067362109374999 0.6226141968750001 0.716732540625 0.6373026875 0.71635185625 0.6422389374999999 0.715460078125 0.64948640625 0.7077865875 0.656059296875 0.6943253734375 0.6551911609375 0.6735713484375 0.64524536875 0.6580939515625001 0.6376840890625 0.6530957890625 0.6220805031250001 0.6522780406249999 0.6079463359374999 0.6607410890625001 0.602529059375 0.67081144375 0.6002178375 0.6775931609375 0.6012062296875 0.696052540625 0.6074916390625 0.7067362109374999
1 0.5810741265625 0.6696870390624999 0.5871659874999999 0.6654044046875 0.5960500953125 0.645161475 0.5950617031250001 0.6267020953125 0.5869461015625 0.6136215640625 0.5756041828125 0.606124315625 0.565851940625 0.6056132234375 0.5558591859375 0.60969141875 0.5444703046875 0.6217497640625 0.539968121875 0.633018553125 0.542786703125 0.65387479375 0.5605342906249999 0.669761065625 0.5810741265625 0.6696870390624999
1 0.51649515 0.7077196531250001 0.52672841875 0.699052165625 0.529039640625 0.69227045 0.5304827265625 0.664734709375 0.5205369328125 0.6492573125 0.5148058453125001 0.6466560140625 0.4972518109375 0.6457360453125001 0.48713879687499995 0.6521088859375 0.47977107031250005 0.6620770234375 0.47697882343750003 0.6780373203125001 0.48015817343749995 0.6920096265625 0.494004865625 0.7076914609375 0.51649515 0.7077196531250001
1 0.41843904062500004 0.63815421875 0.42014897187500005 0.6428457296875 0.4339956640625 0.6585275625 0.43972675156249996 0.6611288656250001 0.45636569062500004 0.6608504 0.4665989609375 0.6521829125 0.4709808890625 0.6432087703125 0.4714619171875 0.634030190625 0.473532621875 0.6318377609375 0.47230371875 0.6179676734374999 0.46430837187499996 0.6025924953125 0.4547966453125 0.5974921140625 0.44114350625 0.5967765843749999 0.4290800453125 0.6030472062500001 0.4217123171875 0.6130153453125 0.41952135625000003 0.617502415625 0.41843904062500004 0.63815421875
1 0.35458160781250003 0.6624189640625 0.355569996875 0.6808783421875 0.3636856 0.6939588765625 0.37124687968750003 0.6989570374999999 0.3917867140625 0.698883015625 0.39477251562500004 0.69788901875 0.4062816546875 0.683536028125 0.406762684375 0.6743574484375 0.4088333875 0.6721650234375 0.4077247421875 0.6560002875000001 0.40601480624999997 0.651308778125 0.3939983078125 0.638023809375 0.378514978125 0.6349114140625 0.3664515171875 0.6411820374999999 0.3570130828125 0.6533426015625 0.3566523109375 0.6602265390625 0.35458160781250003 0.6624189640625
1 0.2946514046875 0.723704684375 0.30666790312500003 0.7369896546875 0.3272077375 0.736915628125 0.3395117140625 0.7260557140625 0.343893640625 0.7170815703125 0.3448556984375 0.698724409375 0.34143583125 0.6893413921875 0.33319997031250004 0.6785555046875 0.32563869218749997 0.67355734375 0.31588645 0.67304625 0.301872540625 0.6792146531250001 0.2946250703125 0.68688814375 0.29231385 0.6936698625 0.291231534375 0.7143216671875 0.2946514046875 0.723704684375
1 0.23842854375 0.7702285421874999 0.245989821875 0.7752267046875 0.2645792078125 0.7750504609375 0.2768831875 0.764190546875 0.2812651109375 0.755216403125 0.282347425 0.7345645984375 0.28063749375 0.7298730890625 0.26679080312500003 0.71419125625 0.24728632031250003 0.71316906875 0.2413147171875 0.7151570609375 0.23406724843750001 0.7228305515625 0.22968532343749998 0.7318046953125 0.2286030078125 0.7524565 0.23202287500000002 0.7618395171875 0.23842854375 0.7702285421874999
1 0.1657339671875 0.7951806218749999 0.1777504640625 0.8084655890624999 0.18348155156249998 0.81106689375 0.1981700421875 0.8106862093749999 0.205176996875 0.8076020078124999 0.21449517187499997 0.7977360890625 0.21899735625 0.7864673015625 0.21971889843749998 0.77269943125 0.21629903125 0.7633164140625001 0.20428253281250003 0.7500314453125 0.1985514453125 0.7474301421875 0.1828276015625 0.7489070390625 0.178806446875 0.750997246875 0.16522660312499998 0.7675426625 0.1641442875 0.7881944703125 0.1657339671875 0.7951806218749999
1 0.1015157609375 0.8263293015625001 0.1132917453125 0.8442035609375 0.122803471875 0.8493039437500001 0.133591065625 0.8487188234374999 0.138527315625 0.84782705 0.1497959390625 0.8380633484375 0.1564890859375 0.8223074890625 0.157090371875 0.8108342640625 0.1501303796875 0.7943628734375 0.1417742609375 0.78587163125 0.1359229171875 0.785564975 0.134092725 0.7831681140625 0.1203193296875 0.7847472265625 0.11629817656250001 0.7868374328125001 0.102718334375 0.8033828515625 0.1015157609375 0.8263293015625001
1 0.0405971640625 0.8691556437499999 0.048833025 0.8799415312500001 0.056394304687499994 0.88493969375 0.069132346875 0.8844567937500001 0.08016045625 0.8792823828125 0.08947863125 0.8694164640625001 0.09166959531249999 0.8649293921875 0.0928721671875 0.8419829421875 0.082926371875 0.8265055484375001 0.0734146453125 0.8214051609374999 0.06171195625 0.82079185 0.055740353124999996 0.8227798406250001 0.0444717296875 0.8325435406249999 0.0402100625 0.8392230375 0.0374178140625 0.8551833359375 0.0405971640625 0.8691556437499999
1 0.165065084375 0.8825815718750001 0.173421203125 0.8910728125 0.179152290625 0.8936741156249999 0.19384078124999998 0.8932934328125001 0.2008477359375 0.8902092312500001 0.212236615625 0.8781508859375 0.2145478375 0.8713691671875001 0.2155098953125 0.8530120078125 0.2139202171875 0.84602585625 0.20751455000000002 0.8376368296875001 0.19617263125 0.8301395843750001 0.18251949375 0.8294240546875 0.1704560328125 0.835694675 0.1632085640625 0.8433681703125 0.1582253484375 0.8638155375000001 0.165065084375 0.8825815718750001
1 0.2257431671875 0.8443445203125 0.232148834375 0.8527335468749999 0.2397101125 0.8577317078125001 0.2563490546875 0.857453246875 0.2633560078125 0.8543690453125 0.2748651453125 0.8400160546875 0.27777765 0.8217611125 0.2744780421875 0.8100834484374999 0.26624218125 0.7992975625 0.25868090312500003 0.7942993953124999 0.24307731562499998 0.793481646875 0.2350350078125 0.7976620640625 0.2255965765625 0.8098226281249999 0.2232853546875 0.8166043437500001 0.22415348906250002 0.83735836875 0.2257431671875 0.8443445203125
1 0.2902018859375 0.808606553125 0.2984377453125 0.8193924406249999 0.30416883281249996 0.8219937406250001 0.3208077734375 0.8217152765625 0.335182453125 0.8086629359374999 0.3396846359375 0.7973941499999999 0.34040617968750003 0.7836262796875 0.3369863125 0.7742432625 0.328750453125 0.7634573734375001 0.3211891734375 0.758459209375 0.309486484375 0.7578458984374999 0.29949372812499997 0.76192409375 0.29224625937500004 0.769597584375 0.28786433125 0.778571728125 0.286782015625 0.799223534375 0.2902018859375 0.808606553125
1 0.2785518609375 0.881626321875 0.2921580359375 0.90189744375 0.29593867500000004 0.9043965265624999 0.3125776125 0.9041180609374999 0.31751386406250004 0.9032262875000001 0.33109370625 0.8866808687500001 0.333284671875 0.882193796875 0.3342467296875 0.8638366375000001 0.3308268578125 0.85445361875 0.32064055156250004 0.8435655125 0.3149094640625 0.8409642125 0.299305878125 0.8401464640625 0.2912635703125 0.8443268796875 0.28401609843750003 0.8520003703125001 0.2796341765625 0.8609745140625 0.2785518609375 0.881626321875
1 0.3432510953125 0.8412990593749999 0.3482606375 0.8576682328125 0.35466630625 0.8660572546875 0.36612848124999997 0.8712598578125 0.37106473125 0.87036808125 0.38392303125 0.8675905343749999 0.3932412046875 0.857724615625 0.3955524265625 0.8509429000000001 0.3967549984375 0.82799645 0.39333513125 0.8186134328125 0.3849790140625 0.8101221890625 0.37546728749999997 0.8050218078125001 0.36766549375 0.8046129328125 0.3576727375 0.808691128125 0.3483545609375 0.8185570468750001 0.34385238125 0.8298258359374999 0.3432510953125 0.8412990593749999
1 0.3494105453125 0.761088703125 0.3528304125 0.7704717203125 0.3648469125 0.7837566890625001 0.38538675 0.7836826609374999 0.390322996875 0.7827908859375 0.397570465625 0.7751173921875 0.40195239374999997 0.76614325 0.40303470937499997 0.7454914453125 0.40144503125000003 0.7385052921875 0.39137898125000004 0.7253225421875 0.381867253125 0.7202221578125 0.3740654609375 0.7198132828125 0.3579808453125 0.7281741140625 0.352683821875 0.735949825 0.35037260312499996 0.7427315421875 0.3494105453125 0.761088703125
1 0.4172891328125 0.73473375 0.42564525 0.74322499375 0.4313763375 0.74582629375 0.4499657265625 0.7456500484374999 0.4569726796875 0.7425658453125 0.4622696984375 0.7347901359375 0.46458092031250003 0.7280084171875 0.46590375 0.7027673234375 0.45778814843750004 0.6896867921875 0.45022686875 0.6846886234375 0.43267283437500004 0.68376865625 0.4246305265625 0.687949075 0.41519209375 0.7001096390625 0.4128808765625 0.706891353125 0.4138692640625 0.7253507328125 0.4172891328125 0.73473375
1 0.48187381093750004 0.789889809375 0.4894350890625 0.7948879734375 0.5099749265625 0.794813946875 0.5202081953125 0.786146459375 0.524590121875 0.7771723171875 0.5256724375 0.7565205125000001 0.5240827593749999 0.74953435625 0.5177973484375 0.7388506921875 0.5102360703125 0.7338525234375 0.49475274062499996 0.7307401312499999 0.48671043281250004 0.7349205453125001 0.473130590625 0.7514659625 0.47204827656250004 0.7721177703125 0.4736379515625 0.7791039203125 0.48187381093750004 0.789889809375
1 0.4073490421875 0.8124450265625001 0.417294834375 0.8279224234375 0.4248561125 0.8329205890625 0.44149505156249996 0.8326421234374999 0.4525231609375 0.827467715625 0.45782018124999996 0.819692003125 0.460131403125 0.8129102874999999 0.46121371718750004 0.7922584796875001 0.4596240390625 0.7852723265625 0.45138818125 0.7744864406249999 0.443826903125 0.7694882749999999 0.42822331562500004 0.768670525 0.4201810078125 0.7728509421875 0.41086283281249997 0.7827168609374999 0.408551615625 0.7894985765625 0.4073490421875 0.8124450265625001
1 0.3999606828125 0.8787852984375 0.399479653125 0.887963878125 0.40314003906250007 0.8927576046875 0.4047297140625 0.8997437578125 0.41296557343750007 0.9105296453125 0.4224773 0.9156300281249999 0.433264896875 0.9150449093749999 0.4401515921875 0.91425535 0.4536111765625 0.9000045812499999 0.45592239843750004 0.8932228625 0.45688445624999996 0.8748657015625 0.4534645890625 0.865482684375 0.4470589203125 0.8570936625 0.43376655468749997 0.8494941953125 0.42791520937499994 0.8491875390624999 0.425844503125 0.8513799671875001 0.41999315781249996 0.8510733109374999 0.40872453281250004 0.8608370109375001 0.3999606828125 0.8787852984375
1 0.46393837187500003 0.8522259078125 0.4691884328125 0.864005790625 0.47742429218750004 0.874791678125 0.48498557187499997 0.8797898390625001 0.4996740625 0.879409159375 0.5107021703125 0.8742347484374999 0.5180698968749999 0.8642666109375 0.5203811171875 0.8574848953125 0.5213431765625 0.839127734375 0.5179233078125 0.8297447171875 0.5115176390625 0.8213556953125 0.5039563609375 0.8163575281250001 0.48445187812499996 0.815335340625 0.47111254843749995 0.82729146875 0.46673062343750005 0.8362656125000001 0.46612933749999996 0.8477388359375 0.46393837187500003 0.8522259078125
1 0.5301070265625001 0.8211794484375 0.5318169625 0.8258709578125 0.5456636515625 0.8415527921875 0.5513947390625 0.8441540906249999 0.56413278125 0.8436711906250001 0.5751608906250001 0.8384967781249999 0.582528615625 0.82852864375 0.587151059375 0.8149652093749999 0.5859221515625 0.8010951203125 0.5842122171875 0.7964036125 0.570365528125 0.7807217796875 0.5625637343750001 0.7803129046875 0.56073354375 0.777916040625 0.548910596875 0.7795973734375 0.54488944375 0.7816875796875 0.5313095999999999 0.7982329984375001 0.5301070265625001 0.8211794484375
1 0.522117384375 0.89899294375 0.5255372515625 0.9083759609375001 0.5393839421875 0.9240577953125 0.5451150296875 0.9266590953125 0.5578530734375 0.9261761937499999 0.562789321875 0.9252844187499999 0.574057946875 0.9155207187500001 0.5784398687500001 0.9065465749999999 0.579522184375 0.8858947687500001 0.5761023203125 0.8765117515625 0.5678664578125 0.8657258625 0.5564042828125 0.8605232640624999 0.5486024890625 0.8601143890625 0.538609734375 0.8641925828125 0.527220853125 0.8762509312500001 0.5227186703125 0.8875197171875 0.522117384375 0.89899294375
1 0.536747509375 0.7317905078125 0.538337184375 0.7387766640625 0.5484032359375 0.7519594140625 0.5598654109375001 0.757162015625 0.570653003125 0.7565768953124999 0.577539703125 0.7557873374999999 0.584787171875 0.7481138453125 0.5913600625 0.73465263125 0.5922018625 0.7185901171875 0.5870720609375 0.704515590625 0.57871594375 0.69602435 0.569204215625 0.6909239625 0.55738126875 0.6926052984375 0.5493389609375 0.6967857125 0.5400207859374999 0.7066516328125 0.537829825 0.7111387046875 0.536747509375 0.7317905078125
1 0.6065822453124999 0.79872645 0.6141435234375 0.8037246124999999 0.6327329109375001 0.8035483687499999 0.6357187125 0.8025543734375 0.64929855625 0.7860089578125 0.6505011281249999 0.7630625078125 0.63872514375 0.7451882484375 0.6292134171875 0.7400878609375 0.6175107265625 0.73947455 0.60946841875 0.74365496875 0.60015024375 0.7535208843750001 0.59576831875 0.762495028125 0.59492651875 0.7785575453125 0.5983463859375 0.7879405625 0.6065822453124999 0.79872645
1 0.6056728515625001 0.8907166906249999 0.6262126859375 0.8906426625 0.6332196421875 0.8875584578125 0.64058736875 0.8775903234375001 0.645209809375 0.8640268890625 0.6441011609375 0.8478621546875 0.63415536875 0.8323847578124999 0.6265940890625 0.827386596875 0.6090400546875 0.8264666281249999 0.600997746875 0.8306470406249999 0.58936835 0.847294678125 0.588165778125 0.8702411281250001 0.5962813828125 0.8833216609375001 0.6056728515625001 0.8907166906249999
1 0.6482952359375 0.91711038125 0.6639721187500001 0.9351890765625 0.66970320625 0.9377903796875 0.6843916984375 0.9374096953125 0.6955400640625 0.9299406421875 0.703028046875 0.9176778593750001 0.7053392671875 0.9108961421874999 0.70423061875 0.8947314093750001 0.6924546359375 0.8768571515625 0.68489335625 0.8718589828125 0.6692897703125 0.8710412328125001 0.6633181687499999 0.8730292234375 0.6541202515625 0.8806004984375001 0.6475473625 0.8940617109375 0.6467055609375 0.9101242296875001 0.6482952359375 0.91711038125
1 0.654454690625 0.8369000234374999 0.664520740625 0.8500827734374999 0.6720820187500001 0.8550809390625 0.688720959375 0.8548024734374999 0.69779861875 0.849525846875 0.7051663453125 0.839557709375 0.7073573078125001 0.8350706375 0.708439621875 0.81441883125 0.6986140875 0.7966467890625 0.6872721703125 0.7891495421875 0.677519928125 0.7886384484375 0.6635060187499999 0.794806853125 0.6583292562499999 0.800287921875 0.654067584375 0.8069674171875001 0.6511550796875001 0.8252223593749999 0.654454690625 0.8369000234374999
1 0.6596257515625 0.7382302843749999 0.6612154296874999 0.7452164406249999 0.66933103125 0.758296971875 0.6806729484375 0.76579421875 0.6914605453125 0.7652091000000001 0.700417946875 0.7622271125 0.7096158640625 0.754655840625 0.713997790625 0.745681696875 0.7166697828124999 0.7320160453125 0.7116602375000001 0.7156468765625 0.707084759375 0.7096547156249999 0.697693290625 0.7022596890624999 0.6880613062500001 0.6994539484375 0.6761181015625 0.7034299265625 0.6648494781250001 0.713193628125 0.6604675531249999 0.7221677703125 0.6596257515625 0.7382302843749999
1 0.743421734375 0.725364740625 0.760060671875 0.725086275 0.763046475 0.724092284375 0.7766263171875 0.7075468640625 0.7779491468749999 0.6823057703125001 0.7726990890625001 0.6705258875 0.764342971875 0.6620346453125 0.7488596421875 0.658922253125 0.7388668875 0.6630004484375001 0.727598265625 0.6727641484375 0.7230960796875 0.6840329374999999 0.722254278125 0.7000954515625 0.73586045625 0.720366575 0.743421734375 0.725364740625
1 0.8412052937500001 0.66951425 0.8426483796875001 0.641978509375 0.8345327796875001 0.6288979796875 0.8269715 0.6238998140625001 0.809417465625 0.6229798453125001 0.796078134375 0.634935971875 0.7916962125 0.6439101140625 0.7907341546875 0.662267275 0.79415401875 0.6716502921874999 0.8061705203124999 0.6849352609375 0.8286608046874999 0.68496345625 0.8412052937500001 0.66951425
1 0.8005539875000001 0.5868506453125 0.8069596562499999 0.5952396671875 0.81842183125 0.6004422703125 0.8311598734375 0.5999593671875 0.8360961234375001 0.5990675953125 0.8476052609375 0.5847146015625 0.848086290625 0.5755360234375 0.8501569968749999 0.57334359375 0.8484470625 0.5686520859375 0.8490483484375 0.5571788625 0.84562848125 0.5477958453125 0.835442171875 0.5369077375 0.8159376890625 0.5358855515625 0.79845695 0.5522265296875 0.7954241875 0.57277611875 0.8005539875000001 0.5868506453125
1 0.866775303125 0.6294372625 0.875131421875 0.63792850625 0.8789120609375001 0.6404275890625 0.895551 0.6401491234375001 0.90048725 0.6392573500000001 0.9119963875 0.6249043578125 0.9123571593750001 0.6180204218750001 0.9144278640625 0.615827996875 0.915510178125 0.5951761890625 0.9075148343749999 0.5798010125 0.9017837468750001 0.5771997125 0.880328815625 0.5760753078125 0.8649187828124999 0.5902238609375 0.8605368546875001 0.5991980046875 0.8598153109375 0.6129658734375 0.866775303125 0.6294372625
1 0.7875135390625 0.7610392328125 0.797699846875 0.7719273390625 0.8014804874999999 0.7744264203125 0.8181194265625 0.77414795625 0.823055675 0.7732561812500001 0.8345648140625 0.758903190625 0.8358876437499999 0.73366209375 0.83429796875 0.7266759406250001 0.824231915625 0.7134931875 0.8183805703125 0.7131865312500001 0.8165503796875001 0.7107896703125001 0.7988760874999999 0.7121643453125001 0.7896781703125 0.7197356218750001 0.7831052796875 0.7331968359375 0.7822634796875 0.74925935 0.7875135390625 0.7610392328125
1 0.7193944375 0.791983471875 0.7254393343750001 0.8072564312500001 0.742512340625 0.8173549796874999 0.7474485890625 0.8164632046875001 0.7562857359375 0.8157758671875 0.77169576875 0.8016273140625 0.7738867328125 0.7971402421875 0.774728534375 0.7810777250000001 0.7714289234375 0.7694000640625 0.763313321875 0.7563195296874999 0.75380159375 0.7512191500000001 0.7420989046875001 0.7506058390625 0.736127303125 0.752593825 0.7226677171875 0.7668445984375001 0.720476753125 0.77133166875 0.7193944375 0.791983471875
1 0.7508008640625 0.9017739468749999 0.76194923125 0.8943048906250001 0.769437215625 0.8820421078124999 0.7703992734375 0.8636849468750001 0.7688095953125 0.8566987953125 0.753132715625 0.8386200953125 0.73557868125 0.8377001281249999 0.7275363734375 0.8418805468749999 0.716027234375 0.856233534375 0.7147044046875 0.8814746328125 0.7246501984375 0.8969520296875 0.732211478125 0.9019501906249999 0.7508008640625 0.9017739468749999
1 0.777693703125 0.8364558640625 0.78282350625 0.8505303890624999 0.789229175 0.8589194109375 0.804471990625 0.8666210984375 0.8113586890625 0.8658315390625001 0.8183656421875 0.8627473390624999 0.8297545234375001 0.8506889937500001 0.83425670625 0.8394202046875 0.83497825 0.8256523328125001 0.8298484500000001 0.8115778078125 0.8234427796875 0.8031887843750001 0.8118603468750001 0.8002808296874999 0.8100301562500001 0.7978839640625 0.7962567609375 0.7994630796875 0.7808467265625 0.81361163125 0.7786557609375 0.818098703125 0.777693703125 0.8364558640625
1 0.7764235421875 0.935330040625 0.78477965625 0.94382128125 0.794291384375 0.9489216656250001 0.807029428125 0.9484387625 0.8180575359375 0.9432643515624999 0.8254252624999999 0.933296215625 0.82773648125 0.9265144984375 0.8286985390625 0.9081573374999999 0.8271088640625001 0.9011711859375 0.815212621875 0.8855915703124999 0.8094815343749999 0.882990271875 0.793877946875 0.8821725218750001 0.785835640625 0.8863529328125 0.7721355390625 0.9051929968750001 0.7730036703125001 0.925947021875 0.7764235421875 0.935330040625