1 0.8710542968749999 0.1372803515625 0.8641617703125 0.11952163906249999 0.849931209375 0.1111644484375 0.8362780750000001 0.11044891875 0.8242344109375 0.11634179375 0.819074140625 0.1215080703125 0.8124271890625 0.136382521875 0.8117452390625 0.1493949 0.8169146328125001 0.1627139328125 0.8233433984375 0.170662253125 0.837687615625 0.1768507140625 0.8405564609375 0.1780884078125 0.856501021875 0.1723999703125 0.8657895 0.1631006671875 0.8702586890624999 0.152461459375 0.8710542968749999 0.1372803515625
1 0.9565513031249999 0.18525478125 0.9520729859375001 0.177408684375 0.9426617234375 0.1703914 0.9212067890625001 0.16926699375 0.9111135750000001 0.1752620921875 0.901711434375 0.18673011718750002 0.9004611921875 0.21058614375 0.9039074593749999 0.2194655 0.9150418546875001 0.23092245781249998 0.9374151812499999 0.23318233593749998 0.9506045609375 0.224087475 0.9570241953125 0.2135504859375 0.9594292781249999 0.2049777859375 0.9565513031249999 0.18525478125
1 0.782506771875 0.1848322390625 0.77894685 0.1781216140625 0.762879503125 0.1674934734375 0.7452118078125001 0.1687422328125 0.7319087734374999 0.180005825 0.72755324375 0.18847630625 0.7280261328125001 0.21677200624999998 0.736291690625 0.2269912765625 0.7486854578125001 0.2330775203125 0.7574056453125 0.23462186875 0.7713997609375001 0.2288312125 0.778624134375 0.2215984234375 0.78538474375 0.2045552421875 0.782506771875 0.1848322390625
1 0.6956276078125 0.1259119421875 0.687362053125 0.1156926734375 0.677837125 0.110844125 0.6622335390625 0.11002637500000001 0.65615488125 0.11405717500000001 0.6448022921875001 0.1254229859375 0.6403331046875 0.1360621984375 0.6397648125 0.14690584375 0.646657340625 0.164664553125 0.658823790625 0.17508825625 0.66559353125 0.176530390625 0.680278725 0.1762126625 0.6936954156249999 0.16278034375 0.6980509453125 0.1543098625 0.6990738703125 0.13479129843749998 0.6956276078125 0.1259119421875
1 0.6138589515625 0.19339126874999998 0.6104126875 0.1845119125 0.6022607921875001 0.172123915625 0.5927358640625 0.1672753671875 0.571167278125 0.16831969062500002 0.5598146890625 0.17968550156250002 0.555459159375 0.18815598281249998 0.554436234375 0.20767454531250001 0.557768840625 0.21872263125 0.5717720828124999 0.23141728281249999 0.5804922703125001 0.232961634375 0.5872620109375 0.2344037625 0.5993056765625 0.2285108875 0.6085941546875 0.21921158749999997 0.6130633421875 0.208572378125 0.6138589515625 0.19339126874999998
1 0.5307670250000001 0.13684413906249998 0.5275480781249999 0.123627325 0.5212329687499999 0.11351027656249998 0.511708046875 0.108661725 0.49220356406250004 0.10763953906249998 0.47259455 0.12727139375000002 0.469962153125 0.1401815515625 0.47306743906250004 0.1555670921875 0.48500657656249996 0.170328259375 0.4955635515625 0.17414355312500002 0.500382846875 0.17548346406249998 0.5163274078125 0.1697950265625 0.52355178125 0.1625622375 0.530085075 0.14985651718749998 0.5307670250000001 0.13684413906249998
1 0.426493128125 0.1672616984375 0.4051518515625 0.1639685625 0.38554283906250003 0.1836004171875 0.3841789390625 0.2096251703125 0.39600441875 0.226555065625 0.400823709375 0.22789497500000003 0.42319703750000004 0.230154853125 0.43867783281249995 0.214656021875 0.441878525 0.1909022171875 0.44026905000000005 0.1842938078125 0.426493128125 0.1672616984375
1 0.3415644078125 0.10844362031250002 0.32022313750000003 0.10515048281249999 0.312194028125 0.1090790703125 0.30290554531249997 0.11837836875 0.29855001875 0.1268488484375 0.29752709374999997 0.14636741250000002 0.3009733546875 0.15524676875 0.311994096875 0.1688724578125 0.3382683171875 0.171336778125 0.3515713546875 0.1600731859375 0.3552266765625 0.127644459375 0.35178041250000003 0.11876510468749998 0.3415644078125 0.10844362031250002
1 0.268174965625 0.183973484375 0.2582999390625 0.1671458125 0.2351218765625 0.161581725 0.225142315625 0.1654080953125 0.21378972968749999 0.17677390312500002 0.209434203125 0.1852443828125 0.210361725 0.20486516875 0.21839996093749997 0.21942189375 0.2268928328125 0.2253037015625 0.249266159375 0.2275635828125 0.25729526875 0.2236349953125 0.2666974078125 0.21216696875 0.26967078125 0.1927506203125 0.268174965625 0.183973484375
1 0.179004378125 0.1314571578125 0.175558115625 0.1225778015625 0.1672925625 0.1123585359375 0.15202995 0.10503459687500001 0.13631270625 0.1063855765625 0.1249601171875 0.1177513875 0.1206045875 0.12622186875000002 0.121191134375 0.152348840625 0.1331302734375 0.16711000468749998 0.14185045937500002 0.1686543515625 0.160322890625 0.170709796875 0.1643374453125 0.168745503125 0.17385324062500002 0.15510874531250002 0.1784360875 0.14230080625 0.179004378125 0.1314571578125
1 0.946390071875 0.28584515625 0.9388155953125 0.28109882656249996 0.9152965562500001 0.28204093124999996 0.9040576281250001 0.291238009375 0.8997021015625 0.2997084890625 0.8985655187500001 0.321395784375 0.9020117796875 0.330275140625 0.9102773375 0.3404944109375 0.9208343156250001 0.3443097046875 0.9295545046875 0.345854053125 0.9414845109375 0.342129909375 0.9550148593750001 0.32652885781249996 0.9563787593749999 0.3005041046875 0.946390071875 0.28584515625
1 0.7823342281250001 0.3000815609375 0.7666078515625 0.2829472296875 0.7511179234375 0.279960753125 0.7451529234375001 0.2818228234375 0.7298994390625 0.292984196875 0.725543909375 0.301454678125 0.722911509375 0.3143648375 0.7278535890625 0.3320213296875 0.73990638125 0.344613759375 0.7466761234375 0.34605589375 0.755396309375 0.347600240625 0.7693904265625 0.34180958437500003 0.7786789046875 0.3325102828125 0.7831480921875 0.321871075 0.7823342281250001 0.3000815609375
1 0.6852390609375 0.230839778125 0.677664584375 0.2260934453125 0.6601105453125 0.22517347656250003 0.6541455453125 0.227035546875 0.6406151906249999 0.24263659999999998 0.6376418203124999 0.2620529484375 0.6391376328125 0.270830084375 0.645452740625 0.28094713125 0.6529135593750001 0.28786219375 0.6654209875 0.291779709375 0.6762052796875 0.2912575484375 0.6895083171875 0.2799939578125 0.6960416109375 0.267288234375 0.6969508765625 0.2499384 0.6852390609375 0.230839778125
1 0.5253114265625001 0.24094315625 0.517045871875 0.23072389062499998 0.5056841578125 0.2236043921875 0.492031015625 0.22288886093750002 0.48606601562499996 0.2247509328125 0.47253566406249997 0.240351984375 0.469221315625 0.26627451875 0.4790963453125 0.28310219375 0.48667082187500005 0.287848525 0.49929190468750007 0.2895973140625 0.5041111953125 0.2909372234375 0.5121403046874999 0.2870086390625 0.5234928937500001 0.2756428296875 0.5284167140625 0.256328703125 0.5253114265625001 0.24094315625
1 0.354940475 0.245062509375 0.3516078671875 0.23401442656250002 0.3451791046875 0.22606610625 0.32991649375 0.2187421671875 0.31419924843749997 0.22009315 0.3007825546875 0.23352546875 0.29619970625 0.2463334078125 0.2972408890625 0.26378546406250003 0.302523940625 0.2749357703125 0.30895270625000004 0.2828840890625 0.31767289375 0.2844284359375 0.332244428125 0.286279440625 0.338209434375 0.28441736875 0.34623854375 0.28048878125 0.3556406796875 0.2690207546875 0.354940475 0.245062509375
1 0.171825646875 0.231116496875 0.163446434375 0.2230659609375 0.1401547125 0.21967060625 0.132125603125 0.22359919062500003 0.1206593609375 0.23713372812500003 0.117572328125 0.2587188046875 0.119181803125 0.265327215625 0.1291704875 0.27998615781249997 0.1358265703125 0.28359701875 0.156249446875 0.2857546796875 0.16427855625 0.28182609375 0.17356703906249998 0.272526796875 0.1771087015625 0.24226680156249997 0.171825646875 0.231116496875
1 0.9526462921875 0.40904280000000004 0.9405934984375 0.3964503640625 0.919252228125 0.39315723125 0.9072085640625 0.39905010625 0.895628659375 0.4147533765625 0.894605734375 0.43427194062499996 0.8980519984375 0.44315129531249997 0.9063175515624999 0.45337056562500005 0.9149240843750001 0.45708364062499995 0.9314460656250001 0.4590368625 0.94348973125 0.45314398906250003 0.950827759375 0.443742471875 0.9541421078125 0.4178199359375 0.9526462921875 0.40904280000000004
1 0.8673766015625001 0.356730909375 0.859338365625 0.34217418125 0.8517638875 0.3374278515625 0.8303089531250001 0.3363034453125 0.817119578125 0.34539830625 0.8106999437500001 0.355935296875 0.80806754375 0.3688454546875 0.8094497031250001 0.3797913234375 0.823111965625 0.3989921625 0.8279312578125 0.40033207343750005 0.8444532421875 0.40228529531249996 0.8504182421875001 0.40042322500000005 0.86589904375 0.384924390625 0.8689860734374999 0.3633393140625 0.8673766015625001 0.356730909375
1 0.6934457296875001 0.35413963437499996 0.683343384375 0.34164941875 0.6640662171875 0.33628977656250003 0.6521362109375 0.3400139203125 0.642847728125 0.349313221875 0.6358598015625 0.37069386249999997 0.637241959375 0.3816397265625 0.6472306437500001 0.39629867343749997 0.6548051203125 0.401045003125 0.6654757578125 0.40269157499999997 0.6823387125 0.398138609375 0.6895630875000001 0.3909058203125 0.6960963812500001 0.3782000984375 0.69677833125 0.36518772187500004 0.6934457296875001 0.35413963437499996
1 0.6101264859375 0.3019299640625 0.6019745859375 0.2895419703125 0.5906128703125 0.2824224671875 0.5808606328125 0.281911375 0.5689306265625 0.2856355234375 0.5575780375 0.29700133125 0.55310885 0.30764054218750003 0.554036375 0.3272613265625 0.564025059375 0.34192027187499996 0.5726315890625 0.34563335 0.5891535734375 0.3475865734375 0.5931681281250001 0.345622278125 0.604407053125 0.3364251984375 0.61094035 0.323719478125 0.6101264859375 0.3019299640625
1 0.44009650625 0.2995431296875 0.4319446109375 0.2871551328125 0.42058289687499995 0.280035634375 0.40888020625 0.279422321875 0.3928219859375 0.28727949062499997 0.3830788734375 0.3052537078125 0.38228326562500003 0.3204348125 0.3857295265625 0.32931416874999997 0.3938814265625 0.3417021640625 0.4024879546875 0.3454152453125 0.4170594890625 0.3472662484375 0.4250885984375 0.3433376640625 0.43219931093749997 0.33827360624999997 0.440683053125 0.3256701046875 0.44009650625 0.2995431296875
1 0.25434015312499997 0.280021965625 0.22909798750000002 0.27652439218749997 0.22106887656250002 0.2804529765625 0.20960263124999998 0.293987515625 0.20823873124999998 0.3200122703125 0.2099618640625 0.324451946875 0.221901 0.3392131140625 0.22867073593749998 0.3406552421875 0.247256825 0.34054195625 0.25528593437499997 0.3366133671875 0.26675218125 0.3230788296875 0.2661656328125 0.29695185625 0.25434015312499997 0.280021965625
1 0.781934365625 0.4196683390625 0.7768786296875 0.40418057812499997 0.7627617296875 0.39365465624999996 0.743257246875 0.39263247031250004 0.7332776859375 0.39645883125000003 0.723534575 0.4144330515625 0.7242347796875 0.43839129374999997 0.7361739187499999 0.45315245937500004 0.744780446875 0.456865534375 0.7574015296875001 0.45861432031250005 0.7633665359374999 0.4567522484375 0.776783228125 0.4433199296875 0.781252415625 0.432680715625 0.781934365625 0.4196683390625
1 0.6099539390625 0.41717928750000005 0.6065076765625 0.40829993125 0.598242121875 0.3980806625 0.58871719375 0.3932321140625 0.5731136078125 0.3924143640625 0.5650844984375001 0.3963429453125 0.5515541484375001 0.41194399531250003 0.54846711875 0.43352907187499995 0.5658029625000001 0.4572718078125 0.572572703125 0.45871394218750006 0.5832433421875 0.4603605078125 0.5951733484374999 0.45663636093750004 0.6044618265625 0.4473370640625 0.60881735625 0.4388665828125 0.6099539390625 0.41717928750000005
1 0.5267483546875 0.362800884375 0.523302090625 0.3539215296875 0.50941250625 0.33905814843750004 0.4860071265625 0.337831525 0.47889641093749996 0.34289558124999997 0.46834856406250003 0.357565596875 0.46721198125 0.37925289218749997 0.47065824375 0.3881322484375 0.47892379687500003 0.39835151406249997 0.48557988124999996 0.4019623734375 0.5040523125 0.40401781562499994 0.5120814218749999 0.40008923125000007 0.5213699 0.3907899328125 0.5257254296875 0.3823194515625 0.5267483546875 0.362800884375
1 0.351321665625 0.3514324765625 0.3431697703125 0.3390444796875 0.3297439453125 0.333991490625 0.3140267 0.335342471875 0.298659559375 0.3486725734375 0.2952315546875 0.37676383593749996 0.30326979062500004 0.39132056249999997 0.3137131125 0.39730459218749997 0.33218554375 0.3993600328125 0.33815054375 0.397497959375 0.3516808953125 0.381896909375 0.3546542703125 0.36248056093750003 0.351321665625 0.3514324765625
1 0.17614055 0.3726972296875 0.1768225 0.359684853125 0.17165310312499998 0.3463658203125 0.1652243375 0.3384175 0.155699415625 0.333568946875 0.1420462734375 0.3328534171875 0.13206671875 0.3366797828125 0.11853636406250001 0.352280834375 0.11579030937499998 0.36735971875 0.11717246562500001 0.3783055875 0.12716115156250002 0.39296453124999997 0.13760447343749999 0.39894855625000003 0.1521760078125 0.4007995609375 0.1581410078125 0.39893748906250004 0.17568591718749998 0.3813721484375 0.1779773390625 0.37496817656250003 0.17614055 0.3726972296875
1 0.9504096437499999 0.5263586296875 0.9440945359375 0.5162415828125 0.936520059375 0.511495246875 0.917129234375 0.50830433125 0.9111642281250001 0.5101664046875001 0.8978611953125 0.521429996875 0.893505665625 0.5299004765625 0.892482740625 0.5494190437500001 0.8961563203124999 0.553960940625 0.8959290046874999 0.5582984 0.9004073203124999 0.5661444999999999 0.9108506406249999 0.5721285265625 0.9273726218749999 0.5740817484375 0.9352880734375001 0.5723218921875 0.9487047687500001 0.5588895734375 0.952019115625 0.5329670359375 0.9504096437499999 0.5263586296875
1 0.8636441328125001 0.46526960468749995 0.8552649203125 0.4572190671875 0.830022753125 0.4537214921875 0.82199364375 0.45765008125 0.810527396875 0.47118461875 0.80927715625 0.4950406421875 0.8191521859374999 0.5118683171875 0.8267266624999999 0.51661465 0.8393477468749999 0.5183634359375 0.8462311453125 0.5176368375 0.8563243593750001 0.51164174375 0.8636623921875 0.5022402234375 0.8669767421874999 0.4763176890625 0.8636441328125001 0.46526960468749995
1 0.6916637078125001 0.4627805484375 0.683398153125 0.4525612828125 0.67387323125 0.44771273125000005 0.6523046375 0.4487570578125 0.6409520546875 0.4601228640625 0.636596521875 0.46859334375 0.6354599390625 0.49028063906249997 0.6436118390625001 0.5026686375 0.65784239375 0.51102583125 0.674364378125 0.5129790546875 0.689731515625 0.499648953125 0.69408705 0.49117847187499997 0.6951099734375 0.4716599046875 0.6916637078125001 0.4627805484375
1 0.5111904093749999 0.45440968593750003 0.5016654875000001 0.44956113750000004 0.48606190156249995 0.4487433875 0.4688579703125 0.45980253906249996 0.46450243750000003 0.46827302031249995 0.46175638281250003 0.48335191093749996 0.4666984625 0.5010084015625 0.4749640171875 0.5112276671875 0.4913723390625 0.5153496234375 0.506171190625 0.512863165625 0.51958788125 0.499430846875 0.5227885734375 0.47567703906250003 0.5194559640625 0.46462895625 0.5111904093749999 0.45440968593750003
1 0.4317720625 0.40240445625000004 0.42052400624999997 0.3931162265625 0.39700496875 0.3940583296875 0.38576604375 0.403255409375 0.37911908906249997 0.41812986093750004 0.38016026875 0.4355819171875 0.3836065359375 0.4444612734375 0.3938225359375 0.4547827578125 0.39864183125 0.45612266718749994 0.4132133609375 0.45797367031249997 0.42525702499999996 0.4520807953125 0.4368369296875 0.43637752656249995 0.4379735125 0.41469023125 0.4317720625 0.40240445625000004
1 0.2625468234375 0.403321825 0.25049403125 0.390729390625 0.2272023109375 0.38733403437499997 0.209771059375 0.402730646875 0.20541553281249997 0.411201128125 0.204847240625 0.4220447765625 0.20806618437500002 0.43526159218749993 0.2181685296875 0.4477518046875 0.22482461250000002 0.4513626640625 0.2452474890625 0.45352032812500004 0.25648641875 0.44432324687499997 0.2629060546875 0.43378625625 0.2656521125 0.418707365625 0.2625468234375 0.403321825
1 0.8552060375 0.5702996578125 0.847631559375 0.565553325 0.8261766250000001 0.56442891875 0.8109231421875001 0.575590290625 0.8065676156249999 0.584060771875 0.8055446906249999 0.6035793359375 0.8089909515624999 0.6124586921875 0.8153060578125 0.62257574375 0.8276998296875 0.6286619875 0.8403209140625 0.630410771875 0.8523645796875 0.6245178984375 0.8639444796875001 0.608814628125 0.8650810625 0.5871273328125 0.8552060375 0.5702996578125
1 0.778315559375 0.52603830625 0.7663764203125 0.5112771406250001 0.7568514984375 0.5064285921875 0.7431983578125 0.5057130609375 0.733218803125 0.5095394234375 0.725994428125 0.5167722125 0.719233815625 0.5338153921875 0.7221117890625 0.553538396875 0.734050925 0.568299559375 0.744607903125 0.57211485625 0.751377640625 0.5735569875000001 0.76537175625 0.56776633125 0.7747738921875 0.5562983015625 0.7793567390625 0.5434903624999999 0.778315559375 0.52603830625
1 0.6057668406250001 0.5343929015625 0.600711103125 0.5189051359375 0.5867078593749999 0.5062104859375001 0.5631888218750001 0.507152590625 0.5518362375 0.5185184015625001 0.5474807046875 0.52698888125 0.5481809140625 0.5509471234375 0.5581696015625 0.5656060703125 0.5667761312499999 0.5693191453125 0.5832981109375 0.57127236875 0.5873126656250001 0.569308078125 0.5985515953125 0.5601109984375 0.6050848906249999 0.5474052781250001 0.6057668406250001 0.5343929015625
1 0.43585052031249993 0.5298373359374999 0.43079478125000004 0.5143495703125 0.42436601874999996 0.5064012546875001 0.4148410921875 0.5015526984374999 0.40118795625 0.5008371687500001 0.3891442921875 0.506730046875 0.379742153125 0.518198075 0.3767687796875 0.5376144203125001 0.37837825468749997 0.54422283125 0.3845797 0.556508609375 0.396859809375 0.56476358125 0.41338179375 0.56671680625 0.41934679375000006 0.5648547328125 0.4306993828125 0.553488921875 0.4351685703125 0.5428497125 0.43585052031249993 0.5298373359374999
1 0.3474755390625 0.46213990000000005 0.337373196875 0.4496496875 0.314081475 0.44625433281250004 0.298827990625 0.45741570625000005 0.2944724609375 0.46588618593750003 0.291385428125 0.4874712625 0.29942366875 0.5020279875 0.30975333125 0.5101807453125 0.32822575781249996 0.5122361859375 0.3362548671875 0.5083076015625 0.34760745625 0.4969417921875 0.3509218046875 0.47101925624999996 0.3474755390625 0.46213990000000005
1 0.1714805609375 0.4616151390625 0.1632150015625 0.45139587187499997 0.15369008125 0.4465473203125 0.1400369390625 0.4458317890625 0.130057384375 0.44965815468750003 0.1207689015625 0.458957453125 0.11629971562500001 0.469596665625 0.1171135796875 0.4913861796875 0.12710226875 0.5060451234375 0.137659246875 0.509860421875 0.15028033125 0.51160920625 0.15624533125 0.5097471328125 0.1739038953125 0.4900130625 0.1749268203125 0.47049449374999996 0.1714805609375 0.4616151390625
1 0.9486276218749999 0.63499954375 0.938411621875 0.62467805625 0.9151199 0.6212827046875 0.90915489375 0.6231447765625 0.8979159687499999 0.632341859375 0.8935604359375 0.6408123406249999 0.8924238531249999 0.6624996359375 0.8958701187500001 0.6713789921875 0.9127422031249999 0.6853113359375 0.9292641828124999 0.6872645578125 0.9372932921875 0.683335975 0.9508236468750001 0.6677349234375 0.9520738890624999 0.6438789 0.9486276218749999 0.63499954375
1 0.7780293546875 0.6434563578125 0.7663175375 0.6243577328125001 0.760579846875 0.6218823484375 0.7351103640625001 0.6227222343750001 0.72169366875 0.63615455625 0.719402246875 0.642558525 0.7186066375 0.6577396328125 0.7254991656249999 0.67549834375 0.7358288281250001 0.683651096875 0.742598565625 0.68509323125 0.75131875625 0.686637578125 0.7612983109375 0.6828112125 0.772537240625 0.673614134375 0.7768927703124999 0.665143653125 0.7780293546875 0.6434563578125
1 0.69137750625 0.5801986 0.6832256109375 0.567810603125 0.675651134375 0.563064271875 0.6619979921875 0.5623487421875 0.66016120625 0.5600777921875 0.6522457546875 0.5618376484375001 0.6368786109375 0.5751677484375 0.6345871890625 0.5815717171875 0.6317274734375 0.5988193359375 0.6387336578125 0.61440931875 0.6471128703125 0.62245985625 0.655719403125 0.62617293125 0.6683404890625 0.6279217171875 0.6763695984375 0.6239931359375 0.6855444187499999 0.616862565625 0.691964053125 0.606325571875 0.69137750625 0.5801986
1 0.5188287875 0.5885531921875 0.5154961828125 0.577505109375 0.5053938359375 0.56501489375 0.4958689140625 0.5601663421875 0.4762507734375 0.5613128875 0.4670759484375 0.568443453125 0.4606563140625 0.5789804453125 0.46112920625 0.607276146875 0.471231546875 0.6197663625 0.47983807812499996 0.6234794421875 0.4963600625 0.625432665625 0.5003746171875 0.6234683750000001 0.5137913078125 0.6100360499999999 0.5183741546875 0.5972281109375001 0.5188287875 0.5885531921875
1 0.3121857984375 0.5570639749999999 0.3041566890625 0.5609925609374999 0.2906263375 0.5765936093749999 0.28810759531249996 0.587335040625 0.29282235624999997 0.6093289921875 0.303038359375 0.6196504765624999 0.3078576515625 0.6209903859375 0.32633008124999996 0.62304583125 0.3459390953125 0.6034139765625001 0.3453525484375 0.5772870046875 0.33352706875 0.5603571109375001 0.3121857984375 0.5570639749999999
1 0.2637564359375 0.5295170109375 0.25870069687499997 0.5140292468750001 0.252271934375 0.50608093125 0.23895976874999997 0.49885920937500006 0.22920752968749997 0.498348115625 0.21716386562499998 0.5042409953125 0.209939490625 0.5114737796875 0.203178878125 0.528516959375 0.206056853125 0.548239965625 0.2161591953125 0.5607301765625 0.222815278125 0.5643410390625 0.2393372578125 0.5662942640625 0.24736636875 0.562365675 0.2566548484375 0.553066378125 0.2633018015625 0.5381919296875 0.2637564359375 0.5295170109375
1 0.17280383125 0.5856415968750001 0.165911303125 0.5678828874999999 0.16131932499999999 0.5622055171875 0.1460567140625 0.554881578125 0.1322899203125 0.5563347750000001 0.1221967015625 0.562329871875 0.11703643593749999 0.5674961484375001 0.11256724843749999 0.5781353609375001 0.113267453125 0.6020936031249999 0.1195825609375 0.612210653125 0.1318626734375 0.620465625 0.146434203125 0.6223166328125 0.152399209375 0.6204545578125 0.16570224218750002 0.6091909656250001 0.172349196875 0.594316515625 0.17280383125 0.5856415968750001
1 0.9502918671874999 0.7525198140625 0.9420263125 0.7423005484375 0.9268773578125 0.7328078812500001 0.9071455593750001 0.7361231484374999 0.895792971875 0.747488959375 0.8912101296875001 0.7602968999999999 0.8956975734375 0.7866283109375 0.9146337640625 0.7984941453125 0.9233539515625001 0.80003849375 0.9352839578125 0.796314346875 0.9466365453125001 0.7849485359374999 0.951105734375 0.774309328125 0.9502918671874999 0.7525198140625
1 0.8634127046875 0.693599515625 0.8533103609375001 0.6811092984375 0.84378543125 0.67626075 0.824167290625 0.6774072921875 0.80868649375 0.6929061234375 0.8073225953125001 0.718930878125 0.8107688546875 0.7278102328125 0.8153608328124999 0.733487603125 0.8315418375 0.741947015625 0.8423261343749999 0.7414248515625 0.8503552437499999 0.737496271875 0.8596437234375 0.7281969687500001 0.8664043328125001 0.7111537890624999 0.8634127046875 0.693599515625
1 0.7622440921875 0.73940261875 0.7527191703125 0.7345540640625 0.7311505781250001 0.7355983875 0.7199116531249999 0.7447954703125 0.7154424609375 0.7554346796875 0.7160290125000001 0.7815616515625 0.7279681453125 0.7963228140624999 0.738525125 0.8001381109375 0.7452948671875 0.8015802453124999 0.7572248734375 0.79785609375 0.77281933125 0.7801885359375 0.7722327812499999 0.7540615609375 0.7622440921875 0.73940261875
1 0.6774290374999999 0.6784158109375 0.667904109375 0.6735672578125 0.6523005234375 0.6727495078125 0.6442714125 0.67667809375 0.63280516875 0.69021263125 0.63144126875 0.7162373843750001 0.6376427171875 0.7285231640625 0.6499228296874999 0.736778140625 0.66839525625 0.73883358125 0.688004271875 0.7192017265625 0.6890271953125 0.6996831625000001 0.685694590625 0.6886350765625 0.6774290374999999 0.6784158109375
1 0.6039848203125 0.6430338140625 0.6006522171875 0.631985728125 0.590549871875 0.6194955140625 0.5790745 0.614544740625 0.5633572546875001 0.6158957218750001 0.5479901125 0.6292258234375 0.545698690625 0.6356297953125 0.5462852375 0.66175676875 0.5544371328125 0.6741447609375 0.566830903125 0.680231009375 0.5794519890625 0.68197979375 0.5874810984375001 0.6780512109375 0.598833684375 0.6666854 0.6031892109375 0.6582149187499999 0.6039848203125 0.6430338140625
1 0.43189073437500003 0.6427134890625 0.4285581328125 0.631665403125 0.4184557875 0.619175190625 0.4050299640625 0.614122196875 0.3912631703125 0.615575396875 0.3851845046875 0.6196062015625 0.373490946875 0.6374782 0.37258168125 0.654828034375 0.376027940625 0.6637073906250001 0.3861302859375 0.6761976062499999 0.39473681875 0.6799106859374999 0.40735790468750005 0.6816594703125001 0.4153870140625 0.6777308859375 0.4267396 0.6663650750000001 0.43109512656250004 0.65789459375 0.43189073437500003 0.6427134890625
1 0.254740915625 0.6269054 0.24268812343750001 0.614312965625 0.22524774375 0.6112242703125 0.2173322921875 0.6129841234375 0.20815747187500003 0.62011469375 0.2017378375 0.6306516875 0.19899177968749998 0.6457305734375 0.200487596875 0.6545077109374999 0.21036262187500002 0.6713353843750001 0.2170187046875 0.6749462453125 0.23939203281250002 0.677206125 0.2570505953125 0.6574720515625 0.2596829921875 0.64456189375 0.25818717812499997 0.63578475625 0.254740915625 0.6269054
1 0.1709081515625 0.696451240625 0.1675755484375 0.68540315625 0.159309990625 0.6751838890624999 0.14978506875 0.670335334375 0.1282164765625 0.6713796609375 0.114799784375 0.6848119796875001 0.11033059687499999 0.6954511921875 0.1113717796875 0.7129032468750001 0.11665483125000001 0.72405355 0.12882128125 0.73447725625 0.1355910234375 0.735919384375 0.142360765625 0.7373615140625 0.15830532656250001 0.7316730734375 0.1655297 0.7244402875 0.169998884375 0.713801075 0.1709081515625 0.696451240625
1 0.9485098515624999 0.861160728125 0.9287689203125 0.845990690625 0.9151157859374999 0.845275159375 0.9051362234375 0.849101521875 0.8959614046875 0.8562320921875 0.891492215625 0.866871303125 0.892192425 0.8908295468749999 0.9041315593749999 0.9055907124999999 0.9107876375 0.9092015703125 0.92926006875 0.9112570109375 0.9393532875 0.9052619171874999 0.9487554234375001 0.8937938875 0.951842453125 0.8722088109374999 0.9485098515624999 0.861160728125
1 0.8611760500000001 0.810915346875 0.8454496765625 0.7937810171875 0.826058853125 0.7905901015625 0.8181434015625 0.79234995625 0.8046130515625001 0.80795100625 0.803362809375 0.8318070328125 0.8068090734375 0.8406863875000001 0.8150746265625 0.8509056546875 0.8217307093749999 0.8545165156250001 0.840203140625 0.85657195625 0.8482322515625 0.8526433718750001 0.8554566250000001 0.8454105828125 0.8619899171875 0.8327048609375 0.8611760500000001 0.810915346875
1 0.7639083375 0.8569228859375 0.7563338609375 0.8521765531250001 0.734992590625 0.8488834171875 0.72696348125 0.8528120046875 0.7134331296875 0.8684130531250001 0.7124102046874999 0.88793161875 0.715856465625 0.896810975 0.7306644437500001 0.9128098296875 0.7510873250000001 0.9149674921875001 0.7663408078125 0.90380611875 0.770696334375 0.8953356390625 0.7719465765625 0.8714796125 0.7639083375 0.8569228859375
1 0.68461278125 0.8212342343750001 0.6813938312500001 0.8080174203125001 0.67496506875 0.8000691015625 0.6636033546875 0.7929495984375 0.6420347609375 0.7939939234375 0.6349240468749999 0.7990579828125 0.6285044109375 0.8095949765625001 0.6253037203125 0.8333487796875 0.6351787484375 0.8501764546875 0.6436716234375 0.8560582625000001 0.66214405 0.8581137078125 0.6701731609375 0.85418511875 0.679461640625 0.8448858203125 0.68393083125 0.8342466109375 0.68461278125 0.8212342343750001
1 0.5847533 0.7301007203125 0.5653624749999999 0.7269098015625 0.5573333640625 0.730838390625 0.5459807765625 0.7422041953125 0.542666428125 0.7681267328125 0.5461126937499999 0.7770060875 0.5590838812500001 0.79073399375 0.583407653125 0.7930960953125 0.5946465828124999 0.7838990140625001 0.601066221875 0.7733620234374999 0.600479671875 0.74723505 0.5847533 0.7301007203125
1 0.5169331109375 0.6993628375000001 0.5118773765625 0.6838750734375 0.5054486109375 0.6759267578125 0.4921364453125 0.6687050375 0.47836965156250005 0.670158234375 0.4722909859375 0.674189040625 0.4650666171875 0.6814218265624999 0.4581923453125 0.7006337375 0.4611839765625 0.7181880109375001 0.469335871875 0.7305760046875001 0.47794240468750004 0.7342890843750001 0.4944643859375 0.736242309375 0.5024934953125 0.7323137234375 0.513846078125 0.7209479140624999 0.5161375031250001 0.7145439437500001 0.5169331109375 0.6993628375000001
1 0.42666245312499995 0.742475046875 0.41460965937500005 0.7298826140625 0.4088719765625 0.7274072265625 0.389253834375 0.7285537718749999 0.373773034375 0.744052603125 0.3706860015625 0.7656376796875 0.37401860937500003 0.7766857625 0.38412095156250003 0.7891759781250001 0.39272748125 0.7928890578125001 0.40534856875 0.7946378421875 0.415328125 0.790811478125 0.428858478125 0.7752104265625 0.429881403125 0.7556918640625 0.42666245312499995 0.742475046875
1 0.2537727609375 0.757335828125 0.2503265 0.7484564734375 0.2438977359375 0.7405081578125 0.23058556874999997 0.7332864359375 0.22083333125000001 0.73277534375 0.20878966562499998 0.738668221875 0.201565290625 0.74590100625 0.1946910234375 0.76511291875 0.19768265000000002 0.7826671921874999 0.2077849953125 0.7951574046875 0.216391528125 0.7988704828125 0.2270621625 0.800517053125 0.23899216874999998 0.796792903125 0.25034475624999997 0.7854270953125 0.25492760312499996 0.77261915625 0.2537727609375 0.757335828125
1 0.166380078125 0.8201710437499999 0.1613243421875 0.8046832796875 0.14537065 0.7918864078125 0.133667959375 0.7912730953125 0.12173795312499999 0.7949972453124999 0.10602984062500001 0.8148335343750001 0.1051205734375 0.83218336875 0.108566834375 0.8410627249999999 0.11866917968749999 0.853552940625 0.12922615937499998 0.8573682390625 0.1379463453125 0.8589125859375001 0.1498763515625 0.8551884390625 0.16122894062499998 0.843822628125 0.165698128125 0.8331834203125 0.166380078125 0.8201710437499999
1 0.34466648125 0.8142918343750001 0.337773953125 0.796533121875 0.3217066046875 0.7859049812500001 0.3020884640625 0.7870515265625 0.288671771875 0.8004838453125 0.2840889265625 0.8132917859375001 0.28352063437499997 0.8241354328125 0.286853240625 0.8351835171875001 0.29695558593750004 0.847673734375 0.3075125640625 0.851489028125 0.316232753125 0.8530333765625 0.328162759375 0.8493092328125 0.3395153453125 0.8379434218749999 0.3440981890625 0.8251354828125 0.34466648125 0.8142918343750001
1 0.59445578125 0.8621777140625 0.5880270140625 0.8542293984375 0.5747148546874999 0.8470076765625001 0.564962609375 0.8464965828125001 0.5509685 0.85228724375 0.543516809375 0.8638574875 0.5333099359375 0.8720213125 0.5389339625 0.8766654265625 0.541811934375 0.8963884328124999 0.55191428125 0.9088786437499999 0.562471259375 0.9126939437500001 0.57509234375 0.91444273125 0.587136009375 0.908549853125 0.596651803125 0.8949130953125 0.5979020453125 0.8710570687500001 0.59445578125 0.8621777140625
1 0.5165332484375 0.818949615625 0.5117048296875 0.799124396875 0.49575114062500003 0.786327525 0.478197103125 0.78540755625 0.47016799374999996 0.7893361421875 0.46294362031249997 0.7965689296875 0.45629666875 0.8114433796875 0.457337853125 0.8288954328125 0.4626209046875 0.8400457390625 0.4747873546875 0.8504694421875 0.4815570953125 0.8519115718749999 0.4883268375 0.8533537015625001 0.5023209468750001 0.8475630453124999 0.509545321875 0.84033025625 0.516078615625 0.827624534375 0.5165332484375 0.818949615625
1 0.42178427812499997 0.854215728125 0.4104225640625 0.8470962265624999 0.392868525 0.8461762578125 0.3776150453125 0.8573376328125001 0.3732595125 0.8658081125000001 0.372009271875 0.8896641359374999 0.3800475125 0.9042208640625 0.3894587765625 0.91123814375 0.3981789671875 0.9127824921875 0.408963259375 0.9122603312500001 0.42421674375 0.9010989578125 0.4312046734375 0.87971831875 0.429822515625 0.8687724546875 0.42178427812499997 0.854215728125
1 0.24590295625 0.8515222359375001 0.2206607828125 0.8480246609375 0.20311587812499998 0.8655900078125001 0.19991518749999998 0.8893438109374999 0.203361453125 0.8982231671875001 0.21162700937499998 0.9084424328124999 0.218283090625 0.91205329375 0.23480507187500002 0.9140065203125 0.24077007187500002 0.9121444437499999 0.2561372140625 0.8988143421875 0.25956522187500003 0.8707230765625 0.24590295625 0.8515222359375001