1 0.9566594890625 0.12687342343750002 0.938782290625 0.10714881406250001 0.917232628125 0.10864338124999999 0.9061442968750001 0.11836810312499998 0.8997398671875001 0.1338741359375 0.9010648078125 0.151897178125 0.915116509375 0.1692411 0.9257345921875 0.1729825359375 0.932527175 0.17434328906250002 0.9444739140625 0.1680191890625 0.9515799953125 0.160402496875 0.9581411781250001 0.1404077453125 0.9566594890625 0.12687342343750002
1 0.874435653125 0.18692081875 0.8690500968749999 0.173250165625 0.854841640625 0.160394965625 0.841178096875 0.1599178234375 0.8312616703125 0.1640657296875 0.81798628125 0.1804553671875 0.8189977171875 0.20745584843749998 0.8311758609375 0.2224872484375 0.8398420062499999 0.22616052187500002 0.8466345937499999 0.2275212734375 0.8585029531249999 0.22344153125 0.869669659375 0.21147244999999998 0.8739654046875 0.2003869765625 0.874435653125 0.18692081875
1 0.77677166875 0.101491278125 0.7631864953124999 0.098769778125 0.7492878265625 0.105025715625 0.7422601156249999 0.11039804687500002 0.7359340624999999 0.123659715625 0.7369454984375 0.150660196875 0.74537651875 0.1610665546875 0.755916228125 0.1670523484375 0.7685646187499999 0.16861759062499998 0.7805113546875 0.16229348906250002 0.7918348109375 0.145835684375 0.7908233703125 0.118835203125 0.77677166875 0.101491278125
1 0.7064908515625 0.18330315156250002 0.701183665625 0.16738814062500001 0.68502328125 0.1544647765625 0.6713597328125 0.1539876359375 0.66144330625 0.15813554218749998 0.6523069125000001 0.1679284265625 0.648011165625 0.17901390156250002 0.64925773125 0.19928130156249999 0.6661981484374999 0.21784964843750002 0.6847023453125 0.21961937968749998 0.6926668375 0.21540331250000003 0.7018032328125 0.205610425 0.7060989765625 0.194524953125 0.7064908515625 0.18330315156250002
1 0.62287856875 0.1152175375 0.60507974375 0.09324856875000001 0.5875123296875 0.0926351015625 0.5795478375 0.09685116875000001 0.56838113125 0.1088202484375 0.5661940734375001 0.115485165625 0.567283884375 0.1402412921875 0.5737629703125 0.15057948125 0.5861762374999999 0.1588778015625 0.6007765671875 0.160511203125 0.6067107484375 0.158471334375 0.6220164453125 0.139905496875 0.624517003125 0.12426314218750001 0.62287856875 0.1152175375
1 0.4510298953125 0.1114635453125 0.44743952187499997 0.1023497796875 0.4390085015625 0.0919434265625 0.4313575125 0.0871820546875 0.41379009375000003 0.0865685875 0.4058256046875 0.0907846546875 0.3966892109375 0.1005775390625 0.392393465625 0.11166301406250001 0.3936400265625 0.13193041562500002 0.3973087734375 0.1387998203125 0.40386623593750004 0.1468936515625 0.416357878125 0.1529476140625 0.425102396875 0.1543765265625 0.43697075781250005 0.1502967875 0.4461071515625 0.1405038984375 0.450324521875 0.1316627875 0.4510298953125 0.1114635453125
1 0.2595872140625 0.08118370312499999 0.246002040625 0.07846220312499999 0.23616399062500001 0.080365746875 0.2250756578125 0.09009046875 0.21867122968750002 0.10559650000000001 0.21812260625 0.1213070171875 0.22171297812500002 0.1304207859375 0.2320175625 0.1431396640625 0.24458757968749997 0.1469492625 0.2592662796875 0.14633830625 0.27441522812499997 0.1322611890625 0.27730766406249996 0.10539703125 0.2691117625 0.088257596875 0.2595872140625 0.08118370312499999
1 0.17572865625 0.1040969125 0.167376009375 0.0914461984375 0.1558995234375 0.0843041390625 0.14223597500000001 0.083826996875 0.13231955 0.087974903125 0.1231831546875 0.0977677890625 0.11896578437500001 0.10660890468749999 0.11826041093749999 0.1268081421875 0.12372434218749999 0.13823443124999998 0.1341073015625 0.148708946875 0.142851821875 0.1501378625 0.1555002140625 0.1517031 0.16143439375 0.14966323125 0.1766617203125 0.1333417546875 0.17752384375000002 0.10865379687500001 0.17572865625 0.1040969125
1 0.0724328375 0.0959955484375 0.062128259374999995 0.0832766703125 0.05447726562500001 0.0785153 0.0369098484375 0.0779018328125 0.0269150484375 0.084294096875 0.017700281249999998 0.096331340625 0.015199718749999999 0.1119736984375 0.0167597828125 0.12326366250000001 0.028859551562500002 0.140539421875 0.035573759375 0.1441445296875 0.056029893750000004 0.145982425 0.0619640734375 0.1439425546875 0.077348146875 0.123132359375 0.0778183953125 0.10966619687500001 0.0724328375 0.0959955484375
1 0.5349556734375 0.1705717203125 0.53136530625 0.161457953125 0.5172352250000001 0.146358390625 0.5036500546875 0.143636890625 0.49576393750000003 0.145608596875 0.4785063046875 0.164106271875 0.47608411874999995 0.1775042671875 0.4794393671875 0.1933511140625 0.49645815937500004 0.20967510156250002 0.5149623562500001 0.2114448296875 0.518944603125 0.209336796875 0.5321416171875 0.1951915171875 0.534328675 0.1885266015625 0.5349556734375 0.1705717203125
1 0.363263753125 0.16232900781249998 0.35311591875000004 0.1451214125 0.3454649265625 0.1403600390625 0.33187975625 0.1376385390625 0.3239936390625 0.1396102453125 0.30673600625 0.1581079203125 0.3043138203125 0.171505915625 0.305873884375 0.1827958796875 0.3227359265625 0.2036085875 0.3431920578125 0.20544647968750002 0.35115655 0.201230409375 0.36240163124999997 0.1870169703125 0.3649021875 0.1713746125 0.363263753125 0.16232900781249998
1 0.9546143125000001 0.24140394375000002 0.9406409828125 0.22181565937499997 0.9251038749999999 0.219025996875 0.9172177609375 0.22099770312499997 0.899960125 0.2394953765625 0.89738119375 0.2573820953125 0.899019628125 0.26642769843749997 0.9111193953125 0.2837034578125 0.9159600453125 0.284996046875 0.9344642421874999 0.2867657734375 0.9424287343750001 0.2825497078125 0.953673815625 0.2683362640625 0.956252746875 0.2504495484375 0.9546143125000001 0.24140394375000002
1 0.7707442453125 0.218129834375 0.7532552031249999 0.2152720046875 0.747321021875 0.217311878125 0.7382630015625 0.22486040468750002 0.7320153234375 0.23587771562499998 0.7295147625 0.2515200703125 0.7311532015625 0.26056567343750003 0.7461416843750001 0.279065859375 0.766597815625 0.2809037484375 0.776592615625 0.274511484375 0.785807384375 0.2624742390625 0.7848743218750001 0.23322939687500002 0.7707442453125 0.218129834375
1 0.6188030796875 0.23192425625 0.6152127078125 0.2228104890625 0.6029561890624999 0.21002344687500002 0.5835152156250001 0.2070974578125 0.5755507234375 0.2113135265625 0.562275334375 0.22770316406250002 0.5598531515625 0.2411011609375 0.5650035828125 0.2615048921875 0.5753865390625 0.2719794078125 0.5802271906249999 0.27327199687500003 0.5948275171875 0.27490539687500004 0.6047439421874999 0.2707574953125 0.6138803359375 0.26096460781249997 0.6180977078125001 0.2521234953125 0.6188030796875 0.23192425625
1 0.44890634062499996 0.228238428125 0.443520784375 0.2145677796875 0.42736039843749996 0.20164441093750002 0.4117449171875 0.20109910625 0.403780425 0.2053151765625 0.3967527140625 0.2106875015625 0.388317978125 0.22836973125 0.388004478125 0.23734717187499998 0.393311659375 0.2532621796875 0.399869121875 0.2613560109375 0.41040882500000003 0.267341809375 0.42500915624999996 0.268975209375 0.4309433359375 0.266935340625 0.4400013546875 0.2593868140625 0.4482793421875 0.24619330625 0.44890634062499996 0.228238428125
1 0.273388925 0.217615028125 0.25746365937500004 0.19795858125000002 0.23997461874999998 0.19510075625 0.23404043593749999 0.197140625 0.216782803125 0.2156383 0.21599905625 0.23808189999999999 0.2195894234375 0.247195665625 0.2280204484375 0.2576020203125 0.23473465937500002 0.26120713125 0.2532388578125 0.2629768578125 0.2612033453125 0.25876079375 0.2724484265625 0.24454735 0.27510573437499997 0.22441627187500002 0.273388925 0.217615028125
1 0.0717125984375 0.2285491125 0.06640541562499999 0.2126341046875 0.0560224578125 0.202159584375 0.044467596875 0.1972618890625 0.026743432812500002 0.2011371390625 0.013546417187500001 0.21528241874999998 0.011280979687500001 0.2241916984375 0.01081073125 0.23765785625000002 0.0161962921875 0.251328503125 0.02275375 0.25942233593749997 0.0352453921875 0.2654762984375 0.0439899125 0.266905209375 0.055858276562499996 0.2628254671875 0.067024978125 0.25085638593750004 0.071320725 0.2397709109375 0.0717125984375 0.2285491125
1 0.169622859375 0.222979828125 0.159318275 0.21026094999999997 0.14971534687500002 0.2054314125 0.134099865625 0.2048861078125 0.1261353765625 0.20910217812499998 0.11699898281250001 0.2188950625 0.11262486249999999 0.2322248984375 0.1140281734375 0.24800357968750003 0.1176185453125 0.257117346875 0.1280015046875 0.2675918625 0.138619584375 0.2713333 0.15728053125000002 0.268614309375 0.166416925 0.25882142343750003 0.1727429828125 0.2455597515625 0.17313485625 0.23433795468750002 0.169622859375 0.222979828125
1 0.8688001015625 0.2923375703125 0.8585738953125001 0.27737433437500003 0.8509229015625 0.2726129640625 0.829373240625 0.2741075296875 0.8161762250000001 0.2882528078125 0.8139891671875 0.294917725 0.81336216875 0.3128726046875 0.8169525421875001 0.3219863703125 0.827257121875 0.334705246875 0.832097775 0.3359978359375 0.8486500328125001 0.3376994 0.856614525 0.333483334375 0.8657509203125 0.32369044687500004 0.869968290625 0.31484933437499996 0.8688001015625 0.2923375703125
1 0.692502653125 0.2760691921875 0.679152603125 0.2666146140625 0.6615068140625 0.26824550468749997 0.6442491765625 0.2867431796875 0.6451038687499999 0.3182323796875 0.6602491015624999 0.33224384375 0.676801359375 0.3339454109375 0.682735540625 0.3319055375 0.6999931765625 0.3134078671875 0.7008553 0.2887199078125 0.692502653125 0.2760691921875
1 0.5291633765625 0.28047719375 0.5188587953125 0.2677583203125 0.5112078015625 0.262996946875 0.489658140625 0.26449151249999997 0.47435244218749995 0.28305735 0.47185187968750003 0.2986997078125 0.4771590625 0.3146147140625 0.4923042953125 0.328626178125 0.506904625 0.3302595828125 0.5128388046875 0.32821971250000004 0.5300964375 0.3097220390625 0.5309585593749999 0.2850340796875 0.5291633765625 0.28047719375
1 0.2415198109375 0.3187450453125 0.22996494687500002 0.3138473453125 0.21021047343750002 0.31989879375 0.201074078125 0.3296916796875 0.196778334375 0.340777153125 0.1963864609375 0.35199895468750003 0.2035672 0.3702264859375 0.21207659687499997 0.3783884796875 0.22074274531250002 0.382061753125 0.2373733796875 0.3815189578125 0.24533787187499997 0.377302890625 0.256661325 0.3608450875 0.2556498875 0.33384460625 0.2415198109375 0.3187450453125
1 0.15399250625 0.33478884375 0.143687925 0.3220699703125 0.1340849984375 0.317240434375 0.11846951718750001 0.3166951296875 0.110505028125 0.32091119687499997 0.1013686296875 0.33070408281249997 0.09715126406249999 0.33954519843750003 0.098241075 0.3643013203125 0.1104192171875 0.37933271875 0.1190853640625 0.38300599375 0.1356376265625 0.3847075578125 0.1396198734375 0.382599525 0.1549255703125 0.3640336859375 0.15578769374999998 0.33934572812499997 0.15399250625 0.33478884375
1 0.35934501406249997 0.27454700625 0.347166871875 0.2595156078125 0.339515878125 0.2547542375 0.32585233125 0.254277096875 0.3178878421875 0.25849316093749997 0.3067211359375 0.27046224375 0.30250376874999996 0.27930335781250004 0.3020335203125 0.29276951875 0.30554551406249997 0.3041276421875 0.315850096875 0.3168465203125 0.32451624375 0.32051979375 0.33911656875 0.3221531984375 0.3470810609375 0.3179371296875 0.35621745625 0.30814424375 0.3627002578125 0.2903938546875 0.35934501406249997 0.27454700625
1 0.9488220109375 0.351309421875 0.9328183718749999 0.3338973328125 0.9093167765624999 0.3353237375 0.8961197609375 0.34946901874999997 0.8939327031250001 0.35613393437499996 0.8950225140624999 0.38089005625 0.90720065625 0.3959214578125 0.9120413062500001 0.3972140421875 0.9305455031250001 0.398983771875 0.93452775 0.396875740625 0.9415554593750001 0.39150340781250004 0.9499118265625001 0.37606554375 0.9488220109375 0.351309421875
1 0.7790820218750001 0.3431348703125 0.76690388125 0.328103471875 0.7611264484375 0.3256546234375 0.7455109656250001 0.32510931875 0.737546478125 0.3293253875 0.7241927125000001 0.347959384375 0.7252825234375 0.37271550625 0.7374606671875 0.38774690624999997 0.7461268140625 0.3914201796875 0.7529193984375 0.3927809328125 0.766739696875 0.38876935156250003 0.7800150859375 0.3723797140625 0.780877209375 0.3476917546875 0.7790820218750001 0.3431348703125
1 0.6128540328125001 0.34631845 0.609263659375 0.3372046828125 0.6027061984375 0.3291108515625 0.589277775 0.32190063125 0.5795181015625 0.321559815625 0.5696016765625 0.3257077203125 0.5563262859375 0.34209735937499997 0.553982475 0.353250996875 0.5591329078125 0.3736547265625 0.56569036875 0.3817485546875 0.5762300765624999 0.38773435312500004 0.5869265312499999 0.3892314296875 0.6008252046875 0.38297549062499997 0.6079312890625 0.3753588046875 0.612227034375 0.36427333125 0.6128540328125001 0.34631845
1 0.4309359 0.3231125 0.4232849109375 0.31835113125 0.40173524531249993 0.3198456953125 0.3885382328125 0.3339909765625 0.3841641140625 0.347320809375 0.3856458 0.36085513125 0.39298329375 0.3745939453125 0.41023720937499997 0.38418485 0.4170297953125 0.385545603125 0.42694622187500003 0.3813976984375 0.4422519203125 0.3628318609375 0.441162109375 0.3380757375 0.4309359 0.3231125
1 0.3474617828125 0.3909810734375 0.3391091359375 0.378330359375 0.329584584375 0.3712564640625 0.31201716875 0.370642996875 0.30007043125 0.3769670984375 0.2906989125 0.39349306093749997 0.2902286640625 0.40695922500000004 0.2955358453125 0.4228742296875 0.305918803125 0.4333487515625 0.31075945312500003 0.4346413359375 0.3253597828125 0.43627474062499993 0.333324271875 0.432058671875 0.34449097812499996 0.42008959062500006 0.34870834375 0.4112484765625 0.3474617828125 0.3909810734375
1 0.8630078031249999 0.4022430484375 0.8489561015625 0.3848991234375 0.8274848140625 0.3841493296875 0.808196865625 0.4048231984375 0.8092866796875 0.42957932187500003 0.8176393281250001 0.4422300359375 0.8262270968750001 0.44814766875 0.8408274265625 0.4497810734375 0.85074385 0.44563316718749996 0.8598802484375 0.43584028124999996 0.8640976140625 0.4269991703125 0.8630078031249999 0.4022430484375
1 0.6847584171875 0.385906503125 0.67328193125 0.3787644453125 0.655636140625 0.3803953390625 0.6384568796875 0.39664865312500003 0.6376731312499999 0.419092253125 0.6411851296875 0.43045037812500003 0.651568084375 0.4409248953125 0.66218616875 0.44466633125 0.6788168015625 0.4441235375 0.6941225046875 0.4255577 0.6949846265625 0.40086974062499997 0.6931894375 0.396312859375 0.6847584171875 0.385906503125
1 0.5071323140625 0.3797036625 0.4876129609375 0.37902203125 0.47964847187500004 0.38323810156250004 0.468246640625 0.40194026562499996 0.46761964218749996 0.41989514375 0.47308357343749996 0.43132143437500003 0.49025912031249996 0.44315670156250003 0.5068897531250001 0.44261390624999997 0.524147390625 0.42411623125000003 0.5250095124999999 0.399428271875 0.516656865625 0.3867775578125 0.5071323140625 0.3797036625
1 0.43130918749999997 0.45233360468750006 0.415383925 0.4326771625 0.39789488125 0.42981933281250007 0.385948146875 0.4361434375 0.376733378125 0.44818068125000005 0.3739976953125 0.47055611875 0.3775880640625 0.47966988125 0.38601908906250004 0.49007623593750005 0.392733296875 0.49368135 0.41123749375 0.4954510765625 0.41920198593749997 0.49123500781249996 0.43044706406250005 0.47702156718750005 0.432947625 0.4613792109375 0.43130918749999997 0.45233360468750006
1 0.9447465234375001 0.4680161375 0.9392825921875 0.45658984687500004 0.9249957656250001 0.44597900468749996 0.9113322171875 0.44550186406250003 0.9014157921875 0.4496497703125 0.8900923390625 0.46610757031250005 0.889308590625 0.488551171875 0.901408359375 0.50582693125 0.91007450625 0.509500203125 0.920770959375 0.51099728125 0.9306873859374999 0.5068493765625 0.9418540921874999 0.4948802953125 0.9462282109375 0.481550459375 0.9447465234375001 0.4680161375
1 0.7752416578125 0.4531085109375 0.759081271875 0.44018514375000006 0.745417725 0.4397080015625 0.735501296875 0.44385590781250006 0.724177846875 0.460313709375 0.7233940984375 0.482757309375 0.7316683687500001 0.497652384375 0.7441600109375 0.503706340625 0.7587603374999999 0.5053397453125 0.7687551375 0.4989474828125 0.7759395984374999 0.48908643281249997 0.78031371875 0.475756596875 0.7752416578125 0.4531085109375
1 0.6087785453125 0.46302516718750003 0.605266546875 0.451667040625 0.5949619625 0.438948165625 0.5853590359374999 0.4341186296875 0.5755993625 0.4337778140625 0.561700690625 0.440033753125 0.5545162312499999 0.44989480000000004 0.5501421109375 0.4632246359375 0.553340609375 0.4835602 0.56364519375 0.4962790765625 0.5723113375 0.499952353125 0.5849597296875 0.501517590625 0.5969064656249999 0.495193490625 0.6061212328125001 0.48315624531249995 0.6083866703125 0.4742469671875 0.6087785453125 0.46302516718750003
1 0.2361940421875 0.4432729390625 0.22963658125 0.4351791078125 0.21816009374999998 0.42803705000000003 0.2044965453125 0.42755990937500005 0.1925498125 0.433884009375 0.18333504218750002 0.4459212578125 0.18106960625 0.45483053125 0.1823161703125 0.4750979375 0.18598491718750002 0.4819673421875 0.19824143593750002 0.49475438125000004 0.203082084375 0.49604696875 0.20987467031249998 0.49740772031249997 0.22572527656250002 0.491219946875 0.23900066718750002 0.47483030312499996 0.23978441562500002 0.45238670625 0.2361940421875 0.4432729390625
1 0.8626010624999999 0.5258191703125 0.8590106890625 0.5167054046875 0.8487061062500001 0.5039865265625 0.8391031828125 0.49915699062499996 0.8194270781249999 0.50296408125 0.8082603718750001 0.5149331640625 0.8060733140625 0.52159808125 0.8070847515624999 0.5485985624999999 0.8155157734375 0.55900491875 0.8260554812500001 0.5649907140625 0.8387038718750001 0.56655595625 0.844638053125 0.5645160812500001 0.8598653765625001 0.5481946062499999 0.8620524390625001 0.541529690625 0.8626010624999999 0.5258191703125
1 0.687240390625 0.510707053125 0.67880936875 0.5003006984375 0.6711583765625 0.495539328125 0.649608715625 0.49703389375 0.6364900734375001 0.5089348140625 0.634303015625 0.51559973125 0.63351926875 0.5380433296875 0.6371096406250001 0.5471570953125 0.647492596875 0.5576316109375 0.6581106796875 0.5613730484375 0.6727893796875 0.56076209375 0.678801934375 0.5564778609375 0.690203765625 0.5377756984375 0.6908307640625 0.51982081875 0.687240390625 0.510707053125
1 0.513204659375 0.513617978125 0.5096926625 0.5022598515625 0.49930970312499995 0.4917853359375 0.48970677656249995 0.4869557984375 0.47799516718749996 0.4865468203125 0.470030678125 0.490762890625 0.45886397187499994 0.5027319734375 0.45667691406250005 0.5093968906249999 0.45776672500000004 0.5341530109375 0.46807130781249995 0.5468718906250001 0.47861101250000004 0.5528576859375 0.48930747031250005 0.5543547640625001 0.49328971718750003 0.552246728125 0.5104689734375001 0.5359934140625 0.5126560359375001 0.5293284984375 0.513204659375 0.513617978125
1 0.32340041249999996 0.4923837375 0.3100503640625 0.482929159375 0.2924829484375 0.482315690625 0.28451845625 0.48653175624999995 0.27319499999999997 0.5029895609375 0.27085119375 0.5141431984375 0.272411253125 0.5254331609375 0.28255908750000003 0.54264075625 0.2892732984375 0.5462458671875 0.3097294296875 0.5480837609375 0.328939 0.5296542484375 0.3315963109375 0.5095231734375 0.32987949687499996 0.5027219265625 0.32340041249999996 0.4923837375
1 0.945743090625 0.60737094375 0.9404359109374999 0.5914559374999999 0.9262274578125 0.57860073125 0.9086600390624999 0.5779872640625 0.90069555 0.58220333125 0.8892937203125 0.6009054968750001 0.888745096875 0.6166160125 0.89225709375 0.6279741390625 0.9006881140624999 0.6383804921875 0.9113061984374999 0.6421219296875 0.922002653125 0.6436190078124999 0.933949390625 0.63729490625 0.9390251640624999 0.6318544125 0.9454295921875 0.616348384375 0.945743090625 0.60737094375
1 0.7691358609375001 0.571991421875 0.7607048390625 0.5615850703125 0.7530538453125 0.5568237 0.7374383640625 0.5562783953125 0.7294738749999999 0.5604944609375 0.71822879375 0.574707903125 0.7160417359375 0.5813728203124999 0.7154931125 0.5970833421874999 0.7209570453125 0.6085096296875 0.72751450625 0.6166034625 0.74195808125 0.6227255828125 0.7527329140625 0.6219783 0.760697403125 0.617762234375 0.772020859375 0.6013044296875 0.7727262328125 0.581105190625 0.7691358609375001 0.571991421875
1 0.59158813125 0.5635442234375 0.5850306703125 0.5554503921875 0.5735541828125 0.5483083359375 0.5598906343750001 0.54783119375 0.551926146875 0.5520472609375 0.53865075625 0.5684369 0.5379453828125 0.5886361421874999 0.5415357562499999 0.59774990625 0.5518403375 0.6104687859375 0.5624584203125 0.6142102203124999 0.5672990687499999 0.61550280625 0.583149675 0.60931503125 0.59447313125 0.59285723125 0.5951785046875 0.5726579921875 0.59158813125 0.5635442234375
1 0.42356495625 0.5621709203125 0.40568775625000003 0.5424463109375 0.3821861578125 0.543872715625 0.37101945468749997 0.5558417953125 0.3668020828125 0.5646829109375 0.36797026875 0.5871946718750001 0.3744493578125 0.5975328609375 0.384910690625 0.60576301875 0.4034148875 0.6075327500000001 0.4113793765625 0.6033166796875 0.4205157703125 0.5935237953125 0.424733140625 0.5846826843749999 0.42356495625 0.5621709203125
1 0.23594405156249998 0.56236034375 0.2275130296875 0.5519539906250001 0.2198620359375 0.54719261875 0.20822880000000002 0.54453928125 0.19440850468749998 0.54855085625 0.1811331125 0.5649404984374999 0.17847580624999998 0.5850715734375 0.18386136250000001 0.598742221875 0.1951810984375 0.6103729999999999 0.2136852953125 0.6121427296874999 0.225632034375 0.6058186296875 0.2369554875 0.589360825 0.2392992953125 0.5782071921874999 0.23594405156249998 0.56236034375
1 0.8546217015625001 0.6423895640625 0.8510313296875 0.6332757953125 0.842600309375 0.6228694421875 0.83494931875 0.61810806875 0.8133996531250001 0.6196026375 0.80223295 0.63157171875 0.7979372062500001 0.6426571921875001 0.7991837671875001 0.66292459375 0.8037892953125001 0.6709502609375 0.8161241875 0.681492940625 0.8307245140624999 0.6831263453124999 0.8406409390625 0.678978440625 0.8497773328125 0.6691855531249999 0.8539947031249999 0.6603444421875 0.8546217015625001 0.6423895640625
1 0.6809778453125 0.6340786859375 0.677387471875 0.6249649234375 0.6652093296875 0.609933521875 0.6457683515625 0.6070075296875 0.624841971875 0.6186357984375 0.6217927875 0.649988675 0.6338141796875 0.6695087953125001 0.6444322640625 0.67325023125 0.653176784375 0.674679146875 0.66504514375 0.6705994046875 0.67621185 0.65863031875 0.6805075953124999 0.64754485 0.6809778453125 0.6340786859375
1 0.5056171734375 0.6189665718749999 0.49531258906250003 0.6062476921875 0.48188417031249997 0.599037471875 0.47407642812499995 0.5987648203125 0.46416000156250004 0.602912725 0.4508846109375 0.6193023640625 0.4501008640625 0.641745965625 0.4536912359375 0.650859728125 0.46399582031250003 0.6635786078125 0.47078840624999996 0.6649393578125 0.4814848609375 0.666436434375 0.4914012859375 0.66228853125 0.50045930625 0.6547400046875 0.506706984375 0.64372269375 0.5056171734375 0.6189665718749999
1 0.3176081125 0.602289215625 0.3041796921875 0.595078990625 0.2884858359375 0.5967780484375 0.2753671953125 0.608678965625 0.2711498234375 0.61752008125 0.2703660765625 0.63996368125 0.28722811875 0.6607763875 0.3076842546875 0.66261428125 0.32283320312499997 0.6485371640625 0.3270505734375 0.63969605 0.327912696875 0.6150080906250001 0.3176081125 0.602289215625
1 0.9382339843749999 0.710475178125 0.931754896875 0.700136984375 0.9202784078124999 0.6929949265625 0.9026326171875001 0.6946258203125 0.8915442859375 0.7043505421875 0.88521823125 0.7176122125 0.8848263578125 0.7288340125 0.8901335390625 0.7447490234374999 0.9034052140625001 0.7564479609375 0.9219094109375 0.758217690625 0.929873903125 0.7540016234375 0.941275728125 0.7352994625 0.9418243531250001 0.7195889421875 0.9382339843749999 0.710475178125
1 0.76857236875 0.70005626875 0.765060371875 0.6886981421875 0.75093029375 0.6735985796875 0.729459009375 0.6728487859375 0.7254767625 0.67495681875 0.7143100546875 0.6869259015625 0.7100926890625 0.6957670140625 0.71133925 0.71603441875 0.721565459375 0.73099765625 0.7321051640625 0.7369834515625 0.7447535546874999 0.73854869375 0.7506877359375 0.7365088234375 0.76388475 0.72236354375 0.7681804953125 0.71127806875 0.76857236875 0.70005626875
1 0.5895429515624999 0.6780747453125 0.577364809375 0.66304334375 0.5520680296875 0.659912865625 0.5348103921875 0.6784105406250001 0.5340266453125 0.7008541375 0.5376170171875 0.7099679046875 0.5479215984375 0.7226867796875001 0.55276225 0.72397936875 0.569314509375 0.7256809359374999 0.5772790015625 0.72146486875 0.586415396875 0.7116719812500001 0.5906327671875 0.7028308671875 0.5895429515624999 0.6780747453125
1 0.41582072031250006 0.67200823125 0.4055161359375 0.65928935625 0.3959132125 0.65445981875 0.3842015984375 0.654050840625 0.374285171875 0.658198746875 0.3651487765625 0.6679916328125 0.3609314078125 0.67683274375 0.361942846875 0.7038332281249999 0.372247428125 0.716552103125 0.38091357812500004 0.720225375 0.395513903125 0.7218587796875 0.40144808281250005 0.7198189109375 0.4126147890625 0.7078498265625 0.41901921875000003 0.6923438 0.41582072031250006 0.67200823125
1 0.22616950624999999 0.6743738546875 0.2139129890625 0.6615868125000001 0.19642394375 0.6587289859375 0.1885378296875 0.6607006921874999 0.17331050312500001 0.6770221671875001 0.170418071875 0.7038863265625 0.1862649609375 0.7257871312499999 0.1911056109375 0.7270797203125 0.2077362484375 0.726536925 0.21570073750000002 0.7223208578125 0.22694581875000003 0.7081074140625 0.229759875 0.6834876171875 0.22616950624999999 0.6743738546875
1 0.8505462140625 0.759096278125 0.847034215625 0.7477381515625 0.8386031953125 0.7373318 0.8309522046875 0.7325704265625 0.8153367234375001 0.732025121875 0.803389984375 0.7383492265625 0.7940184671875 0.754875190625 0.79339146875 0.7728300703125 0.796981840625 0.781943834375 0.8054128625000001 0.7923501875000001 0.8140790062500001 0.7960234640625 0.8306312703125001 0.7977250296875 0.8346135171875 0.795616996875 0.8457802187500001 0.7836479125 0.8500759656250001 0.7725624375 0.8505462140625 0.759096278125
1 0.6772158546875 0.7418079640624999 0.672610328125 0.7337823015625 0.65926028125 0.7243277171875 0.639662553125 0.7258904453125 0.6265439125000001 0.7377913656249999 0.6223265437500001 0.746632478125 0.6216995453124999 0.7645873578125 0.6252899171874999 0.773701125 0.635594496875 0.78642 0.64621258125 0.790161440625 0.6569090390625 0.791658515625 0.6668254609375001 0.7875106093750001 0.675961859375 0.7777177234375 0.680335975 0.764387890625 0.6772158546875 0.7418079640624999
1 0.5014633109375 0.73791765 0.4836644859375 0.71594868125 0.464145134375 0.7152670515625 0.446965871875 0.7315203625 0.44477881406249997 0.7381852796875 0.445868625 0.7629414 0.4523477140625 0.7732795921875 0.46476098125 0.7815779125 0.4754574390625 0.7830749906250001 0.4853738640625 0.778927084375 0.49443188437499996 0.7713785578125 0.5006795625 0.760361246875 0.5014633109375 0.73791765
1 0.327741075 0.7318511359375 0.321261990625 0.721512946875 0.3079119421875 0.7120583625 0.2922964609375 0.7115130578125 0.28433197187500003 0.7157291265625 0.2710565828125 0.732118765625 0.2684776453125 0.75000548125 0.27198964375 0.7613636078125 0.27846873125 0.771701796875 0.2890084359375 0.777687596875 0.3055607 0.7793891609375 0.3114948796875 0.7773492921875 0.32258321093750003 0.76762456875 0.3289876390625 0.7521185375 0.327741075 0.7318511359375
1 0.239269559375 0.8029158375 0.2357575625 0.7915577109374999 0.22545298281249998 0.7788388359375 0.2138981171875 0.7739411375 0.19820426093750002 0.7756401921875 0.18914624062500002 0.78318871875 0.1808682546875 0.796382225 0.1800061328125 0.8210701828125 0.1921059 0.8383459453125001 0.202723978125 0.84208738125 0.2114685 0.8435162921874999 0.22536717187500002 0.8372603562500001 0.234503565625 0.8274674703124999 0.23895606093750002 0.8118932796875 0.239269559375 0.8029158375
1 0.9377488640625 0.8362956609375001 0.9342368703125 0.824937534375 0.9258058453125001 0.8145311828124999 0.9181548562499999 0.8097698078125 0.8966051953124999 0.8112643734375 0.8875471718749999 0.8188129015625 0.8812994921874999 0.8298302109375 0.88067249375 0.847785090625 0.8860580515625 0.8614557390625001 0.896441009375 0.8719302546875 0.9012816625 0.8732228453124999 0.9158819875 0.8748562484375 0.9238464765625001 0.8706401796875 0.9309525624999999 0.863023490625 0.9372786156249999 0.8497618203125 0.9377488640625 0.8362956609375001
1 0.8392899843749999 0.8575754671875 0.82312959375 0.8446520984375001 0.811417984375 0.8442431203125 0.7975193125 0.8504990593749999 0.7924435359374999 0.855939553125 0.7881477953125 0.867025028125 0.787442421875 0.887224265625 0.791032790625 0.896338028125 0.808051584375 0.9126620187500001 0.8206999765624999 0.9142272578125 0.8266341562499999 0.9121873859375 0.84397016875 0.8914453531250001 0.844675540625 0.8712461156250001 0.8392899843749999 0.8575754671875
1 0.7645752546875 0.8145186265625 0.759268075 0.798603615625 0.743107684375 0.7856802515625 0.727492203125 0.785134946875 0.71359353125 0.7913908859375 0.706095575 0.8102293765624999 0.7056253265625 0.8236955328125 0.7090589453125 0.83729801875 0.7232674015625 0.8501532234375 0.730059984375 0.851513971875 0.7407564421874999 0.8530110499999999 0.748720934375 0.8487949828125 0.7598876375 0.8368259 0.76418338125 0.8257404265625 0.7645752546875 0.8145186265625
1 0.591166521875 0.7994746703125 0.5790667546875 0.7821989125 0.5714157609375 0.7774375390625 0.55970415 0.7770285609375 0.5497877250000001 0.781176465625 0.53862101875 0.79314555 0.5343252765625001 0.804231025 0.533933403125 0.8154528203125 0.5392405859375 0.83136783125 0.5496235390625 0.8418423484374999 0.55446419375 0.8431349359375 0.5690645187500001 0.8447683406250001 0.5749986984375 0.8427284687500001 0.590226025 0.8264069921875 0.59280495625 0.8085202765625 0.591166521875 0.7994746703125
1 0.6590102859375 0.8434151218749999 0.6414428703125 0.8428016546875 0.6315264453125 0.846949559375 0.626450671875 0.85239005 0.61785918125 0.8745609984374999 0.61762405625 0.8812940765624999 0.6248831765625 0.8972772499999999 0.629567075 0.9030585562500001 0.6420587171875 0.909112515625 0.6606412890625 0.9086378859375 0.6717296203124999 0.8989131640625001 0.6759469874999999 0.8900720484375 0.6768091093749999 0.865384090625 0.6590102859375 0.8434151218749999
1 0.5048036875 0.8661188187500001 0.49754457187499995 0.8501356453125 0.48130580937499995 0.839456640625 0.47154613124999994 0.839115825 0.45967777187500003 0.8431955671875 0.44624563281249996 0.8640739265624999 0.44741381875 0.8865856890625 0.457640028125 0.901548925 0.4643542390625 0.9051540359375 0.4828584359375 0.9069237671874999 0.49082292499999997 0.9027076984375 0.49995932187500003 0.8929148124999999 0.5042550640625 0.8818293390624999 0.5048036875 0.8661188187500001
1 0.413540415625 0.79327183125 0.40518777031250003 0.7806211203125 0.3955848421875 0.7757915828125 0.379969359375 0.775246278125 0.370052934375 0.779394184375 0.35872948125000004 0.795851984375 0.3563072953125 0.80924998125 0.3597409171875 0.8228524687500001 0.3699671265625 0.83781570625 0.37863327343750003 0.8414889796875 0.3932335984375 0.8431223796875 0.40518033750000004 0.8367982796875 0.41666053906249995 0.8158517578125 0.4170524140625 0.8046299578125 0.413540415625 0.79327183125
1 0.3255391484375 0.850870378125 0.3153129390625 0.8359071406249999 0.30766195 0.8311457671875001 0.293998403125 0.8306686265625001 0.280099734375 0.8369245640624999 0.26869790312499997 0.8556267265624999 0.2698660890625 0.8781384859375001 0.2800922984375 0.8931017234375 0.2887584453125 0.8967749984375001 0.30335877031249997 0.8984084015624999 0.309292953125 0.8963685312499999 0.31835097343749996 0.8888200046874999 0.326785709375 0.871137778125 0.3255391484375 0.850870378125