1 0.9678608578125001 0.1805059375 0.9609705875 0.1745922109375 0.9394108359375 0.1731400375 0.9293491046875 0.17958876562499998 0.92389511875 0.1880246578125 0.9191592749999999 0.20363536093749998 0.9194756484375001 0.2130887234375 0.9259214468750001 0.22714696406249998 0.932050878125 0.23175183906250002 0.9501227953125 0.23611310312499997 0.9667584250000001 0.22612474218749998 0.9722124078125001 0.2176888484375 0.9743066578124999 0.1945641765625 0.9678608578125001 0.1805059375
1 0.8200286765625 0.1697102015625 0.8135828765625 0.15565196406249998 0.8032474703125001 0.1467813703125 0.7832094046875 0.147946903125 0.7700189078124999 0.16089213125 0.7652830625 0.1765028328125 0.7655994359375 0.18595619531250002 0.7701217859375 0.1996752796875 0.777772896875 0.2068978609375 0.7958448125 0.2112591296875 0.8000934890625 0.2096588875 0.81248044375 0.20127076718749998 0.818336196875 0.190556321875 0.8200286765625 0.1697102015625
1 0.6627073296875 0.1396208078125 0.65626153125 0.12556256875 0.649371259375 0.1196488421875 0.6278115078125001 0.11819666874999998 0.61502278125 0.12886334375 0.6095688 0.13729923593749999 0.6063546390625 0.1555276484375 0.6085944609375 0.16532016875 0.6173654843749999 0.1774390109375 0.6273418203125 0.18272220156250002 0.6357964703125 0.18538768125 0.6442938218750001 0.182187203125 0.6547573234375 0.1734599265625 0.6602113125 0.165024034375 0.6627073296875 0.1396208078125
1 0.503778903125 0.1186456234375 0.501539078125 0.10885310468750001 0.4962131875 0.099691125 0.48587778125 0.09082053125 0.468164940625 0.090046671875 0.453050990625 0.10265273906250001 0.449922228125 0.10914923750000001 0.4467080671875 0.1273776515625 0.44894789218750003 0.1371701703125 0.4542737828125 0.1463321484375 0.4657717984375 0.154233046875 0.47230299843749995 0.1565593703125 0.4846472546875 0.15403720625 0.49511075625 0.1453099296875 0.5005647421874999 0.1368740359375 0.503778903125 0.1186456234375
1 0.334643165625 0.0712019703125 0.32046085468749996 0.0616530640625 0.30426969375 0.0634969109375 0.29380619218750004 0.07222419218750001 0.28835220625 0.080660084375 0.2858561859375 0.10606330625 0.294225440625 0.1204607015625 0.30420177656249997 0.12574389375 0.32075200625 0.12748744843749998 0.33859295 0.11066343125 0.34220888125000004 0.09015646875 0.33844737187499996 0.0777462390625 0.334643165625 0.0712019703125
1 0.8763134484374999 0.21605034218750002 0.859002378125 0.212997934375 0.850505028125 0.21619840625000003 0.8369127609375001 0.2314221828125 0.8336986 0.24965059531249997 0.8359384249999999 0.2594431140625 0.8454702890625001 0.27287081406249997 0.8673891109375 0.277910390625 0.8848282796875001 0.2633649265625 0.88996589375 0.2454756703125 0.88924775 0.2383008609375 0.8763134484374999 0.21605034218750002
1 0.7254806031250001 0.1941532265625 0.7166668828125 0.1879003453125 0.7032027109375 0.1855262484375 0.690456684375 0.19032696093749998 0.681916634375 0.1993933953125 0.6759754828125 0.22183975312499998 0.6792925234375 0.24239449062500001 0.6984843484375001 0.251652015625 0.7135129 0.2507778625 0.7239764 0.2420505859375 0.7294303859375 0.23361469218750003 0.7330463171875 0.21310772656250002 0.7254806031250001 0.1941532265625
1 0.5745196609375001 0.1898539890625 0.57268160625 0.17778291875000002 0.558943765625 0.1600895046875 0.5435561437499999 0.15737625156249999 0.53505879375 0.160576725 0.524595290625 0.1693040046875 0.519141303125 0.177739896875 0.51673068125 0.19141120625000002 0.5200904203125 0.20609998749999997 0.533469190625 0.2202059953125 0.5476942015625 0.2238889484375 0.556191553125 0.22068846718750001 0.5643298328124999 0.2139005890625 0.572510809375 0.2012467484375 0.5745196609375001 0.1898539890625
1 0.4134368046875 0.14735436875000002 0.404665784375 0.13523552656249999 0.3877564765625 0.12990456718750001 0.37966089687500004 0.130826490625 0.3622217296875 0.1453719546875 0.357485884375 0.16098265625 0.35892216875 0.17533227812500002 0.3672914234375 0.189729675 0.3753443046875 0.19467370781249999 0.38379895468749997 0.19733918749999999 0.398066665625 0.19515618125 0.40893193749999995 0.18415035 0.4156766328125 0.15714688906250002 0.4134368046875 0.14735436875000002
1 0.9455325265625 0.2846410015625 0.92822145 0.281588590625 0.9197241 0.28478906406250004 0.9065336078125 0.2977342921875 0.90251590625 0.3205198078125 0.9051574984374999 0.3280337734375 0.9104833859375001 0.337195753125 0.9239048578125001 0.3454358046875 0.9389334093749999 0.344561653125 0.9544491265625 0.329677034375 0.9579796609375 0.3209019859375 0.9558252328125001 0.29937755 0.9455325265625 0.2846410015625
1 0.798102115625 0.27156670781250003 0.787407640625 0.259108709375 0.7681731140625 0.25571714375 0.7557861578125 0.2641052640625 0.7476051765625 0.27675910312499996 0.7455109296875 0.2998837765625 0.7538801859375 0.314281171875 0.761933065625 0.31922520468750004 0.778483296875 0.3209687609375 0.793195478125 0.31064124375 0.79905123125 0.299926796875 0.8014618515624999 0.2862554890625 0.798102115625 0.27156670781250003
1 0.6434223640625001 0.248991284375 0.635053109375 0.2345938875 0.6281628375 0.22868016249999998 0.616622121875 0.226645221875 0.6038760953125 0.23144593593749999 0.595336046875 0.2405123703125 0.5890785234375 0.25350536562500003 0.58930949375 0.27469064374999996 0.59808051875 0.2868094875 0.6080568546875 0.292092678125 0.6145880546875 0.2944190015625 0.6292575312500001 0.28995743906250004 0.6377975828125 0.28089100624999996 0.6440551078125 0.26789800937499997 0.6434223640625001 0.248991284375
1 0.47540654218749995 0.206443890625 0.45465032968749997 0.2004346171875 0.4461529796875 0.2036350953125 0.43296248437499996 0.21658031718749998 0.4289447828125 0.23936583281249998 0.436510496875 0.2583203328125 0.4426399265625 0.2629252109375 0.46071184374999996 0.2672864734375 0.47502225 0.259237509375 0.4828014578125 0.24886221874999997 0.48641738749999996 0.22835525625000003 0.47540654218749995 0.206443890625
1 0.3202823203125 0.1920129765625 0.31151129375000003 0.179894134375 0.2888316328125 0.1735457 0.27411945625 0.18387321875 0.2686654703125 0.1923091109375 0.26616945 0.2177123359375 0.27109356875 0.229152865625 0.27874468124999996 0.23637544843749997 0.29681659531250004 0.2407367109375 0.305313946875 0.2375362390625 0.31850444375000003 0.2245910109375 0.3225221453125 0.201805496875 0.3202823203125 0.1920129765625
1 0.87148446875 0.35028904375000003 0.8692446437499999 0.340496525 0.8643205234375 0.32905599531249996 0.855506803125 0.3228031078125 0.84204263125 0.3204290109375 0.8335452812499999 0.3236294890625 0.8254070015625 0.3304173734375 0.8195512484374999 0.341131815625 0.8163370875 0.359360228125 0.818576909375 0.369152746875 0.8273479343749999 0.38127158906249997 0.8319556796875001 0.3832587609375 0.8461806890625001 0.386941709375 0.850429365625 0.38534146874999997 0.8632180921874999 0.37467480000000003 0.8686720781249999 0.36623890625 0.87148446875 0.35028904375000003
1 0.6839177453125 0.29489672499999997 0.673095175 0.30003659531250004 0.6645551234375 0.309103028125 0.6586993671875 0.319817475 0.6566905171874999 0.3312102296875 0.6570068874999999 0.3406635921875 0.6623327765625 0.34982557187499996 0.67074473125 0.3583570125 0.6791993828125 0.3610224921875 0.694227934375 0.3601483390625 0.707016659375 0.349481665625 0.7137613515625 0.32247820312500003 0.7008270515625 0.30022768437499997 0.6839177453125 0.29489672499999997
1 0.556038234375 0.2946673625 0.54807075 0.27799141562499996 0.5373335734375 0.2713993734375 0.5277163140625001 0.269703590625 0.5172955078125 0.272564909375 0.504105015625 0.285510134375 0.49928377343749997 0.312852753125 0.5057295749999999 0.3269109921875 0.5153041359375 0.33447273125 0.527605696875 0.3378165234375 0.536103046875 0.33461605156249996 0.55121699375 0.3220099796875 0.5543457578125001 0.315513484375 0.556038234375 0.2946673625
1 0.39639166718749996 0.266517365625 0.386500728125 0.2495022609375 0.3776870078125 0.24324937656249998 0.369993196875 0.24189275000000002 0.355323715625 0.24635430937499997 0.34173145312500003 0.2615780828125 0.33851729218750004 0.2798064953125 0.3407571140625 0.289599015625 0.35565756875 0.3063227328125 0.3698825796875 0.3100056828125 0.3783799296875 0.306805209375 0.38651820625 0.3000173265625 0.395502728125 0.2828063828125 0.39639166718749996 0.266517365625
1 0.9376601765625001 0.4136442859375 0.9262475609375 0.3940114765625 0.907013034375 0.39061991093750004 0.887248640625 0.4071047671875 0.8847526218749999 0.4325079890625 0.8896767406249999 0.44394852343749996 0.8973278515625 0.4511711046875 0.9134763124999999 0.4551932109375 0.9219736624999999 0.451992734375 0.9328389359375 0.4409869046875 0.9379765515624999 0.42309765 0.9376601765625001 0.4136442859375
1 0.7825786546875 0.393347415625 0.7792189203125 0.37865863437499997 0.77044789375 0.3665397921875 0.74928991875 0.3628090703125 0.7407925671875 0.36600954375 0.72872198125 0.3838510296875 0.7263113609375 0.3975223390625 0.7285511890625 0.407314859375 0.7369204390624999 0.42171225156250003 0.743451640625 0.42403857812499995 0.7557531953125001 0.42738237031250004 0.7661740015625 0.4245210515625 0.7719870578125 0.4196725640625 0.7805698046875 0.404740171875 0.7825786546875 0.393347415625
1 0.623735628125 0.36064031406249997 0.6138446937500001 0.3436252078125 0.59308848125 0.337615934375 0.5760510812499999 0.34988284531249997 0.5705970984375 0.3583187390625 0.5685028484375 0.3814434109375 0.581078078125 0.40010652812499997 0.59914999375 0.40446779062499993 0.6076473453125 0.40126731250000003 0.6185126171875 0.3902614828125 0.6244537718750001 0.367815125 0.623735628125 0.36064031406249997
1 0.281805528125 0.2921259296875 0.2729918015625 0.28587304375 0.2552789609375 0.2850991875 0.23743801874999998 0.3019232015625 0.23494200156249997 0.3273264234375 0.241387803125 0.3413846640625 0.24751723124999997 0.34598953906249996 0.26558914375 0.3503508015625 0.2740864953125 0.347150325 0.28727699218749997 0.3342051015625 0.29017477812500003 0.3065233265625 0.281805528125 0.2921259296875
1 0.46368729062499997 0.33476886562499997 0.45531803593750003 0.3203714734375 0.4445808609375 0.3137794265625 0.42414102343750004 0.31722351875 0.4183279671875 0.32207200625 0.409745215625 0.3370043984375 0.40773636562500004 0.34839715312499997 0.409976190625 0.35818967343749997 0.4183454453125 0.3725870703125 0.42447487500000003 0.3771919453125 0.4348529765625 0.38019658125 0.4495224578125 0.3757350265625 0.4639182609375 0.3559541453125 0.465525340625 0.3468399390625 0.46368729062499997 0.33476886562499997
1 0.8503614468749999 0.44758845156250004 0.8385470578125 0.4302341875 0.8189107609375 0.429121175 0.804198584375 0.4394486921875 0.798342828125 0.45016313593749996 0.798573803125 0.4713484140625 0.8034979234374999 0.48278894375 0.8111490328125001 0.49001152656249997 0.8253740453124999 0.493694475 0.8357948437499999 0.490833159375 0.84978888125 0.4733308296875 0.852601271875 0.45738097031249997 0.8503614468749999 0.44758845156250004
1 0.9161353890624999 0.51322224375 0.905440909375 0.5007642437500001 0.8858046125 0.49965122968750003 0.8734176578125 0.50803935 0.867963675 0.51647524375 0.8647495140625001 0.5347036578125001 0.8669893359374999 0.5444961765625 0.8738369109375 0.5562758624999999 0.885736696875 0.5618982078125 0.9007652484375 0.5610240546874999 0.9135539703125 0.55035738125 0.916682734375 0.543860884375 0.9190933546875 0.5301895765625 0.9161353890624999 0.51322224375
1 0.6944763859374999 0.43184867968749996 0.6922365609375001 0.422056159375 0.67809695 0.40664129843749997 0.6584606546875 0.40552828124999996 0.6429449328125 0.4204129015625 0.6400471453125001 0.4480946765625 0.64993808125 0.4651097796875 0.6545458296875 0.46709694687500003 0.6687708359375 0.47077989843749996 0.6730195125 0.46917965781250004 0.68540646875 0.46079153906250003 0.6908604546875 0.4523556453125 0.6944763859374999 0.43184867968749996
1 0.5344280453125 0.405977234375 0.5230154296875 0.386344421875 0.506106121875 0.381013459375 0.499933996875 0.38227454375000003 0.482494825 0.39682000624999997 0.47735720937500004 0.4147092625 0.4780753546875 0.421884071875 0.4902488140625 0.44282573750000004 0.5121676359375 0.4478653140625 0.522229365625 0.441416590625 0.5300085734375 0.43104129999999996 0.5351461890625 0.4131520453125 0.5344280453125 0.405977234375
1 0.36789120625 0.3719135078125 0.3575985015625 0.3571769546875 0.3406891953125 0.3518459921875 0.3345170703125 0.3531070765625 0.317077896875 0.3676525390625 0.31234205625 0.38326324375 0.31306019687500003 0.39043805468750004 0.31682170625 0.40284828125 0.32483188749999997 0.41365827031249996 0.344827253125 0.41835868906250007 0.3591376609375 0.410309725 0.3669168703125 0.39993443906250004 0.37013103125 0.381706028125 0.36789120625 0.3719135078125
1 0.7652171437499999 0.5030570484375 0.7633790890625 0.49098597499999996 0.7511629281250001 0.47591026875000003 0.7338518578125 0.472857859375 0.7253545078125 0.4760583328125 0.719541446875 0.480906821875 0.7105569296875001 0.498117765625 0.7100697625 0.5121282328125 0.715352953125 0.52715616875 0.7295352640625 0.5367050734375 0.736066459375 0.5390314 0.7464872671875 0.5361700765624999 0.7569507671875 0.5274428 0.76320829375 0.5144498046875 0.7652171437499999 0.5030570484375
1 0.594559728125 0.452995684375 0.5891911359375 0.44969966406250006 0.567631390625 0.44824749218750004 0.552115671875 0.4631321125 0.5485851375 0.47190716093749996 0.5492178812499999 0.4908138875 0.561032271875 0.5081681515625001 0.567563471875 0.5104944734375 0.5760181234374999 0.513159953125 0.5864389234375 0.51029863125 0.600031190625 0.49507485625000003 0.602928978125 0.46739308125 0.594559728125 0.452995684375
1 0.44047001874999997 0.455192946875 0.43863196406249993 0.443121871875 0.43370784375 0.4316813421875 0.4252958953125 0.423149903125 0.4099082734375 0.4204366515625 0.401410921875 0.42363713125 0.39094742031249996 0.43236440781249996 0.38549343125 0.4408003015625 0.383399184375 0.46392497343750005 0.3959744140625 0.4825880859375 0.41404633124999995 0.4869493484375 0.42021845625000004 0.48568826875 0.4306819609375 0.47696099218750004 0.43613594375 0.4685250984375 0.44047001874999997 0.455192946875
1 0.2494581609375 0.396843759375 0.2387209859375 0.3902517125 0.2202046046875 0.3940349609375 0.20661233750000002 0.40925873749999997 0.2033981765625 0.42748715 0.205638 0.43727967031250004 0.2124855703125 0.44905935625 0.2186150015625 0.45366423281249996 0.23091655625000002 0.45700802500000004 0.24558603906249998 0.45254646875000004 0.25685307968750004 0.439262084375 0.2597508703125 0.411580309375 0.2494581609375 0.396843759375
1 0.8337180765625 0.5644728921875 0.8272722781249999 0.5504146546875 0.82038200625 0.544500928125 0.7988222546875 0.5430487546875 0.7887605234375 0.5494974828125 0.7805795468750001 0.5621513218749999 0.778168925 0.5758226328125 0.7815286609375 0.5905114109375 0.7887780015625 0.6000125421875 0.7968308859375 0.6049565765625 0.8033620828125001 0.6072829015625001 0.8157063390625 0.604760734375 0.8238446203124999 0.59797285625 0.8320256 0.5853190171875 0.8337180765625 0.5644728921875
1 0.9020482140625001 0.649352571875 0.8956024140625001 0.63529433125 0.883343553125 0.626084578125 0.8775731984374999 0.625067109375 0.8629037171875 0.62952866875 0.84890968125 0.6470309953125 0.847217203125 0.66787711875 0.8521413234375 0.6793176484375001 0.859792434375 0.68654023125 0.8778643515625 0.69090149375 0.8921747578125 0.68285253125 0.8976287421875 0.6744166375 0.9019628140625 0.661084484375 0.9020482140625001 0.649352571875
1 0.67478965 0.543497709375 0.672549825 0.5337051890625 0.667223934375 0.524543209375 0.656888528125 0.5156726171875 0.6453478125000001 0.513637678125 0.6368504625 0.51683815 0.6263869609375 0.52556543125 0.620932975 0.5340013234375001 0.6177188140625 0.5522297375 0.6199586390625 0.56202225625 0.6252845296875 0.57118423125 0.6367825453125 0.57908513125 0.6452371953125 0.5817506109374999 0.6556580015625 0.5788892921875 0.6661215031250001 0.570162015625 0.6715754890625 0.561726121875 0.67478965 0.543497709375
1 0.507132896875 0.504537721875 0.4949167375 0.48946201250000004 0.4756822109375 0.486070446875 0.45591781875 0.5025553031250001 0.45302003125 0.5302370796875 0.459867603125 0.5420167640625 0.46599703124999997 0.5466216421875 0.48599240000000005 0.5513220640625 0.500704575 0.540994546875 0.5061585609375 0.5325586546875 0.5093727218749999 0.514330240625 0.507132896875 0.504537721875
1 0.3389035796875 0.4913201140625 0.337065525 0.47924904531249995 0.33021795468750004 0.467469359375 0.31795909375 0.45825960625000006 0.3121887390625 0.4572421359375 0.29751925625000003 0.461703696875 0.28938098125 0.4684915765625 0.283525221875 0.47920602343749996 0.2811146 0.49287733281249996 0.28295265937499997 0.5049484015625 0.2940062046875 0.52099380625 0.312078121875 0.5253550703125 0.320575471875 0.522154596875 0.33376596406250003 0.5092093703125 0.336894728125 0.5027128734375 0.3389035796875 0.4913201140625
1 0.7379646921874999 0.595751578125 0.7276292875 0.58688098125 0.7160885718750001 0.5848460421875 0.7056677703124999 0.5877073640625 0.692477275 0.6006525859375 0.687339659375 0.6185418421875 0.688057803125 0.6257166546875 0.694503603125 0.639774890625 0.70600161875 0.6476757906249999 0.7144562734375 0.6503412703125 0.724877075 0.6474799484375 0.7403927921875 0.6325953296875 0.7428888125 0.6071921078125 0.7379646921874999 0.595751578125
1 0.5759502015625 0.5754069296875 0.564135815625 0.558052671875 0.5406526140625 0.5562613421875 0.5278638875 0.5669280156250001 0.5247351250000001 0.573424515625 0.5215209640625 0.5916529296874999 0.5237607859375 0.6014454484375 0.5306083609375001 0.6132251328125 0.538661240625 0.6181691671875 0.5571349265625 0.6202518796875001 0.56992365 0.60958520625 0.575779409375 0.598870759375 0.5781900296875 0.58519945 0.5759502015625 0.5754069296875
1 0.416303634375 0.5472569328125 0.41097774375 0.5380949562499999 0.3987188890625 0.528885203125 0.38910162187499997 0.5271894203125 0.380604271875 0.5303898984375001 0.3678155453125 0.5410565703125 0.364686784375 0.54755306875 0.362592534375 0.570677740625 0.3659949734375 0.5795005640625 0.3751677640625 0.58934085625 0.39516313593749997 0.594041275 0.4098753125 0.5837137593749999 0.415329296875 0.575277865625 0.4185434578125 0.557049453125 0.416303634375 0.5472569328125
1 0.248159715625 0.5223074125 0.24435550625000002 0.5157631421875 0.22865151562500002 0.5035965265625 0.21286212343750002 0.5031618265625 0.19814994375 0.513489340625 0.19269596093750002 0.521925234375 0.18948179999999998 0.540153646875 0.191721621875 0.549946165625 0.20009087499999997 0.5643435609375 0.20662207656249998 0.566669884375 0.2131532765625 0.5689962125 0.2293444390625 0.5671523578125 0.2374827140625 0.5603644765625 0.24566369531249999 0.5477106375 0.248159715625 0.5223074125
1 0.812022490625 0.6875146796875 0.8090645249999999 0.67054735 0.8037386359375001 0.6613853703125 0.7949249093749999 0.6551324843749999 0.7748868437499999 0.6562980203125 0.7593711265625 0.671182640625 0.755353425 0.6939681578125 0.7633209109375 0.710644103125 0.7694503390625 0.7152489796875 0.7875222515625 0.719610240625 0.7917709265624999 0.7180100046875 0.804559653125 0.7073433328125 0.8104154093749999 0.6966288859375 0.812022490625 0.6875146796875
1 0.6493325546875 0.6541292640624999 0.647494503125 0.6420581953125 0.63527834375 0.6269824875000001 0.6160438171875 0.623590921875 0.599408184375 0.6335792812500001 0.5962794203125 0.640075778125 0.593783403125 0.6654790046875 0.602152659375 0.679876396875 0.6082820875 0.684481271875 0.62443055 0.68850338125 0.6286792250000001 0.6869031421875 0.643793171875 0.6742970749999999 0.646921934375 0.667800575 0.6493325546875 0.6541292640624999
1 0.48632625156250003 0.6112904890624999 0.47907690625 0.6017893515625 0.4544737953125 0.5951017671875001 0.43743639375 0.6073686765625 0.4318970078125 0.6275364859375 0.43221338125 0.63698985 0.43713750156250003 0.6484303796875001 0.446712065625 0.65599211875 0.46286052812499995 0.6600142265625 0.4713578796875 0.6568137484375 0.48495014062499997 0.6415899734375 0.48856607343749997 0.6210830078125 0.48632625156250003 0.6112904890624999
1 0.3219438375 0.5987511984375 0.319704009375 0.588958678125 0.3128564390625 0.5771789921875 0.30596616875 0.5712652578124999 0.2886550984375 0.56821285 0.2688907046875 0.584697709375 0.2645566296875 0.5980298625 0.26447123281249996 0.6097617765625001 0.270917034375 0.6238200140625 0.27856814375 0.631042596875 0.29471660625 0.6350647015625001 0.30321395624999997 0.6318642296875 0.3136774578125 0.6231369499999999 0.3195332171875 0.6124225062499999 0.3219438375 0.5987511984375
1 0.8743939921875 0.7443256515625001 0.8690254078124999 0.7410296328125 0.8536377859375 0.7383163796875001 0.8451404359374999 0.741516853125 0.83154816875 0.7567406296875 0.8291375484374999 0.7704119390625 0.8305738328125001 0.7847615609374999 0.8358997234375 0.7939235421874999 0.84932119375 0.8021635937499999 0.8601010640625001 0.8028896796874999 0.8685984156250001 0.799689203125 0.8798654578124999 0.7864048234375 0.8827632484375 0.7587230484374999 0.8743939921875 0.7443256515625001
1 0.79313929375 0.79460660625 0.791301240625 0.7825355328125 0.7844536703125 0.7707558484375 0.7737164937500001 0.7641638046875 0.7556018765625 0.7656684984375 0.7451383765624999 0.7743957734375 0.739684390625 0.7828316671875 0.736068459375 0.803338634375 0.7387100546875 0.8108525999999999 0.7440359453125 0.8200145796875 0.755533959375 0.8279154765625 0.765912065625 0.8309201125 0.7744094171875 0.8277196390625001 0.782547696875 0.82093175625 0.7907286734375 0.808277915625 0.79313929375 0.79460660625
1 0.72280030625 0.7211196875 0.70986600625 0.698869165625 0.6925549296875 0.69581675625 0.684057578125 0.6990172359375 0.6704653140625 0.714241009375 0.6668493828125001 0.734747975 0.6763385515625 0.75404163125 0.6843914328125 0.7589856609375001 0.6966929875 0.762329453125 0.7009416625 0.760729215625 0.7086781734375001 0.7562198875 0.7187826046875 0.743905203125 0.72280030625 0.7211196875
1 0.5585886906249999 0.6851165640625 0.5536645703125 0.673676034375 0.54525261875 0.6651446 0.5279415421875 0.6620921890625 0.5194441921874999 0.6652926625 0.5113059125 0.67208054375 0.505450159375 0.6827949921875 0.5037576796875001 0.7036411109375 0.5102034796875 0.71769935 0.5197780453124999 0.725261090625 0.53400305625 0.72894404375 0.53825173125 0.727343803125 0.5510404546875 0.716677128125 0.5568962125 0.7059626859375 0.5585886906249999 0.6851165640625
1 0.3954969828125 0.6540097031250001 0.39017109843750003 0.6448477234375 0.38135737187499996 0.6385948375 0.361721075 0.637481821875 0.34893235 0.64814849375 0.3434783671875 0.6565843874999999 0.3413841171875 0.679709059375 0.3478299171875 0.6937673 0.3574044828125 0.7013290390625 0.3677825890625 0.704333675 0.3782033890625 0.7014723578125001 0.3937191109375 0.6865877390625 0.3977368109375 0.6638022234375 0.3954969828125 0.6540097031250001
1 0.307711084375 0.7019643296875 0.299341834375 0.6875669390625 0.2905281078125 0.6813140484375 0.27281526718750004 0.68054019375 0.254974325 0.6973642046874999 0.25064025 0.7106963578125 0.25095662343749997 0.720149721875 0.2585223390625 0.739104221875 0.2646517671875 0.743709096875 0.28080022968749996 0.7477312031250001 0.28929758125 0.7445307265625 0.29976108125 0.7358034499999999 0.3052150671875 0.72736755625 0.307711084375 0.7019643296875
1 0.86459819375 0.8729897828125001 0.853185578125 0.853356971875 0.8339510515624999 0.8499654046874999 0.8254537 0.8531658828124999 0.8122632031249999 0.8661111046875 0.8090490421875 0.88433951875 0.8112888671875 0.8941320375 0.819658121875 0.908529434375 0.827711003125 0.9134734671875 0.836165653125 0.9161389468750001 0.846586459375 0.9132776265624999 0.85745173125 0.9022717968749999 0.8633074859375001 0.8915573531250001 0.86459819375 0.8729897828125001
1 0.773854328125 0.9039770828125 0.771614503125 0.8941845624999999 0.7632452484375001 0.8797871671875 0.756354978125 0.8738734375 0.7467377187500001 0.8721776546875001 0.7320682359374999 0.8766392140624999 0.723929959375 0.8834270953125 0.71454366875 0.9029165906250001 0.713740128125 0.9074736937500001 0.7243492078125 0.9316636109375 0.7358472234375 0.9395645046875 0.74045496875 0.941551671875 0.752799225 0.9390295078124999 0.7605357359375 0.9345201781249999 0.7706401671875 0.9222054953125 0.773854328125 0.9039770828125
1 0.7050370218750001 0.8331078703125 0.69975383125 0.8180799343749999 0.6905810406249999 0.8082396421875 0.6813655453125 0.804265309375 0.6612847796875 0.8112968031250001 0.6499750375 0.8304471421875 0.6502060140625 0.8516324187500001 0.6570535859375 0.8634121078125 0.665106465625 0.8683561359375 0.679331478125 0.8720390859375 0.683580153125 0.87043885 0.696368878125 0.8597721765624999 0.7018228609375 0.8513362828125001 0.7050370218750001 0.8331078703125
1 0.6248070968749999 0.74260585 0.615993378125 0.7363529640625 0.6021274359375 0.7362574171875 0.591304865625 0.7413972906249999 0.5792342828125 0.7592387734375 0.57722543125 0.7706315328125 0.579465253125 0.7804240515624999 0.5905188031249999 0.796469459375 0.612437625 0.8015090359375 0.6302785656250001 0.784685021875 0.633894496875 0.7641780546875 0.63165466875 0.754385534375 0.6248070968749999 0.74260585
1 0.5445869140624999 0.8095149749999999 0.542748859375 0.7974439062500001 0.534379603125 0.7830465109375 0.5274893328125 0.77713278125 0.5074512671875 0.7782983171875 0.496987765625 0.7870255953124999 0.4915337796875 0.7954614875 0.4886359921875 0.8231432640625 0.49740701249999997 0.8352621093750001 0.5054598953125 0.8402061390625001 0.5177614562499999 0.8435499328124999 0.52625880625 0.840349459375 0.5343970859375 0.833561575 0.5425780625 0.8209077359375 0.5445869140624999 0.8095149749999999
1 0.46735765625000003 0.730114328125 0.45939017031249996 0.7134383828125 0.4524999 0.7075246515625 0.439035734375 0.70515055625 0.428614928125 0.7080118765625001 0.41502266250000003 0.7232356515625 0.41140673124999994 0.743742615625 0.41364655937499994 0.7535351359375 0.423178421875 0.766962834375 0.4412503359375 0.771324096875 0.4563215890625 0.7645839875 0.462938184375 0.7551783984375 0.4676740265625 0.739567690625 0.46735765625000003 0.730114328125
1 0.36663745625 0.7558184406249999 0.3431542546875 0.7540271109375001 0.33036552812500003 0.764693784375 0.3249115421875 0.773129678125 0.3228172921875 0.79625435 0.33270823125 0.813269453125 0.3426845625 0.8185526421875 0.35963656875 0.8180176453125 0.3751522859375 0.803133025 0.37916998749999997 0.7803475078125001 0.3769301625 0.7705549875 0.36663745625 0.7558184406249999
1 0.21153845625 0.6850065015625 0.20276743125 0.6728876578125 0.183934675 0.6672175421875 0.166538203125 0.6758970453125 0.15992160312499998 0.6853026359375 0.15478399062499998 0.7031918921875 0.15550213125 0.7103667046875 0.163469615625 0.72704265 0.169599046875 0.7316475265625 0.1857475078125 0.73566963125 0.1942448578125 0.73246915625 0.2074353546875 0.7195239328125 0.213778278125 0.6947990203125001 0.21153845625 0.6850065015625
1 0.6150113015625001 0.87126998125 0.6081637265625 0.8594902921875001 0.5978283203125 0.8506197 0.5797137109375 0.8521243937499999 0.5669249828125 0.862791065625 0.561069228125 0.873505509375 0.5590603765625 0.8848982703124999 0.5624201156249999 0.8995870484375 0.5738754328125 0.9133539015625001 0.5900238921875001 0.9173760109375 0.59427256875 0.9157757703125 0.6043343015625 0.90932704375 0.6121135109375 0.89895175625 0.6150113015625001 0.87126998125
1 0.45375765 0.852234190625 0.44082334999999995 0.82998366875 0.4215888234375 0.8265921015625001 0.410766246875 0.831731975 0.40222619687499994 0.840798409375 0.3966868140625 0.86096621875 0.39740495625 0.868141028125 0.4053724390625 0.884816978125 0.4115018703125 0.88942185 0.42765033125 0.89344395625 0.43614768125000003 0.8902434828124999 0.44973994843750004 0.87501970625 0.454475790625 0.859409 0.45375765 0.852234190625
1 0.289058865625 0.8302415328125001 0.28874249218750003 0.8207881703125001 0.28077500781250003 0.8041122250000001 0.27388473750000003 0.79819849375 0.258497115625 0.7954852406249999 0.249999765625 0.79868571875 0.2372110421875 0.8093523921875001 0.23126988750000002 0.8317987515624999 0.23198803125 0.8389735609375 0.2399555109375 0.8556495109375 0.2445632609375 0.857636678125 0.2626351734375 0.8619979390625 0.2688073046875 0.860736859375 0.2765438140625 0.8562275265625001 0.2843230203125 0.8458522390625 0.289058865625 0.8302415328125001