0 0.3326921609375 0.11850303749999999 0.351194009375 0.0931302359375 0.311551003125 0.0794748890625 0.30094539062500003 0.10595247031249999 0.3326921609375 0.11850303749999999
0 0.467777346875 0.12537966250000002 0.45567523750000005 0.13123601875 0.4521366953125 0.1444420359375 0.459689253125 0.15556484375 0.47413704843750004 0.15842510468749998 0.4870783296875 0.15380461875 0.49178971406249994 0.14495690781249998 0.48474266093749996 0.1319475234375 0.467777346875 0.12537966250000002
0 0.609727740625 0.1634151546875 0.5971201234375 0.17115808125 0.5950981 0.1787043796875 0.6021451515625 0.19171376406250001 0.6139035875000001 0.1958754359375 0.629534228125 0.1899535375 0.6325672640625 0.17863409375 0.6228308515625 0.1669261234375 0.609727740625 0.1634151546875
0 0.8137969609375 0.26662390937499997 0.8016948562499999 0.2724802671875 0.7981563140625 0.285686284375 0.8001683249999999 0.2912804578125 0.8136051015625 0.297913865625 0.8330979484375 0.2950488671875 0.8361309859375 0.2837294203125 0.8269000796875 0.27013487812500003 0.8137969609375 0.26662390937499997
0 0.6668115328125 0.22117320937499999 0.656893275 0.2276147265625 0.6555385859375 0.24140590624999997 0.6630911453125 0.2525287140625 0.679722784375 0.2559741390625 0.6941805921875 0.2456939265625 0.695029775 0.233789321875 0.6804201515625 0.222797603125 0.6668115328125 0.22117320937499999
0 0.755540328125 0.20450753906250002 0.7397378515625 0.215438459375 0.73787765625 0.2311162125 0.7459357140625 0.24035244531250002 0.760383509375 0.24321271093750002 0.7760141515625001 0.23729080625 0.7800581984375 0.22219821562500003 0.7708273 0.2086036703125 0.755540328125 0.20450753906250002
0 0.73750394375 0.28055566249999997 0.7285966953125 0.28322403125 0.7185066015625 0.29467456406250003 0.7233698015625001 0.3070987859375 0.7368065765625 0.31373219375 0.7524372234375 0.30781029531250004 0.7554702609375 0.2964908484375 0.75010155625 0.28595320156250004 0.73750394375 0.28055566249999997
0 0.7789470890625 0.3573760890625 0.78868349375 0.369084059375 0.8031312875 0.3719443203125 0.816578075 0.36543725781249997 0.8186000984374999 0.3578909640625 0.803828653125 0.33876778750000003 0.7851749828125001 0.34286865781250003 0.7789470890625 0.3573760890625
0 0.77370016875 0.40753178593749995 0.764287415625 0.41208673124999995 0.7597378625 0.4290658953125 0.767795921875 0.43830212968750004 0.7800598609375 0.4405772328125 0.7930011515625 0.4359567421875 0.7965396921875 0.4227507265625 0.788987134375 0.4116279171875 0.77370016875 0.40753178593749995
0 0.7204785703125001 0.3528306296875 0.7072036171875 0.354328675 0.6982863625 0.37013751875 0.7036550687500001 0.3806751671875 0.7175973515625 0.38542199843749997 0.7305386390625 0.38080151406249996 0.73407718125 0.36759549687500004 0.7287084765625 0.35705785 0.7204785703125001 0.3528306296875
0 0.6444074421875 0.296051003125 0.6371785437499999 0.30119110781249997 0.6331344953125 0.3162837 0.6411925593750001 0.32551993437500004 0.6578242000000001 0.32896535937500004 0.66807613125 0.3256462828125 0.673798525 0.3130254265625 0.66456761875 0.29943088281249997 0.6444074421875 0.296051003125
0 0.589507503125 0.2388781109375 0.5768998859375001 0.24662103750000003 0.57336134375 0.25982705781250004 0.5792355546875 0.26847813125000003 0.5958671984375 0.2719235515625 0.60662463125 0.2667179046875 0.6096576671875 0.25539845781250003 0.6026106140625 0.242389078125 0.589507503125 0.2388781109375
0 0.51494288125 0.189579234375 0.5130826875000001 0.20525698593750002 0.53659955 0.2135803359375 0.5522301984375 0.207658434375 0.553746715625 0.201998715625 0.5428374640625 0.185932434375 0.5275505 0.1818363046875 0.51494288125 0.189579234375
0 0.449073628125 0.19518289375 0.4326038109375 0.1998689265625 0.42805425625 0.21684809375 0.43611232187500004 0.22608432656250002 0.44837626249999996 0.22835942656250002 0.4635013984375 0.22432409999999997 0.4665344328125 0.213004659375 0.461165728125 0.20246701250000002 0.449073628125 0.19518289375
0 0.38392176093749997 0.1413290734375 0.3718196484375 0.14718542968749998 0.36828110625 0.160391446875 0.376339171875 0.1696276828125 0.3886031125 0.171902784375 0.4064176046875 0.166566046875 0.40793412343749996 0.1609063234375 0.399208725 0.145425203125 0.38392176093749997 0.1413290734375
0 0.34454235 0.22277947656250002 0.350578390625 0.239562009375 0.36233682031250003 0.24372368125000002 0.3799794796875 0.2433959578125 0.3855300328125 0.2357841171875 0.3778156453125 0.2165298546875 0.3652180390625 0.21113231093749998 0.34454235 0.22277947656250002
0 0.42768055 0.2662875390625 0.40583201874999997 0.27357639843750003 0.4038099953125 0.28112269218749997 0.4108570484375 0.294132075 0.43185639531250003 0.298747825 0.43672960781250003 0.2980315734375 0.44295750156249997 0.2835241421875 0.4359104546875 0.2705147609375 0.42768055 0.2662875390625
0 0.5034680625 0.2542423609375 0.4903549375 0.263871865625 0.49001126250000004 0.2738898953125 0.4963909765625 0.2806543984375 0.515206478125 0.2846849828125 0.5259639078125 0.2794793328125 0.5284914390625 0.2700464609375 0.5170766812500001 0.25586675468750003 0.5034680625 0.2542423609375
0 0.5541521171875 0.3315168640625 0.5600263296875 0.3401679375 0.576657971875 0.3436133578125 0.5921267875 0.3295600046875 0.5834013890625 0.314078884375 0.570298278125 0.31056791562499997 0.558701671875 0.3145376984375 0.5541521171875 0.3315168640625
0 0.687660728125 0.4228960421875 0.6777424671875 0.42933756093750003 0.6742039265625 0.4425435765625 0.6817564843749999 0.4536663859375 0.6983881249999999 0.45711180625000003 0.7113294140625 0.4524913203125 0.7148679546875 0.43928530468749993 0.703453196875 0.42510559687500005 0.687660728125 0.4228960421875
0 0.6095575640625001 0.38680318125 0.617615628125 0.3960394171875 0.6364311218750001 0.400070003125 0.6481995687500001 0.3910912078125 0.6461975640625 0.3723565578125 0.6262092296875 0.363967659375 0.6109122515625 0.373012003125 0.6095575640625001 0.38680318125
0 0.754996446875 0.4773350234375 0.7385266296874999 0.48202105624999997 0.7344825828125 0.49711364687500004 0.7398512875 0.5076512953125001 0.749425871875 0.51122780625 0.766734859375 0.5077776390625 0.7719517484375 0.49704335781250003 0.7670885484375 0.4846191359375 0.754996446875 0.4773350234375
0 0.67383021875 0.49198302343750006 0.6585332421875 0.5010273671875 0.6533163546874999 0.5117616468749999 0.66036340625 0.52477103125 0.6791788984375 0.5288016171875001 0.6931312000000001 0.520407978125 0.6924638640625 0.5141630984375001 0.682565625 0.4943236671875 0.67383021875 0.49198302343750006
0 0.3005716765625 0.15539191562500002 0.28628571875 0.1606631125 0.2827471765625 0.17386912968749998 0.290299734375 0.1849919375 0.3020581640625 0.1891536109375 0.3171833046875 0.1851182859375 0.32290569375 0.17249742968749998 0.315858646875 0.159488046875 0.3005716765625 0.15539191562500002
0 0.24079852656249998 0.0989352703125 0.22651256718749999 0.1042064671875 0.2212956765625 0.11494075156250001 0.22666438281249998 0.1254783984375 0.244974371875 0.13139555625 0.26009950625 0.1273602296875 0.26313254375 0.11604078437500001 0.2517177921875 0.101861078125 0.24079852656249998 0.0989352703125
0 0.210164534375 0.1695858484375 0.19974077031249998 0.1779139375 0.1988915859375 0.1898185453125 0.2069496515625 0.19905477968750002 0.225765146875 0.20308536250000003 0.239211940625 0.1965783015625 0.23888828125 0.1803153875 0.2346924171875 0.1741360515625 0.210164534375 0.1695858484375
0 0.28506282031249996 0.222007165625 0.27077685625000003 0.227278359375 0.26454896250000004 0.241785790625 0.2699176671875 0.2523234390625 0.286043803125 0.2576554328125 0.2962957328125 0.25433635625 0.30201812656250004 0.24171550000000003 0.2932927265625 0.2262343875 0.28506282031249996 0.222007165625
0 0.34331945468749997 0.2841235296875 0.3268496421875 0.2888095640625 0.3228055953125 0.3039021546875 0.3248176078125 0.3094963296875 0.34312759531250003 0.3154134875 0.3582527359375 0.3113781640625 0.3629641140625 0.30253045156249997 0.3597792609375 0.29257796406250003 0.34331945468749997 0.2841235296875
0 0.38662279375 0.3452662046875 0.38476259375 0.36094395625 0.4104633171875 0.36985246875 0.41853139375000004 0.36594823125 0.41921874531250003 0.345912171875 0.4145173765625 0.34161940468749996 0.396541053125 0.3388246875 0.38662279375 0.3452662046875
0 0.45799255156249996 0.39775306875 0.44589043906250003 0.40360942499999997 0.44453574375000005 0.41740060156250003 0.45259380781249997 0.4266368375 0.471409309375 0.43066742031249994 0.48166123125000004 0.427348346875 0.48402693281250003 0.4097840203125 0.47596887343749994 0.40054778593749996 0.45799255156249996 0.39775306875
0 0.5296959734375 0.45336236875 0.51272065 0.459934975 0.5096876140625 0.47125441874999996 0.51891851875 0.4848489625 0.52899860625 0.48653890468750005 0.5441237421875 0.48250357499999996 0.548835125 0.47365586875 0.542293578125 0.458759909375 0.5296959734375 0.45336236875
0 0.5872852703125 0.5092338515625 0.5735048125 0.512618471875 0.5666095765625 0.5208810171875 0.5748294703125 0.5382487109375 0.58658790625 0.542410384375 0.601713040625 0.5383750593750001 0.606929928125 0.527640778125 0.5982045296875 0.5121596578125 0.5872852703125 0.5092338515625
0 0.673092809375 0.5777214484375001 0.6628508937500001 0.567900046875 0.63563365625 0.5646512609375 0.6284047515625 0.5697913640625 0.6287284093750001 0.586054278125 0.6384648203125 0.5977622484375 0.6502232546875 0.6019239265625 0.66080885 0.6017272890625 0.670727109375 0.595285771875 0.673092809375 0.5777214484375001
0 0.73259235625 0.5522128171875 0.715617034375 0.5587854203125 0.7125839984375 0.5701048671875 0.7218149046875 0.5836994062499999 0.7384465453125 0.5871448328125 0.7497094859375 0.5800526109375 0.75055866875 0.5681480031249999 0.7451899640625 0.5576103546875 0.73259235625 0.5522128171875
0 0.8195727375 0.6250587203125 0.8108473390625001 0.6095776015625 0.795560375 0.605481471875 0.7780795453125 0.613940653125 0.7740354968750001 0.62903324375 0.7799097078125 0.6376843171875 0.7916681421875 0.64184599375 0.8066214374999999 0.642819678125 0.8170452078125001 0.6344915890625 0.8195727375 0.6250587203125
0 0.7122102906250001 0.6195443140625 0.697924325 0.6248155078125001 0.69220193125 0.6374363625 0.7052950359375 0.6540878046875 0.7175589718750001 0.656362903125 0.7305002593750001 0.6517424171874999 0.7345443078125 0.6366498265625 0.72312955 0.6224701203125 0.7122102906250001 0.6195443140625
0 0.7704669234375 0.6816606765625 0.7578593062500001 0.6894036078125 0.755331778125 0.6988364765624999 0.7667465359375 0.7130161828125 0.77901046875 0.715291284375 0.7919517593750001 0.7106707953125 0.7954903 0.697464778125 0.7840755421875001 0.683285071875 0.7704669234375 0.6816606765625
0 0.191460815625 0.23938908125 0.18154255625 0.2458305984375 0.1785095203125 0.257150040625 0.1850510671875 0.2720459984375 0.19513115625 0.2737359375 0.2129456484375 0.2683991984375 0.216484190625 0.25519318125 0.211115484375 0.244655534375 0.191460815625 0.23938908125
0 0.5532729046875 0.38284288593750004 0.531929875 0.38824516875000004 0.5288968406250001 0.3995646109375 0.5381277453125 0.41315915625 0.547702328125 0.41673566875 0.5660223281250001 0.40951235468749997 0.56854985625 0.4000794890625 0.5615028046874999 0.38707010468749997 0.5532729046875 0.38284288593750004
0 0.34426039375 0.37233368906250003 0.33670784062500003 0.3612108796875 0.3241102296875 0.35581333593750003 0.3076404171875 0.3604993703125 0.30460738125 0.37181881250000004 0.308297740625 0.3798847234375 0.32173452187499996 0.3865181375 0.3296307578125 0.3876229140625 0.34173286406250003 0.3817665546875 0.34426039375 0.37233368906250003
0 0.3773318265625 0.41051449843750004 0.36421870312500004 0.4201439984375 0.3650478625 0.43452033749999996 0.367565384375 0.43822794375 0.3863808796875 0.442258525 0.3971383125 0.4370528796875 0.3984930015625 0.4232617 0.392618790625 0.41461062968749995 0.3773318265625 0.41051449843750004
0 0.45625414218750004 0.474124165625 0.43928883125 0.46755630156250005 0.42769222500000004 0.4715260828125 0.42196983125000004 0.4841469375 0.4251546828125 0.49409942500000004 0.4328790765625 0.5002132171875 0.44514301874999995 0.5024883171875001 0.46077365937500003 0.4965664171875 0.4633011890625 0.4871335484375 0.45625414218750004 0.474124165625
0 0.506119040625 0.5238818546874999 0.49183307656249997 0.52915305 0.485605175 0.543660478125 0.48929553906249995 0.5517263921875 0.50491616875 0.5589449609375 0.51903029375 0.55868278125 0.5262692062500001 0.540402203125 0.5192221531250001 0.5273928234375 0.506119040625 0.5238818546874999
0 0.5458838328125 0.5982305453125 0.549574196875 0.606296459375 0.5651948265625 0.6135150328125001 0.5803199625000001 0.609479703125 0.583858503125 0.5962736859375 0.570765403125 0.5796222453125 0.54891686875 0.586911103125 0.5458838328125 0.5982305453125
0 0.6273436890624999 0.639266878125 0.6157470843749999 0.6432366593750001 0.6105301937500001 0.653970940625 0.6192555937499999 0.6694520609375 0.6288301765625001 0.673028571875 0.6466446718750001 0.6676918328125 0.6501832140625 0.6544858140625001 0.6426306546875 0.643363009375 0.6273436890624999 0.639266878125
0 0.691990053125 0.69500726875 0.67719858125 0.7021650375 0.67198169375 0.7128993171875 0.6812125984375 0.7264938625 0.6907871812499999 0.730070375 0.7032229578125 0.7273364625000001 0.7099563640625 0.7109424578125 0.7045876578125 0.7004048109375 0.691990053125 0.69500726875
0 0.74201678125 0.7528964125 0.7347878796875 0.7580365171875 0.7324221796875 0.77560084375 0.7366180453125 0.7817801796875 0.757617390625 0.7863959296874999 0.768374825 0.78119028125 0.7707405265625 0.7636259546875 0.760498609375 0.7538045578125 0.74201678125 0.7528964125
0 0.255601671875 0.29701604375 0.24299405468750002 0.3047589765625 0.2394555140625 0.31796499375 0.249191925 0.3296729640625 0.2592720109375 0.3313629046875 0.27221329375000003 0.32674241406250004 0.2757518359375 0.313536396875 0.272566984375 0.3035839109375 0.255601671875 0.29701604375
0 0.17006773749999998 0.310493725 0.15746011875000002 0.31823665624999997 0.15543809375 0.325782953125 0.16416349531250002 0.34126406875000004 0.1786112875 0.344124334375 0.1915525703125 0.33950384218749996 0.195758446875 0.3325427125 0.187538553125 0.31517501718749996 0.17006773749999998 0.310493725
0 0.2325302453125 0.3656489578125 0.22311749218750002 0.3702039015625 0.2185679390625 0.3871830671875 0.22225829843749997 0.39524897812500004 0.234016734375 0.3994106515625 0.2513257203125 0.39596048906250003 0.2548642625 0.382754471875 0.2456333578125 0.36915992656249996 0.2325302453125 0.3656489578125
0 0.3059120140625 0.42372999843750003 0.2944872515625 0.4226907609375 0.2813741265625 0.43232026718750005 0.27951393125 0.44799801875 0.29328437812499997 0.45775387187499994 0.306053825 0.458142396875 0.316477590625 0.4498143078125 0.31514292187500004 0.43732453906249996 0.3059120140625 0.42372999843750003
0 0.3493871875 0.47986365781250007 0.33744690781250003 0.49385146874999997 0.3387815765625 0.506341234375 0.347345146875 0.5136909000000001 0.3639767890625 0.51713631875 0.37742358125000003 0.5106292609375 0.3797892828125 0.49306493281249997 0.369547365625 0.4832435359375 0.3493871875 0.47986365781250007
0 0.4157118984375 0.5380757828125 0.40310428125 0.5458187140625 0.4000712453125 0.55713815625 0.40543995156249996 0.5676758046875 0.4193822375 0.57242264375 0.43450737500000003 0.5683873140625 0.4397242640625 0.5576530328125 0.4348610640625 0.5452288125 0.4157118984375 0.5380757828125
0 0.4842204546875 0.596873075 0.469428984375 0.6040308421875 0.46589044218750003 0.617236859375 0.47344300156249997 0.62835966875 0.48301758437500003 0.6319361812500001 0.500832078125 0.62659944375 0.5043706203125 0.6133934265625001 0.49681806718750005 0.60227061875 0.4842204546875 0.596873075
0 0.550545165625 0.6550852 0.5292021359375 0.660487484375 0.5251580890625 0.6755800765625 0.53540000625 0.6854014734375 0.54548009375 0.6870914140625 0.5579158765625001 0.6843574984374999 0.563132759375 0.6736232171875 0.5607870828125 0.6649065968750001 0.550545165625 0.6550852
0 0.5983880484374999 0.7123891828125 0.5938484984375 0.7162278796875 0.5904717875000001 0.73756535 0.5990353578125001 0.744915009375 0.6112992968750001 0.7471901140625 0.6247460874999999 0.7406830531249999 0.6249279328124999 0.722533565625 0.618548215625 0.715769065625 0.5983880484374999 0.7123891828125
0 0.670596975 0.7661119125 0.655299996875 0.7751562562500001 0.65125595 0.790248846875 0.6593140140625 0.7994850828125 0.6759456609375001 0.8029305093750001 0.6845192375 0.7971396937499999 0.6863794328124999 0.7814619406250001 0.6826890734375 0.7733960296875 0.670596975 0.7661119125
0 0.72986461875 0.8244551328125 0.7199463609375 0.8308966515625 0.71539680625 0.847875815625 0.7195926703125 0.8540551531249999 0.7405920187499999 0.8586708968749999 0.74967110625 0.8509935140625 0.7505202875 0.8390889109374999 0.7407838765625 0.8273809390625001 0.72986461875 0.8244551328125
0 0.1651344640625 0.3900528109375 0.1569045625 0.3858255921875 0.1449742859375 0.3866729328125 0.1377453875 0.3918130359375 0.1347123515625 0.40313247968750004 0.142264909375 0.4142552890625 0.15402334374999999 0.4184169671875 0.166459121875 0.4156830484375 0.172181515625 0.40306219531250004 0.1651344640625 0.3900528109375
0 0.22793064218749998 0.448330484375 0.217688725 0.4385090890625 0.20626395468749997 0.4374698546875 0.1941618484375 0.44332621093749996 0.18961229531249998 0.460305378125 0.197670353125 0.46954160937499995 0.2077504421875 0.4712315484375 0.2183360359375 0.47103491562500005 0.22825429531250002 0.46459339687499995 0.22793064218749998 0.448330484375
0 0.2730941703125 0.493795409375 0.25779719375 0.5028397484375 0.254258653125 0.516045765625 0.2639950640625 0.5277537375 0.278442859375 0.5306140015625 0.28869478125 0.5272949234375 0.2944171765625 0.5146740671875001 0.28787563125000004 0.49977810937499995 0.2730941703125 0.493795409375
0 0.337235028125 0.551422375 0.3224435578125 0.55858014375 0.318905015625 0.5717861609375 0.3225953734375 0.579852071875 0.3360321578125 0.58648548125 0.3511572921875 0.58245015625 0.35687968593749997 0.5698293015625 0.3498326328125 0.5568199171875 0.337235028125 0.551422375
0 0.11971901562500001 0.45472067968749996 0.1119846078125 0.46174736093749996 0.1101244125 0.4774251125 0.118182471875 0.4866613453125 0.136997971875 0.490691934375 0.14826090625 0.4835997109375 0.1506266125 0.46603538593750005 0.1442468890625 0.4592708859375 0.11971901562500001 0.45472067968749996
0 0.1892385828125 0.509744821875 0.1766309640625 0.517487753125 0.1747707703125 0.53316550625 0.183334340625 0.540515165625 0.193414428125 0.5422051078125001 0.20534470468750002 0.5413577671875001 0.21325094687499999 0.529322071875 0.20452554687500002 0.5138409515625 0.1892385828125 0.509744821875
0 0.2528739328125 0.569258365625 0.24127732656249998 0.573228146875 0.2362222671875 0.5920938828125 0.24041813125 0.598273225 0.2521765671875 0.6024348984375 0.2627621609375 0.6022382656249999 0.2736914328125 0.5920235984375 0.2664825515625 0.570882759375 0.2528739328125 0.569258365625
0 0.31533644375000003 0.62441359375 0.30642919687500003 0.6270819624999999 0.29801744375 0.64100423125 0.3028806421875 0.6534284515625 0.32119063593749997 0.659345615625 0.33413191875 0.6547251234375 0.3371649546875 0.64340568125 0.3306234078125 0.6285097234375 0.31533644375000003 0.62441359375
0 0.372925740625 0.680285078125 0.3598126171875 0.689914578125 0.358457928125 0.7037057609375 0.3665159921875 0.7129419953125 0.383147640625 0.7163874171875 0.3960889234375 0.71176693125 0.397949115625 0.696089178125 0.390396559375 0.6849663703125 0.372925740625 0.680285078125
0 0.4409287984375 0.740968940625 0.4293321921875 0.7449387203125 0.4209204390625 0.7588609890625 0.42628914375000004 0.7693986374999999 0.4402314328125 0.7741454765625 0.450817028125 0.7739488390625 0.4590569390625 0.7650355859375 0.453526403125 0.7463664828125001 0.4409287984375 0.740968940625
0 0.50730355625 0.7334787046875 0.5054433578124999 0.7491564562499999 0.52089215625 0.761384046875 0.5408904984375 0.7566324640625 0.5439235328125 0.7453130234375 0.5335197921875 0.7273601671875001 0.5199111750000001 0.725735775 0.50730355625 0.7334787046875
0 0.4633328828125 0.6660911453125 0.44803591093749995 0.675135490625 0.44332452968749997 0.6839831953125 0.451544421875 0.701350890625 0.4638083578125 0.7036259874999999 0.4767496453125 0.699005503125 0.48079369375000003 0.6839129109375001 0.4754249875 0.6733752625 0.4633328828125 0.6660911453125
0 0.40087037812500004 0.61093591875 0.38927377343749997 0.6149057 0.3825403671875 0.6312997 0.3884145765625 0.639950778125 0.4045407140625 0.645282771875 0.41748200156250004 0.6406622828125 0.42152605000000004 0.6255696921875 0.41178963749999997 0.613861725 0.40087037812500004 0.61093591875
0 0.5657220125 0.8037265281250001 0.5699178828125 0.809905865625 0.5909172296875 0.8145216140624999 0.5994908140625 0.8087308015625 0.5996726609375 0.7905813125 0.576994965625 0.7834938328125001 0.5670767078125001 0.7899353515625 0.5657220125 0.8037265281250001
0 0.6438251765625 0.8398193828125 0.6317230656249999 0.8456757390625 0.6260006703125 0.8582965953125001 0.6313693828125 0.86883424375 0.6453116640625 0.87358108125 0.6604368 0.8695457515625 0.6634698343750001 0.8582263093750001 0.6586066359375 0.8458020875000001 0.6438251765625 0.8398193828125
0 0.6960357625 0.89829369375 0.6893123640625001 0.9015472234375 0.684762809375 0.9185263890625001 0.6923153671875 0.929649196875 0.7149930671875 0.9367366796875001 0.7284398546874999 0.93022961875 0.73080555625 0.9126652921874999 0.7210691453125 0.90095731875 0.6960357625 0.89829369375
0 0.49582873593750004 0.7981418375 0.48489946718750004 0.8083564984375 0.48471761406249997 0.8265059859375 0.4872351375 0.8302135890625 0.5104183359375 0.8354144984375 0.522186778125 0.8264357015625 0.52135761875 0.8120593625 0.5094373546875001 0.7997662296875 0.49582873593750004 0.7981418375
0 0.5529125296874999 0.855899890625 0.5434997765625 0.8604548328125 0.543317928125 0.8786043234375001 0.553054334375 0.8903122921875 0.567502128125 0.8931725515625001 0.5809489171875 0.886665490625 0.5833146234375 0.869101165625 0.57307270625 0.8592797687499999 0.5529125296874999 0.855899890625
0 0.6241104453124999 0.9133957625000001 0.60881346875 0.9224401062500001 0.6062859375 0.9318729796874999 0.61551684375 0.9454675203124999 0.6299646390625 0.9483277843750001 0.6407220671875 0.9431221328125 0.643755103125 0.9318026890625 0.6388919046875 0.9193784687500001 0.6241104453124999 0.9133957625000001
0 0.1075668453125 0.5262794000000001 0.0986595984375 0.5289477687499999 0.0907533578125 0.5409834640625 0.09729490468749999 0.5558794218750001 0.109053334375 0.56004109375 0.12417847343749999 0.5560057703125 0.1288898578125 0.547158059375 0.1245321578125 0.5328472671875 0.1075668453125 0.5262794000000001
0 0.17389155625 0.5844915265624999 0.1591000859375 0.5916492953125 0.15556154375 0.6048553125 0.16143575625 0.6135063859375001 0.1710103375 0.6170829015625 0.1856299734375 0.614934146875 0.1930307078125 0.6047850265625 0.1864891625 0.58988906875 0.17389155625 0.5844915265624999
0 0.23366470625 0.6409481718750001 0.2171948890625 0.6456342046875 0.2104614890625 0.6620282109375 0.2163356984375 0.670679284375 0.2346456890625 0.6765964390625 0.2497708234375 0.6725611140625001 0.2538148703125 0.6574685234375 0.2501245125 0.6494026125000001 0.23366470625 0.6409481718750001
0 0.28805914062500004 0.7000076390625 0.27276216875000003 0.709051984375 0.2712456515625 0.714711703125 0.2782926984375 0.7277210843749999 0.2944188390625 0.7330530859375 0.30467076875 0.729734009375 0.308714815625 0.7146414171875 0.30334610624999997 0.70410376875 0.28805914062500004 0.7000076390625
0 0.35052165 0.755162871875 0.3384195375 0.761019228125 0.33655934374999996 0.7766969796875001 0.3446174078125 0.785933215625 0.3612490546875 0.7893786375 0.37251199062499996 0.7822864140625 0.3733611734375 0.7703818109375 0.3679924671875 0.7598441625000001 0.35052165 0.755162871875
0 0.4109621359375 0.817864396875 0.39734350625000003 0.8293804734375 0.3975053359375 0.8375119312500001 0.403379546875 0.8461630046874999 0.42437889375 0.8507787531250001 0.4329524765625 0.844987940625 0.43430716562500005 0.8311967625 0.4267546078125 0.8200739531250001 0.4109621359375 0.817864396875
0 0.4761140046875 0.8717182171875001 0.4645173984375 0.875688 0.4566111515625 0.8877236937499999 0.46147435000000003 0.9001479140624999 0.4776004921875 0.9054799109375 0.4900362703125 0.9027459953125 0.494585821875 0.8857668328124999 0.48703326406249997 0.8746440234374999 0.4761140046875 0.8717182171875001
0 0.08028955 0.601873446875 0.07087679687500001 0.606428390625 0.06616541406250001 0.6152760953125 0.06935026562499999 0.6252285828125 0.084465396875 0.634333728125 0.0942118125 0.6329012265625 0.10262356718750001 0.6189789593749999 0.09557651406249999 0.6059695765625001 0.08028955 0.601873446875
0 0.141741046875 0.660801825 0.1318227875 0.6672433421874999 0.12878975312500002 0.6785627828125 0.1346639640625 0.6872138578125 0.15347945937500002 0.6912444437499999 0.1647423984375 0.684152221875 0.16508607656250002 0.6741341875 0.15534966562500002 0.6624262171875 0.141741046875 0.660801825
0 0.2085712578125 0.717127378125 0.1959636390625 0.7248703078125 0.19293060312500002 0.7361897515625 0.2004831625 0.7473125609375 0.21493095625 0.7501728203125 0.22518288593750002 0.7468537484375 0.2287214265625 0.7336477312499999 0.221674375 0.7206383484375001 0.2085712578125 0.717127378125
0 0.27372312656250003 0.7709811984375 0.2594371625 0.7762523890625 0.254887609375 0.793231553125 0.26076181875 0.8018826265625 0.273025759375 0.8041577296875 0.28546154218750003 0.8014238140625001 0.2923567734375 0.79316126875 0.2841368796875 0.775793575 0.27372312656250003 0.7709811984375
0 0.3303014125 0.8306258265625001 0.3160154484375 0.835897021875 0.3102930578125 0.8485178781249999 0.3151562578125 0.8609420999999999 0.333466246875 0.86685925625 0.3459020234375 0.864125340625 0.3526354296875 0.8477313390625 0.3472667234375 0.8371936921875 0.3303014125 0.8306258265625001
0 0.0659535359375 0.6728470015625 0.0570462890625 0.6755153703125 0.0506565578125 0.6818913453125 0.0516575578125 0.6912586703125 0.07651910468749999 0.698931309375 0.0813923171875 0.6982150593750001 0.08391984687500001 0.6887821921875 0.07687279375 0.675772809375 0.0659535359375 0.6728470015625
0 0.122531821875 0.7324916296875 0.11311906875 0.7370465734375 0.10856951562499999 0.7540257390625 0.11444372656249999 0.7626768125 0.13107536875 0.7661222375000001 0.1423383078125 0.7590300156249999 0.1443603328125 0.7514837187500001 0.1356349328125 0.7360025984375 0.122531821875 0.7324916296875
0 0.18717817812499998 0.7882320234375 0.17137570156249998 0.7991629421875001 0.169353678125 0.8067092359375 0.17472238281250002 0.8172468828125 0.19790558281249998 0.8224477921875 0.20328430156250002 0.81984496875 0.2044771609375 0.7979223296875 0.200281296875 0.7917429921875 0.18717817812499998 0.7882320234375
0 0.025573120312499996 0.744930078125 0.0156548609375 0.7513715953125 0.012278143750000001 0.7727090703124999 0.0164740140625 0.778888409375 0.045703260937500004 0.787731371875 0.06016106718749999 0.7774511640624999 0.0608484203125 0.7574151 0.050606503125 0.747593703125 0.025573120312499996 0.744930078125
0 0.48526984687499997 0.32215902343749997 0.47316773437500004 0.3280153796875 0.46912368750000005 0.3431079703125 0.47667624531249997 0.3542307796875 0.4911240421875 0.3570910390625 0.5045708296875 0.3505839796875 0.5076038656249999 0.3392645359375 0.5005568125 0.32625515312500003 0.48526984687499997 0.32215902343749997
0 0.606494496875 0.4375440453125 0.5938868796875 0.445286971875 0.5908538421875 0.45660641875 0.600084746875 0.47020096406249995 0.61453254375 0.47306122500000003 0.624784465625 0.4697421453125 0.6293340187500001 0.45276298437499995 0.6217814625 0.441640175 0.606494496875 0.4375440453125