1 0.15719674374999998 0.08496093593750001 0.14723356875 0.078125 0.13616337812499998 0.076171875 0.11845106875 0.078125 0.10627385468749999 0.08886718906249999 0.10405981718749999 0.0947265625 0.10627385468749999 0.11621093593750001 0.12066510625 0.126953125 0.1439125109375 0.1279296875 0.1594107828125 0.12011718906249999 0.163838859375 0.1123046875 0.163838859375 0.0947265625 0.15719674374999998 0.08496093593750001
1 0.2712197328125 0.08203124843750001 0.257935503125 0.078125 0.24243723281250001 0.080078125 0.23247405781250002 0.08691406406249999 0.2258319421875 0.0966796875 0.2258319421875 0.1123046875 0.23026001875 0.12011718906249999 0.24243723281250001 0.1289062484375 0.246865309375 0.1308593734375 0.26568463750000004 0.1298828109375 0.2789688703125 0.1220703125 0.285610984375 0.1103515625 0.285610984375 0.10058593593750001 0.2712197328125 0.08203124843750001
1 0.22140386250000002 0.1767578109375 0.2136547296875 0.1679687515625 0.20037049687500003 0.1621093734375 0.1893003046875 0.1621093734375 0.17823011093750002 0.1660156265625 0.163838859375 0.1826171890625 0.163838859375 0.1923828109375 0.1682669390625 0.2021484375 0.17823011093750002 0.2109375015625 0.1926213625 0.2138671890625 0.2047985765625 0.2128906265625 0.2136547296875 0.2089843734375 0.22361790468749998 0.1943359359375 0.22140386250000002 0.1767578109375
1 0.34539003125 0.1806640640625 0.34096194999999996 0.1728515625 0.328784740625 0.1621093734375 0.30664435156250003 0.1621093734375 0.2900390609375 0.1728515625 0.285610984375 0.1884765625 0.29225310000000004 0.2041015625 0.29778819843750004 0.2089843734375 0.30664435156250003 0.2128906265625 0.318821565625 0.2138671890625 0.3265706984375 0.2128906265625 0.34096194999999996 0.2041015625 0.34539003125 0.1962890640625 0.34539003125 0.1806640640625
1 0.402955034375 0.0908203125 0.39077782031249997 0.080078125 0.3708514734375 0.078125 0.357567240625 0.08398437343750001 0.34981810625 0.0927734375 0.34760406875 0.1103515625 0.34981810625 0.11621093593750001 0.3619953171875 0.126953125 0.37527955 0.1308593734375 0.3830286875 0.1298828109375 0.39299185937500003 0.126953125 0.40516907187499995 0.11621093593750001 0.4073831109375 0.10253906406249999 0.402955034375 0.0908203125
1 0.514763984375 0.08398437343750001 0.5059078328125 0.080078125 0.4904095609375 0.080078125 0.4715902328125 0.0908203125 0.46937619062499997 0.11425781093750001 0.47712532812499997 0.126953125 0.49262360000000005 0.1328124984375 0.5070148515625 0.1318359359375 0.514763984375 0.1289062484375 0.5247271609374999 0.12011718906249999 0.5269411984375 0.10058593593750001 0.514763984375 0.08398437343750001
1 0.4527709046875 0.1660156265625 0.4439147484375 0.1621093734375 0.42841647656250004 0.1621093734375 0.4173462859375 0.1660156265625 0.4095971484375 0.1728515625 0.40516907187499995 0.1806640640625 0.40516907187499995 0.1962890640625 0.4095971484375 0.2041015625 0.4217743625 0.2128906265625 0.44280772968750004 0.2138671890625 0.45055686250000004 0.2109375015625 0.4605200375 0.2021484375 0.4627340765625 0.1806640640625 0.4527709046875 0.1660156265625
1 0.5822921640625001 0.1826171890625 0.5656868734375 0.1679687515625 0.5435464890625 0.1679687515625 0.5269411984375 0.1826171890625 0.5269411984375 0.2021484375 0.54133245 0.216796875 0.5645798546874999 0.2177734375 0.5723289890625 0.2148437515625 0.5822921640625001 0.2041015625 0.5845062015625 0.1962890640625 0.5822921640625001 0.1826171890625
1 0.6398571671875 0.10058593593750001 0.6376431296875 0.0947265625 0.6276799546875 0.08593750156249999 0.6188238015625 0.08203124843750001 0.60332553125 0.08203124843750001 0.586720240625 0.0927734375 0.5822921640625001 0.10058593593750001 0.5822921640625001 0.11425781093750001 0.5845062015625 0.12011718906249999 0.596683415625 0.1308593734375 0.61328870625 0.1337890640625 0.6210378390625 0.1328124984375 0.633215053125 0.1259765625 0.6398571671875 0.11621093593750001 0.6398571671875 0.10058593593750001
1 0.696315153125 0.1640624984375 0.6763888046875 0.158203125 0.6653186140625 0.1621093734375 0.6531414 0.1728515625 0.648713325 0.1865234375 0.658676496875 0.205078125 0.6719607296875 0.2109375015625 0.68856601875 0.2099609359375 0.6941011140625 0.2089843734375 0.706278328125 0.1962890640625 0.706278328125 0.1748046875 0.696315153125 0.1640624984375
1 0.7206695796875 0.07421875156249999 0.7118134234375 0.078125 0.7040642906250001 0.08691406406249999 0.7018502515625 0.1064453125 0.7140274625 0.12109375156249999 0.72288361875 0.125 0.741702946875 0.1240234375 0.75941525625 0.1083984375 0.75941525625 0.08691406406249999 0.742809965625 0.07421875156249999 0.7206695796875 0.07421875156249999
1 0.8701171875 0.0810546875 0.8645820921875 0.076171875 0.8490838203125 0.07031249843750001 0.8402276640625 0.07031249843750001 0.824729396875 0.076171875 0.8191942984375 0.0810546875 0.816980259375 0.1064453125 0.8335855499999999 0.12109375156249999 0.8380136265625 0.123046875 0.852404878125 0.1220703125 0.8656891109375 0.11621093593750001 0.8767593046875 0.10253906406249999 0.8767593046875 0.0947265625 0.8701171875 0.0810546875
1 0.8092311265625 0.1621093734375 0.8003749687499999 0.158203125 0.780448621875 0.158203125 0.7638433328125 0.1728515625 0.7638433328125 0.1923828109375 0.7760205453125 0.205078125 0.7848766984375 0.2089843734375 0.8014819890625 0.2080078109375 0.814766221875 0.2001953125 0.8214083359375 0.1865234375 0.8214083359375 0.1748046875 0.8092311265625 0.1621093734375
1 0.6464992828125 0.2548828109375 0.6387501484375 0.248046875 0.614395725 0.2460937515625 0.60553956875 0.25 0.597790434375 0.2587890640625 0.593362359375 0.2685546875 0.593362359375 0.2763671890625 0.597790434375 0.2861328109375 0.60775360625 0.294921875 0.6210378390625 0.298828125 0.6287869765625 0.2978515625 0.6387501484375 0.294921875 0.648713325 0.2861328109375 0.6531414 0.2705078109375 0.6464992828125 0.2548828109375
1 0.7660573703125 0.2587890640625 0.75166611875 0.2460937515625 0.7295257328125 0.2460937515625 0.7107064046875 0.2626953125 0.7084923671875 0.2705078109375 0.7107064046875 0.2802734375 0.72288361875 0.2929687515625 0.7317397703124999 0.296875 0.7483450609375 0.2958984375 0.7560941984375 0.2929687515625 0.7660573703125 0.2822265625 0.7682714078124999 0.2763671890625 0.7660573703125 0.2587890640625
1 0.8767593046875 0.2509765625 0.8645820921875 0.2421875015625 0.84465574375 0.2402343734375 0.8280504546874999 0.2509765625 0.8236223734375001 0.2587890640625 0.8236223734375001 0.2763671890625 0.8380136265625 0.2910156265625 0.8612610343749999 0.2919921890625 0.8767593046875 0.2822265625 0.8834014203124999 0.2705078109375 0.8834014203124999 0.2607421890625 0.8767593046875 0.2509765625
1 0.522513121875 0.2705078109375 0.5180850421875001 0.2607421890625 0.5103359078125 0.2539062484375 0.49705167499999997 0.248046875 0.48376744218749995 0.248046875 0.474911290625 0.251953125 0.46494811406250003 0.2626953125 0.4627340765625 0.2802734375 0.474911290625 0.296875 0.4881955234375 0.3007812484375 0.4981586953125 0.2998046875 0.5081218703125 0.296875 0.5180850421875001 0.2880859359375 0.522513121875 0.2783203125 0.522513121875 0.2705078109375
1 0.38856378281250004 0.25 0.3619953171875 0.248046875 0.34539003125 0.2607421890625 0.3431759890625 0.2666015625 0.34539003125 0.2841796875 0.3553532015625 0.294921875 0.364209359375 0.298828125 0.3830286875 0.2978515625 0.3985269546875 0.2880859359375 0.402955034375 0.2783203125 0.402955034375 0.2666015625 0.38856378281250004 0.25
1 0.283396946875 0.2626953125 0.2789688703125 0.2548828109375 0.26457761875 0.2460937515625 0.2535074234375 0.2441406265625 0.24243723281250001 0.2460937515625 0.22804598125000003 0.2568359359375 0.22361790468749998 0.2646484375 0.2258319421875 0.2802734375 0.24465127031249997 0.296875 0.26568463750000004 0.2958984375 0.27564781250000003 0.2910156265625 0.283396946875 0.2802734375 0.285610984375 0.2744140640625 0.283396946875 0.2626953125
1 0.1616248203125 0.2587890640625 0.14944760625 0.25 0.1317352984375 0.2460937515625 0.12066510625 0.25 0.10848789375000001 0.2607421890625 0.10627385468749999 0.2841796875 0.11845106875 0.296875 0.129521259375 0.3007812484375 0.1416984734375 0.2998046875 0.1594107828125 0.2919921890625 0.166052896875 0.2802734375 0.166052896875 0.2685546875 0.1616248203125 0.2587890640625
1 0.20258453437499999 0.3339843734375 0.18708626718750002 0.3339843734375 0.1704809765625 0.3447265625 0.166052896875 0.3525390640625 0.166052896875 0.3701171890625 0.17601607187499999 0.3808593734375 0.184872225 0.3847656265625 0.20590559531250002 0.3837890640625 0.22140386250000002 0.3740234375 0.2258319421875 0.3544921890625 0.2136547296875 0.3378906265625 0.20258453437499999 0.3339843734375
1 0.3265706984375 0.3339843734375 0.3000022359375 0.3320312484375 0.285610984375 0.3427734375 0.2811829078125 0.3505859359375 0.2811829078125 0.3623046875 0.293360121875 0.3789062484375 0.30664435156250003 0.3828124984375 0.318821565625 0.3818359359375 0.328784740625 0.3789062484375 0.3387479125 0.3681640640625 0.34096194999999996 0.3505859359375 0.3265706984375 0.3339843734375
1 0.4461287859375 0.3359375015625 0.4217743625 0.3339843734375 0.41291820625 0.3378906265625 0.402955034375 0.3486328109375 0.40074099687500003 0.3544921890625 0.402955034375 0.3701171890625 0.41291820625 0.3808593734375 0.4217743625 0.3847656265625 0.44280772968750004 0.3837890640625 0.4538779234375 0.3779296875 0.4605200375 0.3662109359375 0.4605200375 0.3525390640625 0.4461287859375 0.3359375015625
1 0.586720240625 0.3427734375 0.5723289890625 0.330078125 0.5634728359375 0.328125 0.547974565625 0.330078125 0.5313692750000001 0.3447265625 0.5291552359375 0.3505859359375 0.5313692750000001 0.3642578109375 0.547974565625 0.3789062484375 0.56900793125 0.3798828109375 0.57675706875 0.376953125 0.586720240625 0.3662109359375 0.588934278125 0.3603515625 0.586720240625 0.3427734375
1 0.707385346875 0.3398437515625 0.6830309234375 0.330078125 0.6653186140625 0.3378906265625 0.6575694765625 0.3466796875 0.6553554390625 0.3642578109375 0.6575694765625 0.3701171890625 0.669746690625 0.3808593734375 0.68081688125 0.3847656265625 0.6907800578125001 0.3837890640625 0.7007432328125 0.3808593734375 0.7129204421875001 0.3681640640625 0.71513448125 0.3505859359375 0.707385346875 0.3398437515625
1 0.8302644921875 0.3447265625 0.818087278125 0.3320312484375 0.8003749687499999 0.330078125 0.7826626609375 0.3359375015625 0.7749135265625 0.3427734375 0.7726994890625 0.3642578109375 0.7848766984375 0.3789062484375 0.7959468937499999 0.3828124984375 0.80812410625 0.3818359359375 0.818087278125 0.3789062484375 0.825836415625 0.3720703125 0.8302644921875 0.3623046875 0.8302644921875 0.3447265625
1 0.3985269546875 0.4345703125 0.38634974375 0.423828125 0.3774935875 0.419921875 0.36642339687500003 0.419921875 0.3531391640625 0.4257812484375 0.34539003125 0.4326171890625 0.3431759890625 0.4560546875 0.3531391640625 0.46875 0.36863743437499996 0.4746093734375 0.37638656875 0.4736328109375 0.396312915625 0.4619140640625 0.40074099687500003 0.4521484375 0.40074099687500003 0.4404296875 0.3985269546875 0.4345703125
1 0.5291552359375 0.4267578109375 0.5169780234375 0.4160156265625 0.5103359078125 0.4140624984375 0.4904095609375 0.4160156265625 0.47823234687499994 0.4267578109375 0.4738042703125 0.4345703125 0.4738042703125 0.4482421890625 0.47823234687499994 0.4560546875 0.4904095609375 0.4648437515625 0.513656965625 0.4658203125 0.5214061 0.4628906265625 0.5313692750000001 0.4521484375 0.5335833125 0.4345703125 0.5291552359375 0.4267578109375
1 0.40074099687500003 0.4404296875 0.3985269546875 0.4345703125 0.38634974375 0.423828125 0.3774935875 0.419921875 0.36863743437499996 0.419921875 0.3531391640625 0.4257812484375 0.34539003125 0.4326171890625 0.34096194999999996 0.4482421890625 0.34760406875 0.4638671890625 0.3531391640625 0.46875 0.36863743437499996 0.4746093734375 0.37638656875 0.4736328109375 0.38856378281250004 0.46875 0.396312915625 0.4619140640625 0.40074099687500003 0.4541015625 0.40074099687500003 0.4404296875
1 0.2690056953125 0.4257812484375 0.257935503125 0.421875 0.246865309375 0.421875 0.2313670375 0.4277343734375 0.22140386250000002 0.4423828109375 0.22140386250000002 0.4521484375 0.2258319421875 0.4619140640625 0.24465127031249997 0.4746093734375 0.2634706 0.4736328109375 0.2767548328125 0.4638671890625 0.2811829078125 0.4560546875 0.2789688703125 0.4345703125 0.2690056953125 0.4257812484375
1 0.1616248203125 0.4306640640625 0.15166164843750002 0.423828125 0.1428054921875 0.419921875 0.12730722187500002 0.419921875 0.12066510625 0.421875 0.10627385468749999 0.4365234375 0.10405981718749999 0.4521484375 0.10848789375000001 0.4599609359375 0.12066510625 0.470703125 0.13616337812499998 0.4746093734375 0.1439125109375 0.4736328109375 0.15166164843750002 0.470703125 0.163838859375 0.4599609359375 0.166052896875 0.4384765625 0.1616248203125 0.4306640640625
1 0.6509273624999999 0.4345703125 0.64428524375 0.4228515625 0.634322071875 0.4160156265625 0.614395725 0.4140624984375 0.597790434375 0.4228515625 0.5911483171875 0.4365234375 0.5911483171875 0.4423828109375 0.5955763968750001 0.4541015625 0.60553956875 0.4628906265625 0.6188238015625 0.466796875 0.624358896875 0.4658203125 0.6321080343750001 0.4648437515625 0.64428524375 0.4580078109375 0.6509273624999999 0.4462890640625 0.6509273624999999 0.4345703125
1 0.5845062015625 0.5126953125 0.57675706875 0.5058593734375 0.5679009125000001 0.501953125 0.5546166796875001 0.501953125 0.5435464890625 0.5058593734375 0.5335833125 0.5146484375 0.5291552359375 0.5244140640625 0.5291552359375 0.5322265625 0.5357973515625 0.5439453125 0.5435464890625 0.5507812484375 0.5546166796875001 0.5546875015625 0.56679389375 0.5537109359375 0.5723289890625 0.5527343734375 0.586720240625 0.5400390640625 0.588934278125 0.5224609359375 0.5845062015625 0.5126953125
1 0.45498494218749996 0.5039062484375 0.432844553125 0.501953125 0.41402522499999994 0.5146484375 0.4118111875 0.5361328109375 0.4262024390625 0.5527343734375 0.44944984374999997 0.5537109359375 0.45719898125 0.5507812484375 0.46937619062499997 0.5361328109375 0.46937619062499997 0.5166015625 0.45498494218749996 0.5039062484375
1 0.3387479125 0.5302734375 0.33431983593750003 0.5224609359375 0.322142621875 0.5117187515625 0.30221627500000003 0.5097656265625 0.2889320421875 0.515625 0.2789688703125 0.5263671890625 0.2789688703125 0.5458984375 0.2911460796875 0.5585937515625 0.3000022359375 0.5625 0.3166075265625 0.5615234375 0.322142621875 0.560546875 0.33431983593750003 0.5498046875 0.3387479125 0.5419921890625 0.3387479125 0.5302734375
1 0.209226653125 0.5117187515625 0.1893003046875 0.5078124984375 0.17601607187499999 0.5117187515625 0.166052896875 0.5205078109375 0.1616248203125 0.5302734375 0.1616248203125 0.5400390640625 0.173802034375 0.5566406265625 0.184872225 0.560546875 0.1970494390625 0.5595703125 0.20701261406250002 0.5585937515625 0.219189825 0.5478515625 0.22140386250000002 0.5263671890625 0.209226653125 0.5117187515625
1 0.1616248203125 0.6064453125 0.14501953125 0.5976562484375 0.129521259375 0.5976562484375 0.11180894999999999 0.6015624984375 0.10405981718749999 0.6123046875 0.101845778125 0.6240234375 0.10627385468749999 0.6396484375 0.12509318281249998 0.6503906265625 0.1439125109375 0.6494140640625 0.1538756875 0.6464843734375 0.166052896875 0.6337890640625 0.1682669390625 0.6220703125 0.1616248203125 0.6064453125
1 0.2767548328125 0.6103515625 0.26457761875 0.6015624984375 0.24243723281250001 0.6015624984375 0.2313670375 0.607421875 0.22361790468749998 0.6181640640625 0.22140386250000002 0.6259765625 0.22361790468749998 0.6357421890625 0.22804598125000003 0.6435546875 0.24022319531249997 0.6523437515625 0.26568463750000004 0.6513671890625 0.2767548328125 0.6435546875 0.2811829078125 0.6357421890625 0.2811829078125 0.6181640640625 0.2767548328125 0.6103515625
1 0.4073831109375 0.6083984375 0.39520589687499996 0.59375 0.38634974375 0.5898437515625 0.3708514734375 0.5898437515625 0.35203214531250004 0.6025390640625 0.34760406875 0.6103515625 0.34760406875 0.6220703125 0.357567240625 0.6367187515625 0.37306551093749996 0.642578125 0.385242725 0.6416015625 0.39077782031249997 0.640625 0.402955034375 0.6318359359375 0.4073831109375 0.6240234375 0.4073831109375 0.6083984375
1 0.5313692750000001 0.6103515625 0.5269411984375 0.6005859359375 0.5169780234375 0.591796875 0.49262360000000005 0.5898437515625 0.48376744218749995 0.59375 0.4738042703125 0.6044921890625 0.4715902328125 0.6220703125 0.4738042703125 0.6279296875 0.48598148124999996 0.638671875 0.4992657140625 0.642578125 0.504800809375 0.6416015625 0.512549946875 0.640625 0.5247271609374999 0.6337890640625 0.5313692750000001 0.6220703125 0.5313692750000001 0.6103515625
1 0.6509273624999999 0.6044921890625 0.6365361109375 0.5898437515625 0.6099676453125 0.5878906265625 0.5911483171875 0.6044921890625 0.588934278125 0.6162109359375 0.593362359375 0.6298828109375 0.6011114921875 0.6367187515625 0.6121816875 0.640625 0.633215053125 0.6396484375 0.6409641875000001 0.6367187515625 0.6509273624999999 0.6259765625 0.6531414 0.6162109359375 0.6509273624999999 0.6044921890625
1 0.7682714078124999 0.6103515625 0.7560941984375 0.59375 0.7472380421875 0.5898437515625 0.7273116953125001 0.5898437515625 0.7129204421875001 0.6005859359375 0.7084923671875 0.6083984375 0.7084923671875 0.6220703125 0.7184555421875001 0.6367187515625 0.733953809375 0.642578125 0.7394889078125 0.6416015625 0.7538801609375 0.638671875 0.7638433328125 0.6298828109375 0.7682714078124999 0.6201171890625 0.7682714078124999 0.6103515625
1 0.7660573703125 0.4287109359375 0.75166611875 0.419921875 0.7317397703124999 0.419921875 0.7173485187499999 0.4306640640625 0.7129204421875001 0.4384765625 0.7129204421875001 0.4521484375 0.72509765625 0.466796875 0.733953809375 0.470703125 0.7505591 0.4697265625 0.7583082359375 0.466796875 0.7682714078124999 0.4580078109375 0.77048545 0.4365234375 0.7660573703125 0.4287109359375
1 0.8856154578125001 0.4384765625 0.88118738125 0.4306640640625 0.8690101671875 0.419921875 0.8468697828125 0.4179687515625 0.8280504546874999 0.4326171890625 0.8280504546874999 0.4541015625 0.8402276640625 0.466796875 0.8490838203125 0.470703125 0.863475071875 0.4697265625 0.87122420625 0.466796875 0.88118738125 0.4580078109375 0.8856154578125001 0.4501953125 0.8856154578125001 0.4384765625
1 0.687459 0.501953125 0.667532653125 0.501953125 0.6564624578125 0.5078124984375 0.648713325 0.5185546875 0.648713325 0.5361328109375 0.667532653125 0.5527343734375 0.68856601875 0.5517578109375 0.706278328125 0.5361328109375 0.706278328125 0.5185546875 0.7018502515625 0.5107421890625 0.687459 0.501953125
1 0.8324785312499999 0.5263671890625 0.8280504546874999 0.5166015625 0.8203013171875 0.5097656265625 0.8070170875 0.5058593734375 0.7959468937499999 0.5058593734375 0.7870907359375 0.5097656265625 0.7749135265625 0.5205078109375 0.7749135265625 0.5419921890625 0.7870907359375 0.5546875015625 0.8003749687499999 0.5585937515625 0.80812410625 0.5576171890625 0.815873240625 0.5566406265625 0.825836415625 0.5498046875 0.8324785312499999 0.5380859359375 0.8324785312499999 0.5263671890625
1 0.8856154578125001 0.6044921890625 0.877866325 0.5976562484375 0.8601540156249999 0.591796875 0.8468697828125 0.595703125 0.8346925687500001 0.6064453125 0.8302644921875 0.6162109359375 0.8302644921875 0.6240234375 0.8346925687500001 0.6337890640625 0.851297859375 0.6464843734375 0.8701171875 0.6455078109375 0.8856154578125001 0.6357421890625 0.8900435343750001 0.6279296875 0.8900435343750001 0.6142578109375 0.8856154578125001 0.6044921890625
1 0.22140386250000002 0.7080078109375 0.2147617484375 0.6962890640625 0.2047985765625 0.689453125 0.1826581875 0.6875 0.163838859375 0.7001953125 0.1594107828125 0.7080078109375 0.1594107828125 0.7177734375 0.1616248203125 0.7255859359375 0.1693739578125 0.734375 0.184872225 0.7402343734375 0.1926213625 0.7392578109375 0.20701261406250002 0.736328125 0.21697578593750003 0.7275390640625 0.22140386250000002 0.7177734375 0.22140386250000002 0.7080078109375
1 0.34981810625 0.6943359359375 0.33985493125 0.6835937515625 0.330998778125 0.6796875015625 0.30885838906249996 0.6816406265625 0.2966811796875 0.6904296875 0.29225310000000004 0.6982421890625 0.294467140625 0.7197265625 0.31328646875 0.732421875 0.3321057984375 0.7314453125 0.33985493125 0.7285156265625 0.34981810625 0.7177734375 0.35203214531250004 0.7119140640625 0.34981810625 0.6943359359375
1 0.45941301875 0.6835937515625 0.45055686250000004 0.6796875015625 0.432844553125 0.6796875015625 0.4162392671875 0.6904296875 0.4118111875 0.6982421890625 0.4118111875 0.7138671890625 0.4239884 0.7285156265625 0.4350585953125 0.732421875 0.44944984374999997 0.7314453125 0.45941301875 0.7285156265625 0.46937619062499997 0.7177734375 0.4715902328125 0.6982421890625 0.45941301875 0.6835937515625
1 0.57897110625 0.6796875015625 0.57011495 0.6757812484375 0.5568307171875 0.6757812484375 0.5457605265625001 0.6796875015625 0.5357973515625 0.6884765625 0.5335833125 0.7119140640625 0.552402640625 0.7285156265625 0.57122196875 0.7275390640625 0.57675706875 0.7265624984375 0.588934278125 0.7158203125 0.5911483171875 0.6923828109375 0.57897110625 0.6796875015625
1 0.706278328125 0.6923828109375 0.696315153125 0.6816406265625 0.68081688125 0.6757812484375 0.6741747671875 0.6757812484375 0.663104571875 0.6796875015625 0.6509273624999999 0.6904296875 0.648713325 0.7099609359375 0.663104571875 0.7265624984375 0.6741747671875 0.7304687515625 0.6819238999999999 0.7294921890625 0.696315153125 0.7246093734375 0.7018502515625 0.7197265625 0.706278328125 0.7119140640625 0.706278328125 0.6923828109375
1 0.815873240625 0.6835937515625 0.8048030453124999 0.6777343734375 0.789304778125 0.6777343734375 0.7826626609375 0.6796875015625 0.77048545 0.6904296875 0.7660573703125 0.6982421890625 0.7660573703125 0.7080078109375 0.77048545 0.7177734375 0.7826626609375 0.7285156265625 0.8036960265624999 0.7294921890625 0.8191942984375 0.7216796875 0.8280504546874999 0.7041015625 0.8214083359375 0.6884765625 0.815873240625 0.6835937515625
1 0.1616248203125 0.7900390640625 0.14501953125 0.779296875 0.1228791453125 0.779296875 0.10405981718749999 0.7900390640625 0.101845778125 0.8115234375 0.11180894999999999 0.826171875 0.129521259375 0.8320312484375 0.1416984734375 0.8310546875 0.15166164843750002 0.828125 0.1616248203125 0.8193359359375 0.163838859375 0.7958984375 0.1616248203125 0.7900390640625
1 0.285610984375 0.7861328109375 0.2734337703125 0.7734375015625 0.2623635796875 0.7695312484375 0.24907934687500002 0.7695312484375 0.23026001875 0.7822265625 0.2258319421875 0.7900390640625 0.2258319421875 0.8037109359375 0.24022319531249997 0.8203124984375 0.2535074234375 0.8242187515625 0.2612565609375 0.8232421890625 0.26679165625 0.8222656265625 0.2811829078125 0.8115234375 0.285610984375 0.8037109359375 0.285610984375 0.7861328109375
1 0.41402522499999994 0.7841796875 0.404062053125 0.7734375015625 0.39520589687499996 0.7695312484375 0.38856378281250004 0.767578125 0.37306551093749996 0.7695312484375 0.36088829843750003 0.7783203125 0.35646022187500004 0.7861328109375 0.3542461828125 0.7919921890625 0.35646022187500004 0.8056640640625 0.3708514734375 0.8203124984375 0.394098878125 0.8212890640625 0.401848015625 0.8183593734375 0.41402522499999994 0.8056640640625 0.4162392671875 0.7998046875 0.41402522499999994 0.7841796875
1 0.514763984375 0.767578125 0.4904095609375 0.767578125 0.4738042703125 0.7802734375 0.4715902328125 0.7861328109375 0.4738042703125 0.8056640640625 0.4904095609375 0.8183593734375 0.513656965625 0.8173828109375 0.5291552359375 0.8037109359375 0.5313692750000001 0.7958984375 0.5291552359375 0.7822265625 0.514763984375 0.767578125
1 0.6509273624999999 0.7880859359375 0.64428524375 0.7763671890625 0.634322071875 0.7695312484375 0.6099676453125 0.767578125 0.5988974546875 0.7734375015625 0.5911483171875 0.7841796875 0.5911483171875 0.8037109359375 0.60775360625 0.8183593734375 0.624358896875 0.8193359359375 0.6365361109375 0.8164062484375 0.6464992828125 0.8076171890625 0.6509273624999999 0.7998046875 0.6509273624999999 0.7880859359375
1 0.76162929375 0.7802734375 0.7472380421875 0.767578125 0.7405959281250001 0.765625 0.7206695796875 0.767578125 0.706278328125 0.7802734375 0.7040642906250001 0.7861328109375 0.706278328125 0.8037109359375 0.7162415 0.814453125 0.72509765625 0.8183593734375 0.743916984375 0.8173828109375 0.75166611875 0.814453125 0.76162929375 0.8037109359375 0.7638433328125 0.7978515625 0.76162929375 0.7802734375
1 0.8822943999999999 0.7617187515625 0.8734382437500001 0.7578124984375 0.8579399734375001 0.7578124984375 0.8391206453125 0.7705078109375 0.8346925687500001 0.7802734375 0.83690660625 0.7939453125 0.8557259343749999 0.810546875 0.87897334375 0.8095703125 0.8944716109374999 0.7939453125 0.896685653125 0.7861328109375 0.8944716109374999 0.7744140640625 0.8822943999999999 0.7617187515625
1 0.706278328125 0.8701171890625 0.696315153125 0.861328125 0.6852449625 0.857421875 0.6719607296875 0.857421875 0.660890534375 0.861328125 0.6531414 0.8681640640625 0.648713325 0.8759765625 0.648713325 0.8896484375 0.660890534375 0.90625 0.669746690625 0.9101562484375 0.68635198125 0.9091796875 0.6941011140625 0.908203125 0.706278328125 0.8955078109375 0.7084923671875 0.8759765625 0.706278328125 0.8701171890625
1 0.5546166796875001 0.8652343734375 0.53247629375 0.8632812484375 0.5258341796875 0.8652343734375 0.513656965625 0.8759765625 0.5092288890625001 0.8857421890625 0.5092288890625001 0.8935546875 0.513656965625 0.9052734375 0.5214061 0.9121093734375 0.5369043703124999 0.9179687515625 0.5446535078125 0.9169921890625 0.5546166796875001 0.9140624984375 0.56679389375 0.9033203125 0.56900793125 0.8798828109375 0.5546166796875001 0.8652343734375
1 0.39077782031249997 0.875 0.36642339687500003 0.873046875 0.34981810625 0.8837890640625 0.34539003125 0.8916015625 0.34539003125 0.9072265625 0.357567240625 0.921875 0.36642339687500003 0.9257812484375 0.385242725 0.9248046875 0.39299185937500003 0.921875 0.402955034375 0.9111328109375 0.40516907187499995 0.8916015625 0.39077782031249997 0.875
1 0.283396946875 0.8935546875 0.2690056953125 0.876953125 0.24465127031249997 0.875 0.2258319421875 0.8876953125 0.22140386250000002 0.9033203125 0.22804598125000003 0.9169921890625 0.2357951140625 0.923828125 0.246865309375 0.9277343734375 0.2590425234375 0.9267578109375 0.26679165625 0.9257812484375 0.2789688703125 0.9150390640625 0.283396946875 0.9052734375 0.283396946875 0.8935546875
1 0.166052896875 0.9013671890625 0.1538756875 0.888671875 0.1405914546875 0.8847656265625 0.12509318281249998 0.8867187515625 0.10627385468749999 0.8974609359375 0.10405981718749999 0.9189453125 0.11845106875 0.935546875 0.12730722187500002 0.939453125 0.14612655000000002 0.9384765625 0.1538756875 0.935546875 0.166052896875 0.9228515625 0.1682669390625 0.9150390640625 0.166052896875 0.9013671890625
1 0.8346925687500001 0.8603515625 0.824729396875 0.8496093734375 0.815873240625 0.845703125 0.79816093125 0.845703125 0.779341603125 0.8583984375 0.7771275656250001 0.8818359359375 0.789304778125 0.8945312484375 0.79816093125 0.8984375015625 0.814766221875 0.8974609359375 0.826943434375 0.892578125 0.8346925687500001 0.8837890640625 0.83690660625 0.8759765625 0.8346925687500001 0.8603515625
1 0.877866325 0.9316406265625 0.8623680531250001 0.9316406265625 0.843548725 0.9443359359375 0.8391206453125 0.9541015625 0.8391206453125 0.9638671890625 0.8457627640625001 0.9755859359375 0.853511896875 0.982421875 0.8690101671875 0.9882812484375 0.8834014203124999 0.9873046875 0.9033277671875 0.9697265625 0.9011137296875 0.9521484375 0.8867224765625 0.935546875 0.877866325 0.9316406265625
1 0.7749135265625 0.9501953125 0.7627363125 0.939453125 0.7560941984375 0.9375 0.7317397703124999 0.939453125 0.7195625609375 0.9521484375 0.7173485187499999 0.9716796875 0.7217766 0.9794921890625 0.7361678515625 0.9902343734375 0.75941525625 0.9892578109375 0.769378428125 0.984375 0.7749135265625 0.9775390640625 0.7771275656250001 0.9716796875 0.7749135265625 0.9501953125
1 0.6398571671875 0.9541015625 0.625465915625 0.9433593734375 0.60553956875 0.9433593734375 0.588934278125 0.9541015625 0.5845062015625 0.9619140640625 0.5845062015625 0.9794921890625 0.60332553125 0.9960937515625 0.624358896875 0.9951171890625 0.6321080343750001 0.9921875015625 0.64207120625 0.9833984375 0.64428524375 0.9619140640625 0.6398571671875 0.9541015625
1 0.4848744625 0.9560546875 0.474911290625 0.9472656265625 0.46384109531249995 0.9433593734375 0.4527709046875 0.9433593734375 0.44170070937499994 0.9472656265625 0.43395157187500005 0.9541015625 0.42509542031249997 0.9775390640625 0.431737534375 0.9892578109375 0.439486671875 0.9960937515625 0.4527709046875 1 0.46494811406250003 0.9990234375 0.4815534046875 0.9902343734375 0.487088503125 0.9833984375 0.48930254218749997 0.9658203125 0.4848744625 0.9560546875