1 0.163445721875 0.2646484375 0.15644090625 0.2529296890625 0.14826862031250002 0.2460937484375 0.12258429374999999 0.2441406265625 0.106239721875 0.2519531265625 0.10040237187500001 0.2587890625 0.09573249687499999 0.2666015625 0.0980674359375 0.2783203109375 0.1132445375 0.2929687484375 0.12491923281249999 0.296875 0.1377613953125 0.2958984375 0.14593367968749998 0.2949218734375 0.1541059703125 0.2900390625 0.163445721875 0.2763671890625 0.163445721875 0.2646484375
1 0.2708529140625 0.2568359375 0.2603456875 0.25 0.253340871875 0.2480468734375 0.23466136093749998 0.25 0.21714932031249998 0.2646484375 0.21714932031249998 0.2822265625 0.2218191953125 0.2900390625 0.2369963 0.2988281265625 0.25917821874999997 0.2978515625 0.2755227890625 0.2841796890625 0.2778577296875 0.2744140625 0.2755227890625 0.2646484375 0.2708529140625 0.2568359375
1 0.386432390625 0.2734375 0.37709263593750003 0.2695312515625 0.3514083046875 0.2714843734375 0.33856614218750003 0.2822265625 0.336231203125 0.2880859375 0.33856614218750003 0.3056640625 0.35374324375 0.3183593734375 0.3782601046875 0.3173828109375 0.3946046765625 0.3037109375 0.39693961718750004 0.2978515625 0.3946046765625 0.2822265625 0.386432390625 0.2734375
1 0.5323660718750001 0.2587890625 0.5218588453125 0.2460937484375 0.512519090625 0.2421875 0.4938395796875 0.2421875 0.4844998234375 0.2460937484375 0.47399259843749997 0.2568359375 0.4716576609375 0.2626953109375 0.47399259843749997 0.2783203109375 0.4844998234375 0.2890625 0.4938395796875 0.2929687484375 0.5113516203125 0.2919921890625 0.51952390625 0.2890625 0.5276961953125 0.2822265625 0.5323660718750001 0.2744140625 0.5323660718750001 0.2587890625
1 0.63860579375 0.2402343734375 0.6316009734375 0.2382812515625 0.6152564015624999 0.2402343734375 0.5977443609375 0.2548828109375 0.5977443609375 0.2724609375 0.6047491765624999 0.2822265625 0.6175913421875 0.2890625 0.6374383234375001 0.2880859375 0.645610609375 0.2851562515625 0.658452775 0.2705078109375 0.656117834375 0.2529296890625 0.63860579375 0.2402343734375
1 0.1587758453125 0.0869140625 0.14826862031250002 0.078125 0.136593925 0.07421874843750001 0.1179144140625 0.07421874843750001 0.1027373125 0.0869140625 0.10040237187500001 0.1083984375 0.115579478125 0.12304687343750001 0.12491923281249999 0.1269531265625 0.142431275 0.1259765625 0.1529385 0.12109374843750001 0.1611107859375 0.11230468906249999 0.163445721875 0.0947265625 0.1587758453125 0.0869140625
1 0.262680628125 0.07617187343750001 0.253340871875 0.07421874843750001 0.2369963 0.07617187343750001 0.21948425624999998 0.09082031093750001 0.21714932031249998 0.09863281093750001 0.21948425624999998 0.1103515625 0.22999148125 0.12109374843750001 0.2393312375 0.125 0.2615131578125 0.1240234375 0.2778577296875 0.1103515625 0.28019266875 0.1025390625 0.2778577296875 0.0869140625 0.262680628125 0.07617187343750001
1 0.208977034375 0.1640625 0.199637278125 0.1601562515625 0.1762878875 0.1601562515625 0.1587758453125 0.1728515625 0.15644090625 0.1787109375 0.1587758453125 0.1943359375 0.169283071875 0.2050781265625 0.1786228265625 0.2089843734375 0.1984698078125 0.2080078109375 0.21714932031249998 0.1943359375 0.21948425624999998 0.1845703109375 0.21714932031249998 0.1728515625 0.208977034375 0.1640625
1 0.39927455312500004 0.09863281093750001 0.3887673265625 0.08984374843750001 0.379427571875 0.0859375 0.360748059375 0.0859375 0.34907336875 0.08984374843750001 0.34323601875 0.0947265625 0.33856614218750003 0.1025390625 0.33856614218750003 0.1162109375 0.34907336875 0.1308593734375 0.365417940625 0.1367187484375 0.373590225 0.1357421890625 0.386432390625 0.1328125 0.3946046765625 0.1259765625 0.39927455312500004 0.1181640625 0.39927455312500004 0.09863281093750001
1 0.33389626250000004 0.1728515625 0.322221571875 0.1650390625 0.3187191609375 0.1582031265625 0.30937940625000004 0.1582031265625 0.2813601390625 0.1660156265625 0.2638480984375 0.1826171890625 0.2685179734375 0.1865234375 0.273187853125 0.2001953109375 0.2813601390625 0.2089843734375 0.2953697703125 0.2148437484375 0.3152167515625 0.2138671890625 0.3315613234375 0.2021484375 0.336231203125 0.1923828109375 0.336231203125 0.1787109375 0.33389626250000004 0.1728515625
1 0.45297815 0.1826171890625 0.44480586093749996 0.1738281265625 0.4354661046875 0.1699218734375 0.4144516578125 0.1699218734375 0.39693961718750004 0.1826171890625 0.3946046765625 0.2021484375 0.4074468390625 0.2167968734375 0.419121534375 0.2207031265625 0.4319637 0.2197265625 0.440135984375 0.2167968734375 0.4506432109375 0.2080078109375 0.4553130859375 0.2001953109375 0.45297815 0.1826171890625
1 0.5206913765625 0.0947265625 0.5031793343750001 0.08203125156249999 0.48216488281250003 0.08203125156249999 0.46465284218749997 0.0947265625 0.4623179015625 0.11425781093750001 0.46698778125 0.12207031093750001 0.47982994687499997 0.1308593734375 0.4868347625 0.1328125 0.499676925 0.1318359375 0.5078492140625 0.1289062515625 0.5206913765625 0.1162109375 0.523026315625 0.1103515625 0.5206913765625 0.0947265625
1 0.649113015625 0.08886718906249999 0.6444431390625 0.08105468906249999 0.6339359140624999 0.07421874843750001 0.6082515859375001 0.07421874843750001 0.5907395453125 0.08886718906249999 0.5884046046875 0.09667968906249999 0.5907395453125 0.10644531093750001 0.5954094203125 0.11425781093750001 0.6082515859375001 0.12304687343750001 0.6327684437500001 0.12207031093750001 0.6444431390625 0.11425781093750001 0.649113015625 0.10644531093750001 0.6514479546875 0.09863281093750001 0.649113015625 0.08886718906249999
1 0.5884046046875 0.1748046890625 0.5708925640625 0.1601562515625 0.5475431734375 0.1601562515625 0.53003113125 0.1748046890625 0.5276961953125 0.1826171890625 0.53003113125 0.1943359375 0.5428732968750001 0.2070312515625 0.552213053125 0.2109375 0.56505521875 0.2099609375 0.5802323203124999 0.203125 0.586069665625 0.1962890625 0.5884046046875 0.1923828109375 0.5884046046875 0.1748046890625
1 0.7074864890625 0.1669921890625 0.6946443265625 0.1582031265625 0.6736298765625001 0.15625 0.656117834375 0.1669921890625 0.6514479546875 0.1748046890625 0.6514479546875 0.1884765625 0.656117834375 0.1962890625 0.666625059375 0.2050781265625 0.6712949359375 0.2070312515625 0.6934768578125 0.2060546890625 0.7074864890625 0.1962890625 0.71215636875 0.1884765625 0.71215636875 0.1748046890625 0.7074864890625 0.1669921890625
1 0.7600226171875 0.07617187343750001 0.7483479203125001 0.0703125 0.736673225 0.06835937343750001 0.7273334703125001 0.0703125 0.7144913078124999 0.0771484375 0.7074864890625 0.0869140625 0.7074864890625 0.1025390625 0.7203286546875 0.1171875 0.729668409375 0.12109374843750001 0.7448455109375 0.12011718906249999 0.7506828609375 0.11914062656249999 0.7658599625 0.10644531093750001 0.7681949015625 0.0869140625 0.7600226171875 0.07617187343750001
1 0.8744346203125 0.07226562656249999 0.8627599281249999 0.06835937343750001 0.8510852328125 0.06835937343750001 0.8417454781249999 0.07226562656249999 0.8312382515625 0.08105468906249999 0.8265683765625 0.09082031093750001 0.8265683765625 0.09863281093750001 0.8312382515625 0.1083984375 0.8440804171874999 0.11914062656249999 0.8639273984375 0.12011718906249999 0.8791045000000001 0.11328125156249999 0.8919466609375 0.09863281093750001 0.8849418453125001 0.08105468906249999 0.8744346203125 0.07226562656249999
1 0.8312382515625 0.1689453109375 0.8265683765625 0.1611328109375 0.8113912703124999 0.1523437484375 0.8020515156249999 0.1503906265625 0.7880418828125 0.1523437484375 0.7751997187499999 0.1611328109375 0.7705298421875 0.1689453109375 0.7705298421875 0.1826171890625 0.7751997187499999 0.1904296890625 0.7857069437499999 0.1992187484375 0.792711759375 0.2011718734375 0.8102237999999999 0.2001953109375 0.8183960859375 0.1972656265625 0.8265683765625 0.1904296890625 0.8312382515625 0.1806640625 0.8312382515625 0.1689453109375
1 0.896616540625 0.2548828109375 0.8942816015625 0.2470703109375 0.8814394406250001 0.2363281265625 0.8627599281249999 0.2324218734375 0.8510852328125 0.2363281265625 0.8382430671875 0.2470703109375 0.835908128125 0.2509765625 0.835908128125 0.2685546890625 0.8534201734375 0.2832031265625 0.8709322140625 0.2841796890625 0.8791045000000001 0.2832031265625 0.8919466609375 0.2724609375 0.896616540625 0.2646484375 0.896616540625 0.2548828109375