1 0.7611735359375 0 0.745702659375 0.009988071875 0.739725203125 0.028588217187499997 0.74794689375 0.0426416578125 0.7627602312499999 0.050019321875 0.7801252203125 0.048709121875 0.792103534375 0.04471613125 0.8004435093750001 0.03559153125 0.8047434812500001 0.0244548453125 0.80001844375 0.005503753125 0.7909456984375 0 0.7611735359375 0
1 0.704782696875 0.01616473125 0.689236884375 0.0200407375 0.6755810859375 0.03149718125 0.671682771875 0.0395143515625 0.6795736453125001 0.06170194062499999 0.68947281875 0.06829192656250001 0.6979544828125 0.06919658749999999 0.7215094578125 0.064330128125 0.733346084375 0.05030788125 0.7325902046875 0.028354256249999998 0.7168318578124999 0.017186370312499998 0.704782696875 0.01616473125
1 0.6381577796875 0.0327761890625 0.6142011421875 0.040762165625 0.6023645140625 0.054784412500000004 0.60756205625 0.0756306125 0.6184062375 0.086010815625 0.62910873125 0.0863617609375 0.6482220453124999 0.0826027328125 0.662279503125 0.0680267703125 0.6615236234374999 0.0460731453125 0.6578852796875 0.04094153125 0.6381577796875 0.0327761890625
1 0.5724778640625 0.053177864062500003 0.54979705625 0.0568199078125 0.533046259375 0.070054478125 0.53096711875 0.08063745312500001 0.53744048125 0.09713971875 0.5562938234375 0.10652947343750001 0.5776279671875 0.1022167296875 0.592157928125 0.0895358765625 0.594709575 0.0808480125 0.5904570421875001 0.063792034375 0.5724778640625 0.053177864062500003
1 0.4707921578125 0.080543878125 0.46292468593749997 0.0915635875 0.465901396875 0.1129634984375 0.48300641093749996 0.1248020765625 0.513223875 0.1182744734375 0.5215638515625 0.1091498765625 0.5198629640625 0.08340602968750001 0.50410461875 0.07223815 0.4707921578125 0.080543878125
1 0.42859637656249994 0.09106446875 0.40019807968750004 0.1001578765625 0.39360643125 0.10683364843750001 0.39025146718750003 0.12176055625 0.395779821875 0.134472603125 0.40480483125 0.1422870046875 0.4262098234375 0.1429888890625 0.44040896875 0.1384421890625 0.4544664265625 0.1238662234375 0.44832387812499996 0.0992298125 0.43573137031250003 0.0912984328125 0.42859637656249994 0.09106446875
1 0.362443959375 0.10957103593749999 0.33357315781249997 0.11676933437499999 0.3222090328125 0.132686690625 0.327879078125 0.1554279953125 0.3399990828125 0.161464265625 0.3507015765625 0.161815209375 0.3737840484375 0.1550536484375 0.38514817031250004 0.1391362890625 0.3835889765625 0.12342170156250001 0.37139812499999997 0.11237080156249998 0.362443959375 0.10957103593749999
1 0.2647274109375 0.1339345078125 0.2528907796875 0.14795675625 0.25128414062500004 0.1604348390625 0.2558674890625 0.169356665625 0.26893250156250004 0.17918315468749998 0.27741416406249997 0.18008781406250002 0.29652747968750004 0.176328790625 0.313278271875 0.163094221875 0.3125223953125 0.141140590625 0.296291540625 0.128077603125 0.2647274109375 0.1339345078125
1 0.220310796875 0.1450088140625 0.19540915625 0.149204571875 0.18054837343750002 0.1700195765625 0.184328403125 0.185180446875 0.1906600796875 0.19165345312499998 0.20856841250000002 0.1972529875 0.2254608984375 0.1940476796875 0.2434875109375 0.17646917499999998 0.24414914687499997 0.1602008734375 0.24051080625000001 0.1550692625 0.220310796875 0.1450088140625
1 0.12481507968750001 0.1688185703125 0.112978446875 0.18284081875 0.1104268 0.19152868125 0.113734325 0.20479444375 0.1267993375 0.2146209328125 0.13258766718749998 0.2141842 0.160584303125 0.2082103140625 0.172893434375 0.19608317656250002 0.1726100609375 0.17602465312499999 0.154158378125 0.16351538125 0.12481507968750001 0.1688185703125
1 0.0559693265625 0.18598374374999999 0.0315401875 0.1920746125 0.0179552328125 0.2085456828125 0.024570284375 0.2350772078125 0.042951121875 0.24257184999999998 0.07000275 0.23280775 0.081839378125 0.21878550156249998 0.07933516874999999 0.19928069531249998 0.0730034953125 0.19280769375 0.0559693265625 0.18598374374999999
1 0.034611146875 0.25169644999999996 0.021498692187499998 0.270062634375 0.03127958125 0.2998306609375 0.049660418750000004 0.3073253078125 0.07321539375 0.30245885 0.0890211828125 0.2854340640625 0.0814611234375 0.255112321875 0.061733615625 0.24694697968749998 0.034611146875 0.25169644999999996
1 0.12646852343749998 0.222755084375 0.09981855625 0.2293996671875 0.088454428125 0.2453170234375 0.0936519703125 0.2661632234375 0.109410315625 0.2773311046875 0.11519864531249999 0.276894371875 0.1365327890625 0.27258162812500003 0.144471103125 0.2665765515625 0.151866075 0.253661734375 0.1493618671875 0.2341569296875 0.12646852343749998 0.222755084375
1 0.16738847968749998 0.21657842500000002 0.15952101093749999 0.22759813437499998 0.1591901953125 0.2357322875 0.1683568921875 0.25357594375 0.1777835625 0.258270821875 0.192927721875 0.2575143359375 0.21331685312499998 0.24941137656249998 0.22198764999999998 0.23215262656250002 0.214569271875 0.21186014375 0.1904001109375 0.20480223125000002 0.16738847968749998 0.21657842500000002
1 0.2441725515625 0.1934081734375 0.22836676093750002 0.21043296093750002 0.23261929375 0.22748894062499997 0.2546384734375 0.24011520000000003 0.27597261875 0.23580245781250003 0.29305423125 0.21443373906250002 0.285635853125 0.19414125468750001 0.2614666921875 0.1870833421875 0.2441725515625 0.1934081734375
1 0.33919576406249996 0.167703309375 0.32492577031250003 0.16723538437500002 0.30460748125000003 0.1803529703125 0.29768501718749996 0.1951628953125 0.307796721875 0.21679677343749998 0.32213755625 0.222279328125 0.33014671562500003 0.22128888125 0.3487875265625 0.2156347453125 0.36062415468750003 0.2016124984375 0.3631758046875 0.192924628125 0.354009103125 0.1750809734375 0.33919576406249996 0.167703309375
1 0.3875815359375 0.15362646562499999 0.3704999234375 0.17499518281249998 0.374279953125 0.190156053125 0.3962991328125 0.2027823109375 0.417633278125 0.198469571875 0.4334390625 0.1814447859375 0.42729651406249997 0.1568083703125 0.40534818125000005 0.1491967421875 0.3875815359375 0.15362646562499999
1 0.4542064578125 0.13701500625000002 0.43934567500000005 0.157830009375 0.4426532015625 0.1710957703125 0.448984878125 0.177568778125 0.46379821562499995 0.1849464421875 0.4718073734375 0.1839559921875 0.49044818437500004 0.17830185781250002 0.5035606359375 0.15993567656250002 0.49566976250000006 0.1377480875 0.4715005984375 0.130690175 0.4542064578125 0.13701500625000002
1 0.547008840625 0.11186385624999999 0.5248005359375 0.117401009375 0.5121605828125 0.137662296875 0.5159406125 0.1528231671875 0.525438125 0.16253267656249998 0.540180621875 0.164895709375 0.5610422640625 0.1586878625 0.5728788921875 0.1446656140625 0.573682209375 0.1384265703125 0.566263840625 0.118134090625 0.547008840625 0.11186385624999999
1 0.6131612578125 0.0933572859375 0.5936462828125 0.1002358359375 0.581006334375 0.12049712187499999 0.5879522015624999 0.1388944953125 0.60363970625 0.14504775 0.6294155109374999 0.1396275796875 0.639976315625 0.129949265625 0.6425279609375 0.121261396875 0.637802925 0.102310309375 0.6131612578125 0.0933572859375
1 0.6886694999999999 0.07453096718749999 0.66646119375 0.08006811875 0.654152059375 0.0921952625 0.6516004125 0.10088312656250001 0.6544354359375 0.11225378125 0.6644054515625 0.123858396875 0.672012953125 0.1259874671875 0.7022304187499999 0.11945986718749999 0.7127912234375 0.1097815515625 0.7115628390625 0.0859328140625 0.698497828125 0.0761063265625 0.6886694999999999 0.07453096718749999
1 0.7499077484375001 0.055236721875000006 0.7326136062499999 0.061561553125 0.7231394984375 0.0850593453125 0.7291403578125 0.0996665 0.7381653671875 0.107480903125 0.7546561890625 0.10739511093750001 0.7777386609375 0.10063354843750001 0.787212775 0.0771357546875 0.7785185765625 0.06118720625 0.7690919046875 0.056492329687499995 0.7499077484375001 0.055236721875000006
1 0.8129411359375001 0.0999082515625 0.794229484375 0.1005477578125 0.779628675 0.10821398125 0.7717612046875 0.119233690625 0.7747379140625 0.1406336015625 0.79318959375 0.153142878125 0.8105545828125 0.151832678125 0.8203120687500001 0.148393403125 0.8304003703125 0.13681997968749998 0.832952015625 0.128132115625 0.8282269781249999 0.109181025 0.8129411359375001 0.0999082515625
1 0.7467887171875 0.11841482031249999 0.7347395609375 0.11739317812500001 0.7147520843749999 0.12237661562499999 0.7016396296875 0.1407427953125 0.7063646671875 0.1596938859375 0.7256905125 0.17097875 0.7492454875 0.1661122921875 0.7615546171875 0.153985153125 0.760326234375 0.13013641874999998 0.7562153890625 0.123109696875 0.7467887171875 0.11841482031249999
1 0.6636729796874999 0.135112065625 0.6397163421875 0.14309804375 0.6310455515625 0.1603567921875 0.6384639234375 0.180649278125 0.65462393125 0.1886976390625 0.686589721875 0.1797212125 0.6917638609375001 0.1673601109375 0.6887871484375 0.14596019531249999 0.67350130625 0.1366874234375 0.6636729796874999 0.135112065625
1 0.5770605828125001 0.1567069625 0.5599789703125 0.17807568125 0.563759 0.19323655312500002 0.570090675 0.19970955937499998 0.5857781796875 0.2058628125 0.6110814812500001 0.19854753125 0.620697278125 0.185079 0.6172480625000001 0.16178397656250001 0.5975205609375001 0.153618634375 0.5770605828125001 0.1567069625
1 0.5340614765625 0.17346659375 0.5220123203125 0.172444953125 0.508687334375 0.17576724531250001 0.5007490171875 0.1817723234375 0.489857396875 0.199584790625 0.49316492343749996 0.212850553125 0.4994965984375 0.21932355625 0.514309940625 0.22670121875000002 0.5223191015624999 0.225710771875 0.5325490890625 0.2241666046875 0.5466773890625001 0.21460527499999998 0.553599859375 0.1997953484375 0.5488748203125 0.1808442578125 0.5340614765625 0.17346659375
1 0.47558740312500003 0.1991168625 0.460774065625 0.19173919687500002 0.4465040734375 0.1912712734375 0.42618578281249997 0.204388859375 0.41926331875 0.2191987890625 0.422098340625 0.23056944218750003 0.431595853125 0.240278946875 0.45125252031249996 0.24342966093750001 0.46370333906249994 0.2413317796875 0.47386248125 0.23477298750000003 0.4812574484375 0.2218581703125 0.48064326093750004 0.20993379843749999 0.47558740312500003 0.1991168625
1 0.382572490625 0.20922412499999998 0.3648058453125 0.213653846875 0.3507483828125 0.228229809375 0.348669240625 0.238812784375 0.3546701015625 0.253419940625 0.360529271875 0.25799783593750003 0.377965103125 0.2617022671875 0.39263675781249996 0.2590506671875 0.4101908671875 0.239577059375 0.4049933265625 0.2187308625 0.39240081718750003 0.21079947968749999 0.382572490625 0.20922412499999998
1 0.3218067390625 0.23041347812500002 0.3097575828125 0.2293918359375 0.296432596875 0.23271412812499997 0.28849427968749997 0.23871920625 0.27807516250000003 0.25842678281250003 0.28043768125 0.26790232812500003 0.28993519375 0.2776118328125 0.31181268906250004 0.28020883125 0.3198218484375 0.279218384375 0.3339501484375 0.26965705 0.3408726171875 0.2548471234375 0.3339267453125 0.2364497515625 0.3218067390625 0.23041347812500002
1 0.2458259953125 0.2473446875 0.22361768906249999 0.252881840625 0.2078119015625 0.26990663125 0.20889859687499998 0.2837261078125 0.216175278125 0.293989328125 0.2340836140625 0.2995888671875 0.2554177578125 0.2952761265625 0.2642302359375 0.2880466359375 0.2702785390625 0.2744611203125 0.265553503125 0.2555100328125 0.2458259953125 0.2473446875
1 0.16984525 0.2642758984375 0.15080278125 0.273049553125 0.1376903265625 0.2914157359375 0.1478020296875 0.3130496109375 0.16523786093749998 0.316754040625 0.1843511765625 0.312995015625 0.1922894890625 0.306989934375 0.20048778125000002 0.287836078125 0.194486921875 0.27322892187500003 0.16984525 0.2642758984375
1 0.117632009375 0.29138454375 0.10066868281250001 0.289575225 0.0833745421875 0.2959000546875 0.06709625 0.31102973437500003 0.0732387984375 0.33566615 0.0863038078125 0.3454926375 0.097006303125 0.34584358437499996 0.1138987859375 0.3426382703125 0.1240579296875 0.336079478125 0.13447705000000001 0.3163719015625 0.12975201249999999 0.2974208125 0.117632009375 0.29138454375
1 0.0610713546875 0.3578225453125 0.0474863953125 0.37429362187500004 0.05679478125 0.40216653906250005 0.066221453125 0.406861415625 0.0818381125 0.4080000359375 0.10841723750000001 0.396340825 0.11439469375 0.37774067968749997 0.10744882656250002 0.3593433078125 0.080586325 0.35094400000000003 0.0610713546875 0.3578225453125
1 0.1556220640625 0.3302225734375 0.1356345890625 0.335206009375 0.11760796874999999 0.35278451093749996 0.1196396734375 0.370394209375 0.1273888578125 0.38255253749999996 0.1430763640625 0.3887057921875 0.16885216875 0.383285621875 0.183382134375 0.3706047671875 0.18120874375 0.3429658125 0.16545039687500002 0.3317979265625 0.1556220640625 0.3302225734375
1 0.20178700625 0.3166994421875 0.186926225 0.33751445 0.1902337515625 0.3507802078125 0.197037928125 0.359148325 0.20646460000000003 0.3638432015625 0.214473759375 0.3628527546875 0.2335870734375 0.3590937265625 0.2489203609375 0.34017383125 0.2464161515625 0.320669025 0.22843697187499998 0.3100548609375 0.20178700625 0.3166994421875
1 0.289202721875 0.28886550624999996 0.2701602546875 0.29763915937499996 0.25704779843750003 0.31600534062499996 0.2635211625 0.3325076046875 0.28412282968749997 0.3394485359375 0.3072053015625 0.33268697343750003 0.31514361874999997 0.326681890625 0.319845253125 0.31242568125000003 0.31384439375 0.2978185265625 0.289202721875 0.28886550624999996
1 0.3385335015625 0.2785788796875 0.32716937343749997 0.29449623593749996 0.33142190625 0.3115522125 0.35074774999999997 0.3228370765625 0.37430272656249997 0.31797062343750004 0.39010851562500004 0.3009458328125 0.38491097500000004 0.2800996375 0.3575759703125 0.2698052234375 0.3385335015625 0.2785788796875
1 0.43086338125 0.2515326203125 0.4091275796875 0.25896488125 0.3960151234375 0.27733106093750004 0.40296099218750003 0.2957284328125 0.41555349843749995 0.30365981406250003 0.428476828125 0.303457040625 0.4409276484375 0.301359165625 0.4528351171875 0.29235154531249996 0.4602300890625 0.2794367265625 0.4528117140625 0.2591442484375 0.43086338125 0.2515326203125
1 0.48019416093749995 0.2412459921875 0.46802671250000005 0.2634023890625 0.47308256562500006 0.274219328125 0.4848009125 0.28337512187499997 0.5017642390625 0.2851844375 0.5181842171875 0.280084021875 0.531769175 0.26361294687500003 0.526571634375 0.24276675 0.5019299640625 0.23381373125 0.48019416093749995 0.2412459921875
1 0.5530090703125 0.2210782796875 0.541644940625 0.23699563750000002 0.5463699765625 0.255946725 0.5621283265625 0.26711460468750003 0.5679166515625 0.2666778734375 0.5870299671875 0.2629188484375 0.601559928125 0.2502379953125 0.5971657125000001 0.2231527546875 0.575217375 0.215541128125 0.5530090703125 0.2210782796875
1 0.6386764578124999 0.19569316406249998 0.6231306437499999 0.19956917031250002 0.6112940109375 0.21359141875 0.6106323796875001 0.2298597203125 0.6206023953125 0.2414643375 0.633596565625 0.2462761984375 0.6571515406249999 0.2414097390625 0.66898816875 0.22738749062500002 0.66823229375 0.20543386562500002 0.65563978125 0.1975024875 0.6386764578124999 0.19569316406249998
1 0.694197225 0.18185028125 0.6788639390625 0.20077018125 0.6835889765625 0.21972126875 0.7015681515625001 0.230335434375 0.7073564828125 0.22989870156249997 0.728690625 0.22558595937499998 0.7422755796875 0.2091148875 0.7361330328125 0.184478475 0.7190988640625 0.177654521875 0.694197225 0.18185028125
1 0.77145379375 0.1605751390625 0.7590738140625 0.1676876484375 0.7486546984375 0.18739522343749998 0.7582939 0.2071339890625 0.7762022328125 0.21273352812500002 0.80594719375 0.20431081562500003 0.8141454859374999 0.1851569578125 0.8071996140625 0.1667595859375 0.7830304515625001 0.1597016703125 0.77145379375 0.1605751390625
1 0.81308219375 0.204544778125 0.8017180640625 0.22046213906249998 0.8078606125000001 0.24509854999999997 0.8204531218750001 0.25302993281249997 0.8289347828125001 0.253934590625 0.8502689296874999 0.24962184999999998 0.863381384375 0.23125566718749999 0.85818384375 0.21040947187499998 0.8402046625 0.1997953078125 0.81308219375 0.204544778125
1 0.74518145 0.225500171875 0.732399809375 0.23573220312499998 0.73679403125 0.2628174390625 0.747165709375 0.2713025375 0.7556473718750001 0.27220719375 0.785392334375 0.2637844875 0.7927873062499999 0.25086966875 0.7871172625 0.2281283609375 0.7772180875 0.221538375 0.74518145 0.225500171875
1 0.6701457109375 0.24622159843750002 0.6627507390625 0.2591364171875 0.6684207828125001 0.281877725 0.6787924624999999 0.2903628203125 0.6894949593749999 0.2907137609375 0.712577425 0.2839521984375 0.7221932296875 0.270483665625 0.7155781765625 0.24395214062499998 0.69901650625 0.23902330156249998 0.6701457109375 0.24622159843750002
1 0.607489946875 0.2598305203125 0.58993583125 0.279304128125 0.5946608671875 0.29825521718750003 0.6104192187499999 0.3094231 0.6162075421875 0.308986365625 0.6375416890625 0.30467362656249997 0.64810249375 0.2949953109375 0.649567446875 0.27248796875000003 0.635557428125 0.2588712609375 0.607489946875 0.2598305203125
1 0.550220853125 0.2761222234375 0.5307058828125 0.28300077031250004 0.51981425625 0.3008132359375 0.5235942859375 0.31597410625 0.5299259671875001 0.3224471109375 0.5478343015625 0.32804665 0.573137596875 0.32073136875 0.5813358875 0.3015775078125 0.5780283625 0.2883117484375 0.571224178125 0.27994363437500003 0.550220853125 0.2761222234375
1 0.4796267765625 0.29573622187500004 0.4578909734375 0.3031684828125 0.4478026671875 0.31474190625 0.4457235265625 0.32532488437499996 0.4544177203125 0.34127343125 0.4750193875 0.3482143640625 0.491911871875 0.34500905 0.502071015625 0.33845025781250004 0.51026930625 0.319296396875 0.5037959437499999 0.3027941328125 0.4796267765625 0.29573622187500004
1 0.4036460296875 0.3126674328125 0.39079354843749997 0.3178848328125 0.376405271875 0.3405949484375 0.38557196718750003 0.35843860625 0.40617364218749996 0.3653795359375 0.420845290625 0.3627279390625 0.43100443437499997 0.356169146875 0.43967522812500004 0.338910396875 0.4322568578125 0.3186179125 0.4036460296875 0.3126674328125
1 0.350487778125 0.3359858609375 0.3268619609375 0.33583768593749996 0.3048661875 0.35641872812500003 0.31006372656250003 0.37726492500000003 0.3289170671875 0.38665468125 0.3546928734375 0.38123450625 0.36303284687500004 0.37210990625 0.366860321875 0.359078109375 0.3635527953125 0.34581234843750003 0.350487778125 0.3359858609375
1 0.2937620359375 0.3591873046875 0.2673720390625 0.35268310468749997 0.25007789687500004 0.35900793593749997 0.23642209531249997 0.3704643796875 0.23252378125 0.37848155 0.24088716093749998 0.40256424687500003 0.25347966875 0.4104956296875 0.2690963296875 0.4116342484375 0.28154715 0.40953637187499997 0.29170629375 0.4029775796875 0.3000462734375 0.39385297812500003 0.301652909375 0.38137489375 0.2937620359375 0.3591873046875
1 0.19947129531250002 0.37363849843749997 0.186146309375 0.376960790625 0.170269678125 0.388970946875 0.1633472140625 0.403780871875 0.1725139125 0.4216245328125 0.1873272546875 0.42900219687499996 0.19755724531250002 0.4274580296875 0.219694703125 0.416906246875 0.2278929953125 0.3977523890625 0.2214196328125 0.3812501265625 0.2115204578125 0.37466014062499997 0.19947129531250002 0.37363849843749997
1 0.11555223125 0.3965747890625 0.097454771875 0.40913865937500005 0.094028959375 0.4190509359375 0.0992265015625 0.4398971359375 0.1122915125 0.44972362343750005 0.12299400625000001 0.45007457031250003 0.1460764765625 0.443313003125 0.16093725781249998 0.42249799687499995 0.1557397171875 0.4016518015625 0.13823304218750002 0.3929327453125 0.11555223125 0.3965747890625
1 0.115929853125 0.454855234375 0.08880738437499999 0.45960470937500003 0.0747499203125 0.474180671875 0.07914414374999999 0.5012659125 0.09577665468749999 0.5112093828125001 0.119331628125 0.506342925 0.12949077656250002 0.4997841296875 0.1403823984375 0.48197166718749995 0.1356573609375 0.4630205796875 0.115929853125 0.454855234375
1 0.18430310156250002 0.435794953125 0.162094796875 0.44133210468749995 0.145816503125 0.4564617828125 0.14468236875 0.470834975 0.150210725 0.4835470234375 0.165496571875 0.49281979375 0.17128489687499998 0.49238306249999997 0.1903982109375 0.4886240359375 0.2066765046875 0.47349435624999997 0.2040306078125 0.44396029375 0.194131434375 0.43737030781249997 0.18430310156250002 0.435794953125
1 0.262032178125 0.41641491718749996 0.24998301562499997 0.4153932765625 0.23443719999999998 0.419269284375 0.2181589125 0.43439896093749997 0.21607976562500003 0.44498193906249994 0.22349813593749998 0.46527441875 0.2387131375 0.4695325640625 0.26448894218749996 0.464112390625 0.276798078125 0.45198525156249997 0.2806255453125 0.4389534515625 0.27731802031249997 0.4256876890625 0.262032178125 0.41641491718749996
1 0.3415804234375 0.3996006890625 0.3129695953125 0.3936502046875 0.2926513 0.4067677953125 0.2839805109375 0.42402654375 0.2945647171875 0.44755553125 0.3066847265625 0.4535918 0.317387221875 0.45394274687499997 0.3320588703125 0.45129114843749996 0.34396634531250003 0.44228353125000003 0.3526371359375 0.42502478281249995 0.34791209843750004 0.4060736921875 0.3415804234375 0.3996006890625
1 0.38847783593749996 0.3748238859375 0.37293202187499996 0.3786998921875 0.361024546875 0.3877075125 0.35362958125 0.40062232968749995 0.36104795156249997 0.42091481093749994 0.37316795625 0.426951084375 0.3860912828125 0.4267483109375 0.41092208125 0.417537925 0.42053787812500004 0.40406938906249995 0.41311950781249995 0.3837769078125 0.4059136671875 0.378528315625 0.38847783593749996 0.3748238859375
1 0.43733611406249995 0.36264215 0.42724780781250005 0.374215578125 0.42516866562500005 0.3847985484375 0.4370287015625 0.40398360312500003 0.44645537187500006 0.40867847968750004 0.4544645328125 0.4076880296875 0.47976782812499996 0.4003727515625 0.4889111265625 0.38500910625 0.48102025312499996 0.36282151875 0.4541577515625 0.354422209375 0.43733611406249995 0.36264215
1 0.527917665625 0.3380447140625 0.51459268125 0.34136700625 0.50665436875 0.34737208750000004 0.49576274375 0.36518455312500003 0.5049294390625 0.38302820937500004 0.514828615625 0.3896181953125 0.52775194375 0.38941542500000004 0.55305524375 0.382100146875 0.5609227156250001 0.3710804359375 0.5588910109375 0.353470740625 0.5516143312499999 0.3432075203125 0.527917665625 0.3380447140625
1 0.5989842484375 0.320325825 0.581217603125 0.3247555484375 0.5689084656250001 0.3368826875 0.567301828125 0.3493607703125 0.57235768125 0.3601777109375 0.575996021875 0.3653093203125 0.5916835265625 0.3714625734375 0.6152385015624999 0.36659611875000003 0.6297684671875 0.3539152609375 0.62679175625 0.33251535 0.6186409078125 0.32347654062500003 0.5989842484375 0.320325825
1 0.69058165 0.3045332390625 0.6717991546875 0.3001581125 0.6478425234375 0.3081440890625 0.639975046875 0.3191637984375 0.642951759375 0.3405637140625 0.6560167703124999 0.3503902015625 0.664498434375 0.35129486249999997 0.685832578125 0.34698211875 0.698141709375 0.3348549796875 0.7006933609375 0.326167115625 0.69691333125 0.3110062453125 0.69058165 0.3045332390625
1 0.759356559375 0.282353434375 0.740172403125 0.28109783125 0.7224057578124999 0.2855275546875 0.7158141109375 0.2922033296875 0.7115141328125001 0.30334002187500003 0.7162391703125001 0.3222911109375 0.7350925125 0.331680865625 0.7586474859375001 0.32681440624999997 0.767459965625 0.319584915625 0.77209075625 0.3003140734375 0.7665624 0.2876020265625 0.759356559375 0.282353434375
1 0.8272573046874999 0.26139804375 0.797441496875 0.2648061265625 0.7890306796875 0.2689160953125 0.7829115343749999 0.2774869796875 0.7868332484375 0.30267711249999996 0.7998982640625 0.31250359843750003 0.8083799296875 0.313408259375 0.8297140671875001 0.3090955171875 0.8420232046875 0.2969683765625 0.8445748500000001 0.2882805140625 0.8398498109375 0.2693294234375 0.8272573046874999 0.26139804375
1 0.8661923671875 0.30402629375 0.8395424015625 0.31067087656250003 0.8303991015625 0.32603451875 0.8355966421875 0.3468807125 0.8486616578125 0.3567072 0.8709408062499999 0.356184678125 0.8890382671875001 0.343620809375 0.8923932359375 0.32869389843749997 0.8895582140625 0.31732324375 0.880060696875 0.3076137375 0.8661923671875 0.30402629375
1 0.79781911875 0.3230865765625 0.771169153125 0.32973115937499997 0.762829178125 0.3388557578125 0.761222534375 0.351333840625 0.7672234 0.36594099375 0.7802884125 0.3757674859375 0.786076740625 0.37533074843750003 0.8118525421875 0.36991058125 0.820192521875 0.36078598125 0.8189641359375001 0.3369372421875 0.8076474515625 0.32466193125 0.79781911875 0.3230865765625
1 0.720090046875 0.34246661093749997 0.69391258125 0.35100630312500003 0.6861867968750001 0.37205526718750004 0.6980468328125 0.391240321875 0.715010159375 0.3930496375 0.738092625 0.38628807656249997 0.7486534359375 0.3766097609375 0.742038384375 0.3500782359375 0.73483254375 0.34482964374999997 0.720090046875 0.34246661093749997
1 0.6494959687499999 0.3620806078125 0.6255393359375 0.3700665828125 0.615120215625 0.38977415625 0.6242869125 0.4076178171875 0.648857740625 0.4115562046875 0.6736885406249999 0.40234581875000003 0.67933518125 0.3918798265625 0.6741376390625 0.37103362500000003 0.66154513125 0.363102246875 0.6494959687499999 0.3620806078125
1 0.593171884375 0.38216252968750003 0.581122721875 0.3811408890625 0.5611352453125 0.3861243265625 0.5475502859375 0.40259539687499996 0.5505269984375001 0.42399531250000005 0.55733118125 0.432363421875 0.56985284375 0.4352801765625 0.5956286468750001 0.42986000312500006 0.6084102875 0.4196279703125 0.6109619328125 0.410940109375 0.605764390625 0.3900939078125 0.593171884375 0.38216252968750003
1 0.5149703031249999 0.39964745625 0.49006866406249994 0.403843215625 0.482130346875 0.40984829375 0.474735378125 0.4227631109375 0.4840437640625 0.45063602812500003 0.50370043125 0.45378674218750004 0.5228137390625001 0.450027715625 0.5351937171875 0.44291520625 0.5408403578125001 0.4324492140625 0.534697809375 0.40781279687499994 0.5149703031249999 0.39964745625
1 0.44390372187500005 0.4173663453125 0.41725375624999994 0.42401092812499996 0.403668796875 0.4404819984375 0.4098113453125 0.465118415625 0.42018302343749997 0.47360351093749997 0.433106353125 0.473400740625 0.4606304828125 0.4655317421875 0.47024627968750005 0.45206321093749996 0.4663245625 0.42687307968750005 0.4537320546875 0.4189417 0.44390372187500005 0.4173663453125
1 0.3506288359375 0.4406223859375 0.3335472234375 0.461991109375 0.3419106 0.48607380625 0.35759810625 0.4922270609375 0.39178473125 0.48269691562499994 0.4009280265625 0.4673332765625 0.39573048593750004 0.4464870796875 0.37061631093749997 0.43563894843749995 0.3506288359375 0.4406223859375
1 0.309850565625 0.4568283015625 0.2849489203125 0.46102406093750004 0.269072290625 0.473034221875 0.265173975 0.48105139062499996 0.2686231890625 0.504346409375 0.284381540625 0.51551429375 0.2950840328125 0.5158652359375 0.31816650156250004 0.509103675 0.3261048171875 0.5030985953125 0.333499784375 0.49018377500000004 0.32782974062500003 0.467442471875 0.309850565625 0.4568283015625
1 0.23703565625 0.4769960140625 0.21435484218749998 0.48063805937500004 0.1945798984375 0.5006653890625 0.20119495 0.5271969125 0.211566628125 0.5356820078125 0.22448995625 0.5354792328125 0.24979325624999998 0.5281639546875 0.2603540609375 0.5184856390625 0.2646540328125 0.5073489484375 0.2540698265625 0.48381996718750003 0.23703565625 0.4769960140625
1 0.16152740937500001 0.495822334375 0.1437607640625 0.50025205625 0.1296324609375 0.5098133921875 0.120961671875 0.527072140625 0.1247417 0.5422330109375 0.1369325515625 0.5532839109375 0.1561167078125 0.55453951875 0.17078835781249999 0.551887921875 0.18935832187499999 0.5412191609375 0.1958082828125 0.524514121875 0.1893349171875 0.5080118578125 0.16152740937500001 0.495822334375
1 0.1512733859375 0.5587664671875 0.1414450546875 0.5571911125 0.1108259328125 0.566838234375 0.099461803125 0.5827555906249999 0.1056043515625 0.6073920078125 0.115976028125 0.6158771015625 0.1293718609375 0.6175694390625 0.1568959921875 0.6097004453125 0.1692051234375 0.597573303125 0.17175676875 0.5888854390625 0.16703173124999998 0.5699343531250001 0.1512733859375 0.5587664671875
1 0.20537664218749999 0.5392382609374999 0.1903033296875 0.5450093765624999 0.1779233515625 0.552121884375 0.17180420624999998 0.56069276875 0.176198428125 0.587778009375 0.1887909375 0.5957093890625 0.1994934359375 0.596060334375 0.2314592265625 0.58708390625 0.24329585312500002 0.573061659375 0.24031914375 0.5516617484374999 0.22186746406250002 0.539152471875 0.20537664218749999 0.5392382609374999
1 0.2902407125 0.5200921890625 0.2670873984375 0.521839125 0.2507382640625 0.531954171875 0.24287078750000002 0.5429738796875 0.24679250625 0.5681640125 0.257164184375 0.57664910625 0.2656458484375 0.5775537671875 0.2958633125 0.5710261640625001 0.3103932796875 0.5583453078125 0.3091648953125 0.534496575 0.3023607171875 0.526128459375 0.2902407125 0.5200921890625
1 0.36305561875 0.4999244765625 0.3532272875 0.498349121875 0.3248289953125 0.507442528125 0.313464865625 0.523359884375 0.317386584375 0.5485500156249999 0.3277582625 0.557035109375 0.34115409531249996 0.558727446875 0.36470906406250003 0.5538609906249999 0.3766165390625 0.544853371875 0.38401150624999997 0.5319385578125 0.3788139640625 0.51109235625 0.36305561875 0.4999244765625
1 0.428735534375 0.4795228015625 0.416686371875 0.47850115625 0.39320224375 0.4883822453125 0.382783121875 0.5080898171875 0.3906739953125 0.5302774125 0.40548733906249995 0.5376550734375 0.4184106640625 0.5374523046874999 0.43260980781249997 0.5329056 0.4445172828125 0.5238979828125 0.45143974531250003 0.5090880531249999 0.44354887187500003 0.48690046562499995 0.428735534375 0.4795228015625
1 0.46601715156249995 0.46821453281250003 0.45418051875 0.48223678124999997 0.46174057812499997 0.5125585234375001 0.47386058750000004 0.5185947921875 0.489004740625 0.517838303125 0.5155838640625 0.5061790937499999 0.5207580015625 0.4938179890625 0.5150879578125 0.471076684375 0.49710878125 0.46046251875 0.46601715156249995 0.46821453281250003
1 0.5561262 0.4417219859375 0.540580384375 0.44559799218749996 0.5243020921875 0.46072767187499997 0.5217504468749999 0.4694155390625 0.52600298125 0.48647151875 0.5359730015624999 0.49807613437500003 0.545801328125 0.4996514890625 0.57601879375 0.493123890625 0.58832793125 0.4809967515625 0.5829887015625 0.45012129375 0.5730895265625 0.44353130781249994 0.5561262 0.4417219859375
1 0.6338552703125 0.42234195156250004 0.60720530625 0.428986534375 0.5992669890625 0.4349916171875 0.591872021875 0.447906434375 0.59801456875 0.47254284531249996 0.60791374375 0.47913283125 0.623057903125 0.478376346875 0.6483611984375 0.471061065625 0.6597253265624999 0.455143709375 0.6572211203125 0.43563890625 0.6508894453125 0.4291659 0.6338552703125 0.42234195156250004
1 0.71427768125 0.40430330937500003 0.700007690625 0.4038353859375 0.677799384375 0.4093725375 0.6632694171875 0.4220533921875 0.660717771875 0.4307412609375 0.666387815625 0.4534825640625 0.678980325 0.46141394375000006 0.6847686546875 0.4609772109375 0.71498611875 0.45444960781250004 0.7277677609375 0.44421757968750003 0.7303194046875 0.4355297125 0.7251218640625 0.41468351718749996 0.71427768125 0.40430330937500003
1 0.7701292640624999 0.3823262796875 0.7501417874999999 0.3873097171875 0.739982640625 0.3938685109375 0.7308393453125 0.40923214999999996 0.736509390625 0.43197345781249996 0.7482277390625 0.4411292515625 0.7957393453125 0.42827681718750005 0.8026618093750001 0.4134668921875 0.7942984296875 0.3893841890625 0.7821784265625 0.3833479203125 0.7701292640624999 0.3823262796875
1 0.8581591703125 0.3664167078125 0.8389750140625001 0.36516110468749996 0.8234292 0.3690371125 0.8088283921875 0.3767033375 0.8004884171875 0.3858279375 0.8089934828124999 0.41993989374999996 0.8157268203125 0.42329337968749997 0.8259568109375 0.42174921718749997 0.8583951046875 0.414667896875 0.8707042406250001 0.4025407578125 0.8732558875 0.39385289375 0.86853085 0.374901803125 0.8581591703125 0.3664167078125
1 0.9037567281250001 0.407383809375 0.8917075656250001 0.40636216718749996 0.871720090625 0.41134560468750003 0.8637817765625 0.41735068281250004 0.857804315625 0.4359508296875 0.860166834375 0.445426375 0.872830190625 0.45837238437499994 0.89248685 0.46152309531249996 0.9128759890625 0.4534201390625 0.9207434578125 0.442400428125 0.9228225999999999 0.43181745625 0.913655903125 0.41397379843750004 0.9037567281250001 0.407383809375
1 0.7993776859375 0.4334084265625 0.7892893859375001 0.444981853125 0.789100253125 0.46314526406249995 0.796376940625 0.4734084828125 0.806276115625 0.479998471875 0.8142852749999999 0.479008021875 0.8378402453125 0.47414156875 0.850621884375 0.4639095375 0.8457551593750001 0.43492918906250005 0.8331626515625 0.426997809375 0.7993776859375 0.4334084265625
1 0.73497359375 0.44946617031249997 0.72434195 0.4541298578125 0.718222803125 0.46270074218749996 0.71614365625 0.47328371562499993 0.7203961890625 0.4903396953125 0.7285470390625 0.4993785078125 0.7441637 0.5005171265625 0.7610561812500001 0.49731181874999997 0.78002780625 0.483523534375 0.7756335859375 0.45643829374999995 0.7625685734375 0.4466118078125 0.73497359375 0.44946617031249997
1 0.694195325 0.46567208750000005 0.6727903390625001 0.46497019687499996 0.659465353125 0.46829248906250004 0.6427145578125 0.4815270625 0.640635415625 0.492110034375 0.6489987937499999 0.5161927375 0.666907128125 0.5217922703125 0.6926829328124999 0.5163721015625 0.707685403125 0.5055863546875 0.7102370484375 0.496898490625 0.704567003125 0.4741571828125 0.694195325 0.46567208750000005
1 0.6186870843750001 0.4844984078125 0.5955337671875001 0.4862453453125 0.5809329625 0.4939115671875 0.5725929828125 0.50303616875 0.5806255453125 0.53525301875 0.5927455546875 0.5412892874999999 0.605668878125 0.54108651875 0.6220888546875 0.5359860984375 0.6339963281250001 0.52697848125 0.6396429703125001 0.5165124890625 0.633972925 0.4937711796875 0.6186870843750001 0.4844984078125
1 0.5120872125 0.511076740625 0.5007230828125 0.526994096875 0.5095589640625 0.55297190625 0.5194581390625 0.5595618921875001 0.5323814671875 0.5593591234375 0.5576847671875 0.552043840625 0.56904889375 0.5361264859375 0.562433840625 0.5095949609375 0.545399671875 0.5027710109375 0.5120872125 0.511076740625
1 0.49453309531249995 0.5305503500000001 0.4819405875 0.522618971875 0.47211225625 0.521043615625 0.4454622890625 0.5276881984374999 0.43187732968750003 0.5441592703125 0.4380198796875 0.5687956890625 0.457345725 0.5800805515625 0.48090069843750005 0.5752140921875 0.491059846875 0.5686553 0.49892731875 0.557635590625 0.5005339546875 0.54515750625 0.49453309531249995 0.5305503500000001
1 0.377561546875 0.548643590625 0.3635040875 0.5632195515625 0.36284245312499996 0.5794878531250001 0.3678983046875 0.59030479375 0.38096332187500004 0.6001312796875 0.38675164687499997 0.5996945484375 0.416969115625 0.59316694375 0.42927824843750007 0.5810398046875 0.42488402656249996 0.55395456875 0.40643234687499996 0.541445290625 0.377561546875 0.548643590625
1 0.350179103125 0.5665418437499999 0.33583826875 0.5610592875 0.3131574546875 0.564701334375 0.29728082499999997 0.5767114921875 0.29163418281250003 0.5871774859375 0.298249234375 0.6137090078125 0.308148409375 0.62029899375 0.31885090781250003 0.6206499359375 0.3446267078125 0.61522976875 0.3547858546875 0.608670971875 0.3617083171875 0.5938610453125001 0.356510778125 0.5730148515625 0.350179103125 0.5665418437499999
1 0.2385942203125 0.58731786875 0.22843507812500002 0.5938766656250001 0.2205676015625 0.604896375 0.22765515625 0.6333230078125001 0.245563490625 0.6389225421875 0.27578096093750004 0.6323949421874999 0.2876175890625 0.61837269375 0.2836958703125 0.5931825625 0.267937525 0.58201468125 0.2385942203125 0.58731786875
1 0.1995642765625 0.6010749640624999 0.18751511406250002 0.6000533203125 0.16974846875 0.60448304375 0.149028515625 0.6207201546875 0.146949375 0.6313031265625 0.1502569015625 0.6445688890625 0.15975441875000002 0.6542783984375 0.1722760796875 0.6571951453125 0.2024935453125 0.6506675468750001 0.2170235109375 0.6379866921875 0.2191026515625 0.6274037156250001 0.215322621875 0.6122428453125 0.1995642765625 0.6010749640624999
1 0.17900941718750002 0.66054863125 0.1669602546875 0.6595269921875 0.146972778125 0.6645104296875 0.1368136359375 0.6710692203125 0.12719783125 0.684537753125 0.1315920546875 0.71162299375 0.1468779 0.7208957640625 0.1575803953125 0.7212467109375 0.1868528515625 0.7109288890625 0.1947203234375 0.69990918125 0.19727196875 0.69122131875 0.19301943593749998 0.6741653390625 0.17900941718750002 0.66054863125
1 0.2500759984375 0.6428297421875 0.23802683593750001 0.641808103125 0.2158185296875 0.6473452546875 0.2034385515625 0.6544577640625 0.19557108125 0.665477471875 0.2026586359375 0.6939041046875001 0.21255780937500002 0.700494090625 0.2232603046875 0.7008450374999999 0.2534777734375 0.69431743125 0.2657869046875 0.6821902921875 0.26833855 0.6735024296875001 0.2636135125 0.6545513390625 0.2500759984375 0.6428297421875
1 0.3090934171875 0.6240892140625001 0.291326771875 0.6285189359375 0.27672596718750003 0.6361851578125 0.2706068234375 0.6447560421875 0.26805517343749996 0.6534439078125 0.27230770625 0.670499890625 0.2786393859375 0.67697289375 0.2943268859375 0.6831261484375 0.3223235203125 0.6771522578125 0.338129309375 0.660127471875 0.334207590625 0.634937340625 0.3211425796875 0.625110853125 0.3090934171875 0.6240892140625001
1 0.3841291609375 0.6033677843749999 0.3535100328125 0.6130149078125 0.342145909375 0.6289322625 0.35145429375 0.6568051796875001 0.3635742984375 0.6628414515625 0.3742767921875 0.663192396875 0.3933901015625 0.6594333703124999 0.4109442171875 0.6399597609375001 0.4070224984375 0.614769628125 0.3939574875 0.604943140625 0.3841291609375 0.6033677843749999
1 0.43029409531249996 0.589844653125 0.4157641359375 0.602525509375 0.4211033640625 0.6334009671875 0.43147504375 0.6418860609375 0.44217753593750003 0.642237003125 0.46748083749999997 0.6349217234375 0.48106579062500004 0.6184506546875 0.4749232421875 0.5938142375 0.4596374015625 0.584541465625 0.43029409531249996 0.589844653125
1 0.532452309375 0.56437375 0.520403146875 0.563352109375 0.4959740109375 0.5694429765625 0.48366487812500003 0.581570115625 0.4811132296875 0.5902579859375 0.485838265625 0.609209071875 0.4966824484375 0.6195892749999999 0.512299109375 0.620727896875 0.5269707609375 0.6180763046875 0.5393507375000001 0.6109637953125 0.5494390390625 0.59939036875 0.5455173203125 0.5742002421875 0.532452309375 0.56437375
1 0.5843347343749999 0.5453992578125 0.5710097484375 0.54872155 0.5507622984375 0.5668537671875 0.5578498546875 0.5952804 0.5677490296875 0.6018703859375 0.5806723578125 0.601667615625 0.604227328125 0.5968011625 0.620033115625 0.5797763703125 0.617528909375 0.56027156875 0.603518890625 0.5466548609374999 0.5843347343749999 0.5453992578125
1 0.6786254734375 0.5309480625 0.664284640625 0.5254655078125 0.6371621671875001 0.5302149828125 0.6213563765625 0.54723976875 0.6252780953125 0.5724299 0.6383431078124999 0.5822563875 0.6441314375 0.58181965625 0.6721280703125 0.5758457671875 0.687130540625 0.565060021875 0.6896821875 0.5563721578124999 0.68495715 0.5374210703125 0.6786254734375 0.5309480625
1 0.7237745624999999 0.5086200875 0.710449578125 0.511942378125 0.6919504546875 0.527625771875 0.6990380109375 0.55605240625 0.7169463453125 0.56165194375 0.7471638140625 0.5551243390625 0.7594729453125 0.5429972000000001 0.75602373125 0.51970218125 0.74295871875 0.5098756890625 0.7237745624999999 0.5086200875
1 0.7770744984375 0.49533092031250003 0.765710375 0.511248275 0.7777120953125001 0.5404625859375 0.794675421875 0.5422719093749999 0.8244203828125001 0.533849196875 0.832287853125 0.5228294890625 0.8261453046874999 0.498193071875 0.8059453 0.488132621875 0.7770744984375 0.49533092031250003
1 0.8814535421875 0.46930630156250003 0.8494169046875 0.4732681 0.8309177812499999 0.48895149218749995 0.839422846875 0.52306345 0.8510703484375 0.5272046140625 0.86130034375 0.52566045 0.893266134375 0.5166840234375 0.9016061093750001 0.507559421875 0.90368525 0.49697645 0.8994327156249999 0.47992046874999994 0.8814535421875 0.46930630156250003
1 0.92974443125 0.5116147953125 0.9176952703125 0.51059315625 0.90659111875 0.5133617312500001 0.896904475 0.5218156359375 0.890454515625 0.53852066875 0.8942345453125 0.553681540625 0.9005662187500001 0.56015454375 0.91046539375 0.5667445296875 0.9189470578125001 0.5676491890625 0.9358395375 0.5644438828125 0.9437778546875 0.5584388015624999 0.9529211484375001 0.5430751593750001 0.9445577703125 0.5189924625 0.92974443125 0.5116147953125
1 0.77872794375 0.549267434375 0.7565196390625 0.5548045859374999 0.743738003125 0.5650366171875 0.741186353125 0.5737244859375 0.7468563968749999 0.5964657890625 0.76261475 0.6076336734375001 0.7706239078125 0.606643221875 0.7963997125 0.6012230515625 0.8104571703125 0.586647090625 0.8024246078124999 0.554430240625 0.7952187671875001 0.5491816484375 0.77872794375 0.549267434375
1 0.722403859375 0.5693493609375 0.710354696875 0.5683277203125 0.6881463906249999 0.573864871875 0.6758372609375 0.5859920109375001 0.6816489921875 0.6187625765625 0.68616149375 0.6226697734375 0.70177815625 0.6238083953125 0.72533313125 0.618941940625 0.7398630921875 0.6062610890625 0.7424147375000001 0.5975732203125 0.7386347078125 0.5824123484375 0.722403859375 0.5693493609375
1 0.6348464546875 0.5871540390625001 0.6193006390625 0.591030046875 0.6030223515625 0.6061597234375 0.6004707 0.6148475875 0.608834084375 0.6389302890625 0.6187332578125 0.6455202734375 0.6316565828125 0.6453175046874999 0.6507698921875 0.641558478125 0.6692690140625001 0.625875084375 0.6644022890625 0.5968947375 0.6540306109375 0.5884096421875 0.6348464546875 0.5871540390625001
1 0.5686940375 0.6056606062500001 0.5487065609374999 0.61064404375 0.53854741875 0.6172028359375 0.5303491265625 0.63635669375 0.543626675 0.661227071875 0.555274175 0.6653682359374999 0.5677249953125 0.6632703578125 0.58636580625 0.6576162203125 0.59430411875 0.6516111421875 0.6016990875 0.6386963265625 0.5901698703125 0.611377125 0.5686940375 0.6056606062500001
1 0.510149121875 0.6262962437499999 0.48699580937500003 0.6280431796875 0.4666775171875 0.6411607640625 0.46277920312500004 0.649177934375 0.469866759375 0.67760456875 0.47976593437500004 0.6841945546875 0.48824759687499997 0.685099215625 0.5118025671875001 0.6802327578125 0.5285533625000001 0.6669981875000001 0.5311050093749999 0.658310325 0.5259074671875 0.6374641249999999 0.510149121875 0.6262962437499999
1 0.4257575546875 0.647337425 0.4146534046875 0.650106 0.4005251 0.65966733125 0.3918543109375 0.676926084375 0.39563434062499997 0.69208695625 0.40243851875000003 0.7004550671875001 0.4118651890625 0.7051499437500001 0.4247885125 0.704947175 0.44168099375000003 0.7017418671875 0.4575576234375 0.6897317078125 0.4627317609375 0.67737060625 0.4521475515625 0.6538416203125 0.4257575546875 0.647337425
1 0.3356485046875 0.6738299671875 0.3254893625 0.680388759375 0.31856689375 0.6951986906250001 0.32329193125 0.7141497765625 0.32962361093750003 0.7206227828125 0.3390502828125 0.725317659375 0.354194434375 0.724561171875 0.376804403125 0.7159044999999999 0.3886410296875 0.7018822499999999 0.3815534734375 0.6734556171875 0.3672126390625 0.6679730609375001 0.3356485046875 0.6738299671875
1 0.29931189687500004 0.68892845625 0.2894835671875 0.6873530953125 0.2628335984375 0.6939976796875 0.24655530468750003 0.7091273609375001 0.2514220296875 0.73810770625 0.2586278703125 0.7433562984375001 0.2742445328125 0.7444949203125 0.297799503125 0.73962846875 0.30795865 0.7330696734375 0.315826121875 0.7220499625000001 0.3133219140625 0.702545159375 0.29931189687500004 0.68892845625
1 0.2255519796875 0.7053059484374999 0.1895461859375 0.7122702828125 0.17326789375 0.727399965625 0.177662115625 0.7544852015625 0.1875612890625 0.7610751875 0.2031779515625 0.762213809375 0.22451209218749998 0.757901071875 0.24126288749999997 0.744666503125 0.24367284374999998 0.7259493781249999 0.24083782187499997 0.714578725 0.2255519796875 0.7053059484374999
1 0.2032487921875 0.7672284406250001 0.1862854671875 0.7654191234375001 0.1628013390625 0.7753002062500001 0.1519097140625 0.793112671875 0.16121809843749998 0.8209855890625001 0.1706447703125 0.8256804687500001 0.1835680984375 0.8254776984375001 0.2088713984375 0.818162415625 0.219432203125 0.8084841 0.22198384999999998 0.7997962375000001 0.21536879843749998 0.7732647125 0.2032487921875 0.7672284406250001
1 0.26226621250000004 0.7484879125 0.24005790781249997 0.7540250656249999 0.2242521171875 0.7710498515624999 0.22911884374999997 0.8000301999999999 0.2417113515625 0.8079615796875 0.24972051093749997 0.8069711312500001 0.27771714687500004 0.8009972421875 0.291774609375 0.7864212796875 0.2905462234375 0.7625725453125 0.274315375 0.749509553125 0.26226621250000004 0.7484879125
1 0.3382469625 0.7315567 0.30540700625 0.7417575375000001 0.2957912015625 0.7552260703125 0.3033512609375 0.7855478125 0.327922090625 0.7894862046875 0.348783728125 0.7832783531249999 0.3610928625 0.7711512140625 0.363644509375 0.7624633515625 0.3584469671875 0.7416171515625 0.3382469625 0.7315567
1 0.387908553125 0.713135925 0.371630265625 0.728265603125 0.3687478 0.7450876203125001 0.3742761609375 0.757799665625 0.3846478390625 0.7662847609375001 0.39804366562500004 0.7679770984375 0.4238194703125 0.7625569265625 0.4396252546875 0.7455321406250001 0.4357035359375 0.7203420078125 0.419945190625 0.709174128125 0.387908553125 0.713135925
1 0.5004384421875 0.6961501171875 0.483404275 0.6893261671875 0.454533475 0.696524465625 0.44397266875 0.706202778125 0.4414210234375 0.7148906453125 0.448036075 0.7414221703125 0.46062858437500004 0.7493535484375 0.46911024687499997 0.750258209375 0.494886053125 0.7448380375 0.5028243640625 0.738832959375 0.5102193328125 0.72591814375 0.5067701171875 0.7026231187499999 0.5004384421875 0.6961501171875
1 0.5700875125 0.6727458984375 0.5606608421875 0.6680510203125001 0.54639085 0.667583096875 0.5308450390624999 0.671459103125 0.520685890625 0.6780178953125 0.5140942421875 0.6846936718750001 0.5120151015625 0.6952766484375 0.5176851453125 0.7180179515625 0.524016821875 0.724490959375 0.5334434921875 0.7291858375 0.5463668140625 0.7289830640625 0.5605659609375 0.7244363625 0.5746942640625 0.7148750265625 0.581616728125 0.7000651015625 0.5764191890625 0.67921890625 0.5700875125 0.6727458984375
1 0.6312549203125 0.6484370234375 0.5952491265625001 0.6554013609375 0.5846883218750001 0.665079675 0.582136675 0.6737675421875 0.5841683796875 0.6913772375 0.5914450609374999 0.70164045625 0.6062584 0.7090181249999999 0.6169608921874999 0.709369065625 0.624970053125 0.7083786187500001 0.64703666875 0.6928122046875 0.6539591328125 0.6780022812500001 0.647013265625 0.6596049093749999 0.6312549203125 0.6484370234375
1 0.7018489984375 0.6288230265625 0.6720331953125 0.6322311078125 0.657904890625 0.6417924390625 0.6522582484375 0.6522584328125001 0.6593458046875 0.680685065625 0.6692449796875 0.6872750515625 0.6848616375 0.6884136765625 0.7096924328124999 0.6792032859375 0.7215290624999999 0.6651810375 0.7185523515625001 0.6437811296875 0.71127566875 0.6335179046875 0.7018489984375 0.6288230265625
1 0.7733880828124999 0.6129992453125 0.76355975625 0.611423890625 0.7413514453125 0.61696104375 0.7250731578125 0.6320907203125 0.7294673796875 0.6591759609375 0.7398390578125 0.6676610546874999 0.7505415515625 0.6680120015625 0.77631735625 0.6625918265624999 0.7913198203125 0.6518060828125 0.7933989625 0.6412231109375 0.7859805921875 0.620930625 0.7733880828124999 0.6129992453125
1 0.8325003843750001 0.5378733796875 0.8224120828125001 0.549446803125 0.8198604375 0.5581346671875 0.8282238156249999 0.5822173687500001 0.8398713171875001 0.5863585312499999 0.8501013046875 0.5848143640625 0.866993790625 0.58160905625 0.883272078125 0.566479378125 0.8776020328125 0.5437380703125 0.86406451875 0.5320164734375 0.8325003843750001 0.5378733796875
1 0.9172695718749999 0.5751126453125 0.9074412453124999 0.5735372890625 0.8874537703125001 0.578520725 0.8738688109374999 0.594991796875 0.8768455218750001 0.6163917125 0.894423040625 0.6301254000000001 0.92638883125 0.6211489734375 0.9364771328125 0.60957555 0.9390287828125 0.6008876843750001 0.9361937609375 0.58951703125 0.9172695718749999 0.5751126453125
1 0.8146388609375 0.5986884390625 0.8032747328125 0.61460579375 0.805778940625 0.6341106015625 0.8157489609375 0.6457152125000001 0.8349331125000001 0.646970821875 0.8575430796875001 0.638314146875 0.8671588765625 0.6248456140624999 0.859268003125 0.6026580218750001 0.8412888281249999 0.59204385625 0.8146388609375 0.5986884390625
1 0.972766303125 0.62266973125 0.9512904750000001 0.6169532109375 0.932248003125 0.6257268671875 0.9218288859375001 0.6454344437499999 0.925608915625 0.6605953140625 0.9324130953124999 0.6689634296875 0.9525422578124999 0.6740092484375 0.9627722484374999 0.6724650859375 0.9729313968750001 0.6659062921875 0.98254719375 0.65243775625 0.9846263343749999 0.6418547859375 0.972766303125 0.62266973125
1 0.8660955906250001 0.6442334359374999 0.8555347859375001 0.6539117515624999 0.8512348078124999 0.6650484390625 0.8591256843749999 0.6872360328125 0.8797273515624999 0.6941769609375 0.900588990625 0.6879691125 0.9119531171874999 0.6720517578125 0.906283071875 0.64931045 0.8883038953125 0.638696284375 0.8660955906250001 0.6442334359374999
1 0.815016484375 0.6569688890625 0.795029009375 0.661952325 0.7827198734375 0.674079465625 0.7801682265625 0.682767328125 0.78078241875 0.6946916984375 0.7885316062500001 0.70685003125 0.8042191093750001 0.7130032796875 0.8255532546875 0.7086905406249999 0.837862384375 0.6965634015625 0.8404140312499999 0.687875534375 0.8352164906249999 0.6670293390625 0.815016484375 0.6569688890625
1 0.7195207625 0.6807786453125 0.7091016453125001 0.7004862171874999 0.709243334375 0.7105154796875001 0.7169925203124999 0.7226738109374999 0.731805859375 0.7300514734375 0.7398150171875 0.7290610234375 0.7562349984375001 0.72396060625 0.7693474484375 0.7055944234375 0.7636774046875 0.68285311875 0.7461707328125 0.6741340625000001 0.7195207625 0.6807786453125
1 0.6751041515625 0.6918529515625 0.6440125203125 0.6996049656250001 0.632648396875 0.7155223203125 0.639735953125 0.7439489546875 0.6496351265625 0.7505389390625 0.6581167890625 0.7514436 0.6878617499999999 0.7430208875 0.6984225546875 0.7333425734375 0.7009742015625 0.724654709375 0.6899174890625 0.699230615625 0.6751041515625 0.6918529515625
1 0.6197959140625 0.7207397203125 0.602761746875 0.7139157703125 0.573890946875 0.7211140703125001 0.5607784953125 0.7394802484375 0.5700868812500001 0.767353165625 0.5822068859375 0.7733894375 0.5929093796875 0.773740384375 0.6115501890624999 0.768086246875 0.6252059859375 0.7566298078125 0.6291043015625 0.7486126375000001 0.629435115625 0.7404784859375 0.6197959140625 0.7207397203125
1 0.5277260078125 0.7346371984375 0.5099593625 0.739066921875 0.4963035640625 0.750523365625 0.4924052484375 0.75854053125 0.49949280468749996 0.7869671640625 0.5066986453125 0.79221575625 0.5223153015625 0.79335438125 0.541428615625 0.78959535625 0.5533360843749999 0.7805877359375 0.5589827265625 0.7701217437500001 0.549674340625 0.7422488265625 0.5277260078125 0.7346371984375
1 0.454911096875 0.7548049125 0.4371444515625 0.759234634375 0.42523698281250005 0.768242253125 0.4213386671875 0.7762594203125001 0.428426221875 0.804686053125 0.44054622656250003 0.8107223234375001 0.456162884375 0.811860946875 0.4663928734375 0.8103167859375 0.4805211765625 0.8007554499999999 0.48791614531249994 0.78784063125 0.4786077578125 0.7599677140625001 0.454911096875 0.7548049125
1 0.383844515625 0.7725238015625 0.3660778703125 0.7769535234375 0.3502012390625 0.7889636828125 0.3472479375 0.8007710687499999 0.351027965625 0.8159319390625001 0.3578321453125 0.8243000500000001 0.3801821390625 0.828792159375 0.4050129359375 0.81958176875 0.4146287328125 0.8061132359375 0.40848618593749997 0.781476825 0.3985870109375 0.7748868375 0.383844515625 0.7725238015625
1 0.32584295 0.8000691765625 0.3141954453125 0.79592801875 0.28310381875 0.8036800312500001 0.2739605203125 0.819043675 0.2796305640625 0.8417849765625001 0.29269558125 0.8516114671875 0.30117724375 0.852516125 0.3242597109375 0.8457545640624999 0.33609634375 0.8317323156249999 0.3386479890625 0.8230444468749999 0.335812965625 0.81167379375 0.32584295 0.8000691765625
1 0.2458222015625 0.8149883000000001 0.20981640625 0.8219526359374999 0.197979775 0.8359748843749999 0.20506733124999998 0.8644015171874999 0.2149665046875 0.8709915031250001 0.2234481671875 0.8718961593750001 0.2470031421875 0.8670297046875 0.2628089328125 0.8500049187500001 0.2634705609375 0.83373661875 0.2588872125 0.8248147875 0.2458222015625 0.8149883000000001
1 0.3486888515625 0.8396636953125001 0.33630887187499997 0.846776203125 0.328441403125 0.8577959109375 0.33236312031250004 0.8829860437500001 0.33600146249999996 0.888117653125 0.351688965625 0.89427090625 0.375243934375 0.8894044484375 0.38882889375 0.8729333765625 0.38854551718749997 0.8528748609375001 0.3718421640625 0.8379167593749999 0.3486888515625 0.8396636953125001
1 0.41356544062499995 0.8255010593750001 0.4047529640625 0.8327305515625 0.3987046640625 0.8463160625 0.40248469375000007 0.8614769328125 0.40881636875 0.8679499406250001 0.41871554218749996 0.8745399265625 0.4271972078125 0.8754445875 0.45027967812499997 0.8686830203125 0.4624471203125 0.8465266218749999 0.45502875 0.826234140625 0.4402154109375 0.8188564765624999 0.41356544062499995 0.8255010593750001
1 0.49082201562499994 0.8042259171874999 0.47622120625 0.8118921406249999 0.47104706875 0.8242532406249999 0.4767171140625 0.84699455 0.487088790625 0.8554796437500001 0.4982637890625 0.8577256984374999 0.5218187624999999 0.8528592390625 0.5362070359375 0.8301491296875 0.52784365625 0.8060664281250001 0.51128199375 0.8011375875000001 0.49082201562499994 0.8042259171874999
1 0.5823485749999999 0.7834186984375 0.5561711078125 0.791958390625 0.5457519921875 0.8116659671875001 0.5531703609374999 0.831958446875 0.5657628703124999 0.8398898265625 0.5786861937500001 0.8396870578125 0.5911370171875 0.837589175 0.6012961609375 0.8310303828125001 0.6099669515625 0.813771634375 0.60429690625 0.791030325 0.5823485749999999 0.7834186984375
1 0.6676143015625 0.7611531046875 0.6443901421875 0.7578854109375001 0.6270960015625 0.764210240625 0.6174093625 0.772664146875 0.6141252390624999 0.79260568125 0.6255127671875 0.8098956265625 0.6349394375 0.8145905046875 0.6478627593749999 0.8143877312500001 0.666503571875 0.8087336 0.676591871875 0.7971601749999999 0.6791435171875 0.78847230625 0.67441848125 0.7695212203125 0.6676143015625 0.7611531046875
1 0.6986350859375 0.7483864609374999 0.68949179375 0.7637501062500001 0.6946893328125 0.7845963 0.7077543453125 0.7944227921875 0.7162360078125001 0.7953274484375 0.7309076625 0.79267585625 0.74940678125 0.7769924625 0.745012559375 0.7499072234375 0.7248125515625 0.73984676875 0.6986350859375 0.7483864609374999