0 0.9775004890625001 0.1547551375 0.9713895359375 0.16315236093750002 0.9684348921874999 0.1701419609375 0.972196190625 0.185480275 0.9806445874999999 0.1885188296875 0.9862452749999999 0.1837523234375 0.990220446875 0.16950129687499998 0.9871710734375 0.1561142484375 0.9775004890625001 0.1547551375
0 0.9446204953124999 0.1501341546875 0.9385095421875 0.158531378125 0.9355549 0.165520978125 0.939316196875 0.18085929375 0.9438963593749999 0.183354203125 0.951941428125 0.1752288015625 0.955406334375 0.1646084921875 0.9523569625 0.15122144531249998 0.9446204953124999 0.1501341546875
0 0.9078722640624999 0.144969528125 0.9042056921875 0.1500078625 0.900230521875 0.164258884375 0.904502084375 0.1759664890625 0.9090822484375 0.1784613984375 0.9171273171875001 0.170335996875 0.9205922234375 0.1597156875 0.91754285 0.146328640625 0.9078722640624999 0.144969528125
0 0.871325696875 0.14538688125000002 0.866840265625 0.1632686125 0.8696879718750001 0.17107368437499998 0.878136371875 0.1741122390625 0.8842473203125 0.165715015625 0.886288371875 0.151192171875 0.8827287406250001 0.1414358359375 0.871325696875 0.14538688125000002
0 0.8401781578125 0.1354557421875 0.83406720625 0.143852965625 0.8320261531250001 0.158375809375 0.8348738609374999 0.16618088125 0.8413881406250001 0.1689476125 0.849433209375 0.1608222109375 0.8514742625 0.14629936875 0.8479146249999999 0.13654303125 0.8401781578125 0.1354557421875
0 0.807298165625 0.1308347609375 0.79823256875 0.146221584375 0.796701778125 0.157113721875 0.7995494859375001 0.1649187875 0.8079978828125001 0.1679573421875 0.814108834375 0.15956012343749998 0.81666015 0.14140656406250002 0.8111663984374999 0.1313784046875 0.807298165625 0.1308347609375
0 0.7681055531250001 0.129029021875 0.7634184578125 0.1413287796875 0.76239793125 0.1485902 0.768603609375 0.160569628125 0.773694034375 0.1594338265625 0.7798049875 0.151036603125 0.781846040625 0.13651375937500002 0.778286403125 0.12675742343750002 0.7681055531250001 0.129029021875
0 0.7376699390625 0.1210491515625 0.7315589859375 0.129446375 0.729517934375 0.14396921875 0.7323656453125 0.151774290625 0.7408140421875 0.1548128453125 0.746924990625 0.1464156203125 0.7489660421875 0.1318927765625 0.7454064109375 0.1221364421875 0.7376699390625 0.1210491515625
0 0.7028558281249999 0.11615634687500001 0.6991892562500001 0.12119468281250001 0.6947038234375 0.1390764140625 0.6970412671874999 0.150512196875 0.7054896640625 0.1535507515625 0.711090353125 0.1487842421875 0.715575784375 0.13090250625 0.712526415625 0.117515459375 0.7028558281249999 0.11615634687500001
0 0.6680417171874999 0.11126354218750001 0.6643751453125 0.116301878125 0.660399975 0.1305528984375 0.6641612734375 0.14589121562500001 0.6706755531249999 0.148657946875 0.6792308859375 0.136901834375 0.6817822015624999 0.11874827968749999 0.67964641875 0.1128944765625 0.6680417171874999 0.11126354218750001
0 0.6468489468749999 0.1638214578125 0.6382936140625 0.17557757031250001 0.6362525625 0.1901004140625 0.6391002703125 0.1979054859375 0.6456145484375 0.20067221562499998 0.6499930453125 0.1975851515625 0.6566142609375001 0.185557215625 0.6526512984374999 0.164636925 0.6468489468749999 0.1638214578125
0 0.679728940625 0.168442440625 0.674128253125 0.173208953125 0.6710666734374999 0.19499321875 0.6724905265625 0.19889575625 0.6809389218749999 0.20193431093749997 0.6865396125000001 0.1971677984375 0.69000451875 0.1865474875 0.687465409375 0.1695297296875 0.679728940625 0.168442440625
0 0.7089423625 0.17810175781249998 0.70445693125 0.19598348906250002 0.7073046374999999 0.2037885609375 0.7176871546875 0.2070989375 0.721353721875 0.2020606015625 0.7239050375 0.1839070484375 0.72034540625 0.1741507125 0.7089423625 0.17810175781249998
0 0.7418223578124999 0.1827227390625 0.7392710421875 0.20087629375 0.7421187515625001 0.208681365625 0.74863303125 0.21144809687500002 0.7566781 0.20332269531249997 0.76065326875 0.189071675 0.7537356640625 0.17514098281249998 0.7418223578124999 0.1827227390625
0 0.780303040625 0.1825772078125 0.773171565625 0.198235853125 0.775509009375 0.20967163125 0.785891521875 0.2129820125 0.7925127375 0.20095407812500002 0.7935332640625 0.19369265625 0.789973628125 0.1839363203125 0.780303040625 0.1825772078125
0 0.8114505828125 0.1925083484375 0.8088992671874999 0.21066190156250003 0.8103231203125001 0.2145644359375 0.8207056328125001 0.21787481718750001 0.8268165859375 0.20947759375000002 0.82672185625 0.189100946875 0.8214297687500001 0.18465476875 0.8114505828125 0.1925083484375
0 0.8523756453125 0.189003928125 0.8443305765625 0.19712932968750002 0.8417792609375001 0.215282884375 0.8432031156249999 0.2191854171875 0.855519746875 0.22276762187500002 0.8591863171874999 0.21772928593750002 0.8617376328124999 0.19957573125 0.8581779968750001 0.1898193953125 0.8523756453125 0.189003928125
0 0.8852556406250001 0.1936249109375 0.877210571875 0.2017503109375 0.8751695187499999 0.2162731546875 0.8780172281249999 0.224078221875 0.8883997421875 0.227388603125 0.8920663093750001 0.2223502671875 0.8960414796875 0.20809924687499998 0.8944159640624999 0.198614734375 0.8852556406250001 0.1936249109375
0 0.92006975 0.19851771406250002 0.9144690656250001 0.20328422812500002 0.9104938953125 0.2175352484375 0.9128313390624999 0.2289710265625 0.9212797343749999 0.232009584375 0.926880425 0.22724307187499998 0.93136585625 0.20936134062499998 0.927806221875 0.1996050046875 0.92006975 0.19851771406250002
0 0.952439484375 0.20676940781250003 0.94530800625 0.22242805156249998 0.9476454499999999 0.23386382968750002 0.9580279640624999 0.23717421249999998 0.964138915625 0.2287769875 0.96617996875 0.21425414531250003 0.9587520984375001 0.2039541640625 0.952439484375 0.20676940781250003
0 0.964636971875 0.26031759375 0.9590362828125001 0.2650841015625 0.9555713765625 0.2757044171875 0.9559747046875 0.286868371875 0.959332675 0.291042728125 0.9658469546875 0.2938094640625 0.9714476421875 0.28904295156250004 0.975933075 0.2711612203125 0.9723734390625 0.2614048828125 0.964636971875 0.26031759375
0 0.933465015625 0.3207290828125 0.9314239625 0.33525193125 0.9342716718749999 0.343056996875 0.9427200671874999 0.3460955578125 0.94883101875 0.3376983328125 0.9513823359375 0.3195447734375 0.9458885828125 0.309516615625 0.933465015625 0.3207290828125
0 0.9298228609375 0.2554247890625 0.920757265625 0.2708116140625 0.92645268125 0.28642174531250003 0.9334772234375001 0.28555777187500003 0.9395881749999999 0.27716054687499997 0.9411189640625001 0.26626841562500003 0.937559328125 0.2565120796875 0.9298228609375 0.2554247890625
0 0.8950087468750001 0.250531984375 0.8894080578124999 0.25529849375 0.8859431515624999 0.265918809375 0.8897044515625 0.28125711875000003 0.8962187328125 0.28402385625000004 0.9042638015625 0.27589845468749996 0.9063048531250001 0.2613756109375 0.9027452171875 0.25161927500000003 0.8950087468750001 0.250531984375
0 0.854083684375 0.2540364046875 0.85204263125 0.2685592484375 0.8548903390625 0.2763643140625 0.8652728546875 0.279674696875 0.8689394234375 0.2746363609375 0.8712890765625 0.2509008265625 0.8621287531249999 0.24591100312499997 0.854083684375 0.2540364046875
0 0.8222242171874999 0.24215399531249998 0.8172285203125 0.26366644375 0.820076228125 0.2714715109375 0.830458740625 0.2747818921875 0.8360594296875 0.2700153796875 0.8391210093750001 0.24823110937499998 0.8369852296875001 0.24237731093749998 0.8222242171874999 0.24215399531249998
0 0.79250053125 0.23612539531249999 0.786389578125 0.24452261874999998 0.7838382625 0.26267617187500003 0.7852621171874999 0.26657870625 0.7956446296874999 0.2698890875 0.7993112015625 0.2648507515625 0.8032863703125 0.25059973125 0.8002369984375 0.23721268437499998 0.79250053125 0.23612539531249999
0 0.7601308 0.2278737015625 0.7515754671875 0.2396298140625 0.749534415625 0.2541526578125 0.7511599296875 0.2636371703125 0.7576742109375 0.2664039015625 0.7627646359375 0.26526810625 0.7688755875 0.25687088125 0.77285075625 0.24261986093750001 0.7659331500000001 0.22868916874999998 0.7601308 0.2278737015625
0 0.7272508015625 0.2232527203125 0.7192057375 0.2313781171875 0.7152305640625001 0.2456291421875 0.7175680125 0.2570649203125 0.7279505234375 0.2603753015625 0.7340614765625 0.251978078125 0.73661279375 0.23382451875000002 0.73305315625 0.2240681875 0.7272508015625 0.2232527203125
0 0.6819472421875 0.22984420625 0.6793959265625 0.24799775937500002 0.682243634375 0.255802825 0.6906920296875 0.2588413859375 0.6968029828125 0.2504441625 0.6991526359375 0.226708628125 0.68805819375 0.22144698125 0.6819472421875 0.22984420625
0 0.6571123171875 0.217097821875 0.6490672484375 0.2252232234375 0.6456023421875 0.2358435328125 0.6493636406250001 0.25118184375 0.6578120359375 0.254220403125 0.6639229890625 0.24582317968749998 0.6664743046875 0.2276696265625 0.6609805515625 0.2176414671875 0.6571123171875 0.217097821875
0 0.6325615765625 0.26548137656250004 0.6245165078125 0.2736067765625 0.6219651921875 0.2917603375 0.6267470171875 0.299837225 0.6332612953125001 0.3026039640625 0.6423268906249999 0.2872171390625 0.6419235640625 0.2760531796875 0.6364298109375001 0.266025021875 0.6325615765625 0.26548137656250004
0 0.6384464515625 0.32184480781249997 0.634779878125 0.3268831421875 0.6302944453125 0.344764878125 0.6345660078125 0.356472478125 0.6430144015625 0.3595110375 0.6491253546875 0.3511138140625 0.6531005249999999 0.3368627875 0.6500511515625 0.32347574218749997 0.6384464515625 0.32184480781249997
0 0.6649313078125 0.273733075 0.65882035625 0.2821302921875 0.656779303125 0.2966531421875 0.6596270109375 0.3044582078125 0.6680754062500001 0.3074967671875 0.6741863593749999 0.29909954375000003 0.6762274125000001 0.2845766953125 0.6746018953124999 0.2750921875 0.6649313078125 0.273733075
0 0.6978113015625 0.27835405625 0.6941447296875001 0.2833923859375 0.6901695609375 0.2976434125 0.694441125 0.30935101249999997 0.700955403125 0.31211774999999997 0.7065560890625 0.3073512359375 0.7105312625 0.2931002171875 0.707481890625 0.27971316874999996 0.6978113015625 0.27835405625
0 0.7289588453125 0.288285190625 0.725493934375 0.2989055046875 0.725897265625 0.3100694609375 0.7292552359375 0.314243815625 0.7377036312499999 0.3172823765625 0.7438145828125 0.308885153125 0.746164234375 0.28514961875 0.7370039140625 0.280159790625 0.7289588453125 0.288285190625
0 0.8027639015625001 0.28940175468749996 0.79665295 0.2977989765625 0.7941016328125 0.3159525359375 0.7955254875 0.3198550703125 0.807842115625 0.3234372734375 0.8115086890625 0.3183989390625 0.8140600062500001 0.30024537812499996 0.81050036875 0.29048904375 0.8027639015625001 0.28940175468749996
0 0.7698839078125 0.284780771875 0.7613285750000001 0.2965368828125 0.760711375 0.314962265625 0.764069346875 0.3191366203125 0.770583625 0.3219033578125 0.7766945765625 0.31350613437499997 0.77924589375 0.2953525734375 0.773752140625 0.2853244171875 0.7698839078125 0.284780771875
0 0.8704580078124999 0.29891554062500003 0.8643470546875 0.3073127625 0.8617957374999999 0.325466321875 0.8632195953125 0.32936885625 0.8755362234374999 0.33295106093750004 0.87920279375 0.327912725 0.8822643734375 0.3061284546875 0.8781944781250001 0.30000282968750003 0.8704580078124999 0.29891554062500003
0 0.8319773250000001 0.2990610703125 0.828002153125 0.313312096875 0.8322737171875 0.325019696875 0.8387879937499999 0.32778643281250003 0.8468330625 0.31966103125 0.8467383375 0.2992843859375 0.8375780125000001 0.29429455781249997 0.8319773250000001 0.2990610703125
0 0.9052721171875 0.30380834375 0.8991611687500001 0.31220556718750003 0.896609853125 0.3303591265625 0.899967821875 0.3345334828125 0.90841621875 0.33757204218750003 0.9164612875 0.329446640625 0.918502340625 0.3149237921875 0.91494270625 0.30516745625 0.9052721171875 0.30380834375
0 0.9498393374999999 0.3656082234375 0.9437283875 0.374005446875 0.9411770703125001 0.39215900625 0.9459588953125 0.40023589375 0.9524731734375 0.40300263281250004 0.9610285062499999 0.3912465203125 0.9630695593749999 0.3767236703125 0.9595099234375001 0.36696733593749997 0.9498393374999999 0.3656082234375
0 0.915025228125 0.3607154203125 0.9113586546875 0.3657537546875 0.9073834843749999 0.3800047796875 0.9097209296875001 0.3914405578125 0.9181693265625 0.3944791171875 0.9267246578125 0.3827230046875 0.9282554484375 0.3718308671875 0.9246958125000001 0.36207453125 0.915025228125 0.3607154203125
0 0.8802111125 0.355822615625 0.8741001625000001 0.3642198375 0.8720591078125001 0.3787426859375 0.8768409359374999 0.3868195765625 0.8833552140625001 0.3895863125 0.8889559046875 0.3848198 0.8929310734374999 0.3705687734375 0.8898817015624999 0.357181728125 0.8802111125 0.355822615625
0 0.845397003125 0.3509298109375 0.8417304296875001 0.3559681453125 0.8372449984375001 0.3738498828125 0.8400927046875 0.3816549484375 0.8504752218749999 0.38496533125 0.8541417890625 0.3799269953125 0.8586272265625 0.3620452578125 0.8550675906249999 0.3522889234375 0.845397003125 0.3509298109375
0 0.8100726281249999 0.349667715625 0.8064060578125 0.3547060515625 0.8052785953124999 0.37676214531249996 0.8175952265624999 0.3803443484375 0.821772059375 0.371675303125 0.8243233765625 0.35352174375 0.8202534765625 0.34739611875 0.8100726281249999 0.349667715625
0 0.7777028984375 0.341416025 0.7715919453125 0.34981324687500004 0.7695508921875 0.3643360953125 0.7723986 0.3721411625 0.780846996875 0.37517972187500004 0.7869579484375 0.3667824984375 0.7889990015625 0.3522596484375 0.785439365625 0.3425033140625 0.7777028984375 0.341416025
0 0.752559371875 0.3378823328125 0.7428887828125 0.33652322031250004 0.736777834375 0.3449204421875 0.73422651875 0.36307400312500004 0.7390083421875 0.371150890625 0.745522621875 0.37391762968750003 0.74990111875 0.3708305625 0.7565223343749999 0.35880262812499997 0.7575428609375 0.3515412015625 0.752559371875 0.3378823328125
0 0.7080746734375001 0.331630415625 0.7019637203125 0.3400276375 0.7008362609375001 0.3620837328125 0.7061283484375 0.36652990937499996 0.7150870078125 0.3659377578125 0.7222184859375 0.3502791078125 0.721815159375 0.33911515312499996 0.7163214078125 0.3290869953125 0.7080746734375001 0.331630415625
0 0.675194678125 0.32700943437499996 0.6695939906249999 0.331775946875 0.6665324109374999 0.35356021718749997 0.673248353125 0.3619089265625 0.680272896875 0.3610449546875 0.6844497281249999 0.3523759078125 0.68598051875 0.3414837703125 0.68293115 0.32809672343749996 0.675194678125 0.32700943437499996
0 0.6153195640625 0.37413089843749997 0.6092086109375 0.3825281234375 0.6071675578125 0.397050971875 0.610015265625 0.4048560375 0.620397778125 0.4081664140625 0.62406435 0.40312808593750005 0.628039521875 0.3888770578125 0.6264140015625 0.3793925453125 0.6153195640625 0.37413089843749997
0 0.6520677921875 0.37929552499999997 0.6440227234375 0.3874209265625 0.6434055234375 0.40584630937500005 0.64676349375 0.41002066406250004 0.6532777734375 0.4127873953125 0.659388725 0.404390178125 0.661429778125 0.38986732968750004 0.6578701421875001 0.3801109921875 0.6520677921875 0.37929552499999997
0 0.6830136687499999 0.383644684375 0.6769027171875 0.392041909375 0.6748616640625 0.40656475781249996 0.6777093703125 0.4143698234375 0.6880918874999999 0.41768020000000006 0.6917584546875 0.412641871875 0.6962438921875 0.394760134375 0.6926842578125 0.385003796875 0.6830136687499999 0.383644684375
0 0.7183380421875001 0.3849067796875 0.7146714734375 0.389945115625 0.709675775 0.4114575625 0.712523484375 0.419262628125 0.72097188125 0.4223011828125 0.7295272125000001 0.41054507031250004 0.731568265625 0.3960222265625 0.7280086296875 0.3862658921875 0.7183380421875001 0.3849067796875
0 0.75264189375 0.39343029375 0.746530940625 0.4018275171875 0.7444898875 0.41635036718749996 0.747337596875 0.4241554328125 0.7557859921875 0.4271939859375 0.7618969437499999 0.41879676874999994 0.763937996875 0.4042739203125 0.7603783625 0.394517584375 0.75264189375 0.39343029375
0 0.7855218890625 0.3980512765625 0.778390409375 0.41370992187500005 0.7840858234375 0.429320059375 0.7930444828125001 0.42872790156249996 0.79722131875 0.42005885625 0.7978385171875 0.40163348125000004 0.7937686187499999 0.39550785624999996 0.7855218890625 0.3980512765625
0 0.8227803796875 0.3995851921875 0.8161591640625 0.41161312656250004 0.8141181109375 0.42613597499999994 0.8188999390625 0.4342128640625 0.8234800968749999 0.4367077734375 0.831525165625 0.42858237812500005 0.8340764828125 0.4104288171875 0.8305168500000001 0.4006724828125 0.8227803796875 0.3995851921875
0 0.8575944890624999 0.404477996875 0.84852889375 0.41986481875 0.8489322250000001 0.43102877968750003 0.8537140484375 0.4391056671875 0.8602283281249999 0.4418724 0.8687836609374999 0.4301162875 0.8708247124999999 0.41559344375 0.8672650781250001 0.405837109375 0.8575944890624999 0.404477996875
0 0.8904744843750001 0.409098978125 0.8868079140624999 0.41413731406250004 0.883343009375 0.4247576234375 0.8865940437500001 0.44372665 0.8931083234375 0.44649338125 0.901153390625 0.43836798593750004 0.9046182984375 0.4277476703125 0.9035030421875 0.4146324453125 0.8904744843750001 0.409098978125
0 0.9247783359374999 0.41762249375 0.9211117625 0.422660828125 0.91764685625 0.43328113906250004 0.9214081546875 0.4486194546875 0.92985655 0.4516580078125 0.9359675031249999 0.443260790625 0.93800855625 0.42873794218750005 0.9363830359374999 0.41925342812500005 0.9247783359374999 0.41762249375
0 0.9350417046875 0.4708988578125 0.928930753125 0.47929608124999995 0.9268897015625001 0.4938189234375 0.93309538125 0.5057983515625 0.937675540625 0.5082932609374999 0.9481649890625 0.4968089703125 0.9487821890625 0.4783835953125 0.9432884359375 0.46835543749999997 0.9350417046875 0.4708988578125
0 0.9021617109375001 0.4662778765625 0.896050759375 0.4746750984375 0.89349944375 0.492828653125 0.8949232968749999 0.4967311921875 0.9072399265625 0.500313390625 0.9109064984374999 0.49527505468750005 0.9134578140625 0.4771215015625 0.9098981796875 0.46736516562499997 0.9021617109375001 0.4662778765625
0 0.8692817171874999 0.46165689531250004 0.8612366484375 0.4697822953125 0.8591955953125 0.4843051375 0.8620433015625 0.4921102109375 0.8704916984375 0.4951487640625 0.8760923875 0.49038225 0.8795572937499999 0.4797619421875 0.8750840671875 0.46247236249999996 0.8692817171874999 0.46165689531250004
0 0.8325334859375 0.4564922671875 0.826422534375 0.46488949062499996 0.82438148125 0.4794123328125 0.8272291921875 0.48721740625 0.8376117046875 0.49052778124999996 0.8412782765625 0.48548944687500006 0.845253446875 0.47123842656250003 0.8422040734375 0.4578513796875 0.8325334859375 0.4564922671875
0 0.794052803125 0.4566377984375 0.790587896875 0.4672581078125 0.7924150765625 0.4823246015625 0.80279759375 0.48563497812499995 0.8064641640625 0.4805966421875 0.8090154796875 0.46244308749999996 0.8054558421875001 0.45268675312499995 0.794052803125 0.4566377984375
0 0.760460884375 0.450065546875 0.7567943109375 0.45510388125 0.75566685 0.477159975 0.7679834796875 0.4807421734375 0.7746046953125 0.4687142390625 0.7742013671875 0.457550284375 0.7720655843750001 0.45169648125000006 0.760460884375 0.450065546875
0 0.7275808859375 0.4454445640625 0.7214699375 0.45384178906250006 0.7199391484375 0.4647339203125 0.7227868546875 0.47253899375 0.7331693687499999 0.47584936874999995 0.7392803203125 0.4674521453125 0.7408111093749999 0.45656001249999995 0.7319593875 0.44235749999999996 0.7275808859375 0.4454445640625
0 0.6952111546874999 0.4371928734375 0.68910020625 0.4455900953125 0.686548890625 0.46374364999999995 0.6879727453125 0.4676461890625 0.700289375 0.47122838749999996 0.7039559468750001 0.4661900515625 0.7065072625 0.4480364984375 0.7029476265625 0.4382801625 0.6952111546874999 0.4371928734375
0 0.65988678125 0.43593077812500003 0.6537758296875 0.44432800156249996 0.651734778125 0.4588508453125 0.6565166046875001 0.4669277390625 0.6610967640625 0.46942264843750003 0.6691418328125 0.46129724687499996 0.6711828843750001 0.44677440468749996 0.667623253125 0.43701806875000004 0.65988678125 0.43593077812500003
0 0.61947198125 0.4358044875 0.616920665625 0.453958040625 0.6197683734375 0.4617631125 0.6301508859375 0.4650734890625 0.637282365625 0.4494148453125 0.6368790375 0.4382508890625 0.6313852843750001 0.42822273125 0.61947198125 0.4358044875
0 0.602966309375 0.476062646875 0.594921240625 0.48418804687500006 0.5923699250000001 0.5023416 0.5952176328125 0.5101466671875 0.6075342625 0.5137288718749999 0.613134953125 0.5089623578125 0.61568626875 0.4908088046875 0.6140607515625 0.48132429062500004 0.602966309375 0.476062646875
0 0.6334019234375 0.484042515625 0.629735353125 0.48908085 0.6271840375 0.5072344046875 0.6319658609375 0.5153112937500001 0.6384801390625 0.51807803125 0.6445910921875 0.50968080625 0.6466321453125 0.4951579640625 0.6430725078124999 0.485401628125 0.6334019234375 0.484042515625
0 0.670660415625 0.48557643281249996 0.662105084375 0.49733254374999997 0.661487884375 0.5157579203125 0.668203828125 0.5241066375 0.6771624875 0.5235144796875 0.6813393234375 0.514845434375 0.6838906390624999 0.49669187968750006 0.6803310015624999 0.48693554531250005 0.670660415625 0.48557643281249996
0 0.7035404078124999 0.49019741406249995 0.69691919375 0.5022253484375 0.6963019984375001 0.520650725 0.69965996875 0.5248250796875 0.71004248125 0.5281354625 0.716663696875 0.5161075265624999 0.7187047484375 0.501584684375 0.7117871421874999 0.48765399374999996 0.7035404078124999 0.49019741406249995
0 0.7378442609375 0.498720928125 0.7341776875 0.5037592640625 0.73071278125 0.514379575 0.7344740796875 0.529717884375 0.740988359375 0.532484621875 0.749033428125 0.5243592203125 0.75107448125 0.5098363765625 0.7475148453125 0.500080040625 0.7378442609375 0.498720928125
0 0.7745924875 0.5038855546875001 0.76603715625 0.5156416671875 0.766440484375 0.526805621875 0.7712223109375 0.5348825125000001 0.77580246875 0.5373774250000001 0.7838475390624999 0.5292520234375 0.7853783296875 0.5183598921875 0.78232895625 0.5049728453125 0.7745924875 0.5038855546875001
0 0.8074724828125 0.5085065375 0.8013615312500001 0.5169037609375 0.7993204781250001 0.531426603125 0.8041023062500001 0.5395034937500001 0.8106165843750001 0.5422702296875 0.8162172703125 0.5375037171875 0.820702703125 0.5196219859375 0.8171430703125001 0.50986565 0.8074724828125 0.5085065375
0 0.8442207093749999 0.5136711640625 0.838620025 0.5184376765625001 0.8355584453124999 0.5402219421875001 0.8369822984375 0.544124475 0.8473648125000001 0.54743485625 0.8534757640624999 0.5390376328125 0.8555168156249999 0.524514790625 0.8519571812500001 0.514758453125 0.8442207093749999 0.5136711640625
0 0.8751665875000001 0.5180203234375 0.8709897546875001 0.5266893703125 0.8703725562500001 0.5451147453125 0.8826891874999999 0.54869695 0.8863557578125001 0.5436586140624999 0.8889070734375 0.5255050609375 0.8867712921875001 0.5196512578125 0.8751665875000001 0.5180203234375
0 0.9119148171875 0.52318495 0.905803865625 0.5315821734374999 0.9037628140624999 0.5461050171874999 0.906610521875 0.553910084375 0.9150589171875 0.5569486421875001 0.9206596062499999 0.5521821296875 0.9246347765625 0.537931109375 0.921585403125 0.5245440625 0.9119148171875 0.52318495
0 0.887364078125 0.5715685109375 0.8836975062500001 0.576606840625 0.8792120718750001 0.5944885765625 0.8820597812500001 0.60229364375 0.8924422921874999 0.605604025 0.896108865625 0.6005656890625 0.899573771875 0.5899453796875 0.8970346609375 0.5729276234375 0.887364078125 0.5715685109375
0 0.921667925 0.580092025 0.9180013546874999 0.58513035625 0.9150467109375 0.592119959375 0.914939775 0.606914625 0.9182977484375 0.61108898125 0.9248120234374999 0.6138557171875 0.9304127140625 0.6090892046875 0.9348981453125 0.5912074734375 0.9313385140625 0.5814511375 0.921667925 0.580092025
0 0.8544840828125 0.5669475296875001 0.8459287515625 0.578703640625 0.8443979625000001 0.589595771875 0.84724566875 0.5974008390625001 0.8576281828125 0.6007112203125 0.863739134375 0.592313996875 0.8657801875000001 0.5777911484375 0.8622205515625 0.56803481875 0.8544840828125 0.5669475296875001
0 0.8196699687500001 0.5620547250000001 0.8116249 0.5701801203125 0.809583846875 0.5847029671875 0.812431559375 0.592508034375 0.8208799546875 0.59554659375 0.8264806437500001 0.5907800812499999 0.8304558125 0.5765290609375 0.82883029375 0.5670445468749999 0.8196699687500001 0.5620547250000001
0 0.782411478125 0.5605208078125 0.7787449078125 0.5655591390625 0.7761935921875 0.5837126968749999 0.77761744375 0.5876152296875 0.789934078125 0.5911974343749999 0.7936006453125 0.5861590984375 0.7961519625 0.568005540625 0.7940161828125001 0.5621517421875 0.782411478125 0.5605208078125
0 0.750041746875 0.5522691156249999 0.7439307953125 0.560666334375 0.7413794796875 0.5788198921875 0.7447374515625 0.5829942484374999 0.7551199625 0.5863046296875 0.7587865359375 0.5812662953125 0.7613378515625 0.5631127359375 0.7577782140625 0.55335640625 0.750041746875 0.5522691156249999
0 0.712783253125 0.5507351984375 0.7066723046875001 0.5591324234374999 0.7065653671875001 0.5739270890625 0.71134719375 0.582003978125 0.7159273546875 0.5844988921875001 0.7244826875 0.5727427796875 0.726523740625 0.55821993125 0.7210299874999999 0.5481917796875 0.712783253125 0.5507351984375
0 0.684281759375 0.5430271531249999 0.6767469546875 0.5475218374999999 0.6722615203125 0.5654035734375 0.67653308125 0.5771111734375001 0.6830473609375 0.5798779093750001 0.6891583140625 0.5714806859375 0.6931334812500001 0.557229665625 0.6915079640624999 0.5477451515625 0.684281759375 0.5430271531249999
0 0.6394884609375 0.5459879203125 0.63693714375 0.5641414796875 0.6397848546875 0.571946546875 0.6501673671875 0.5752569281250001 0.656278315625 0.5668597046875 0.6586279687500001 0.5431241703125 0.6455994109375001 0.537590703125 0.6394884609375 0.5459879203125
0 0.6127194171875 0.532969721875 0.604164084375 0.5447258328125 0.6035468859375 0.563151209375 0.60690485625 0.5673255640625 0.615353253125 0.5703641234375 0.6209539421875 0.5655976109374999 0.6259496375 0.5440851640625 0.623813859375 0.538231365625 0.6127194171875 0.532969721875
0 0.5857242968749999 0.58471216875 0.57910308125 0.596740096875 0.577572290625 0.607632234375 0.5837779703125 0.6196116578125 0.5902922484375 0.62237839375 0.5964032015625 0.6139811703125 0.5989545171875 0.5958276109375 0.5953948796875 0.5860712796875001 0.5857242968749999 0.58471216875
0 0.6205384078125 0.5896049718749999 0.61442745625 0.598002190625 0.612896665625 0.6088943296875 0.6157443734375 0.6166993953125 0.6261268906249999 0.6200097718750001 0.629793459375 0.614971440625 0.6332583656249999 0.604351125 0.6302089953125 0.590964084375 0.6205384078125 0.5896049718749999
0 0.659731015625 0.59141070625 0.6473074515625 0.602623171875 0.6457766609375 0.6135153109375 0.650048225 0.6252229109375 0.6584966203125 0.6282614703125 0.664097309375 0.6234949578125 0.66858274375 0.6056132187500001 0.6650231062499999 0.5958568890625 0.659731015625 0.59141070625
0 0.689656365625 0.6030212921875 0.68354541875 0.611418509375 0.682014628125 0.6223106484375001 0.6882203062500001 0.6342900703125001 0.6952448484375 0.633426096875 0.7013558 0.625028871875 0.702886590625 0.6141367343749999 0.6979031 0.6004778703125 0.689656365625 0.6030212921875
0 0.7274251234375 0.6009244921875 0.7193800546875 0.60904989375 0.715404884375 0.6233009203125001 0.719676446875 0.6350085187500001 0.7281248421875001 0.638047078125 0.73372553125 0.633280565625 0.7377007015625 0.6190295390625 0.7365854453125 0.6059143203125 0.7274251234375 0.6009244921875
0 0.7578607374999999 0.6089043671875001 0.7541941671875 0.6139426984374999 0.75164285 0.63209625625 0.7530667046875 0.635998790625 0.7653833375 0.6395809890625 0.76904990625 0.634542659375 0.771601221875 0.6163890999999999 0.7694654421875 0.6105353015625 0.7578607374999999 0.6089043671875001
0 0.7946089656249999 0.61406899375 0.7884980140625 0.6224662109375 0.785946696875 0.640619771875 0.789304671875 0.644794128125 0.7958189499999999 0.6475608640625 0.8038640171875 0.6394354625 0.8059050703124999 0.6249126140625 0.8023454375 0.615156284375 0.7946089656249999 0.61406899375
0 0.8294230765625 0.6189617984375 0.8203574843749999 0.634348621875 0.8207608125 0.6455125765624999 0.8255426359375001 0.653589465625 0.8301227984375 0.6560843796875 0.8381678671874999 0.6479589781249999 0.8416327734375001 0.63733866875 0.8371595468749999 0.6200490875 0.8294230765625 0.6189617984375
0 0.8623030734375 0.6235827796875 0.8586365015625 0.6286211109375001 0.85466133125 0.6428721375 0.8589328937499999 0.6545797359375001 0.8673812906249999 0.6576182953124999 0.8734922421875 0.649221071875 0.8760435578125 0.6310675125 0.8739077749999999 0.6252137140625 0.8623030734375 0.6235827796875
0 0.897117184375 0.6284755843750001 0.8934506140625 0.633513915625 0.890899296875 0.6516674734375 0.8923231515625 0.6555700078125 0.904639784375 0.65915220625 0.908306353125 0.6541138765625 0.9108576703125 0.6359603171875 0.9087218890625 0.6301065203125 0.897117184375 0.6284755843750001
0 0.9093146734375 0.682023765625 0.903203721875 0.6904209906250001 0.90116266875 0.7049438375 0.9035001140625001 0.716379615625 0.9138826296874999 0.7196899921875 0.9194833140625001 0.7149234843750001 0.92396875 0.697041746875 0.9189852609375 0.683382878125 0.9093146734375 0.682023765625
0 0.8739902984375 0.6807616734375 0.8678793468749999 0.6891588953125 0.86634855625 0.7000510328125 0.8725542374999999 0.71203045625 0.8771343968749999 0.7145253640625 0.88619999375 0.6991385421875 0.8872205203125001 0.6918771203125 0.8836608828125 0.6821207859375 0.8739902984375 0.6807616734375
0 0.8391761875 0.6758688687500001 0.832554971875 0.6878968015625 0.8324480359375 0.7026914734374999 0.83580600625 0.7068658296875 0.8423202859375 0.7096325593749999 0.8508756171874999 0.697876453125 0.8524064078125001 0.686984315625 0.8454888015625001 0.673053625 0.8391761875 0.6758688687500001
0 0.806806453125 0.667617175 0.798251121875 0.6793732859375 0.79621006875 0.6938961359375 0.799057778125 0.7017012031250001 0.8094402921875 0.7050115781249999 0.8131068640624999 0.69997325 0.8170820328125 0.685722221875 0.8106746906250001 0.6681608203125 0.806806453125 0.667617175
0 0.7676138453125 0.6658114375 0.7634370109375 0.6744804828125 0.7633300734375 0.689275153125 0.7661777843750001 0.6970802218750001 0.7726920640625 0.6998469515625 0.781757659375 0.6844601296875 0.7818645921875 0.6696654640624999 0.777794696875 0.6635398390625 0.7676138453125 0.6658114375
0 0.7371782312499999 0.6578315671875 0.7286229 0.669587678125 0.7285159625000001 0.68438235 0.7313636703124999 0.6921874171875 0.7398120671874999 0.69522596875 0.74592301875 0.6868287515625 0.7484743359375 0.6686751937500001 0.7449146984375 0.65891885625 0.7371782312499999 0.6578315671875
0 0.6967634312500001 0.657705275 0.6922779968749999 0.6755870125000001 0.69512570625 0.6833920796874999 0.703574103125 0.68643063125 0.7096850531250001 0.6780334140625001 0.71172610625 0.6635105671875 0.708166471875 0.6537542296875001 0.6967634312500001 0.657705275
0 0.66755000625 0.6480459578125 0.6584844140625 0.6634327812499999 0.6617354484375 0.6824018078125 0.6701838453125 0.6854403609374999 0.6762947953125 0.67704314375 0.6783358484375 0.66252029375 0.6752864765625 0.6491332484375001 0.66755000625 0.6480459578125
0 0.6327358953125 0.6431531546875 0.6236703 0.6585399765625 0.626209409375 0.6755577328125 0.6307895703125 0.6780526484375 0.6334356171875 0.680275734375 0.6390363015625 0.6755092265625 0.6435217359375 0.6576274890625 0.64189621875 0.648142978125 0.6327358953125 0.6431531546875
0 0.597921784375 0.63826035 0.5918108328125 0.6466575734375 0.589259515625 0.6648111328125 0.5940413437500001 0.672888021875 0.6005556203125 0.6756547515625 0.6091109515625 0.6638986453125 0.610641740625 0.6530065078125 0.6056582515625 0.6393476390624999 0.597921784375 0.63826035
0 0.5691942078125 0.69531295625 0.5647087749999999 0.7131946874999999 0.5675564828125 0.7209997593749999 0.5791611875 0.72263069375 0.5836466203125 0.70474895625 0.5820211015625001 0.6952644421875 0.5728607796875 0.6902746203125 0.5691942078125 0.69531295625
0 0.6076748921874999 0.695167425 0.601563940625 0.7035646468750001 0.5990126234375001 0.7217182078125 0.60379445 0.729795096875 0.6127531109375 0.7292029390625 0.6169299421875001 0.72053389375 0.61846073125 0.7096417609375 0.6154113625 0.6962547156250001 0.6076748921874999 0.695167425
0 0.6424890015625 0.7000602296875 0.63637805 0.7084574515625001 0.634336996875 0.7229802953125 0.63718470625 0.7307853671875 0.645633103125 0.7338239203125 0.65174405625 0.7254266984375 0.653785109375 0.7109038546875001 0.650225471875 0.70114751875 0.6424890015625 0.7000602296875
0 0.675368996875 0.7046812109375 0.6692580484375 0.7130784343750001 0.668640846875 0.731503815625 0.67199881875 0.735678171875 0.6785130984375 0.738444903125 0.68462405 0.7300476796875001 0.68808895625 0.71942736875 0.685039584375 0.7060403234375 0.675368996875 0.7046812109375
0 0.7101831109375001 0.709574015625 0.7035618953125 0.7216019484375 0.7025413687500001 0.7288633703125 0.7068129296875 0.7405709765624999 0.7133272093749999 0.74333770625 0.721372278125 0.73521230625 0.72392359375 0.717058753125 0.7184298421875 0.70703059375 0.7101831109375001 0.709574015625
0 0.7449972218750001 0.7144668203125 0.74133065 0.7195051546875 0.7373554796875 0.733756175 0.7396929234375 0.7451919578124999 0.750075440625 0.748502334375 0.753742009375 0.7434640046875 0.757717178125 0.729212978125 0.754667809375 0.7158259328125001 0.7449972218750001 0.7144668203125
0 0.7798113328125 0.7193596234374999 0.7737003796875 0.727756846875 0.7716593281249999 0.742279690625 0.7764411546875001 0.750356584375 0.782955434375 0.753123315625 0.7890663828125 0.7447260921875001 0.7916176984375001 0.7265725390625 0.7894819203125001 0.7207187359375 0.7798113328125 0.7193596234374999
0 0.81462544375 0.724252428125 0.8085144953125001 0.7326496515625001 0.8064734421875001 0.7471724953125001 0.8093211484375 0.7549775671875001 0.8197036625 0.7582879421875 0.8258146140625 0.7498907203125 0.8278556671875 0.735367875 0.8223619140625 0.72533971875 0.81462544375 0.724252428125
0 0.8494395578124999 0.7291452328125 0.8433286046875 0.7375424546875 0.841287553125 0.7520653 0.846069378125 0.7601421937499999 0.850649540625 0.7626371015625 0.8586946078125001 0.7545117015625 0.862159515625 0.743891390625 0.8591101421875 0.7305043453125 0.8494395578124999 0.7291452328125
0 0.8781427171875 0.742435259375 0.8761016640625 0.756958103125 0.8803732249999999 0.768665709375 0.8868875046875001 0.7714324390625 0.8954428359375 0.7596763281250001 0.8974838890625 0.7451534843750001 0.8905662812499999 0.73122279375 0.8781427171875 0.742435259375
0 0.8998091265625 0.7917605796875 0.8898299406250001 0.79961415625 0.8868752984375 0.80660375625 0.8901263359374999 0.8255727828125 0.8966406140625001 0.8283395140625001 0.9046856812499999 0.8202141125000001 0.9072369968749999 0.802060559375 0.9051012171874999 0.7962067562499999 0.8998091265625 0.7917605796875
0 0.8630608984375 0.786595953125 0.85552609375 0.79109064375 0.8515509234374999 0.8053416640625001 0.8558224828125001 0.81704926875 0.8642708796875 0.8200878218750001 0.8703818328124999 0.811690596875 0.8724228859375 0.7971677546875 0.8702871062499999 0.7913139515625 0.8630608984375 0.786595953125
0 0.826312671875 0.7814313265624999 0.8202017187499999 0.7898285484375 0.818160665625 0.804351390625 0.8229424906249999 0.8124282875000001 0.8294567703125001 0.8151950171875001 0.835567721875 0.80679779375 0.8376087734375 0.79227495 0.8321150218750001 0.78224679375 0.826312671875 0.7814313265624999
0 0.7895644390625 0.7762666984375 0.7858978703124999 0.781305034375 0.7819226984375 0.7955560546875 0.7861942609375 0.807263659375 0.792708540625 0.8100303906249999 0.79830923125 0.805263878125 0.8017741359375 0.79464356875 0.7992350265625 0.7776258109375 0.7895644390625 0.7762666984375
0 0.757194709375 0.76801500625 0.748639378125 0.7797711171875 0.7471085875 0.7906632499999999 0.7513801515625 0.8023708562499999 0.7598285484375 0.805409409375 0.7664497625 0.793381475 0.7679805515625 0.7824893421875 0.7649311796875 0.769102296875 0.757194709375 0.76801500625
0 0.7180021015625 0.7662092687500001 0.7138252656249999 0.7748783125 0.7132080671875001 0.7933036890625 0.7165660359375 0.7974780515625 0.7250144328125 0.8005166046875001 0.7311253859375 0.7921193796875 0.7331664390625 0.7775965375 0.7281829484375 0.76393766875 0.7180021015625 0.7662092687500001
0 0.652752371875 0.7533365921875 0.6466414234375 0.7617338171875 0.6440901078125 0.7798873703125 0.64887193125 0.787964265625 0.6578305921875 0.78737210625 0.662007425 0.7787030625 0.664048478125 0.76418021875 0.6604888437499999 0.7544238828125 0.652752371875 0.7533365921875
0 0.6875664875 0.758229396875 0.6819657968749999 0.7629959109375 0.677990628125 0.77724693125 0.67839395625 0.788410884375 0.6817519265625 0.792585246875 0.6902003234375 0.7956238 0.6968215375 0.7835958656249999 0.698862590625 0.7690730234375 0.6953029546875 0.7593166874999999 0.6875664875 0.758229396875
0 0.6179382625 0.7484437890625 0.611827309375 0.7568410125 0.6097862562499999 0.7713638546875 0.6159919375 0.7833432828125 0.624950596875 0.782751125 0.6291274328124999 0.7740820796875 0.630658221875 0.7631899468750001 0.6276088484375 0.7498029015625 0.6179382625 0.7484437890625
0 0.5850582671875 0.7438228062500001 0.5770131984375 0.7519482078124999 0.5730380296875001 0.766199228125 0.5753754734375 0.7776350109375 0.58769210625 0.781217209375 0.5913586765625001 0.7761788734375 0.5944202546875 0.7543946109374999 0.592284475 0.7485408078125 0.5850582671875 0.7438228062500001
0 0.5580631453125 0.7955652546875001 0.55195219375 0.8039624796875 0.5499111421875 0.818485321875 0.55275885 0.8262903875 0.5631413625 0.82960076875 0.566807934375 0.824562434375 0.5712933671875 0.8066807031250001 0.5677337312499999 0.7969243671874999 0.5580631453125 0.7955652546875001
0 0.5721947515625 0.8493852578125001 0.5665940625 0.8541517703125001 0.5615983671875 0.8756642171875001 0.5644460765625 0.8834692859375 0.57676270625 0.8870514890625 0.580429275 0.8820131531250001 0.5834908546875 0.8602288843749999 0.5799312234375 0.8504725484375 0.5721947515625 0.8493852578125001
0 0.5892106859374999 0.8054963890625 0.584725253125 0.8233781265625 0.5875729609375 0.8311831921874999 0.5979554765625 0.8344935734375 0.6016220453125001 0.8294552375 0.6041733609375 0.8113016859375 0.600613728125 0.8015453499999999 0.5892106859374999 0.8054963890625
0 0.6200496265625 0.8246402187499999 0.624321190625 0.83634781875 0.6327695875 0.8393863781249999 0.6393908015624999 0.82735844375 0.6354278390625 0.806438153125 0.6240248015625001 0.8103891937500001 0.6200496265625 0.8246402187499999
0 0.6026303656249999 0.8573651343750001 0.5965194125 0.8657623515624999 0.594478359375 0.8802852 0.598037996875 0.8900415359375 0.6026181578124999 0.8925364453125001 0.6096427 0.8916724703125001 0.6133092734375001 0.8866341359375 0.6163708531250001 0.864849865625 0.61423506875 0.85899606875 0.6026303656249999 0.8573651343750001
0 0.637444475 0.8622579390625 0.631333528125 0.87065515625 0.6287822109375 0.888808715625 0.635498153125 0.8971574265625 0.6425226953125 0.896293453125 0.648633646875 0.887896228125 0.6506746999999999 0.8733733812500001 0.6471150640625 0.8636170515625 0.637444475 0.8622579390625
0 0.6558842671875 0.8222716015625 0.6538432140625 0.83679444375 0.66004889375 0.848773871875 0.6670734359375 0.84790989375 0.6731843875 0.83951266875 0.675735703125 0.8213591171875001 0.6683078328125001 0.8110591359375 0.6558842671875 0.8222716015625
0 0.6936530234375 0.8201748015625 0.6891675890625 0.8380565390625 0.692015296875 0.8458616046874999 0.7055541187500001 0.8477643625000001 0.7100395515625 0.82988263125 0.706990178125 0.816495584375 0.69731959375 0.8151364718749999 0.6936530234375 0.8201748015625
0 0.672258590625 0.8671507437500001 0.6661476375000001 0.8755479609375 0.664106584375 0.8900708078124999 0.6683781468750001 0.9017784093750001 0.6748924265625 0.9045451453125001 0.6834477578125 0.8927890328125001 0.6854888109374999 0.8782661859375 0.6819291734374999 0.8685098546875001 0.672258590625 0.8671507437500001
0 0.6759007453125 0.9324550359374999 0.6733494296875 0.95060859375 0.6761971375 0.9584136609374999 0.6807772984375 0.960908575 0.6863779875 0.9561420625 0.688929303125 0.9379885031249999 0.6839458140625 0.924329634375 0.6759007453125 0.9324550359374999
0 0.7051385828125001 0.871771725 0.7014720125 0.8768100546875001 0.6974968421875001 0.8910610812499999 0.701768403125 0.9027686796875001 0.7121509203125 0.9060790609374999 0.7158174890625 0.9010407265625 0.7197926578125 0.8867897046875 0.7167432890625001 0.8734026593750001 0.7051385828125001 0.871771725
0 0.734067821875 0.8203010984375 0.725512490625 0.8320572109375 0.7244919640624999 0.8393186328125 0.728763528125 0.85102623125 0.7352778062499999 0.85379296875 0.7408784921875 0.8490264546875 0.7448536625 0.8347754343749999 0.74180429375 0.8213883890625 0.734067821875 0.8203010984375
0 0.743820928125 0.8772081734375 0.7357758609375 0.8853335687499999 0.73322454375 0.903487128125 0.7360722546875 0.9112921953124999 0.7445206515625 0.9143307546875 0.751141865625 0.90230281875 0.7517590625 0.8838774375 0.747689165625 0.87775181875 0.743820928125 0.8772081734375
0 0.716825809375 0.928950615625 0.7107148578125 0.937347840625 0.708163540625 0.9555013984375 0.7110112515625 0.9633064656249999 0.7175255265625 0.9660732015625 0.7255705953125 0.9579478 0.7276116484374999 0.9434249515625 0.7226281593749999 0.9297660828125001 0.716825809375 0.928950615625
0 0.75163991875 0.9338434203125001 0.7455289703125 0.9422406453125 0.7434879171875 0.9567634921874999 0.7463356250000001 0.9645685593750001 0.7567181374999999 0.9678789406250001 0.7603847109374999 0.96284060625 0.7629360265625 0.9446870468749999 0.7593763906250001 0.9349307109374999 0.75163991875 0.9338434203125001
0 0.7767009218750001 0.88182915625 0.770589975 0.8902263734375 0.7680386593749999 0.9083799328125 0.770886365625 0.9161849999999999 0.7793347609375 0.9192235578125001 0.78789009375 0.9074674453125 0.789931146875 0.8929445984375001 0.7863715109375 0.88318826875 0.7767009218750001 0.88182915625
0 0.766947815625 0.8249220812500001 0.7608368671875 0.8333193046874999 0.75737195625 0.8439396140625 0.7597094046875 0.855375390625 0.772026034375 0.8589575953124999 0.7756926078124999 0.853919259375 0.778243921875 0.8357657078124999 0.7746842859374999 0.8260093703125 0.766947815625 0.8249220812500001
0 0.799317546875 0.8331737734375 0.7956509765625001 0.8382121093749999 0.792186071875 0.84883241875 0.7959473703125 0.8641707296875 0.804395765625 0.8672092875 0.8105067171875 0.8588120640625 0.8130580328124999 0.8406585109375 0.8109222515625 0.8348047093750001 0.799317546875 0.8331737734375
0 0.836576040625 0.8347076890625 0.8309753531249999 0.8394741968749999 0.8270001828125 0.8537252234375 0.829337628125 0.865161 0.84165425625 0.868743203125 0.8453208296874999 0.86370486875 0.8478721453125001 0.845551315625 0.8443125078125 0.8357949796874999 0.836576040625 0.8347076890625
0 0.8192515046875 0.8878092499999999 0.8115150375000001 0.8867219609375001 0.8054040859375 0.895119178125 0.80285276875 0.9132727375 0.8042766234375 0.9171752703125 0.8146591359375 0.9204856515625 0.8190376328125 0.9173985859375 0.8237247312499999 0.9050988296875 0.8233214046875 0.8939348687500001 0.8192515046875 0.8878092499999999
0 0.7864540343749999 0.9387362250000001 0.7803430812500001 0.9471334484374999 0.7783020281249999 0.961656296875 0.782573590625 0.973363896875 0.78908786875 0.9761306328125 0.7971329375 0.9680052328125001 0.7996842546875 0.9498516734375 0.79612461875 0.9400953375000001 0.7864540343749999 0.9387362250000001
0 0.819334028125 0.94335720625 0.8151571921875 0.9520262531249999 0.8131161390624999 0.9665490999999999 0.8193218171875 0.9785285234375 0.8239019796875 0.9810234375 0.8319470499999999 0.9728980359375001 0.8344983656249999 0.9547444781250001 0.8295148749999999 0.9410856078125001 0.819334028125 0.94335720625
0 0.840218196875 0.9000119828124999 0.83817714375 0.9145348296875 0.8410248499999999 0.9223398968750001 0.8494732468749999 0.92537845625 0.8550739359374999 0.92061194375 0.857423590625 0.896876409375 0.8482632656250001 0.8918865874999999 0.840218196875 0.9000119828124999
0 0.8670116546875001 0.8426875609375 0.8613040312500001 0.8622487390625 0.8641517375 0.870053803125 0.8764683718749999 0.8736360078125 0.880645203125 0.8649669624999999 0.8826862546875001 0.8504441203124999 0.8752583859374999 0.8401441390625 0.8670116546875001 0.8426875609375
0 0.883077375 0.896779390625 0.8750323078125 0.9049047859374999 0.8729912546874999 0.919427634375 0.87777308125 0.9275045234375 0.8842873609374999 0.9302712609375 0.8923324312500001 0.922145859375 0.8943734843750001 0.9076230109375001 0.890813846875 0.89786668125 0.883077375 0.896779390625
0 0.8555719921874999 0.9521525499999999 0.8499713046874999 0.9569190578125 0.8479302515624999 0.9714419046874999 0.8522018156250001 0.98314950625 0.85871609375 0.9859162421875001 0.8643167796875 0.9811497296875 0.8688022156249999 0.9632679921875 0.8652425796875001 0.9535116625000001 0.8555719921874999 0.9521525499999999
0 0.4679140421875 0.0757325859375 0.45986897187500003 0.0838579859375 0.45823124687499994 0.109544790625 0.46443692499999994 0.1215242125 0.47339558437499996 0.12093205468749998 0.4795065375 0.1125348375 0.4825681171875 0.09075056718749999 0.47565050937500003 0.0768198765625 0.4679140421875 0.0757325859375
0 0.43452378437499994 0.07474231406250001 0.42841283125 0.0831395375 0.42535125156250003 0.10492380937500001 0.42677510625000004 0.108826340625 0.43715762031249994 0.1121367171875 0.44275830781250003 0.10737021093750002 0.4472437421875 0.08948847343750001 0.44419437031250003 0.07610142656249999 0.43452378437499994 0.07474231406250001
0 0.4016437875 0.07012133125 0.3925781953125 0.08550815625 0.3929815234375 0.09667210937500001 0.39776334687500003 0.1047490046875 0.40672200625 0.104156846875 0.41038857812499996 0.0991185125 0.41345015625 0.077334246875 0.4093802578125 0.071208621875 0.4016437875 0.07012133125
0 0.3668296765625 0.06522852812499999 0.3607187234375 0.0736257515625 0.3581674078125 0.0917793046875 0.362949234375 0.09985619999999999 0.3675293984375 0.102351109375 0.3755744640625 0.0942257078125 0.3781257796875 0.076072153125 0.37456614843749997 0.0663158171875 0.3668296765625 0.06522852812499999
0 0.33343941875 0.06423825625 0.32732846718749997 0.07263548125 0.32528741562499996 0.08715832343749999 0.328135125 0.0949633953125 0.336583521875 0.09800195 0.3426944703125 0.089604725 0.344735521875 0.0750818828125 0.341175890625 0.065325546875 0.33343941875 0.06423825625
0 0.300559425 0.059617275000000004 0.2944484734375 0.0680144984375 0.29189715625 0.086168059375 0.2933210109375 0.090070590625 0.30176940625 0.0931091453125 0.3073700953125 0.08834263906249999 0.310431675 0.0665583671875 0.3082958921875 0.0607045640625 0.300559425 0.059617275000000004
0 0.2596343609375 0.06312169375 0.25759330937499997 0.0776445375 0.2604410171875 0.085449609375 0.2688894140625 0.0884881640625 0.275000365625 0.0800909390625 0.27683975312500003 0.059986115625 0.2657453140625 0.054724470312499995 0.2596343609375 0.06312169375
0 0.2353097015625 0.0467446 0.2272646296875 0.054870001562500006 0.22420305 0.0766542734375 0.22705075937500002 0.0844593390625 0.23549915625 0.08749789218750001 0.24161010625 0.079100675 0.2446716859375 0.057316403125000005 0.239177934375 0.0472882453125 0.2353097015625 0.0467446
0 0.190919728125 0.060869329687499994 0.1898992015625 0.06813075156250001 0.1941707640625 0.07983835624999999 0.20068504375 0.0826050890625 0.2073062609375 0.070577153125 0.20883705 0.059685021875 0.20191944374999998 0.0457543296875 0.190919728125 0.060869329687499994
0 0.161813240625 0.036415346875 0.15814667031250002 0.04145368125 0.1536612375 0.0593354125 0.1569122703125 0.078304440625 0.16922890468750001 0.0818866390625 0.17533985624999998 0.0734894203125 0.1798252890625 0.055607684375 0.1753520625 0.038318103125 0.161813240625 0.036415346875
0 0.13399925625 0.101001196875 0.1319582046875 0.11552404062499999 0.1362297671875 0.1272316453125 0.1408099265625 0.129726553125 0.1488549953125 0.121601153125 0.1519165734375 0.09981688749999999 0.1444887046875 0.08951690625 0.13399925625 0.101001196875
0 0.172990203125 0.0972249546875 0.16687924999999998 0.10562217812500001 0.164838196875 0.12014502187500001 0.16910976093750002 0.13185262656250002 0.1756240421875 0.1346193578125 0.18173498906250002 0.12622213437500002 0.1842863046875 0.10806858125 0.18072667343749999 0.0983122453125 0.172990203125 0.0972249546875
0 0.20780431250000003 0.102117759375 0.2016933640625 0.11051498281250001 0.19965231249999998 0.1250378265625 0.20250001874999998 0.1328428984375 0.21094841406249998 0.1358814515625 0.217059365625 0.127484228125 0.21961068125 0.109330675 0.2174749015625 0.10347687187500001 0.20780431250000003 0.102117759375
0 0.2406843109375 0.106738740625 0.2345733578125 0.11513596562499999 0.233956159375 0.1335613421875 0.23731412968750001 0.13773570156249998 0.243828409375 0.140502434375 0.24993936093750002 0.1321052109375 0.2524906765625 0.11395165625 0.2503548953125 0.108097853125 0.2406843109375 0.106738740625
0 0.2754984203125 0.1116315453125 0.26938746875 0.12002876874999999 0.26826000625 0.1420848609375 0.27864251875 0.1453952375 0.2823090921875 0.140356903125 0.2862842625 0.1261058828125 0.2846587421875 0.11662136875 0.2754984203125 0.1116315453125
0 0.3064442984375 0.11598070468749999 0.3022674640625 0.1246497515625 0.301650265625 0.143075128125 0.3120327765625 0.146385509375 0.3181437296875 0.1379882859375 0.31967451874999997 0.127096153125 0.3127569125 0.11316546093749999 0.3064442984375 0.11598070468749999
0 0.341258409375 0.12087350937500001 0.3375918375 0.12591184375 0.335040521875 0.1440653984375 0.336464375 0.14796793125000002 0.3468468921875 0.1512783140625 0.35295784375 0.14288108906250002 0.3549988953125 0.128358246875 0.34950514374999997 0.1183300875 0.341258409375 0.12087350937500001
0 0.372916215625 0.1271739375 0.36843077968750004 0.14505566875 0.36934437343750004 0.1525889140625 0.379726884375 0.1558992953125 0.3833934578125 0.1508609609375 0.3859447734375 0.13270740625 0.383808990625 0.126853603125 0.372916215625 0.1271739375
0 0.4057962078125 0.1317949203125 0.40273462968749996 0.153579184375 0.4041584828125 0.15748171875 0.414540996875 0.1607921 0.4206519484375 0.1523948765625 0.42269300000000004 0.1378720328125 0.41577539375 0.1239413421875 0.4057962078125 0.1317949203125
0 0.44427689218750005 0.1316493890625 0.4381659390625 0.1400466125 0.4356146234375 0.15820016718750002 0.437038478125 0.1621027 0.44742099062499996 0.16541308125 0.4510875625 0.160374746875 0.45557299531249995 0.14249301406249998 0.452013359375 0.132736678125 0.44427689218750005 0.1316493890625
0 0.45311640937500003 0.1810232140625 0.44649519375 0.19305115 0.444454140625 0.20757399687500003 0.4475035140625 0.22096104374999997 0.45401779375 0.22372777500000002 0.456663834375 0.2259508671875 0.46470890468750004 0.217825465625 0.4697046 0.19631301875 0.4647211109375 0.1826541484375 0.45311640937500003 0.1810232140625
0 0.413104934375 0.1920608828125 0.4124877359375 0.210486259375 0.4158457078125 0.214660615625 0.42480436718750003 0.2140684640625 0.43142558124999997 0.2020405296875 0.43244610781250004 0.19477910781250002 0.4255285015625 0.180848415625 0.413104934375 0.1920608828125
0 0.38073520625 0.1838091859375 0.378694153125 0.1983320328125 0.38489983125 0.21031145625 0.394368753125 0.20608859375000002 0.3985455875 0.1974195484375 0.40007637812499997 0.1865274109375 0.3931587703125 0.17259671875 0.38073520625 0.1838091859375
0 0.3515217796875 0.1741498734375 0.3478552109375 0.17918820468750002 0.3443903015625 0.18980851875 0.34479363125 0.20097247343750002 0.3481516015625 0.2051468296875 0.3571102609375 0.204554678125 0.36077683125000004 0.1995163421875 0.363328146875 0.1813627828125 0.36119236718750003 0.1755089859375 0.3515217796875 0.1741498734375
0 0.31670766875 0.16925706875 0.312530834375 0.177926115625 0.311913634375 0.1963514921875 0.315271609375 0.20052584843750001 0.3222961515625 0.1996618734375 0.3284071 0.1912646484375 0.3299378890625 0.1803725171875 0.32637825625 0.17061618125 0.31670766875 0.16925706875
0 0.28576179062499996 0.164907909375 0.2796508390625 0.17330513281249998 0.2776097875 0.1878279765625 0.28045749375 0.19563304374999999 0.288905890625 0.19867160156250002 0.2925724625 0.1936332671875 0.29654763281249996 0.17938224687499998 0.293498259375 0.1659951984375 0.28576179062499996 0.164907909375
0 0.25094768125 0.1600151046875 0.24483672812499999 0.1684123296875 0.242795675 0.182935171875 0.24564338437500002 0.19074023906249998 0.2560258953125 0.1940506203125 0.25969246875 0.1890122859375 0.2627540484375 0.167228015625 0.2606182640625 0.1613742171875 0.25094768125 0.1600151046875
0 0.2180676859375 0.1553941234375 0.2119567328125 0.16379134687500002 0.21133953593750002 0.1822167234375 0.21469750625 0.1863910796875 0.21927766875 0.18888599374999998 0.22732273749999998 0.1807605921875 0.2293637890625 0.16623775000000002 0.22580415468749998 0.1564814125 0.2180676859375 0.1553941234375
0 0.1851876890625 0.150773140625 0.17612209375000001 0.1661599640625 0.17652542499999999 0.17732391875 0.18130725 0.18540080781249998 0.1858874109375 0.1878957234375 0.19199836406249998 0.17949849843750001 0.1945496796875 0.16134494531250002 0.1890559265625 0.1513167859375 0.1851876890625 0.150773140625
0 0.144262625 0.1542775609375 0.141711309375 0.1724311140625 0.144559021875 0.18023618125000002 0.15107330000000002 0.18300291875000002 0.1601388953125 0.1676160953125 0.1561759328125 0.14669580468750001 0.15037357812500002 0.1458803375 0.144262625 0.1542775609375
0 0.12775695625 0.1945357140625 0.118691359375 0.2099225421875 0.1185844234375 0.2247172078125 0.121432134375 0.2325222734375 0.1279464140625 0.23528901093750001 0.1365017421875 0.22353289843750002 0.1385427953125 0.20901005 0.133559309375 0.19535118125 0.12775695625 0.1945357140625
0 0.15697038125 0.20419503125 0.151974684375 0.2257074796875 0.154822390625 0.23351254375 0.1632707859375 0.2365511046875 0.16693735625 0.23151276875 0.17142279375 0.2136310328125 0.16786315624999998 0.20387470156249998 0.15697038125 0.20419503125
0 0.19545106406249999 0.20404950156249999 0.1893401109375 0.21244672343749998 0.18678879375 0.2306002828125 0.189636503125 0.2384053484375 0.19615078125000002 0.2411720875 0.20470611249999998 0.229415975 0.20532331250000002 0.21099059375 0.20125341406250002 0.20486496875000001 0.19545106406249999 0.20404950156249999
0 0.22639694062500001 0.2083986609375 0.219775725 0.22042659375 0.218244934375 0.23131873125000002 0.22251649687500002 0.24302633125 0.22903077500000002 0.24579306875 0.23758610781249997 0.23403695624999998 0.23962716093749997 0.21951410624999998 0.2341334078125 0.20948595 0.22639694062500001 0.2083986609375
0 0.258766671875 0.2166503578125 0.2521454546875 0.2286782921875 0.2553964921875 0.2476473125 0.2619107703125 0.25041405 0.270976365625 0.23502722656250002 0.2705730375 0.2238632671875 0.2650792859375 0.213835109375 0.258766671875 0.2166503578125
0 0.2979592796875 0.21845609062500002 0.2899142109375 0.22658149062500002 0.2878731578125 0.24110434062500002 0.2907208640625 0.24890940781249998 0.29723514375 0.25167614375 0.3028358328125 0.24690963125 0.306811003125 0.23265860468750002 0.3051854875 0.223174096875 0.2979592796875 0.21845609062500002
0 0.33083927343749997 0.2230770734375 0.3227942046875 0.2312024734375 0.3207531515625 0.245725321875 0.32360086250000003 0.2535303890625 0.33011514062499997 0.2562971265625 0.338160209375 0.248171725 0.3402012625 0.233648875 0.3380654796875 0.227795078125 0.33083927343749997 0.2230770734375
0 0.36178515 0.2274262328125 0.3556741984375 0.2358234546875 0.3536331453125 0.250346303125 0.3564808546875 0.2581513703125 0.36686336875 0.261461753125 0.370529940625 0.2564234171875 0.3745051109375 0.242172390625 0.3728795921875 0.2326878828125 0.36178515 0.2274262328125
0 0.39659926562500003 0.2323190375 0.3904883125 0.240716259375 0.3879369953125 0.25886981875 0.3912949671875 0.263044175 0.39587512812500003 0.2655390890625 0.40392019687499997 0.25741368750000004 0.40596125 0.24289083906250003 0.40046749843749996 0.23286268125 0.39659926562500003 0.2323190375
0 0.4275451421875 0.23666819687500001 0.42336830625 0.245337240625 0.421327253125 0.25986009062500004 0.42417496093749996 0.2676651578125 0.4345574734375 0.2709755390625 0.44066842656249994 0.2625783140625 0.44321974218750004 0.24442475625 0.43914984218750003 0.23829913125000002 0.4275451421875 0.23666819687500001
0 0.44025289218749997 0.286585671875 0.434141940625 0.2949828953125 0.4301667703125 0.309233915625 0.43199395156250003 0.32430040937500004 0.44237646406250003 0.327610790625 0.45042153437500004 0.3194853890625 0.454396703125 0.30523436249999997 0.4532814515625 0.292119140625 0.44025289218749997 0.286585671875
0 0.40492851874999997 0.285323578125 0.39881756562500004 0.2937208015625 0.397690103125 0.31577689375 0.401048075 0.31995125 0.407562353125 0.3227179875 0.415607421875 0.3145925859375 0.4181587390625 0.2964390265625 0.41459910312500003 0.286682690625 0.40492851874999997 0.285323578125
0 0.3720485203125 0.2807025953125 0.365427309375 0.2927305296875 0.365320371875 0.30752520156249996 0.3681680796875 0.31533026875000003 0.374682359375 0.3180970046875 0.3837479546875 0.3027101765625 0.3838548890625 0.2879155109375 0.3797849921875 0.2817898859375 0.3720485203125 0.2807025953125
0 0.3391685265625 0.2760816140625 0.333057578125 0.28447883906250004 0.3305062609375 0.302632396875 0.33335396875 0.3104374640625 0.3398682484375 0.3132042015625 0.34842358125 0.3014480890625 0.3499543703125 0.29055595 0.34497088124999997 0.27689708281250003 0.3391685265625 0.2760816140625
0 0.30017757968750003 0.27985785625 0.2981365265625 0.294380703125 0.3009842390625 0.302185771875 0.30943263593750003 0.3052243234375 0.313099203125 0.3001859953125 0.31565051875 0.2820324359375 0.310156765625 0.27200427656250004 0.30017757968750003 0.27985785625
0 0.2709641578125 0.2701985390625 0.26485320625000003 0.2785957625 0.2633224171875 0.2894879 0.2661701234375 0.2972929671875 0.27655264062499996 0.30060334218749996 0.2831738515625 0.2885754078125 0.2827705265625 0.2774114546875 0.2787006265625 0.2712858296875 0.2709641578125 0.2701985390625
0 0.2361500484375 0.2653057359375 0.2300390953125 0.2737029578125 0.2285083046875 0.2845950953125 0.23084575 0.2960308734375 0.239294146875 0.2990694328125 0.24540509843749997 0.290672209375 0.2474461515625 0.276149359375 0.243886515625 0.266393025 0.2361500484375 0.2653057359375
0 0.2052041703125 0.26095657656250004 0.19960348125 0.26572308906250003 0.195118046875 0.283604825 0.19796575624999999 0.2914098921875 0.20641415156249998 0.29444845000000003 0.2100807234375 0.289410115625 0.21405589374999998 0.27515908906250003 0.212430375 0.26567457499999997 0.2052041703125 0.26095657656250004
0 0.17039005625 0.2560637703125 0.1642791078125 0.26446099375 0.161727790625 0.28261455468749996 0.16315164375 0.2865170875 0.17353415781249998 0.28982746875 0.179645109375 0.2814302453125 0.1816861625 0.26690739531249996 0.1781265265625 0.2571510609375 0.17039005625 0.2560637703125
0 0.1355759453125 0.2511709671875 0.12651035156249998 0.2665577890625 0.12691367656250002 0.27772175 0.131695503125 0.2857986375 0.1406541625 0.2852064875 0.1448309984375 0.27653744062499996 0.1468720515625 0.2620145921875 0.1433124171875 0.25225825625 0.1355759453125 0.2511709671875
0 0.10440399062500001 0.311582459375 0.10287320156249999 0.32247459218749996 0.105210646875 0.333910375 0.11559316093750001 0.3372207515625 0.1227246359375 0.32156210625 0.12232130781249999 0.3103981515625 0.11540370156249999 0.29646745937499996 0.10440399062500001 0.311582459375
0 0.1477734328125 0.30471915312500003 0.141662484375 0.3131163765625 0.1386009046875 0.334900646875 0.14195887499999998 0.33907500156250003 0.148473153125 0.34184173281249997 0.15458410625000002 0.333444515625 0.15713542187500001 0.31529095625000003 0.1516416703125 0.3052627984375 0.1477734328125 0.30471915312500003
0 0.1745424765625 0.3177373578125 0.171480896875 0.33952162812500003 0.17483886875000001 0.3436959828125 0.1813531484375 0.34646271562500003 0.1899084796875 0.334706603125 0.190015415625 0.3199119375 0.1845216625 0.30988377968749997 0.1745424765625 0.3177373578125
0 0.20742247187500001 0.3223583390625 0.2048711546875 0.3405119 0.20822912656249998 0.34468625625 0.21667752343750002 0.34772480781250004 0.22278847499999999 0.339327584375 0.22269374531250002 0.3189509390625 0.213533425 0.31396111718749997 0.20742247187500001 0.3223583390625
0 0.24834753437499998 0.318853921875 0.24274684687499998 0.323620434375 0.2387716765625 0.3378714546875 0.24304323593750002 0.349579059375 0.249557515625 0.352345790625 0.2551582046875 0.34757928437499996 0.2586231125 0.33695896875 0.257507859375 0.32384374375 0.24834753437499998 0.318853921875
0 0.275116578125 0.33187212499999996 0.273075525 0.34639496875 0.27592323125 0.3542000421875 0.2824375109375 0.356966771875 0.2909928421875 0.34521066093749997 0.29201336875 0.33794923906249996 0.2850957625 0.3240185484375 0.275116578125 0.33187212499999996
0 0.31410752343750004 0.32809588437500004 0.3079965703125 0.3364931078125 0.30595551875 0.35101594999999997 0.308803228125 0.3588210234375 0.31725162500000004 0.3618595765625 0.3233625765625 0.35346235312499996 0.3254036296875 0.338939509375 0.32184399375 0.329183175 0.31410752343750004 0.32809588437500004
0 0.3403663015625 0.3447448 0.34219348437499997 0.35981129375 0.3525759984375 0.3631216703125 0.3591972140625 0.35109373593750004 0.35879388749999996 0.33992978281249997 0.348921634375 0.3329886890625 0.3403663015625 0.3447448
0 0.38180163125 0.337609671875 0.375690678125 0.34600689375 0.37415988906250003 0.3568990265625 0.3764973328125 0.36833480937499996 0.38494572968749996 0.3713733625 0.39105668125 0.36297613906250004 0.394011325 0.355986540625 0.3895380984375 0.3386969609375 0.38180163125 0.337609671875
0 0.4151918890625 0.3385999421875 0.4090809359375 0.346997165625 0.40652962031250006 0.36515071875 0.4127352984375 0.3771301453125 0.41731546093749994 0.37962505625 0.4278049109375 0.36814076562500003 0.42984596406250003 0.3536179234375 0.42292835625 0.33968723125 0.4151918890625 0.3385999421875
0 0.42494499531249996 0.39550701718750003 0.42127842343750005 0.40054535312499995 0.4187271078125 0.41869890625000006 0.421574815625 0.426503971875 0.4300232109375 0.42954253124999997 0.43613416406249994 0.42114530781250004 0.4381752171875 0.40662246562500004 0.43654970000000004 0.3971379515625 0.42494499531249996 0.39550701718750003
0 0.3939991171875 0.3911578578125 0.3854437859375 0.40291396874999996 0.3848265875 0.42133934531249995 0.3881845578125 0.42551370781250003 0.3946988375 0.42828043750000006 0.4032541703125 0.41652432656249994 0.404784959375 0.40563219375 0.3998014703125 0.39197332500000004 0.3939991171875 0.3911578578125
0 0.403752225 0.4480649328125 0.3981515375 0.4528314390625 0.3946866296875 0.4634517546875 0.398447928125 0.478790065625 0.40689632343750004 0.4818286234375 0.41056289687499997 0.4767902890625 0.4145380671875 0.46253926874999995 0.41148869218749995 0.44915222187500004 0.403752225 0.4480649328125
0 0.4164599765625 0.49798240156249995 0.40648079062500003 0.50583598125 0.403929475 0.5239895406249999 0.40677718125 0.53179460625 0.4171596984375 0.5351049875 0.42082626718749994 0.530066653125 0.4248014359375 0.515815628125 0.42175206718749997 0.5024285859375001 0.4164599765625 0.49798240156249995
0 0.37726736875 0.4961766703125 0.371156415625 0.5045738875 0.36962562656250003 0.515466025 0.371963071875 0.5269018015625 0.38234558281250003 0.5302121828125 0.38845653593749996 0.5218149609375 0.3904975890625 0.5072921125 0.3869379515625 0.49753578125000003 0.37726736875 0.4961766703125
0 0.37189275624999996 0.43618252812499997 0.36629206875000003 0.4409490359375 0.361296371875 0.462461484375 0.3622099640625 0.4699947265625 0.3725924765625 0.47330510937500003 0.378703428125 0.4649078859375 0.38125474531250003 0.4467543265625 0.37911896093749997 0.4409005296875 0.37189275624999996 0.43618252812499997
0 0.3572508875 0.38599323124999996 0.3535843171875 0.39103156562499997 0.3505227390625 0.4128158296875 0.3553045640625 0.420892725 0.36232910625 0.4200287453125 0.3684400578125 0.41163152187499996 0.369970846875 0.4007393890625 0.366921475 0.38735234375 0.3572508875 0.38599323124999996
0 0.32437089218750004 0.3813722484375 0.31825994375 0.3897694734375 0.315708628125 0.407923025 0.318556334375 0.4157280984375 0.325070615625 0.41849482968749996 0.333115684375 0.410369428125 0.3351567375 0.395846584375 0.33210736406249997 0.38245953906249996 0.32437089218750004 0.3813722484375
0 0.285379946875 0.385148490625 0.28282863125 0.40330204375 0.2876104578125 0.41137893906249995 0.2902565015625 0.413602025 0.2983015703125 0.4054766234375 0.300852884375 0.3873230703125 0.2953591328125 0.37729491249999997 0.285379946875 0.385148490625
0 0.2581006421875 0.37576099687500003 0.251989690625 0.38415821875 0.24994863750000001 0.3986810609375 0.25279634687499997 0.40648613593749994 0.2593106234375 0.40925286562499996 0.2678659546875 0.3974967546875 0.26888648125 0.39023533125 0.2658371125 0.3768482859375 0.2581006421875 0.37576099687500003
0 0.2257309109375 0.36750930312499996 0.217175578125 0.3792654140625 0.21513452656249998 0.3937882578125 0.21798223437500003 0.40159333124999996 0.2264306296875 0.4046318828125 0.2325415828125 0.396234659375 0.23458263437500002 0.38171181718749997 0.2295991453125 0.3680529484375 0.2257309109375 0.36750930312499996
0 0.19387144218750002 0.35562689999999997 0.18582637500000002 0.3637522953125 0.1803204140625 0.388895453125 0.183168121875 0.3967005265625 0.1896824015625 0.39946725625 0.20455034843750003 0.38489590156250003 0.204657284375 0.3701012359375 0.201097646875 0.36034489999999997 0.19387144218750002 0.35562689999999997
0 0.1575265421875 0.361626228125 0.1494814734375 0.369751628125 0.14601656406250002 0.3803719390625 0.1483540109375 0.391807721875 0.158736525 0.395118096875 0.162403096875 0.3900797625 0.16586800156249998 0.379459453125 0.1628186296875 0.3660724046875 0.1575265421875 0.361626228125
0 0.11466735937500001 0.3648588234375 0.11211604374999999 0.383012378125 0.11689787031250001 0.391089271875 0.1234121515625 0.39385600468750004 0.1324777453125 0.3784691828125 0.1285147828125 0.35754889218749997 0.1207783125 0.3564616015625 0.11466735937500001 0.3648588234375
0 0.0962275703125 0.4048451609375 0.092561 0.40988349062499996 0.08807556718750001 0.4277652265625 0.09041301406249999 0.4392010046875 0.10079552656249999 0.4425113859375 0.10690647499999999 0.43411416249999996 0.10945779062500001 0.4159606078125 0.105898159375 0.4062042734375 0.0962275703125 0.4048451609375
0 0.13297579843750001 0.41000978750000006 0.12391020625 0.4253966109375 0.12431353437499999 0.4365605640625 0.129095359375 0.4446374546875 0.13611990000000002 0.44377347968749997 0.1402967359375 0.4351044328125 0.1423377890625 0.420581590625 0.1368440359375 0.41055343281249995 0.13297579843750001 0.41000978750000006
0 0.15974484375 0.4230279921875 0.15861738125 0.4450840796875 0.16899989531249998 0.4483944609375 0.175110846875 0.43999723749999997 0.17501611875 0.41962059218750003 0.1677899140625 0.41490259218750003 0.15974484375 0.4230279921875
0 0.20066990625 0.4195235734375 0.1945589546875 0.42792079687499995 0.1920076390625 0.44607435000000006 0.1967894640625 0.454151240625 0.20381400468750002 0.45328726562500005 0.20748057812499998 0.4482489296875 0.21003189375 0.43009537656249996 0.2064722578125 0.42033904218749996 0.20066990625 0.4195235734375
0 0.2335499015625 0.42414455625 0.22743894999999997 0.43254177812499994 0.224887634375 0.4506953328125 0.22966945781249998 0.458772221875 0.23669400000000002 0.45790824687500004 0.242804953125 0.4495110234375 0.2434221515625 0.4310856421875 0.2393522515625 0.42496002343750006 0.2335499015625 0.42414455625
0 0.2664298953125 0.4287655375 0.26276332343750003 0.4338038671875 0.2582778921875 0.45168560312499995 0.2611255984375 0.4594906703125 0.269573996875 0.4625292296875 0.2756849453125 0.4541320046875 0.2777259984375 0.43960916250000004 0.274166365625 0.42985282812500003 0.2664298953125 0.4287655375
0 0.30124400625000003 0.4336583421875 0.29462279062499996 0.445686275 0.295026121875 0.4568502296875 0.299807946875 0.4649271203125 0.30683248750000003 0.4640631453125 0.3110093234375 0.4553941 0.31254011249999997 0.4445019671875 0.3089804765625 0.43474563125000004 0.30124400625000003 0.4336583421875
0 0.33096769375 0.43968694218750004 0.326992525 0.45393796875000003 0.3307538234375 0.46927627968749996 0.3372681015625 0.472043015625 0.345823434375 0.4602869046875 0.3478644875 0.4457640546875 0.342370734375 0.435735903125 0.33096769375 0.43968694218750004
0 0.3468317546875 0.48819679374999997 0.338786684375 0.4963221953125 0.33623536875000004 0.5144757546875 0.33908307656250003 0.5222808203125 0.3475314734375 0.5253193796875 0.3536424234375 0.5169221562499999 0.35619374062500003 0.498768596875 0.3506999875 0.4887404375 0.3468317546875 0.48819679374999997
0 0.3115073765625 0.48693470625 0.3029520484375 0.4986908125 0.3028451125 0.5134854828125001 0.3076269359375 0.521562371875 0.314651478125 0.5206983968750001 0.3207624296875 0.5123011749999999 0.32280348281250004 0.4977783265625 0.31924384687499996 0.48802199531249996 0.3115073765625 0.48693470625
0 0.27669326562499996 0.48204190156250004 0.2705823140625 0.49043911875 0.2685412609375 0.50496196875 0.27281282500000004 0.5166695671875 0.281771484375 0.516077415625 0.285948315625 0.5074083703125 0.2879893703125 0.492885521875 0.28249561875 0.48285736874999996 0.27669326562499996 0.48204190156250004
0 0.243813271875 0.47742092031250005 0.2347476765625 0.4928077421875 0.2379987140625 0.5117767640625 0.244512990625 0.5145435 0.25357858437499997 0.49915667812500003 0.2545991125 0.49189524999999995 0.249615621875 0.47823638749999997 0.243813271875 0.47742092031250005
0 0.20655478125 0.4758870046875 0.2023779453125 0.48455604374999994 0.2003368921875 0.49907889218749996 0.20318460156249998 0.506883959375 0.21163299531250002 0.5099225171875 0.21774394843749997 0.50152529375 0.220295265625 0.4833717359375 0.21480151093750002 0.4733435828125 0.20655478125 0.4758870046875
0 0.1674568984375 0.494457909375 0.17030460625 0.5022629765625 0.1768188859375 0.5050297140625 0.1858844796875 0.48964289218749996 0.1814112546875 0.4723533125 0.1700082140625 0.4763043515625 0.1674568984375 0.494457909375
0 0.138860671875 0.4663732171875 0.13519410468749998 0.47141154687500003 0.13121893125 0.4856625734375 0.1354904953125 0.4973701734375 0.143938890625 0.5004087312500001 0.1505601046875 0.48838079843750004 0.1520908953125 0.4774886609375 0.148531259375 0.46773232968749995 0.138860671875 0.4663732171875
0 0.09986972656250001 0.470149453125 0.0978286734375 0.48467230156249996 0.100676384375 0.49247736875000003 0.10912478125 0.495515928125 0.11523573281249999 0.487118703125 0.11707511875000001 0.46701388125000004 0.105980678125 0.46175223593750003 0.09986972656250001 0.470149453125
0 0.07898555625 0.5134946828125 0.0748087234375 0.5221637234375 0.0727676703125 0.536686571875 0.07897335 0.5486659953124999 0.08599789375 0.5478020203125 0.0926191046875 0.5357740875 0.09323630468750001 0.5173487046874999 0.089166409375 0.5112230796875 0.07898555625 0.5134946828125
0 0.11257747968750001 0.5200669296875 0.108602309375 0.53431795625 0.110939753125 0.5457537328125001 0.12254445624999999 0.5473846671875 0.12754015624999998 0.5258722203125 0.1254043734375 0.5200184218749999 0.11817816562500001 0.515300415625 0.11257747968750001 0.5200669296875
0 0.1491240421875 0.5196495750000001 0.14301309375 0.5280468 0.14188563125 0.5501028921875 0.1542022625 0.5536850906249999 0.1578688328125 0.5486467609375001 0.1609304125 0.526862490625 0.15686051406249998 0.520736865625 0.1491240421875 0.5196495750000001
0 0.1839381578125 0.5245423796875001 0.1773169421875 0.5365703140625 0.17721000625 0.5513649843749999 0.1805679765625 0.555539340625 0.18708225625 0.5583060734374999 0.1931932078125 0.5499088546875 0.19574452343749998 0.5317552953125 0.190250771875 0.5217271359375 0.1839381578125 0.5245423796875001
0 0.21508569687499998 0.5344735203125001 0.2106002625 0.5523552578125 0.2115138546875 0.5598885 0.2218963671875 0.5631988765625 0.22800731875000002 0.554801659375 0.22791259218749998 0.5344250125000001 0.22068638593749998 0.52970700625 0.21508569687499998 0.5344735203125001
0 0.24796569062499998 0.5390945015625 0.2439905203125 0.553345528125 0.24632796406250002 0.5647813046875 0.2547763640625 0.567819859375 0.2608873125 0.559422640625 0.262928365625 0.5448997921875 0.2593687328125 0.5351434562499999 0.24796569062499998 0.5390945015625
0 0.2869566359375 0.535318259375 0.280845684375 0.5437154828125 0.2782943671875 0.56186904375 0.281142078125 0.569674109375 0.2915245921875 0.5729844859375001 0.29814580625 0.5609565578125 0.2996765953125 0.55006441875 0.29469310625 0.53640555 0.2869566359375 0.535318259375
0 0.3217707515625 0.5402110640625 0.31565979843749997 0.5486082875 0.3121948921875 0.5592285968749999 0.31259821875 0.5703925578125 0.3159561890625 0.5745669140625 0.32247046875 0.5773336453125 0.33102580000000004 0.5655775390625 0.332556590625 0.5546854015625 0.32757310156249997 0.54102653125 0.3217707515625 0.5402110640625
0 0.35465074531249996 0.5448320453125 0.34853979218750003 0.5532292703125 0.3464987390625 0.56775211875 0.349346446875 0.575557184375 0.3558607265625 0.578323915625 0.364416059375 0.566567803125 0.3659468484375 0.555675671875 0.3623872125 0.5459193359375 0.35465074531249996 0.5448320453125
0 0.3875307375 0.5494530281250001 0.3809095234375 0.5614809625 0.38080258749999996 0.576275634375 0.3855844140625 0.584352521875 0.3901645734375 0.58684743125 0.39820964375 0.5787220359374999 0.4012712234375 0.5569377656250001 0.3972013234375 0.5508121390625 0.3875307375 0.5494530281250001
0 0.3997282265625 0.6030012140625 0.39066263125 0.6183880375 0.38913184218749997 0.62928016875 0.39533752187500004 0.641259596875 0.39991768125 0.6437545046875 0.40796275 0.6356291093750001 0.41102432968749997 0.6138448390625 0.40553057656249997 0.60381668125 0.3997282265625 0.6030012140625
0 0.36684823125 0.5983802328125 0.3588031625 0.6065056328125 0.356251846875 0.6246591875 0.3610336703125 0.63273608125 0.3694820671875 0.6357746359374999 0.3755930203125 0.6273774125 0.37814433593749996 0.6092238578125 0.3745847 0.5994675218750001 0.36684823125 0.5983802328125
0 0.329589740625 0.5968463171875 0.3234787875 0.605243540625 0.3219479984375 0.616135671875 0.3262195609375 0.6278432781250001 0.3327338390625 0.630610009375 0.341289171875 0.6188538968749999 0.3428199609375 0.607961765625 0.3392603265625 0.598205428125 0.329589740625 0.5968463171875
0 0.29670974375000003 0.5922253343749999 0.2905987953125 0.600622559375 0.28855774218749997 0.6151454015625 0.2914054484375 0.6229504734375 0.297919728125 0.6257172046874999 0.305964796875 0.6175918031250001 0.30749558593750004 0.606699671875 0.3044462140625 0.593312625 0.29670974375000003 0.5922253343749999
0 0.26382974843749996 0.5876043531249999 0.2547641546875 0.602991175 0.253743628125 0.610252596875 0.258015190625 0.621960203125 0.2625953546875 0.6244551109375001 0.2706404203125 0.6163297140624999 0.2731917359375 0.59817615625 0.2696321046875 0.5884198203125 0.26382974843749996 0.5876043531249999
0 0.23094975624999997 0.5829833703125 0.22290468749999998 0.591108771875 0.22035337031250002 0.60926233125 0.2251351984375 0.6173392203125 0.232159740625 0.6164752421874999 0.2382706890625 0.6080780171875 0.23980147812500002 0.5971858859375 0.2348179890625 0.583527015625 0.23094975624999997 0.5829833703125
0 0.18809057499999998 0.5862159671875 0.1860495234375 0.6007388109375 0.1903210828125 0.612446415625 0.194901246875 0.6149413234375001 0.203456578125 0.6031852125 0.20407377656249998 0.5847598359374999 0.1980697609375 0.5783623890625 0.18809057499999998 0.5862159671875
0 0.15521058125 0.5815949859375 0.15265926406250002 0.5997485453125 0.157441090625 0.607825434375 0.162021253125 0.6103203421875001 0.168132203125 0.601923125 0.17068351875 0.583769565625 0.1651897671875 0.57374140625 0.15521058125 0.5815949859375
0 0.11693156093749998 0.587322490625 0.12069286093750001 0.6026608078125 0.127207140625 0.6054275375 0.1367829984375 0.5864100046875 0.13037565625 0.568848603125 0.1203964703125 0.5767021812500001 0.11693156093749998 0.587322490625
0 0.0911830453125 0.5670428640625 0.08751647343749999 0.5720812 0.08496515624999999 0.5902347578125 0.0878128671875 0.5980398250000001 0.0943271484375 0.60080655625 0.1028824796875 0.5890504453125 0.10441326875000001 0.5781583140625 0.1008536328125 0.5684019765625 0.0911830453125 0.5670428640625
0 0.069076684375 0.6120675359375001 0.0585872359375 0.6235518250000001 0.05552565625 0.6453360953125 0.061731337500000004 0.6573155171875 0.0726241140625 0.6569951828125 0.0792453296875 0.64496725 0.0823069078125 0.623182984375 0.07681315625 0.613154825 0.069076684375 0.6120675359375001
0 0.0990020359375 0.6236781171875 0.09482520312500001 0.6323471625 0.0942080046875 0.6507725453125001 0.09950009062500001 0.6552187234375 0.106524634375 0.65435474375 0.11019120625 0.649316409375 0.112742521875 0.6311628546875 0.10724877031249999 0.6211346953125 0.0990020359375 0.6236781171875
0 0.13259395624999998 0.63025036875 0.1281085234375 0.6481321 0.13095623125 0.655937171875 0.14133874531249999 0.6592475484375 0.1450053171875 0.6542092125 0.1475566328125 0.636055659375 0.143996996875 0.626299321875 0.13259395624999998 0.63025036875
0 0.1649636890625 0.6385020609375001 0.1629226359375 0.6530249046875001 0.16577034375 0.660829975 0.1722846234375 0.6635967078125 0.1808399546875 0.6518405953124999 0.1788111078125 0.6311921265625 0.171074640625 0.6301048375 0.1649636890625 0.6385020609375001
0 0.2058887515625 0.6349976421875 0.1978436828125 0.6431230421875 0.19631289375 0.654015175 0.1986503359375 0.6654509578125001 0.20709873281250002 0.6684895109375 0.21320968593749998 0.6600922875 0.21525073906249997 0.6455694453125 0.21169110156249998 0.635813109375 0.2058887515625 0.6349976421875
0 0.2382584828125 0.643249334375 0.23214752968750002 0.65164655625 0.23153033125000003 0.6700719390625001 0.2419128484375 0.6733823171875 0.2480238 0.6649850921875 0.2495545890625 0.654092959375 0.2426369796875 0.6401622687499999 0.2382584828125 0.643249334375
0 0.27460338281249996 0.6372500046875 0.26849243437500003 0.6456472296875 0.26400699843750003 0.6635289609374999 0.2682785609375 0.675236565625 0.274792840625 0.6780032984375 0.2877266703125 0.66316011875 0.289257459375 0.6522679874999999 0.285697825 0.6425116515625 0.27460338281249996 0.6372500046875
0 0.3069731171875 0.6455016984374999 0.3008621640625 0.653898921875 0.29882111093749997 0.668421765625 0.3030926734375 0.6801293703125 0.309606953125 0.682896103125 0.3157179046875 0.674498878125 0.31775895625 0.6599760359375 0.3127754671875 0.646317165625 0.3069731171875 0.6455016984374999
0 0.33740873125 0.65348156875 0.3332318953125 0.662150615625 0.3331249609375 0.67694528125 0.33597266718749996 0.684750353125 0.342486946875 0.687517084375 0.35053201562499997 0.6793916828125 0.35308333125 0.661238128125 0.34758957968750004 0.6512099703125 0.33740873125 0.65348156875
0 0.374667221875 0.655015484375 0.3685562703125 0.6634127078125001 0.3660049546875 0.6815662625 0.37078678125 0.6896431562500001 0.379745440625 0.689051 0.38392227343749996 0.680381953125 0.3854530625 0.669489821875 0.3824036890625 0.656102775 0.374667221875 0.655015484375
0 0.38493059218750003 0.7082918484375 0.37881964218749997 0.716689065625 0.37626832499999996 0.7348426265625 0.3791160328125 0.7426476921875 0.38756443125 0.7456862531249999 0.3936753796875 0.737289028125 0.396226696875 0.71913546875 0.39266706406249996 0.7093791390625 0.38493059218750003 0.7082918484375
0 0.34960621718749996 0.7070297546875 0.342985003125 0.7190576906249999 0.3423678046875 0.737483065625 0.354684434375 0.7410652703125 0.36130565 0.7290373359375 0.3623261765625 0.721775915625 0.3573426859375 0.7081170453125 0.34960621718749996 0.7070297546875
0 0.3172364875 0.6987780625 0.307660628125 0.7177955953125 0.30806395625 0.7289595515625 0.31284578125 0.7370364390625 0.3218044390625 0.7364442890625 0.325981275 0.7277752421875 0.3285325921875 0.7096216828124999 0.32497295625 0.6998653515625 0.3172364875 0.6987780625
0 0.276311425 0.7022824765625 0.27324984531249996 0.724066746875 0.2780316703125 0.7321436343750001 0.28261183125 0.7346385484375 0.29116716249999997 0.7228824375 0.2912741 0.7080877734375 0.2877144625 0.6983314359375 0.276311425 0.7022824765625
0 0.249032115625 0.6928949875 0.24343143125000002 0.69766149375 0.2403698515625 0.719445765625 0.245151675 0.7275226531250001 0.254110334375 0.726930503125 0.2582871703125 0.71826145625 0.2603282234375 0.7037386140625 0.2567685859375 0.6939822765625 0.249032115625 0.6928949875
0 0.216152121875 0.6882740046875 0.208107053125 0.6963994062500001 0.20555573749999997 0.7145529609375 0.2084034484375 0.7223580265625 0.21685184375 0.7253965859375 0.2229627921875 0.7169993625 0.22551410781249998 0.6988458093750001 0.2233783296875 0.69299200625 0.216152121875 0.6882740046875
0 0.1769595140625 0.6864682671875 0.172782678125 0.6951373140625 0.1721654796875 0.7135626890625 0.17552345 0.7177370437499999 0.1820377296875 0.7205037812499999 0.18763841875 0.71573726875 0.1921238515625 0.6978555375 0.1871403609375 0.6841966687500001 0.1769595140625 0.6864682671875
0 0.1440795203125 0.6818472859375 0.140412946875 0.6868856203125 0.13786163125 0.705039175 0.140709340625 0.712844240625 0.14722361875 0.7156109765625 0.1533345703125 0.7072137546875 0.15679947656249998 0.69659344375 0.1537501046875 0.683206396875 0.1440795203125 0.6818472859375
0 0.111199521875 0.677226303125 0.107532953125 0.6822646390625 0.10447137343749999 0.7040489015625 0.105895228125 0.7079514359375 0.11434362499999999 0.7109899953125 0.1199443125 0.70622348125 0.12249562812499999 0.6880699296875 0.11893599375 0.67831359375 0.111199521875 0.677226303125
0 0.0763854125 0.6723334984375 0.0727188390625 0.6773718343749999 0.0692539328125 0.6879921437500001 0.07108111875 0.70305863125 0.0795295140625 0.706097190625 0.085130203125 0.7013306781249999 0.08910537187499999 0.6870796578125 0.0860559984375 0.6736926109375 0.0763854125 0.6723334984375
0 0.053768787500000005 0.72098888125 0.0476578359375 0.7293860984375 0.045106518750000005 0.747539659375 0.049888346875 0.755616546875 0.056912890625000004 0.754752575 0.0630238390625 0.74635535 0.0650648921875 0.7318325015625 0.061505259374999996 0.7220761718750001 0.053768787500000005 0.72098888125
0 0.06352189531249999 0.77789595 0.05741094375 0.7862931734374999 0.053946035937500005 0.7969134890625 0.0543493640625 0.80807744375 0.0577073375 0.8122518 0.0661557328125 0.815290359375 0.07226668593749999 0.806893134375 0.074818003125 0.7887395765625 0.071258365625 0.7789832390625 0.06352189531249999 0.77789595
0 0.08664878125 0.7256098625 0.0829822140625 0.7306481921875 0.07900704374999999 0.74489921875 0.08134448749999999 0.7563349953125 0.091727 0.759645378125 0.0978379515625 0.7512481546875 0.099368740625 0.7403560234375 0.09438525156250001 0.726697153125 0.08664878125 0.7256098625
0 0.12146289531250001 0.7305026671875 0.117796325 0.735540996875 0.113821153125 0.7497920234375 0.11615859843750001 0.7612278 0.1265411125 0.7645381828125 0.13265206406250002 0.7561409593749999 0.13469311718750002 0.741618109375 0.13113348125 0.7318617796875 0.12146289531250001 0.7305026671875
0 0.15627700625000002 0.735395471875 0.15016605624999999 0.7437926890625 0.1481250015625 0.7583155390625 0.1509727109375 0.7661206046875 0.15942110468749998 0.7691591640625 0.1655320578125 0.760761940625 0.1675731109375 0.7462390921875001 0.1640134734375 0.7364827609375 0.15627700625000002 0.735395471875
0 0.1312160046875 0.7874097359375 0.1245947875 0.799437671875 0.12591170625 0.8181348749999999 0.13629421875 0.82144525625 0.142915434375 0.8094173234375001 0.1430223703125 0.7946226515625 0.1375286171875 0.7845944921875 0.1312160046875 0.7874097359375
0 0.098336009375 0.7827887546875 0.09222505625 0.7911859781249999 0.089673740625 0.8093395375 0.0910975953125 0.8132420703125 0.10148010781250001 0.8165524515625 0.1051466796875 0.8115141171875001 0.10912185 0.7972630921875 0.10607247812500001 0.7838760437500001 0.098336009375 0.7827887546875
0 0.164095996875 0.79203071875 0.1579850453125 0.8004279421874999 0.1554337296875 0.8185815 0.1582814375 0.8263865671874999 0.16866395 0.8296969484375 0.174774903125 0.821299725 0.17732621875000001 0.8031461671875 0.1737665828125 0.7933898296875 0.164095996875 0.79203071875
0 0.18304605000000002 0.7484136718750001 0.181515259375 0.759305809375 0.183852703125 0.7707415859375 0.1942352203125 0.77405196875 0.20085643125 0.762024034375 0.20238722187499997 0.7511318953125 0.195469615625 0.7372012031249999 0.18304605000000002 0.7484136718750001
0 0.21979427812500002 0.7535782984375 0.2163293703125 0.7641986140625 0.21866681875 0.775634390625 0.2271152140625 0.7786729515624999 0.233226165625 0.7702757265625 0.2331314359375 0.7498990812499999 0.22590522812499997 0.7451810796875 0.21979427812500002 0.7535782984375
0 0.198910109375 0.7969235218749999 0.19228889375 0.8089514578125 0.1907581046875 0.8198435953125 0.196963784375 0.8318230171875 0.20398832812499998 0.8309590421875 0.21060953906250002 0.818931109375 0.21214032968750002 0.8080389703125 0.208580696875 0.798282634375 0.198910109375 0.7969235218749999
0 0.23565833593750002 0.8020881484375 0.22954738749999998 0.8104853734375 0.22750633437499998 0.825008221875 0.23035404218750002 0.8328132874999999 0.2368683203125 0.835580025 0.24297927343749998 0.8271828015624999 0.2450203265625 0.812659953125 0.24339480781249997 0.8031754390625 0.23565833593750002 0.8020881484375
0 0.2587852234375 0.7498020624999999 0.2531845390625 0.75456856875 0.24971962812499998 0.765188884375 0.250122959375 0.776352840625 0.253480928125 0.7805271953124999 0.25999520781249996 0.7832939328124999 0.2661061609375 0.774896709375 0.269571065625 0.7642764 0.2679455484375 0.7547918859375 0.2587852234375 0.7498020624999999
0 0.2916652203125 0.75442304375 0.28555426875 0.7628202625 0.28493706875 0.7812456437499999 0.288295040625 0.7854199984375 0.2928752015625 0.7879149140624999 0.3009202703125 0.7797895125000001 0.30296132343750004 0.7652666640625 0.29940168749999996 0.755510334375 0.2916652203125 0.75442304375
0 0.2748509484375 0.8038938874999999 0.265180359375 0.802534775 0.2585591484375 0.8145627109375001 0.2565180953125 0.8290855593750001 0.26078965625 0.8407931578125 0.267303934375 0.8435598953125 0.2716824328125 0.840472828125 0.27830364687500003 0.8284448953125001 0.27983443750000003 0.8175527578124999 0.2748509484375 0.8038938874999999
0 0.24154320937499998 0.8584515796875 0.2378766421875 0.8634899140625001 0.2362389140625 0.8891767171874999 0.2485555453125 0.892758921875 0.2527323796875 0.8840898765625 0.2552836953125 0.8659363171875001 0.24978994375000002 0.8559081578125 0.24154320937499998 0.8584515796875
0 0.2091734796875 0.8501998859375 0.2011284109375 0.8583252874999999 0.1961327140625 0.8798377343749999 0.20233839531250003 0.8918171578124999 0.2127209078125 0.8951275390625 0.2188318609375 0.8867303156249999 0.2228070296875 0.8724792890625 0.218844065625 0.8515589984374999 0.2091734796875 0.8501998859375
0 0.27299935 0.8591700281250001 0.265867871875 0.8748286734375 0.2657609390625 0.88962334375 0.2700325 0.90133094375 0.276546778125 0.90409768125 0.28703622812499996 0.892613390625 0.2915216625 0.8747316546875 0.28511431875 0.8571702515625 0.27299935 0.8591700281250001
0 0.311599175 0.8090585140625001 0.3019285921875 0.8076994015625001 0.29581763906249997 0.8160966249999999 0.293266321875 0.8342501859375 0.29611403125 0.8420552515624999 0.3064965421875 0.8453656328125 0.3126074953125 0.8369684109375 0.31556213906249997 0.8299788109374999 0.3151588125 0.8188148500000001 0.311599175 0.8090585140625001
0 0.322611096875 0.758772203125 0.3184342625 0.76744124375 0.316903471875 0.77833338125 0.321175034375 0.79004098125 0.3276893140625 0.79280771875 0.3362446453125 0.7810516062499999 0.33686184531249996 0.7626262234375 0.332791946875 0.7565005984375001 0.322611096875 0.758772203125
0 0.353248375 0.7723340484375 0.352631175 0.7907594312499999 0.3559891484375 0.7949337859375001 0.3625034234375 0.7977005234375001 0.36861437656249996 0.7893033 0.3704537671875 0.7691984765625001 0.359359325 0.7639368296875 0.353248375 0.7723340484375
0 0.334808584375 0.812320384375 0.32869763281250003 0.8207176078125 0.3266565796875 0.83524045625 0.330928140625 0.8469480562499999 0.3393765375 0.8499866140625001 0.34793186875000004 0.838230503125 0.349462659375 0.827338365625 0.34641329062500004 0.81395131875 0.334808584375 0.812320384375
0 0.3740011921875 0.8141261234374999 0.36351174531249997 0.8256104125 0.360960428125 0.8437639718750001 0.3638081359375 0.8515690375 0.37419065156250003 0.8548794187500001 0.37979134062500003 0.85011290625 0.3842767734375 0.8322311703124999 0.3812274 0.8188441234375 0.3740011921875 0.8141261234374999
0 0.337940478125 0.8812553937500001 0.34119151406250003 0.9002244203125 0.3496399109375 0.903262975 0.358705503125 0.8878761515625 0.35474254375 0.8669558593750001 0.3470060734375 0.8658685703125 0.337940478125 0.8812553937500001
0 0.3073032015625 0.86769354375 0.3006819859375 0.879721478125 0.301998903125 0.8984186812500001 0.31624965 0.9022727078124999 0.322870865625 0.890244775 0.32440165625 0.8793526359375001 0.31941816562500003 0.8656937671874999 0.3073032015625 0.86769354375