1 0.915450253125 0.2872511609375 0.9101039734375 0.280024684375 0.8943441875 0.2710910765625 0.868586184375 0.2712477921875 0.8599569546874999 0.2774970109375 0.85215174375 0.28869858125 0.8513342843749999 0.30038878750000003 0.859697584375 0.3146788640625 0.8675093593750001 0.3201198515625 0.8755936156249999 0.32166410624999997 0.8883363734374999 0.3235341140625 0.900255115625 0.32045176406250003 0.9164170703125001 0.306897709375 0.9195637796874999 0.295370384375 0.915450253125 0.2872511609375
1 0.78213140625 0.269118075 0.7636336406249999 0.2658666890625 0.7565096453125 0.2673264265625 0.7455511625 0.273412765625 0.7403476906249999 0.28088048125 0.7373372218750001 0.290459440625 0.7389852593749999 0.3003641546875 0.7543363140625 0.31514286406249997 0.7763960765625 0.31766438125 0.7921493046875 0.309955428125 0.7973527765624999 0.3024877140625 0.7985789640625 0.2849524078125 0.78213140625 0.269118075
1 0.664170178125 0.28240625937499997 0.6386846546875 0.27866624687499997 0.629095165625 0.28191147031249997 0.6203296921875 0.290109053125 0.6169104953125 0.3055331140625 0.61883101875 0.31154109375 0.6341820734375 0.326319803125 0.6585710921875 0.32900419687500004 0.674596803125 0.3173985125 0.6781522421874999 0.3000260828125 0.6762317203125 0.2940181046875 0.664170178125 0.28240625937499997
1 0.542906315625 0.2592424578125 0.5331740234375 0.24779348906249998 0.5241295046875 0.24324524687500002 0.505495496875 0.24194223125 0.49590600625 0.2451874546875 0.4845387953125 0.257118896875 0.48344885 0.2727058359375 0.487562378125 0.280825059375 0.495237909375 0.2882144140625 0.5031859234375 0.29170703593749997 0.520587184375 0.2939027953125 0.530176675 0.2906575703125 0.5414076421875 0.280674496875 0.5448268374999999 0.265250434375 0.542906315625 0.2592424578125
1 0.403144690625 0.23282726875 0.3869761765625 0.229738765625 0.3798521765625 0.2311984984375 0.3614972140625 0.2426413109375 0.3579417734375 0.2600137359375 0.3697308328125 0.2755223171875 0.377678846875 0.2790149359375 0.3974093609375 0.28137357500000004 0.41069709374999996 0.2754501140625 0.41836606249999997 0.26619690937499996 0.41959225 0.2486616015625 0.403144690625 0.23282726875
1 0.91085584375 0.10190887343749999 0.892221834375 0.10060585625 0.8803030921874999 0.10368820781250002 0.8692083687500001 0.1117229125 0.8640048953124999 0.119190628125 0.8651079546875 0.1368888125 0.8726472390625 0.14622653125 0.8827882609375 0.15183039843749999 0.9001895234375 0.1540261609375 0.9097790140625 0.1507809328125 0.925940971875 0.13722688125 0.92511039375 0.11563196406250001 0.91085584375 0.10190887343749999
1 0.808375353125 0.11138484062500001 0.7919277921875 0.09555050781249999 0.775759278125 0.09246200156249999 0.7663060296875 0.093758859375 0.7504165609375 0.10341618125 0.746997365625 0.1188402421875 0.74878164375 0.1267965875 0.7641327 0.1415752984375 0.7861924640625 0.1440968140625 0.79578195625 0.1408515875 0.8070129218750001 0.130868515625 0.8101596296875 0.1193411875 0.808375353125 0.11138484062500001
1 0.8632136718750001 0.19745107343749999 0.8466298671875 0.18356510937499998 0.8233373546875 0.1819363375 0.8137478640625 0.1851815625 0.804982390625 0.1933791453125 0.8018356843750001 0.2049064703125 0.8034837171874999 0.2148111859375 0.8211640250000001 0.229752771875 0.8408945390625 0.23211141093749998 0.8504840281250001 0.22886618749999998 0.8617149968750001 0.2188831140625 0.86513419375 0.203459053125 0.8632136718750001 0.19745107343749999
1 0.6846525578125 0.10664909062500001 0.6791700359374999 0.101370978125 0.6677962703125 0.096659859375 0.6491622593749999 0.0953568421875 0.6395727703125 0.0986020671875 0.6284780453125001 0.1066367734375 0.6271156140625 0.126120446875 0.6312291421875 0.1342396703125 0.6389046703125 0.1416290265625 0.6515111874999999 0.14544740312499999 0.65959544375 0.146991653125 0.6763089296875 0.142286690625 0.687812384375 0.128406884375 0.6887660859375 0.11476831406250002 0.6846525578125 0.10664909062500001
1 0.757716153125 0.19986344218750002 0.7414048375 0.1820807421875 0.713998796875 0.172332746875 0.7046817921875 0.1716812390625 0.7007110625 0.17825620625 0.6885198390625 0.185235290625 0.68578185625 0.19091751562499998 0.6848281546874999 0.204556084375 0.68880544375 0.21462367656249998 0.7042927421875 0.227454021875 0.7240232546875001 0.22981265781250002 0.7384074890625001 0.22494481875 0.7471729625 0.2167472359375 0.7527851671875 0.20343442031249998 0.757716153125 0.19986344218750002
1 0.6083650375 0.176693478125 0.5874017796875 0.175227584375 0.5778122890625 0.17847281406249998 0.5690468125 0.18667039531250001 0.5654913765625 0.20404282187499997 0.569604903125 0.2121620453125 0.579473440625 0.2216626453125 0.5874214531249999 0.22515526718749998 0.6001642140625 0.2270252765625 0.6120829578125 0.22394292343750002 0.6259156609375001 0.2102259953125 0.6249488390625 0.190579446875 0.6083650375 0.176693478125
1 0.5635315000000001 0.09817948125 0.5469476984375 0.0842935171875 0.5259844359375 0.0828276234375 0.507629471875 0.09427043125 0.5042102765625 0.1096944921875 0.5061307984375001 0.1157024703125 0.518056096875 0.129262684375 0.5260041140625 0.132755303125 0.5387468734375 0.13462531093750002 0.54587086875 0.1331655734375 0.5592948453125001 0.12529374531249998 0.564498321875 0.1178260296875 0.5635315000000001 0.09817948125
1 0.43816066718749996 0.0835390171875 0.4217131078125 0.06770468125 0.3960913453125 0.06591303281250001 0.38513286406249997 0.071999375 0.379929390625 0.0794670890625 0.376918925 0.0890460453125 0.378703203125 0.0970023921875 0.3828167328125 0.105121615625 0.393918015625 0.1137294703125 0.4183070296875 0.11641386406250001 0.43173100781249996 0.10854203437500001 0.4369344796875 0.10107432031250001 0.439944946875 0.0914953640625 0.43816066718749996 0.0835390171875
1 0.49272650156250003 0.1735019828125 0.476278940625 0.15766765 0.452986428125 0.156038878125 0.43449522187499995 0.1694300546875 0.43326903437500003 0.1869653578125 0.43532580000000004 0.19102497031250001 0.440672075 0.1982514484375 0.45533535468749997 0.20612943593750002 0.468078115625 0.20799944374999998 0.4776676078125 0.20475421875 0.4913640703125 0.1929856546875 0.4945107765625 0.181458328125 0.49272650156250003 0.1735019828125
1 0.37160544375 0.1650323734375 0.3674919109375 0.15691315 0.35077186562499996 0.14497555 0.3296723625 0.145458025 0.3162483875 0.153329853125 0.31104491093750003 0.16079756875 0.310091209375 0.1744361375 0.3142047421875 0.1825553609375 0.3274990296875 0.1932744609375 0.349558796875 0.195795978125 0.354353540625 0.194173365625 0.365448265625 0.1861386578125 0.3706517421875 0.1786709421875 0.37160544375 0.1650323734375
1 0.315527815625 0.06321632499999999 0.30319378750000003 0.055501215625 0.2940130265625 0.0529013390625 0.282230528125 0.054035321875 0.27017554062500004 0.059066035937500004 0.2612738265625 0.0692119890625 0.262240646875 0.0888585375 0.276495196875 0.102581628125 0.28225020624999997 0.1039630046875 0.297322215625 0.1059958859375 0.3069117046875 0.1027506625 0.3207444109375 0.08903373125 0.32183435625 0.07344679374999999 0.315527815625 0.06321632499999999
1 0.198792775 0.058969206249999996 0.1889242375 0.049468606250000005 0.179879721875 0.0449203609375 0.168233465625 0.044105975 0.15631472500000002 0.0471883265625 0.14522000156249998 0.055223032812499996 0.1370060609375 0.0722697046875 0.148795115625 0.0877782859375 0.1634583953125 0.095656271875 0.1833251515625 0.09606654375 0.196885371875 0.086246346875 0.2022250875 0.0768302625 0.202770059375 0.06903679375 0.198792775 0.058969206249999996
1 0.25322236249999996 0.1508805359375 0.249108834375 0.1427613125 0.23691104687500003 0.1330978359375 0.223071784375 0.13017220937500001 0.2136185375 0.1314690640625 0.1978653078125 0.139178015625 0.1926618359375 0.14664573125 0.1918443765625 0.1583359359375 0.1958216609375 0.16840352812499998 0.20349719375 0.175792884375 0.21144520781249998 0.1792855015625 0.22884646874999998 0.1814812640625 0.2359704640625 0.180021528125 0.2470651875 0.171986825 0.2522686609375 0.164519109375 0.25322236249999996 0.1508805359375
1 0.1681628140625 0.21247995 0.15678904375 0.2077688265625 0.13788254687499998 0.21036254843750002 0.12432233125 0.220182740625 0.1214481078125 0.2278133328125 0.1207668921875 0.2375551703125 0.12488042343750001 0.24567439375000003 0.136941965625 0.25728623906250003 0.145026221875 0.25883049375 0.162563725 0.2590778875 0.1810549359375 0.2456867109375 0.1822811234375 0.2281514046875 0.180224359375 0.224091790625 0.1681628140625 0.21247995