1 0.867885503125 0.060992671875 0.84915739375 0.0518479484375 0.8256051359375001 0.055869092187500004 0.815696034375 0.0655586578125 0.8116324421875 0.07375652031249999 0.8126537984375 0.085430678125 0.818249425 0.094744053125 0.8296905609375 0.10256571562500001 0.8357062984375 0.1030197015625 0.8535832703124999 0.1024359609375 0.8627318140625 0.097714396875 0.8746727109375 0.08392589687499999 0.873310903125 0.0683603546875 0.867885503125 0.060992671875
1 0.7358001437499999 0.06764718125 0.7068224859375001 0.064300640625 0.6975037171875 0.06707651406250001 0.6919986625 0.07245960625 0.692509340625 0.07829668437500001 0.6882755234375 0.084548853125 0.6896373312499999 0.10011439531249999 0.703961390625 0.1135655921875 0.7196363453125 0.115135090625 0.7371728703125 0.1106599640625 0.74708196875 0.1009703984375 0.7504646609375001 0.084989765625 0.74215633125 0.0719925484375 0.7358001437499999 0.06764718125
1 0.79954315 0.14049381562500002 0.78734145625 0.1376401515625 0.77090594375 0.141038659375 0.7609968421875 0.1507282296875 0.754901453125 0.163025021875 0.7555823578124999 0.1708077921875 0.763720459375 0.1818593140625 0.77863485625 0.1883968140625 0.7988840796875001 0.1876055328125 0.8080326234375 0.1828839671875 0.81997351875 0.1690954640625 0.816069234375 0.1517917765625 0.79954315 0.14049381562500002
1 0.870402903125 0.21271781562499997 0.8512546875 0.21243248124999997 0.830335475 0.2328882375 0.8316972843749999 0.24845377968750001 0.8371226843749999 0.25582146250000004 0.8485638203124999 0.263643125 0.85457955625 0.2640971125 0.8748287796875 0.2633058265625 0.8940566531249999 0.2508403859375 0.892184165625 0.229437765625 0.8867587609375001 0.2220700828125 0.870402903125 0.21271781562499997
1 0.84528261875 0.3217674703125 0.8368040656250001 0.3068245625 0.8157037109375 0.2978873828125 0.797066175 0.3034391296875 0.784955053125 0.3152819359375 0.7812319109375 0.32737118125000003 0.7871679921875 0.340575940625 0.798609125 0.34839760625 0.8071673328125 0.3505897390625 0.8226720640625 0.3502135421875 0.8296185812499999 0.34764521875 0.8409691484374999 0.340770415625 0.846303975 0.3334416296875 0.84528261875 0.3217674703125
1 0.8852125703124999 0.3819930859375 0.8684366062500001 0.3815002046875 0.8591178359375 0.384276078125 0.844804690625 0.3982721234375 0.843794253125 0.41404520937499995 0.846677178125 0.41967474375 0.8582885390625 0.429442103125 0.8668467468750001 0.43163423281249996 0.8894682218750001 0.43063540624999996 0.9059833906250001 0.414486121875 0.907334284375 0.40260441875 0.9042811296875 0.39502919531249997 0.8852125703124999 0.3819930859375
1 0.76608946875 0.38653324843750003 0.7471114796875 0.38819360625 0.7379629359375001 0.392915171875 0.728394290625 0.40649612968750004 0.7268731703125 0.4164321390625 0.729926325 0.4240073625 0.7502661203125001 0.437912546875 0.7728875953125 0.43691371874999996 0.791604784375 0.418611196875 0.790413203125 0.404991346875 0.7848175765625001 0.395677975 0.76608946875 0.38653324843750003
1 0.8517839593750001 0.4780455265625 0.8283113546875001 0.469315890625 0.8164501124999999 0.470353615625 0.8073015734375 0.4750751828125 0.7953606734374999 0.4888636828125 0.799605409375 0.510058759375 0.8172325031250001 0.5202800984375 0.8374817328124999 0.519488815625 0.8466302718750001 0.5147672484375 0.8563691468749999 0.5031319875 0.8544966609375001 0.48172936718750003 0.8517839593750001 0.4780455265625
1 0.7358842375 0.49210660937500006 0.7279163609375 0.48300078125 0.7093584796875 0.47580175 0.6951249859375 0.47704701875 0.685976446875 0.48176858125 0.6742057734375 0.49750277656249997 0.6782802828125 0.5167521578125001 0.6897214203125 0.5245738249999999 0.698279628125 0.52676595625 0.71615660625 0.526182215625 0.725305146875 0.5214606515625 0.737416271875 0.509617846875 0.739277840625 0.503573221875 0.7358842375 0.49210660937500006
1 0.907138984375 0.5506457234375 0.8785017765625 0.5511905671874999 0.8619866078125 0.5673398515625 0.8609761671875 0.5831129374999999 0.8664015656249999 0.5904806171875 0.880385178125 0.6000404296874999 0.8864009140625001 0.6004944156249999 0.9066501375 0.59970313125 0.925367328125 0.5814006109375 0.9238352937500001 0.5638893765625 0.9158674171875001 0.554783546875 0.907138984375 0.5506457234375
1 0.7786971109375 0.55796175625 0.757346878125 0.559829659375 0.738629684375 0.5781321828125 0.7399914921875 0.593697725 0.74795936875 0.6028035546875 0.759230278125 0.6086795265625 0.7676182609375 0.608925965625 0.77837849375 0.6089648578125 0.7898992828125 0.6040357484375 0.8018401828125 0.59024725 0.8003081484375001 0.5727360171875 0.7786971109375 0.55796175625
1 0.874391275 0.6544809359375 0.8602374421875 0.6429754296875 0.8454932718749999 0.6383836203125 0.8288875328125 0.639836434375 0.8197389890625001 0.6445579984375 0.8100001140625 0.6561932578125 0.8086492249999999 0.6680749609375 0.8118726015625001 0.677595878125 0.8234839624999999 0.687363240625 0.8320421703124999 0.6895553718749999 0.8522914 0.6887640859374999 0.8592379140625 0.6861957578125 0.86931724375 0.6784518828125 0.87541263125 0.6661550890625 0.874391275 0.6544809359375
1 0.6259161546875001 0.082162246875 0.61464524375 0.076286275 0.5931247843749999 0.0762084875 0.5762691625 0.0884663828125 0.5722055703125 0.0966642421875 0.57610985625 0.11396793281249999 0.5851787421875 0.12199714375 0.59373695 0.12418927500000002 0.6139861734375 0.12339799062500001 0.628639771875 0.11329332968750001 0.6327033625 0.10509547187499998 0.6340542578125 0.0932137703125 0.6259161546875001 0.082162246875
1 0.6834732031249999 0.15260920312499998 0.6736437546875 0.1495479984375 0.654665765625 0.1512083578125 0.6445864390625 0.15895223281249998 0.6383208234375 0.16930333125000002 0.6425655609375001 0.19049840625 0.6576501828125 0.1989816015625 0.68027165625 0.197982775 0.694925253125 0.1878781140625 0.6989888468750001 0.1796802515625 0.6949143390625 0.1604308703125 0.6834732031249999 0.15260920312499998
1 0.7546734078124999 0.2287245921875 0.744843959375 0.2256633828125 0.7234937218749999 0.2275312859375 0.71434518125 0.2322528546875 0.70460630625 0.24388811562499998 0.7059681140625 0.25945365625 0.7113935140625001 0.266821340625 0.72283465 0.274643003125 0.7288503875 0.2750969890625 0.746727359375 0.2745132484375 0.7536738796875 0.2719449203125 0.7656147796874999 0.2581564203125 0.7664549921875 0.24043764374999999 0.7546734078124999 0.2287245921875
1 0.64258739375 0.24539289531250003 0.6311462578125 0.23757122968750002 0.6213168140625001 0.234510025 0.6001368015625 0.23832361875000002 0.5859938812500001 0.2542653578125 0.5875259171875 0.27177659374999996 0.6016797515625 0.2832821 0.610237959375 0.2854742328125 0.6233704421875 0.28530557968750003 0.630316959375 0.2827372515625 0.6425983093750001 0.272840140625 0.6466619 0.264642278125 0.64258739375 0.24539289531250003
1 0.5646905484375 0.16104075625 0.55486110625 0.157979546875 0.5358831171875 0.15963990625 0.5236017656249999 0.1695370203125 0.5175063796875 0.1818338125 0.5185277359375 0.19350796875 0.5239531359375 0.2008756484375 0.5303093203125 0.2052210203125 0.5461545046875 0.20873620937499998 0.5569147328125 0.20877510781250003 0.5660632765625 0.2040535421875 0.578004171875 0.1902650390625 0.5764721374999999 0.17275380625 0.5646905484375 0.16104075625
1 0.4580299390625 0.1850767390625 0.4526045390625 0.17770905937499998 0.43387643125 0.168564334375 0.4220151890625 0.16960205781249998 0.4104944 0.174531171875 0.3987237265625 0.1902653609375 0.39991530937499997 0.2038852125 0.4053407125 0.2112528921875 0.4142393734375 0.2173364125 0.42516982968750006 0.219320996875 0.43593005937499996 0.2193598953125 0.447450853125 0.21443078437500002 0.45735995156250003 0.204741215625 0.459221521875 0.198696590625 0.4580299390625 0.1850767390625
1 0.50331979375 0.0879865765625 0.4934903484375 0.0849253703125 0.469597634375 0.085055125 0.4551142640625 0.097105475 0.4510506703125 0.10530333750000001 0.452242253125 0.1189231875 0.4665663140625 0.1323743859375 0.48224126875 0.133943884375 0.49977779375000003 0.1294687578125 0.5096868953125 0.1197791890625 0.51171869375 0.11568025781249999 0.5098462078125 0.0942776375 0.50331979375 0.0879865765625
1 0.390893328125 0.100763496875 0.3697929734375 0.0918263140625 0.35555948125 0.093071584375 0.33412959062500003 0.1076902625 0.3360020765625 0.129092884375 0.356341871875 0.14299806875 0.378963346875 0.14199923750000001 0.389042675 0.13425536093749998 0.39530828906250004 0.12390426406249999 0.3936060296875 0.1044473359375 0.390893328125 0.100763496875
1 0.23440458125000002 0.10171068125 0.22508581562500002 0.10448655 0.2151767140625 0.114176121875 0.21111312187500003 0.1223739828125 0.212134478125 0.1340481375 0.22027258125000002 0.14509966093749999 0.23027224999999998 0.150106559375 0.25289372499999996 0.149107728125 0.26957912031250003 0.134904140625 0.270249109375 0.1152396671875 0.25592504531250004 0.10178846718750001 0.23440458125000002 0.10171068125
1 0.32839648593750004 0.178772928125 0.3149235546875 0.175050190625 0.2889990484375 0.1792788796875 0.28112174375 0.184869515625 0.2770581515625 0.19306737812500002 0.2787604125 0.21252430625000002 0.2814731109375 0.2162081453125 0.292914246875 0.2240298109375 0.30621695 0.2258068546875 0.31917920624999996 0.2236925125 0.328327746875 0.21897094843749998 0.33755594375000003 0.20149860468749997 0.3368750390625 0.1937158359375 0.32839648593750004 0.178772928125
1 0.21012451406250002 0.19304155625 0.19139640625 0.18389683437499998 0.17479066875 0.1853496484375 0.165642125 0.19007121093749998 0.15573302656250002 0.19976078125000002 0.15387145468750002 0.20580540468750003 0.1603182125 0.2248472421875 0.171759346875 0.232668909375 0.1803175546875 0.23486104062500002 0.1934500375 0.23469238906249998 0.2049708265625 0.22976328124999998 0.21640104531249998 0.21013770312500002 0.215720140625 0.20235492968750002 0.21012451406250002 0.19304155625
1 0.51889001875 0.25229384375 0.5027043859375 0.24488726718749998 0.4860986484375 0.24634008125 0.4769501046875 0.25106164531249997 0.4692430265625 0.2585979765625 0.465349659375 0.26874152812499996 0.46603056406250004 0.27652430156249996 0.47162619218749996 0.285837675 0.4830673265625 0.2936593421875 0.49637003281250003 0.2954363859375 0.5139065578124999 0.290961259375 0.5238156578125001 0.2812716890625 0.5275387984375 0.2691824421875 0.5241451968749999 0.2577158296875 0.51889001875 0.25229384375
1 0.4007882734375 0.2685081609375 0.395362871875 0.26114048125 0.37663476406249996 0.251995759375 0.3624012734375 0.253241028125 0.3532527328125 0.25796259374999997 0.3413118328125 0.27175109218750004 0.3428438671875 0.28926232500000004 0.34555656875 0.29294616875 0.35699770468750003 0.30076783125 0.3679281640625 0.30275241875000003 0.3786883953125 0.302791315625 0.3902091859375 0.297862203125 0.40011828749999995 0.2881726375 0.40197985625 0.28212801249999997 0.4007882734375 0.2685081609375
1 0.2653093125 0.2636960578125 0.2554798640625 0.260634853125 0.2388741265625 0.262087665625 0.2297255828125 0.26680923125 0.21981648593749997 0.2764988 0.21897626875 0.29421758124999997 0.22185919843750002 0.2998471125 0.2394862921875 0.31006845625 0.2621077671875 0.309069625 0.2786229359375 0.29292034375 0.27980360000000004 0.2790929484375 0.276920675 0.27346341875 0.2653093125 0.2636960578125
1 0.15542532343749998 0.2782111265625 0.1441544125 0.2723351546875 0.12246372187500001 0.27031167031250003 0.1133151828125 0.2750332375 0.1012040578125 0.28687604375000003 0.0974809171875 0.298965290625 0.1057892453125 0.3119625046875 0.1172303828125 0.3197841703125 0.1305330859375 0.32156121249999997 0.1389210671875 0.3218076515625 0.158148940625 0.30934221093750003 0.16221253124999999 0.30114435 0.1608507234375 0.2855788078125 0.15542532343749998 0.2782111265625
1 0.148923984375 0.121933071875 0.1409561078125 0.1128272421875 0.1322276734375 0.10868941562500001 0.1201962015625 0.1077814453125 0.10155866718749999 0.1133331921875 0.08978799531250001 0.12906738281250002 0.090809353125 0.140741540625 0.096404978125 0.1500549140625 0.10784611562499999 0.1578765796875 0.1187765734375 0.15986116718750001 0.1247923046875 0.16031515000000002 0.1386853453125 0.15517849687500002 0.148594446875 0.145488928125 0.1524878140625 0.135345375 0.148923984375 0.121933071875
1 0.7142982765625 0.327345359375 0.7088728765625001 0.3199776765625 0.7025166875 0.31563230781249996 0.6854002718750001 0.31124804375 0.675911275 0.3120782234375 0.666762734375 0.31679978593749997 0.6548218375 0.3305882859375 0.656353871875 0.348099521875 0.6590665734375001 0.35178336250000003 0.67305018125 0.361343178125 0.6790659171875 0.36179716093750003 0.69457064375 0.3614209640625 0.701517165625 0.358852640625 0.7136282875 0.34700983124999996 0.7154898578125 0.34096520625000004 0.7142982765625 0.327345359375
1 0.581532015625 0.3262170953125 0.564415596875 0.32183283125 0.5457780624999999 0.3273845734375 0.5338371625 0.3411730734375 0.5326565000000001 0.3550004703125 0.5355394234374999 0.3606300046875 0.553336746875 0.3727970375 0.5783304671875 0.3715906625 0.5948456375 0.3554413828125 0.5963667578125 0.3455053703125 0.587888203125 0.3305624640625 0.581532015625 0.3262170953125
1 0.45071789687499997 0.33374067812499997 0.43851620156250004 0.3308870140625 0.42665495625 0.3319247375 0.41513416718749996 0.33685385156250003 0.4053952953125 0.3484891109375 0.40709755625 0.3679460375 0.40981025468750004 0.37162988124999996 0.4212513890625 0.37945154375 0.4345540953125 0.38122858593750003 0.45446286875 0.376545915625 0.462169946875 0.3690095859375 0.4660633140625 0.3588660328125 0.462159028125 0.341562340625 0.45071789687499997 0.33374067812499997
1 0.6545141328125 0.40903863124999995 0.6481579484375 0.4046932640625 0.631041528125 0.4003089984375 0.61240399375 0.40586074375000003 0.6045266890625001 0.411451384375 0.600463096875 0.4196492421875 0.60199513125 0.43716047812500003 0.6074205312500001 0.4445281578125 0.619962678125 0.45127320624999995 0.6425841515624999 0.45027437656249997 0.65723775 0.440169715625 0.661301340625 0.43197185625 0.6599395328125001 0.4164063140625 0.6545141328125 0.40903863124999995
1 0.5367528390625 0.42914433750000003 0.5311572124999999 0.41983096406250003 0.5100568546875001 0.4108937859375 0.4958233671875 0.4121390546875 0.486674821875 0.4168606203125 0.47490415312499995 0.4325948125 0.475925509375 0.44426897031249996 0.48660608437499997 0.45705863906250005 0.49533451875 0.46119646562499994 0.503722503125 0.461442903125 0.5121104875 0.4616893421875 0.5236312765625 0.4567602328125 0.5357423984375 0.44491742500000003 0.5376039687499999 0.4388728046875 0.5367528390625 0.42914433750000003
1 0.3221058 0.33911102187500003 0.3007555625 0.34097892500000004 0.2842403953125 0.3571282046875 0.2830597265625 0.3709556 0.28594265625 0.376585134375 0.29755401406250004 0.3863524921875 0.306112225 0.38854462343749996 0.32398920000000003 0.38796088281249996 0.33313774375 0.38323931875 0.3449084140625 0.367505125 0.3410041328125 0.35020143593749997 0.3221058 0.33911102187500003
1 0.22239170625 0.3605786796875 0.2184077671875 0.3560257625 0.203493375 0.3494882640625 0.1821431375 0.35135616718749996 0.1634259484375 0.3696586859375 0.164277078125 0.37938715 0.1700429296875 0.3906462171875 0.17894159062499998 0.396729734375 0.1874998 0.3989218671875 0.2053767765625 0.398338125 0.2145253203125 0.3936165609375 0.22426419218750002 0.3819813015625 0.22544485937499997 0.36815390468750003 0.22239170625 0.3605786796875
1 0.4052578171875 0.42888515156249996 0.3912742046875 0.419325334375 0.3814447609375 0.4162641296875 0.36958351875 0.417301853125 0.35586070468750003 0.4243842015625 0.34646228125 0.43991084999999996 0.3471431859375 0.4476936203125 0.3527388125 0.45700699375 0.36672242499999996 0.466566809375 0.37273815625 0.4670207921875 0.3858706375 0.466852140625 0.39281715781250004 0.464283815625 0.4071303046875 0.45028777187499996 0.408821646875 0.44229745468750004 0.4052578171875 0.42888515156249996
1 0.27503403125000003 0.42949503125 0.265204584375 0.42643382812499997 0.2416523265625 0.43045497031249996 0.2317432234375 0.44014453593749997 0.22784985781249997 0.45028809374999995 0.22870098906249997 0.46001655625 0.23683909062500003 0.471068075 0.25649798281249997 0.47719048906249995 0.264885965625 0.47743692812500005 0.27640675625 0.47250781875000003 0.28834765 0.45871932031249996 0.286645390625 0.43926239375 0.27503403125000003 0.42949503125
1 0.1487941796875 0.43465783125 0.1250716953125 0.4367332796875 0.1204974265625 0.4390940625 0.1105883234375 0.4487836328125 0.1066949578125 0.4589271859375 0.115513965625 0.47776147968749993 0.12441262500000001 0.4838449953125 0.137715328125 0.48562203750000005 0.143731065625 0.486076025 0.15762410468750002 0.4809393671875 0.1695650015625 0.46715086718750004 0.167862740625 0.44769394218749997 0.1487941796875 0.43465783125
1 0.5839697625 0.49069301093749995 0.5717680671875 0.48783935156249997 0.562279071875 0.4886695296875 0.5507582828124999 0.49359863906249996 0.5389876124999999 0.5093328328125 0.54306211875 0.5285822140625 0.5606892171875 0.5388035578125 0.5833106906250001 0.5378047265625 0.5999960828125 0.5236011375 0.6010065234375 0.50782805 0.595410896875 0.498514678125 0.5839697625 0.49069301093749995
1 0.4791707203125 0.508684375 0.4651871109375 0.49912456406250005 0.4579001390625 0.497801503125 0.4367201265625 0.5016151015625 0.422577209375 0.5175568359375 0.42410924375 0.5350680718749999 0.4268219453125 0.5387519109375 0.43826307968749995 0.5465735781250001 0.4491935359375 0.548558165625 0.462326015625 0.5483895140625 0.47147455625 0.5436679515625 0.48341545625000004 0.5298794515624999 0.481883421875 0.5123682140625 0.4791707203125 0.508684375
1 0.350899075 0.5179461062499999 0.3418301890625 0.5099168953125 0.33200074375 0.5068556890625 0.31065050625 0.50872359375 0.29413533593749996 0.5248728734375 0.292784446875 0.536754575 0.295837596875 0.5443298000000001 0.3099914359375 0.55583530625 0.31600716875 0.5562892921875 0.3362563953125 0.5554980078125 0.3487079703125 0.5475465859375 0.3527715609375 0.5393487234375 0.353952228125 0.52552133125 0.350899075 0.5179461062499999
1 0.22703147656249997 0.522901359375 0.21084584374999998 0.5154947828124999 0.19186785625 0.517155140625 0.1827193125 0.52187670625 0.1731506625 0.5354576609375 0.1772251734375 0.5547070421875 0.1862940609375 0.562736253125 0.194852271875 0.5649283859375 0.21747374062499997 0.56392955625 0.22975509375 0.5540324437499999 0.2338186859375 0.5458345828125 0.232456878125 0.530269040625 0.22703147656249997 0.522901359375
1 0.676440546875 0.5776912703125 0.667371659375 0.5696620593749999 0.6575422109375 0.5666008546875 0.6361919781250001 0.5684687578125 0.6248414140625 0.5753435609374999 0.61950658125 0.582672346875 0.61832591875 0.5964997390625 0.62137906875 0.6040749671875 0.6391763890625 0.6162420015625 0.6617978625000001 0.6152431703125 0.67094640625 0.6105216078125 0.678483259375 0.6010395828124999 0.679323475 0.5833208046875 0.676440546875 0.5776912703125
1 0.553424078125 0.5923749875000001 0.53689799375 0.581077025 0.5153775296875 0.580999234375 0.5062289875 0.585720803125 0.49631988906249996 0.59541036875 0.495820125 0.6170205359375001 0.5050592375 0.626995440625 0.516159921875 0.63092571875 0.5387813968749999 0.6299268875 0.5501319609374999 0.6230520890625 0.5554667906249999 0.6157232984375 0.5563070031249999 0.5980045203125 0.553424078125 0.5923749875000001
1 0.7241681468750001 0.64507701875 0.7028179078125001 0.6469449234375 0.6914673453125 0.653819725 0.68172846875 0.6654549890625 0.683260503125 0.682966221875 0.68597320625 0.6866500656250001 0.6999568171874999 0.696209878125 0.7085150265625 0.698402009375 0.7311364984375001 0.697403178125 0.740285040625 0.692681615625 0.750194140625 0.6829920453125 0.7454387265625 0.65595989375 0.7241681468750001 0.64507701875
1 0.603523925 0.6595531953125 0.579801440625 0.6616286437500001 0.575227171875 0.6639894234375 0.56531806875 0.6736789937500001 0.561254478125 0.6818768562499999 0.5651587578124999 0.69918054375 0.571685171875 0.705471609375 0.587700578125 0.7109324921875 0.6079498015625 0.71014120625 0.6266669968749999 0.6918386875 0.6251349609375 0.67432745 0.6158958453125 0.6643525484375 0.603523925 0.6595531953125
1 0.47745430312500003 0.6666616828125 0.46762485781249996 0.6636004765625 0.451019115625 0.665053290625 0.4418705765625 0.66977485625 0.430099903125 0.6855090500000001 0.4341744140625 0.7047584312499999 0.44815802343750005 0.714318246875 0.4590884796875 0.716302834375 0.46747646249999997 0.7165492734375001 0.481369503125 0.7114126187500001 0.49314017187500003 0.6956784265625 0.4888954390625 0.6744833484375 0.47745430312500003 0.6666616828125
1 0.3984564484375 0.5833861640625 0.3749041890625 0.587407303125 0.3648248625 0.5951511828125 0.3607612703125 0.6033490421875001 0.362123078125 0.618914584375 0.36754847968750004 0.6262822671875 0.381361865625 0.6338963843750001 0.387377596875 0.634350371875 0.3981378296875 0.6343892640625 0.4096586203125 0.62946015625 0.42159951875 0.61567165625 0.42006748437499997 0.5981604203125 0.3984564484375 0.5833861640625
1 0.9384747359375 0.7312189546875 0.9294058484375001 0.72318974375 0.914661678125 0.7185979328125 0.898055940625 0.7200507468749999 0.8889073968750001 0.7247723125000001 0.8771367265625001 0.74050650625 0.8783283093750001 0.75412635625 0.8837537093750001 0.7614940375 0.8902801234375 0.767785096875 0.9061253046875001 0.7713002890625 0.92163003125 0.7709240937499999 0.926204303125 0.7685633140625 0.938315428125 0.7567205046875001 0.94237901875 0.7485226453125 0.9384747359375 0.7312189546875
1 0.820543215625 0.749378965625 0.8098626375 0.7365892984375 0.7913047578125 0.729390265625 0.7770712671875 0.730635534375 0.7679227234375 0.7353571 0.7559818265625 0.7491456015625 0.7575138609375001 0.7666568359375 0.7629392625 0.77402451875 0.7767526484375 0.7816386390625001 0.7827683796875 0.7820926218750001 0.7982731078125 0.7817164265625001 0.8052196281249999 0.7791481015625 0.8151287296874999 0.76945853125 0.82105389375 0.7552160437500001 0.820543215625 0.749378965625
1 0.696005628125 0.7739986937500001 0.6971862921875001 0.7601712984375 0.6941331421875 0.7525960734375 0.6776070562500001 0.7412981125 0.6654053625 0.738444453125 0.6535441171875 0.7394821765625 0.642023328125 0.744411284375 0.6321142296875 0.75410085625 0.6287315390625 0.7700814874999999 0.6372100921875 0.7850243953125 0.648651228125 0.7928460609375 0.660682696875 0.7937540281250001 0.664496409375 0.79636125 0.6728843906249999 0.7966076875 0.6833041718749999 0.792755196875 0.6851657421875 0.7867105765625 0.69194203125 0.782196553125 0.696005628125 0.7739986937500001
1 0.5591648546875 0.753621046875 0.5467929359375 0.7488216953125 0.5232406765625 0.7528428328125 0.5131613500000001 0.760586709375 0.5090977578125 0.768784571875 0.5106297921875 0.786295809375 0.5309695890625 0.8002009921875001 0.5512188124999999 0.79940970625 0.5658724109375 0.789305046875 0.5699360062500001 0.7811071875 0.568403971875 0.76359595 0.5591648546875 0.753621046875
1 0.354267609375 0.6793997093749999 0.3444381609375 0.676338503125 0.32308792343750004 0.6782064078125 0.304370734375 0.6965089265625 0.30590276875 0.7140201625 0.30861547031250003 0.7177040031249999 0.31768435625 0.7257332140625 0.3311572875 0.729455946875 0.346662015625 0.7290797546875 0.355810559375 0.7243581906250001 0.367581228125 0.708623996875 0.3633364953125 0.6874289203124999 0.354267609375 0.6793997093749999
1 0.2968807875 0.6108984468750001 0.2914553859375 0.6035307640625 0.28001425156250004 0.5957090968750001 0.26781255625 0.5928554375 0.2446007515625 0.6007679640625 0.2350321015625 0.61434891875 0.2362236828125 0.6279687671875 0.24181931093750003 0.63728214375 0.2507179703125 0.6433656609375 0.261648428125 0.6453502484375 0.274780909375 0.645181596875 0.28172742500000003 0.64261326875 0.294008778125 0.6327161578125 0.29790214375 0.6225726 0.2968807875 0.6108984468750001
1 0.18064060937499998 0.6210681453125 0.175044984375 0.6117547703125 0.16360384687500001 0.6039331046874999 0.151402153125 0.601079440625 0.130562596875 0.608784421875 0.1228555203125 0.61632075625 0.11896215000000002 0.6264643109375 0.11998350625000001 0.6381384640625 0.1254089109375 0.6455061468750001 0.1343075703125 0.6515896640625 0.14761027499999999 0.6533667078125001 0.15599825625 0.6536131453125 0.169891296875 0.6484764921874999 0.177598375 0.6409401609375001 0.18132151406250002 0.6288509140625 0.18064060937499998 0.6210681453125
1 0.1835562859375 0.7090394078125 0.17211515 0.7012177421875 0.150594690625 0.7011399515625001 0.1436481703125 0.7037082796874999 0.1313668234375 0.71360539375 0.12730322656249998 0.721803253125 0.13137773749999998 0.7410526390625 0.1429891 0.7508199953125 0.14900483125 0.7512739796875 0.169254059375 0.750482696875 0.1784026 0.7457611296875 0.188141475 0.73412586875 0.18915191250000002 0.71835278125 0.1835562859375 0.7090394078125