0 0.22846380000000002 0.18408871875 0.2387389171875 0.15441517031250002 0.19683568437500001 0.15294699218750002 0.19443478281249998 0.181368409375 0.22846380000000002 0.18408871875
0 0.3596569375 0.15116978125 0.34979586406249996 0.16030855625 0.35027300625 0.173972103125 0.360747546875 0.18240074374999998 0.3754003015625 0.1809118984375 0.38642521093750004 0.172709640625 0.38834390937499996 0.1628710578125 0.3778012046875 0.1524904796875 0.3596569375 0.15116978125
0 0.506525275 0.146041025 0.4967323640625 0.157131734375 0.497005015625 0.16493947656250002 0.507547721875 0.175320053125 0.520009125 0.175862046875 0.5332253859375 0.16562895 0.53281640625 0.1539173390625 0.5200823515625 0.14556760156249998 0.506525275 0.146041025
0 0.7318529609375 0.18507598125 0.7219918921875 0.1942147578125 0.722469034375 0.2078783046875 0.726028709375 0.212639784375 0.7408177828125 0.21505481093749998 0.7586212406249999 0.206615840625 0.7582122609375 0.1949042265625 0.74541004375 0.18460255781249998 0.7318529609375 0.18507598125
0 0.5780015984375 0.1845856421875 0.5704000390624999 0.1936455140625 0.57313669375 0.20723015625 0.5836112359375 0.21565879687499998 0.600523496875 0.2140910515625 0.6113439234375 0.20003298281249998 0.60867543125 0.188400275 0.5914905125 0.18216028281250002 0.5780015984375 0.1845856421875
0 0.657980796875 0.1427063921875 0.6460647046875 0.15777988125 0.6488695234375 0.173316459375 0.6592758953125 0.179793165625 0.6739286515625 0.1783043234375 0.6871449109375 0.1680712203125 0.6865996062499999 0.1524557390625 0.6737973937499999 0.142154065625 0.657980796875 0.1427063921875
0 0.6629668359374999 0.220704903125 0.6552289484375 0.22586090312499998 0.6489275546875 0.2397611625 0.6572107468749999 0.2502206421875 0.6719998203124999 0.25263566718749997 0.6852160859375 0.24240256875 0.6848071078125 0.2306909546875 0.6765920796875 0.2221834109375 0.6629668359374999 0.220704903125
0 0.72505923125 0.282051840625 0.73779328125 0.290401578125 0.752446034375 0.28891273281249996 0.76340278125 0.2787585390625 0.7631301296874999 0.2709508 0.7434130484375 0.2569819671875 0.726773434375 0.2663574546875 0.72505923125 0.282051840625
0 0.7347056828125 0.3315500234375 0.7270359609375 0.338657959375 0.727649428125 0.3562253765625 0.7380558015625 0.3627020828125 0.7504490421875001 0.361292146875 0.7614739578124999 0.35308988281250003 0.760996815625 0.3394263359375 0.7505222734375 0.3309976953125 0.7347056828125 0.3315500234375
0 0.6678165453125 0.2947995359375 0.6555596312499999 0.30011334375 0.6516540765625 0.3178385703125 0.6598691062500001 0.326346115625 0.6745900171875 0.3268092046875 0.6856149328125001 0.318606946875 0.685137790625 0.30494340000000003 0.6769227640625 0.2964358546875 0.6678165453125 0.2947995359375
0 0.5784686078125 0.26274195312500004 0.5730583984375001 0.2697709875 0.5736037031250001 0.28538646875 0.58401008125 0.2918631734375 0.60092234375 0.290295428125 0.609755909375 0.28412400625 0.61153828125 0.2703815546875 0.5987360625 0.2600798828125 0.5784686078125 0.26274195312500004
0 0.5092517984375 0.224118434375 0.4994588875 0.2352091421875 0.49993602812500004 0.24887269218750002 0.5080828953125 0.25542830156249996 0.5249951562499999 0.2538605515625 0.5337605578125 0.245737196875 0.5333515796875 0.23402558281250002 0.5228088734375 0.22364501093750003 0.5092517984375 0.224118434375
0 0.4235317 0.19877426874999998 0.42633651875 0.214310846875 0.45125931875 0.215394840625 0.46447558593749994 0.20516173750000002 0.464271096875 0.199305934375 0.44914120156250004 0.1871312296875 0.4333246125 0.18768355781249998 0.4235317 0.19877426874999998
0 0.36217897187500003 0.22339138281249998 0.3477988703125 0.232687965625 0.3484123375 0.250255384375 0.3588187171875 0.2567320890625 0.3712119578125 0.2553221484375 0.3844963796875 0.24704098437500002 0.3840874015625 0.235329375 0.37587237500000004 0.22682182968750003 0.36217897187500003 0.22339138281249998
0 0.284128596875 0.1909392796875 0.2742675234375 0.20007805625000002 0.27474466406250003 0.21374160312499998 0.28515104375 0.2202183078125 0.29754428437499997 0.21880837031249997 0.31302005781250003 0.20849636875000002 0.31281556875 0.2026405609375 0.2999451859375 0.190386953125 0.284128596875 0.1909392796875
0 0.2702836734375 0.2803441125 0.2809627046875 0.2946285609375 0.293424103125 0.29517055625 0.3102000453125 0.2896989375 0.31328257812500004 0.28079687343750004 0.3002758703125 0.26463939999999997 0.28665063125 0.2631608859375 0.2702836734375 0.2803441125
0 0.3625096546875 0.297643821875 0.3437468578125 0.3110020859375 0.344019509375 0.318809825 0.354562215625 0.3291904015625 0.3759935046875 0.32746485000000003 0.3804443703125 0.3253551046875 0.382158571875 0.30966071875 0.3716158734375 0.29928014375 0.3625096546875 0.297643821875
0 0.43146394375 0.2639668375 0.42173919531250004 0.27700948593749997 0.424339525 0.28669025625 0.43241822656249995 0.291293934375 0.451590009375 0.28964728125 0.46035540625 0.281523925 0.460014590625 0.271764246875 0.44495285781250005 0.261541478125 0.43146394375 0.2639668375
0 0.502526225 0.32304622968749996 0.5106730921875 0.3296018375 0.5275853546875 0.3280340890625 0.5382694531250001 0.31007215625 0.525399071875 0.297818546875 0.5118419953125 0.2982919703125 0.5019127578125 0.3054788109375 0.502526225 0.32304622968749996
0 0.6569178296875 0.37139843125 0.64931626875 0.38045830468749997 0.6497934109375 0.39412185 0.660267953125 0.40255049062500003 0.6771802140625 0.4009827421875 0.6882051296875 0.3927804828125 0.6877279890625 0.3791169375 0.67266625625 0.36889416875 0.6569178296875 0.37139843125
0 0.571674871875 0.3597178125 0.5820812515625 0.36619451875000003 0.6012530265625 0.36454786875 0.609882103125 0.35252064375000003 0.60249009375 0.3351899390625 0.5809224796875 0.33301161874999996 0.5689382171874999 0.3461331703125 0.571674871875 0.3597178125
0 0.7372277171875 0.403771628125 0.722847615625 0.4130682125 0.7233929203125 0.42868369531250006 0.73160795 0.437191240625 0.741809840625 0.43781213750000003 0.7573537765625 0.42945206718750006 0.7592043109375 0.41766155312500003 0.7509211203125 0.407202071875 0.7372277171875 0.403771628125
0 0.6638907281249999 0.44151028906249995 0.651906465625 0.454631840625 0.65005593125 0.46642235468750004 0.6605986359375 0.4768029328125 0.6797704109375 0.47515628281250005 0.6906589999999999 0.46305014843750003 0.6881949984375 0.45727324999999996 0.6729287765625 0.4411946734375 0.6638907281249999 0.44151028906249995
0 0.20853209375 0.22875684999999998 0.1964115109375 0.2379745296875 0.19688865312499998 0.251638075 0.2073631953125 0.260066715625 0.2198245921875 0.26060871093750004 0.233109021875 0.2523275484375 0.2348913875 0.23858510000000002 0.22434868749999998 0.228204521875 0.20853209375 0.22875684999999998
0 0.1348644203125 0.1922430671875 0.1227438375 0.2014607484375 0.1208933015625 0.21325126718749998 0.12910833125 0.22175881249999999 0.14834826875 0.22206409531250001 0.1616326921875 0.2137829328125 0.1612237140625 0.20207131718750002 0.1461619875 0.19184854843750002 0.1348644203125 0.1922430671875
0 0.1262252171875 0.268763065625 0.1186918203125 0.27977486875 0.1213603109375 0.29140757968750003 0.131766690625 0.2978842859375 0.150938465625 0.29623763125 0.16189521875 0.2860834375 0.1568308859375 0.27062576250000003 0.1510116984375 0.2659431859375 0.1262252171875 0.268763065625
0 0.2131773140625 0.2969956796875 0.2010567265625 0.306213359375 0.1993425234375 0.3219077453125 0.20755755312500002 0.330415290625 0.22453797656250002 0.3307994765625 0.2333715421875 0.324628053125 0.2351539140625 0.310885603125 0.2222835328125 0.298632 0.2131773140625 0.2969956796875
0 0.28704947812500003 0.3393652625 0.27266938125 0.348661846875 0.2732146859375 0.364277328125 0.2767743625 0.369038809375 0.2960143 0.36934409218750003 0.3092987296875 0.36106293125 0.311217421875 0.3512243484375 0.30526190625 0.342637896875 0.28704947812500003 0.3393652625
0 0.3463370546875 0.385175621875 0.34914186875 0.40071219999999996 0.37632418749999996 0.401717290625 0.382898240625 0.3956247703125 0.37769758124999997 0.37626322968750003 0.37194655625 0.37353258437500003 0.353938615625 0.37611574999999997 0.3463370546875 0.385175621875
0 0.4299339671875 0.41450256249999995 0.4200728921875 0.42364133906249996 0.422809540625 0.43722598125 0.4332159203125 0.44370268749999997 0.452387703125 0.4420560328125 0.4612212609375 0.435884615625 0.45834827968749997 0.4183961015625 0.44794190624999997 0.411919396875 0.4299339671875 0.41450256249999995
0 0.5147628765625 0.4467179484375 0.5004509374999999 0.4579664671875 0.5008599171875 0.4696780796875 0.5136621359375 0.47997975156250006 0.5237958625 0.47864871875 0.5370802859375 0.4703675515625 0.5389989828124999 0.4605289734375 0.528388115625 0.4481964609375 0.5147628765625 0.4467179484375
0 0.5861710359375001 0.4833106328125 0.5739822859375 0.490576378125 0.5698040734375 0.500493859375 0.58274261875 0.5146994031250001 0.595204021875 0.5152413984375 0.6084884453125 0.5069602375 0.6103389796875 0.49516972187499997 0.5974685984375 0.4829161125 0.5861710359375001 0.4833106328125
0 0.6882530296875 0.5237179515625 0.6755871359375 0.5173201453125 0.6486093109375 0.5221708640625 0.6431990953125 0.529199896875 0.6482634265625 0.544657571875 0.66099748125 0.5530073078125 0.6734588859375 0.5535493078125 0.6835244484375 0.5502663328125 0.6911260109375 0.5412064609375 0.6882530296875 0.5237179515625
0 0.7376947281249999 0.481927940625 0.7233827890625 0.49317645781249997 0.7237917671874999 0.5048880718750001 0.7365939859374999 0.5151897390625 0.7535062484374999 0.5136219953125 0.7622034875 0.5035467046875 0.7595349953125 0.49191399375 0.751319965625 0.4834064484375 0.7376947281249999 0.481927940625
0 0.842172559375 0.5261602234375 0.829302178125 0.5139066140625 0.8134855890624999 0.5144589421875 0.7992418140625001 0.5276593984375 0.7997871187500001 0.5432748796875 0.8079339828125001 0.5498304890625 0.8203953859374999 0.5503724875 0.8349799718750001 0.54693170625 0.842513375 0.5359198984375 0.842172559375 0.5261602234375
0 0.737889084375 0.5522765109375001 0.725768496875 0.5614941906250001 0.7239861249999999 0.575236640625 0.741375534375 0.587332440625 0.7537687671875 0.5859225 0.7647936843750001 0.5777202406249999 0.7642483796875 0.562104759375 0.7491866468749999 0.5518819921875 0.737889084375 0.5522765109375001
0 0.811761246875 0.59464609375 0.8019683375 0.60573680625 0.802309153125 0.61549648125 0.8173708843749999 0.6257192484375 0.82976411875 0.6243093125 0.840789034375 0.61610705 0.84031189375 0.6024435031250001 0.8252501609375 0.592220734375 0.811761246875 0.59464609375
0 0.1287472515625 0.340984665625 0.121145690625 0.3500445390625 0.12155466875000001 0.3617561484375 0.13216553749999999 0.3740886609375 0.14229926406249999 0.37275762343749996 0.1577750375 0.36244562187499996 0.157297896875 0.348782075 0.1490828671875 0.34027453125 0.1287472515625 0.340984665625
0 0.5166917062499999 0.3723866046875 0.497860740625 0.38379293125 0.49826972031250005 0.395504540625 0.5110719390625 0.4058062140625 0.521273828125 0.4064271125 0.5366814390625 0.394163175 0.5363406234375 0.38440350156249997 0.5257979171875 0.3740229234375 0.5166917062499999 0.3723866046875
0 0.31373945625 0.423445953125 0.3032649203125 0.41501731093750005 0.289639675 0.4135388 0.275259578125 0.4228353828125 0.27566855625 0.43454699375 0.281555909375 0.44118150624999997 0.2963449890625 0.44359653750000005 0.304219203125 0.44234440468749997 0.314080271875 0.4332056265625 0.31373945625 0.423445953125
0 0.3565288125 0.45028929218749997 0.3468040640625 0.46333193437500003 0.351800228125 0.4768376734375 0.3552917453125 0.4796472234375 0.374463521875 0.47800056875 0.38322892343750004 0.46987721562500007 0.3804922671875 0.45629257343749996 0.37234540312500003 0.449736965625 0.3565288125 0.45028929218749997
0 0.45060026718749996 0.48804486875 0.43245600156249997 0.4867241640625 0.4225267640625 0.49391100468750004 0.4207443921875 0.5076534546875 0.42669990625 0.5162399046874999 0.43587428125 0.519828159375 0.4482675203125 0.51841821875 0.46148378125 0.5081851203125 0.461142965625 0.4984254453125 0.45060026718749996 0.48804486875
0 0.512834046875 0.521049296875 0.500713459375 0.530266978125 0.4989992484375 0.5459613625 0.5048866078125 0.5525958765625 0.52193519375 0.5549319984375 0.5353559453125001 0.550554703125 0.536933828125 0.530956446875 0.5263911218749999 0.5205758734375 0.512834046875 0.521049296875
0 0.572598759375 0.580523203125 0.5784861171875 0.5871577171875 0.5955347062499999 0.5894938437499999 0.6088191296875001 0.5812126765625 0.6083419875 0.5675491312500001 0.5909525828125 0.5554533296875 0.57218978125 0.56881159375 0.572598759375 0.580523203125
0 0.6624970703125 0.5959498875 0.6525678328125 0.6031367265625 0.650717296875 0.6149272421875 0.6635876796875 0.62718085 0.67378956875 0.627801746875 0.68926534375 0.6174897453125 0.6887882015625 0.6038261953124999 0.678313659375 0.595397559375 0.6624970703125 0.5959498875
0 0.7406156078125 0.63035391875 0.7285631828125 0.641523534375 0.7267126484374999 0.6533140484375 0.7395148671875 0.6636157218750001 0.74971675625 0.6642366203125001 0.7608098296875 0.6579862984375 0.762455875 0.6403399765625 0.7542408468749999 0.63183243125 0.7406156078125 0.63035391875
0 0.8053815546875001 0.6710871828125 0.7999713421875 0.678116215625 0.8028443234375 0.695604728125 0.8086635140625 0.7002873046875 0.830094803125 0.698561753125 0.8388602031250001 0.6904383984375 0.8359872234375001 0.6729498859375 0.8233213296875 0.666552084375 0.8053815546875001 0.6710871828125
0 0.2069339515625 0.377340634375 0.1971410421875 0.38843134687499997 0.19761818281250002 0.40209489375 0.21035223906249997 0.41044462968750006 0.2204859640625 0.409113596875 0.2315108734375 0.40091133437500004 0.2310337328125 0.3872477875 0.22507821875 0.3786613390625 0.2069339515625 0.377340634375
0 0.1290779359375 0.41523710625000004 0.1192850234375 0.42632781875000003 0.1195576765625 0.4341355625 0.1324280578125 0.44638916562500003 0.1470808125 0.44490032656249995 0.158105721875 0.4366980625 0.1600925828125 0.42881142031249997 0.1471540375 0.414605875 0.1290779359375 0.41523710625000004
0 0.20493695937499998 0.449720046875 0.197267234375 0.456827984375 0.197880703125 0.47439540312500006 0.20376805468749998 0.4810299140625 0.2162294578125 0.48157190937500005 0.2317733953125 0.47321184374999997 0.23129625312500002 0.459548296875 0.218494034375 0.4492466234375 0.20493695937499998 0.449720046875
0 0.292093546875 0.4838084703125 0.280864146875 0.48615492031249996 0.2711393984375 0.49919756875 0.2739442171875 0.514734146875 0.2899652953125 0.5200376265625 0.30229037187499996 0.5166757484375 0.3098237703125 0.50566394375 0.304895765625 0.4941101375 0.292093546875 0.4838084703125
0 0.3500809546875 0.5247784453125 0.342752046875 0.5416460546875 0.347680053125 0.5531998578125 0.35801826875 0.5577246312499999 0.37493053125000003 0.55615688125 0.3858872828125 0.5460026890624999 0.3830143015625 0.528514175 0.370348409375 0.5221163734375 0.3500809546875 0.5247784453125
0 0.43052717031250004 0.561055509375 0.4207342578125 0.572146221875 0.42114323750000004 0.58385783125 0.429358265625 0.5923653765625 0.4440791828125 0.5928284703125 0.4573636078125 0.584547303125 0.45921414218749995 0.572756790625 0.45093094999999994 0.562297309375 0.43052717031250004 0.561055509375
0 0.5132328921875 0.5972536749999999 0.5011804671875 0.608423290625 0.501657609375 0.6220868359375 0.5121321515624999 0.6305154765625 0.522334040625 0.631136375 0.537809815625 0.6208243734375001 0.537332675 0.6071608265624999 0.5268581390625 0.5987321859375 0.5132328921875 0.5972536749999999
0 0.59367910625 0.6335307375 0.5748481421875 0.6449370671875 0.5753934468749999 0.6605525484375 0.5880593390625 0.66695035 0.5981930656250001 0.665619315625 0.6092861453125 0.6593689890625 0.6111366734375 0.6475784765625 0.6063449999999999 0.6399285390625 0.59367910625 0.6335307375
0 0.6561855453125001 0.6743429046875 0.6529666781250001 0.679341103125 0.6559759875 0.7007334843749999 0.6663142015625 0.705258253125 0.6787074421875 0.7038483171875 0.6896641906250001 0.693694121875 0.6845316953125 0.6762845140625 0.6764529921875 0.6716808390625 0.6561855453125001 0.6743429046875
0 0.7409462921875 0.7046063593749999 0.7289620296875 0.7177279125 0.729507334375 0.73334339375 0.7399137140625001 0.7398200984375001 0.75682598125 0.738252353125 0.7633318640625 0.7302078984375 0.7605270453124999 0.7146713203124999 0.75463969375 0.7080368078125 0.7409462921875 0.7046063593749999
0 0.8146821281250001 0.7430720765625 0.80708056875 0.7521319484375 0.8076940359375 0.769699365625 0.8135132234375 0.77438194375 0.8349445125000001 0.7726563859375 0.8413822375000001 0.76266 0.8387137453125 0.75102729375 0.8259796906249999 0.7426775578125 0.8146821281250001 0.7430720765625
0 0.147621046875 0.4927621875 0.1385148359375 0.4911258671875 0.12735359375 0.495424259375 0.121943384375 0.502453290625 0.12235236249999999 0.5141649015625 0.1328269046875 0.52259354375 0.1452883078125 0.5231355421874999 0.15638138125 0.5168852140625 0.158163753125 0.503142765625 0.147621046875 0.4927621875
0 0.224712075 0.530133578125 0.21204618281249998 0.523735778125 0.200816778125 0.5260822328125 0.190955709375 0.5352210078125 0.1915691765625 0.5527884265624999 0.20197555 0.55926513125 0.21210927656249998 0.5579340937499999 0.222174840625 0.554651125 0.22977640156249998 0.5455912515625 0.224712075 0.530133578125
0 0.2811948296875 0.5604073656249999 0.26921056718749997 0.5735289125 0.269687709375 0.587192459375 0.2824217640625 0.5955421953125 0.2970745203125 0.5940533546875 0.305908078125 0.58788193125 0.30769045156249997 0.57413948125 0.2970795828125 0.56180696875 0.2811948296875 0.5604073656249999
0 0.35938153125 0.5967633343750001 0.34732910625 0.60793295 0.347806246875 0.621596496875 0.3536935984375 0.628231009375 0.3684826796875 0.6306460359375 0.381767103125 0.622364871875 0.38354947500000003 0.6086224234375 0.37300676875 0.5982418468749999 0.35938153125 0.5967633343750001
0 0.12309709375 0.5678825703125 0.1177550453125 0.576863540625 0.12055986406250001 0.59240011875 0.1309662359375 0.598876821875 0.15013801875 0.597230175 0.1588352515625 0.5871548843750001 0.15596227499999998 0.569666371875 0.14788356875 0.565062696875 0.12309709375 0.5678825703125
0 0.2056664890625 0.6001768656250001 0.195873578125 0.611267578125 0.1986783953125 0.62680415625 0.2090166125 0.631328925 0.21915033906249998 0.6299978921875 0.23031158125 0.6256995 0.234353459375 0.611878146875 0.22148307812499998 0.5996245375 0.2056664890625 0.6001768656250001
0 0.283921353125 0.6384847734375 0.2739921140625 0.6456716140625 0.2746737453125 0.6651909640625 0.280492934375 0.6698735453125 0.2929543390625 0.6704155390625 0.3030199015625 0.6671325703125001 0.3104851375 0.6541688265625 0.297410265625 0.636059415625 0.283921353125 0.6384847734375
0 0.359780378125 0.6729677093750001 0.35204249062500004 0.6781237124999999 0.3480687671875 0.6938970015625 0.3563519578125 0.7043564812499999 0.375591903125 0.7046617687500001 0.3866168125 0.6964595046875 0.386207834375 0.6847478953125 0.375596965625 0.6724153828125 0.359780378125 0.6729677093750001
0 0.4311885375 0.7095603953125 0.42146378906250004 0.7226030390625 0.42420044375000004 0.736187684375 0.4346068234375 0.742664390625 0.45151909218749997 0.7410966390625 0.46254400156250003 0.7328943828125001 0.45973918124999996 0.7173578046875 0.44926464062499993 0.7089291640625001 0.4311885375 0.7095603953125
0 0.5139624281249999 0.7477104921875 0.504033190625 0.75489733125 0.50005946875 0.7706706203125 0.508274496875 0.7791781671875 0.5229954140624999 0.7796412609375001 0.533060978125 0.7763582875 0.5383348625 0.7654253828125 0.5275876671875 0.7491890031249999 0.5139624281249999 0.7477104921875
0 0.57524699375 0.7211414421875 0.57805180625 0.7366780203125 0.5964005671875 0.7438545328124999 0.6141358484375 0.733463621875 0.6137268703125 0.7217520125 0.5985288171875001 0.7076253703125001 0.5850399046875 0.71005073125 0.57524699375 0.7211414421875
0 0.5134954125 0.6695541796875 0.50151115625 0.68267573125 0.49959245937499996 0.6925143078125 0.5125310046875 0.7067198546875 0.5249242375 0.7053099125 0.5359491546874999 0.6971076546874999 0.53540385 0.6814921734375 0.5271888203125 0.6729846265625 0.5134954125 0.6695541796875
0 0.4376363953125 0.63507124375 0.42770715781249996 0.6422580828125 0.42606111249999995 0.6599044000000001 0.4342079765625 0.6664600140625 0.4511884015625 0.6668442 0.46221331718750003 0.6586419375 0.4616680125 0.64302645625 0.44893395781249995 0.6346767234375 0.4376363953125 0.63507124375
0 0.6516513171875 0.7712398671875 0.6574705109375001 0.7759224421875001 0.6789018 0.7741968890625001 0.6854076890624999 0.7661524359375 0.68027519375 0.748742825 0.656516228125 0.7485953515625 0.64891466875 0.7576552234375 0.6516513171875 0.7712398671875
0 0.7368942734374999 0.7829204796875 0.7270331984375 0.7920592562500001 0.7252508265625 0.8058017062499999 0.7334658625 0.8143092515625 0.748186771875 0.814772346875 0.7614711953125 0.8064911796875001 0.7610622171875 0.79477956875 0.7527790265625 0.7843200875 0.7368942734374999 0.7829204796875
0 0.8039197390625 0.82357484375 0.798441359375 0.8286519421874999 0.799054828125 0.8462193578124999 0.80952936875 0.8546480000000001 0.833288340625 0.8547954734375001 0.8442450875 0.8446412796875 0.84137210625 0.8271527671875001 0.82863805 0.818803028125 0.8039197390625 0.82357484375
0 0.5831792390625 0.7863340171875 0.575714003125 0.7992977546875 0.5808464921875001 0.816707365625 0.5843380109375 0.8195169109375 0.6080288125 0.817712453125 0.6166578828125 0.805685228125 0.6116617203125 0.7921794890625 0.59666815 0.7839086562500001 0.5831792390625 0.7863340171875
0 0.6546555609375 0.82487863125 0.6469858375 0.83198656875 0.6521183328125 0.849396178125 0.6648523828124999 0.857745915625 0.6795051359375 0.85625706875 0.6904618828125 0.846102875 0.6875889078124999 0.8286143625 0.674923015625 0.8222165609375001 0.6546555609375 0.82487863125
0 0.7395526328125 0.8590459515625 0.727568371875 0.8721675031249999 0.7279091875 0.8819271828125 0.74071140625 0.8922288515625001 0.7553641609375 0.8907400093750001 0.76412955625 0.8826166515624999 0.7637205765624999 0.8709050406250001 0.7554373859375 0.8604455609375 0.7395526328125 0.8590459515625
0 0.1323976609375 0.639867465625 0.12465977343750001 0.6450234671875 0.1206178953125 0.65884481875 0.1312287640625 0.6711773328125 0.1436901609375 0.6717193265625 0.15697459062500002 0.663438165625 0.1588932875 0.6535995828125001 0.150541928125 0.6411881703125 0.1323976609375 0.639867465625
0 0.21284387656249998 0.6761445296875 0.2007914515625 0.6873141453125 0.2012685921875 0.7009776921875 0.209415459375 0.7075333015624999 0.2196173484375 0.7081542046875 0.232969940625 0.701824971875 0.2370799828125 0.6899555546875 0.2264691140625 0.6776230421875 0.21284387656249998 0.6761445296875
0 0.28651155 0.7126583109375 0.27213144843750003 0.7219548953125 0.270485409375 0.739601215625 0.2786322734375 0.7461568265625 0.2978722125 0.7464621078125 0.31115663437499996 0.7381809453125 0.3106113296875 0.7225654640625 0.3047239796875 0.71593095 0.28651155 0.7126583109375
0 0.355796521875 0.7532337671875 0.3438122671875 0.76635531875 0.34401675625 0.7722111218750001 0.3545594546875 0.782591696875 0.3715398859375 0.7829758890625 0.38037345 0.7768044656249999 0.379828146875 0.761188984375 0.3716131125 0.7526814390625 0.355796521875 0.7532337671875
0 0.43165554687499996 0.7877167078125 0.421794471875 0.796855484375 0.42459929062499996 0.8123920609375 0.43500567031250004 0.8188687671875 0.45191793750000003 0.8173010171874999 0.4606151703125 0.8072257265625 0.457946678125 0.795593021875 0.44973165000000004 0.7870854765625 0.43165554687499996 0.7877167078125
0 0.5077872234374999 0.8300073859375001 0.4981306375 0.8450019671875 0.5006628046875 0.8527308046875 0.50880966875 0.8592864140625001 0.5302409578125 0.8575608609375 0.5367468468750001 0.84951640625 0.5340101921875 0.8359317640624999 0.52353565 0.8275031234375 0.5077872234374999 0.8300073859375001
0 0.5858375984374999 0.8624594875 0.5759083609375 0.8696463296875001 0.571866475 0.8834676828125 0.580149665625 0.8939271640625 0.597130096875 0.8943113500000001 0.6082231703125001 0.8880610234375 0.607609703125 0.870493609375 0.5971351609375 0.86206496875 0.5858375984374999 0.8624594875
0 0.12841381406250002 0.720133521875 0.1207440890625 0.727241459375 0.118825390625 0.7370800359375 0.12478090625 0.7456664859375 0.14189766406249998 0.7499545421875 0.150799384375 0.7457350593750001 0.1547731078125 0.7299617703125 0.144230403125 0.7195811937500001 0.12841381406250002 0.720133521875
0 0.2044091640625 0.7585203296875 0.1968076015625 0.7675802015625 0.19721658125 0.7792918125 0.205363446875 0.785847421875 0.224535221875 0.7842007718749999 0.2332324609375 0.77412548125 0.23063213125 0.76444470625 0.217898075 0.7560949703125 0.2044091640625 0.7585203296875
0 0.284787209375 0.7928454625 0.274994296875 0.8039361749999999 0.27540327656249997 0.8156477859375 0.28587781875 0.8240764265625 0.300530571875 0.8225875796875 0.30936413749999997 0.8164161625 0.308886996875 0.802752615625 0.298344290625 0.7923720390625 0.284787209375 0.7928454625
0 0.362837584375 0.8252975656249999 0.350716996875 0.8345152406249999 0.3513304640625 0.8520826578125 0.359477328125 0.8586382671875 0.37187056875 0.8572283296875 0.38296364843749997 0.8509780015624999 0.3871418546875 0.8410605203125 0.374203309375 0.8268549765625 0.362837584375 0.8252975656249999
0 0.4343820703125 0.8657941156250001 0.4222614828125 0.8750117968750001 0.42047911562499996 0.888754246875 0.42876230781249997 0.8992137265625001 0.4480022453125 0.8995190093750001 0.45909531875000004 0.8932686828125 0.46074136406250005 0.8756223640625 0.45252633593749997 0.8671148203125 0.4343820703125 0.8657941156250001
0 0.135454875 0.792197315625 0.1277169875 0.797353315625 0.1234706125 0.8053188671875 0.12716661406250002 0.8139842203125 0.1531850921875 0.8140527890625 0.1576359578125 0.8119430453125001 0.15729514218750001 0.8021833718750001 0.1467524359375 0.7918027953125 0.135454875 0.792197315625
0 0.2069993609375 0.8326938671875 0.1993296359375 0.8398018031250001 0.19994310312500002 0.8573692203125001 0.2080899703125 0.8639248296875 0.2250022328125 0.862357084375 0.2336994703125 0.8522817937499999 0.23342681718749997 0.8444740515625 0.2205564359375 0.8322204421875 0.2069993609375 0.8326938671875
0 0.2851178921875 0.8670979031250001 0.2732018 0.882171390625 0.273474453125 0.8899791296874999 0.2816894796875 0.898486675 0.30538028281249996 0.8966822171875 0.309762984375 0.8926205390625 0.3044941625 0.87130705625 0.298674975 0.8666244796875 0.2851178921875 0.8670979031250001
0 0.11791394375 0.8729367937499999 0.1103123828125 0.8819966656249999 0.11332168437500001 0.9033890515625 0.1191408796875 0.9080716296875 0.1496783796875 0.9079823906250001 0.16049880625 0.8939243265625001 0.15529814687500001 0.8745627812500001 0.14263225468750002 0.8681649796875 0.11791394375 0.8729367937499999
0 0.433917815625 0.33423650781249997 0.42405674062500004 0.343375284375 0.4246020453125 0.358990765625 0.43507658749999994 0.36741940624999997 0.4497293421875 0.365930559375 0.46068608906249997 0.3557763671875 0.4602771109375 0.34406475625 0.4497344046875 0.33368417968749997 0.433917815625 0.33423650781249997
0 0.5835808390625 0.409137096875 0.573787928125 0.4202278046875 0.57419690625 0.43193941875 0.586999125 0.44224109218749996 0.6016518796875 0.4407522453125 0.6104854375000001 0.43458082343750004 0.6098719703125 0.417013409375 0.5993974296875 0.40858476875000005 0.5835808390625 0.409137096875