1 0.05364296875 0.1420758703125 0.0627986515625 0.152421021875 0.07467558125 0.15674621718749998 0.0834179625 0.1552559390625 0.0882564703125 0.1539019875 0.100406753125 0.13807286875 0.10219336875 0.1332705359375 0.1013667640625 0.10959968125 0.09001116718749999 0.0922214375 0.08008617031250001 0.087828078125 0.066422621875 0.0883052203125 0.058780203125 0.093312046875 0.0504511296875 0.10663775 0.04704321875 0.1209765890625 0.049325796875 0.1303767703125 0.05364296875 0.1420758703125
1 0.143463903125 0.19581858593749998 0.15212362343750002 0.19196122499999999 0.1604526984375 0.178635521875 0.16141270937500002 0.15016232812500002 0.1500571125 0.132784084375 0.14208405 0.128322565625 0.1264685671875 0.1288678703125 0.11695687343750001 0.136309940625 0.1104970703125 0.1472003984375 0.10953706249999999 0.1756735875 0.12479652968749999 0.192915509375 0.1366734625 0.1972407015625 0.143463903125 0.19581858593749998
1 0.189839759375 0.1527245953125 0.20638987812499998 0.1509616640625 0.2112283859375 0.1496077140625 0.2214267375 0.1338467578125 0.22313069218749998 0.12667733750000001 0.2203521515625 0.10307464687500001 0.20907921406250002 0.0880634890625 0.2011888140625 0.0859690546875 0.18175212031250002 0.089017771875 0.1696018359375 0.1048468859375 0.1684765046875 0.1285859046875 0.172711015625 0.13791792187500002 0.1818666984375 0.1482630734375 0.189839759375 0.1527245953125
1 0.332165709375 0.143014515625 0.3422813984375 0.1248864765625 0.339502859375 0.10128378593750001 0.3322991125 0.0908704671875 0.3222914546875 0.08411003125 0.3027721046875 0.0847916609375 0.28688326875 0.105491271875 0.2876272125 0.12679504218749998 0.2918617265625 0.1361270609375 0.3069558734375 0.148634809375 0.3254579265625 0.14680371718750002 0.332165709375 0.143014515625
1 0.42814117500000004 0.1491428703125 0.4427393609375 0.147448103125 0.44944714062499996 0.1436589046875 0.4595628328125 0.1255308625 0.458736228125 0.1018600078125 0.454501715625 0.09252799375000001 0.4433941 0.082251003125 0.42574402187500004 0.08049738749999999 0.41428039375000003 0.08800761875 0.4058686546875 0.09896624062500001 0.4023780875 0.1109379953125 0.4048259859375 0.125072346875 0.42016811406250004 0.1446813515625 0.42814117500000004 0.1491428703125
1 0.539318821875 0.1428904859375 0.5472918859375 0.1473520046875 0.5599381328125 0.1457254046875 0.570467125 0.13943279375 0.5769269265625 0.128542334375 0.58041749375 0.11657058125 0.57992153125 0.1023680671875 0.575604359375 0.090668965625 0.5684832734375 0.08262273437499999 0.5605102140625 0.07816121875000001 0.5429427953125 0.0787746859375 0.531479165625 0.0862849203125 0.5231500890625 0.0996106265625 0.5260112890624999 0.1255804046875 0.539318821875 0.1428904859375
1 0.65330038125 0.13298523281250002 0.6622907390624999 0.1385962125 0.6682292046875 0.1407588109375 0.6847793249999999 0.13899588125 0.6896178328125 0.137641928125 0.69989884375 0.1242480609375 0.7033894109375 0.1122763078125 0.7028934484375 0.09807379375 0.6986589375000001 0.088741778125 0.685516728125 0.07616586875 0.6795782625 0.07400327031250001 0.6601415671875001 0.0770519875 0.650629871875 0.0844940609375 0.644170075 0.095384515625 0.6470312734375 0.12135429375 0.65330038125 0.13298523281250002
1 0.27314360312499997 0.1877351140625 0.28147268125 0.1744094109375 0.283176634375 0.16723998906249998 0.2803980953125 0.14363729375 0.27115975312499996 0.1309250578125 0.2631866921875 0.12646353906250002 0.245619275 0.12707700625 0.2297304421875 0.1477766203125 0.230557046875 0.17144747656249998 0.249885703125 0.19328724218749999 0.2664358234375 0.1915243125 0.27314360312499997 0.1877351140625
1 0.3875384671875 0.1896652875 0.40070605 0.17498563281249999 0.40241000156249995 0.1678162125 0.39954880312499996 0.1418464328125 0.38632392968749996 0.1269034359375 0.3647699828125 0.12528614531249999 0.3571275640625 0.13029296875000002 0.3506677625 0.1411834234375 0.3471771953125 0.1531551796875 0.34775581718750004 0.169724778125 0.3540249265625 0.181355715625 0.367084475 0.191564540625 0.3875384671875 0.1896652875
1 0.47114103749999997 0.17726593125 0.480214059375 0.1852439984375 0.4881871203125 0.1897055171875 0.502785303125 0.18801075 0.5076238109375 0.1866568 0.5179874812499999 0.1756300171875 0.521478053125 0.1636582640625 0.5208167687499999 0.1447215796875 0.5165822546875 0.13538956093750001 0.507426575 0.12504441093750002 0.49750157812499995 0.12065105625000001 0.4857899671875 0.12106003437499999 0.47619561250000003 0.12613502031249998 0.4659972609375 0.141895975 0.46478926875 0.1632679078125 0.47114103749999997 0.17726593125
1 0.59224368125 0.17540690781249998 0.603351296875 0.1856838953125 0.6152282296875 0.1900090875 0.6220186703125 0.188586971875 0.630678390625 0.1847296125 0.6390901265625 0.1737709953125 0.6444499703125001 0.159363990625 0.6441193281250001 0.149895646875 0.6397194953125 0.13582946093749998 0.6304811515625001 0.1231172234375 0.6205561546875 0.118723865625 0.6068926109375 0.11920100781250001 0.5972982546875001 0.12427599687499999 0.5888865171875 0.13523461406249998 0.58800916875 0.1660748890625 0.59224368125 0.17540690781249998
1 0.750350434375 0.1698856984375 0.7570582140625 0.166096496875 0.767256565625 0.150335546875 0.768133915625 0.1194952703125 0.7588955765625001 0.10678303281249998 0.7509225140625 0.1023215109375 0.7274992921875 0.10313946874999999 0.7190048921875001 0.11173100312499999 0.7155969859375 0.12606984375000002 0.7185408468750001 0.15440670625 0.7277791875 0.16711894375 0.7357522515625 0.1715804640625 0.750350434375 0.1698856984375
1 0.0717955515625 0.24216578593750002 0.088345671875 0.24040285625000002 0.09505345468750001 0.2366136578125 0.10525180468749999 0.220852703125 0.1064597984375 0.199480771875 0.10010802968750002 0.185482746875 0.0929869421875 0.177436515625 0.0830619453125 0.1730431609375 0.0693983984375 0.173520303125 0.0516402890625 0.1966551640625 0.0501016546875 0.2085587546875 0.05246689375 0.22032602343750002 0.06382249062499999 0.23770426718749998 0.0717955515625 0.24216578593750002
1 0.192732875 0.2355725875 0.20537912343750003 0.2339459875 0.2140388421875 0.2300886234375 0.220581303125 0.2215652515625 0.22415453125 0.211960584375 0.2234105875 0.1906568125 0.20806845937500001 0.1710478078125 0.20408193125000001 0.16881705 0.1865145125 0.16943051874999998 0.1742815640625 0.18289255 0.1707083375 0.192497215625 0.1694176875 0.2115020640625 0.184759815625 0.23111106874999998 0.192732875 0.2355725875
1 0.30993165 0.23384988906249998 0.32452983125 0.23215512343750003 0.331237615625 0.228365925 0.3415186234375 0.2149720578125 0.34322257968750003 0.2078026375 0.3405266984375 0.18656702812499998 0.3232326390625 0.16702618593750002 0.3037132828125 0.1677078171875 0.2914803390625 0.18116984687499998 0.2879071109375 0.1907745171875 0.2885683953125 0.209711203125 0.29280290625 0.21904321875 0.30195858593749997 0.229388371875 0.30993165 0.23384988906249998
1 0.4291650171875 0.2344261125 0.44376319999999997 0.2327313453125 0.450470984375 0.2289421484375 0.4607519953125 0.21554827968749998 0.4617946640625 0.189442175 0.45756015312500004 0.1801101609375 0.4484044734375 0.16976500625 0.440431409375 0.16530348749999998 0.42099471875 0.16835220625 0.40884443125000003 0.1841813203125 0.4078017625 0.21028742656250002 0.412036275 0.21961944375 0.421191953125 0.22996459374999997 0.4291650171875 0.2344261125
1 0.5502676625 0.23256708750000002 0.56486584375 0.2308723203125 0.571573625 0.2270831234375 0.581771975 0.21132216874999998 0.58347593125 0.2041527484375 0.58078005 0.1829171421875 0.5765455390625001 0.173585125 0.5654379234375 0.1633081375 0.542014703125 0.1641260953125 0.53437228125 0.1691329171875 0.52604320625 0.182458621875 0.529069725 0.213162571875 0.536273471875 0.22357588593750002 0.5502676625 0.23256708750000002
1 0.685885825 0.226646209375 0.7010053468749999 0.2118983921875 0.7063651875 0.197491390625 0.7037519703124999 0.17862286875 0.6904444375 0.16131278437500002 0.6845059703125 0.159150190625 0.6592134749999999 0.16240339374999999 0.6489324625 0.1757972609375 0.648055115625 0.20663753749999997 0.6522896265625 0.21596955625 0.6633972421875 0.2262465421875 0.6693357093750001 0.228409140625 0.685885825 0.226646209375
1 0.0912387875 0.3232508515625 0.09794657031250001 0.3194616546875 0.1080622609375 0.3013336125 0.10723565625 0.2776627578125 0.093928121875 0.2603526765625 0.0840031265625 0.255959321875 0.07424345 0.25630013749999997 0.0646490953125 0.2613751234375 0.056320020312499997 0.27470082812499996 0.05282945 0.28667258125 0.0554426703125 0.3055411015625 0.0707021375 0.32278302187499996 0.0912387875 0.3232508515625
1 0.163428475 0.2638506 0.167001703125 0.2542459328125 0.164223165625 0.2306432390625 0.14701176093749999 0.21346948281250003 0.137169425 0.21144321093750001 0.1274924109375 0.21415111250000002 0.113472846875 0.23241547968749998 0.112430178125 0.2585215828125 0.116664690625 0.26785360156250004 0.13175883593749999 0.28036135 0.1522128265625 0.27846209375000003 0.163428475 0.2638506
1 0.23369814375 0.2613967296875 0.2448884171875 0.274040803125 0.259651925 0.2770802078125 0.2722155109375 0.2730865203125 0.282496521875 0.259692653125 0.2857391078125 0.240619640625 0.2813392765625 0.22655345468750002 0.27014900000000003 0.2139093796875 0.260224003125 0.20951602343750003 0.24851239062500002 0.209925003125 0.2427392453125 0.21249657968750002 0.234327509375 0.22345519687499998 0.2289676671875 0.2378622015625 0.22938096875 0.249697628125 0.23369814375 0.2613967296875
1 0.373964125 0.276643296875 0.38661037187499997 0.2750166953125 0.40156457031250004 0.2555347046875 0.4032685234375 0.248365284375 0.4005726453125 0.22712967968750003 0.391334303125 0.21441744218749997 0.37937471093749997 0.20772516406250002 0.369615034375 0.2080659796875 0.36002067968749996 0.2131409640625 0.3498223296875 0.2289019203125 0.3486143359375 0.2502738515625 0.3528488515625 0.25960586874999997 0.364039128125 0.27224994375 0.373964125 0.276643296875
1 0.5096649515625 0.2730895078125 0.5209632578125001 0.2608451015625 0.5244538296875 0.24887334375 0.52387520625 0.2323037453125 0.5194753703125 0.21823755781249998 0.5083677546875001 0.20796057031249998 0.5004773546875 0.20586613593749997 0.4772194515625 0.21141826562500002 0.46710376093750006 0.22954630625 0.46776504531249996 0.2484829890625 0.4741168125 0.26248101562500004 0.4872590265625 0.2750569234375 0.5096649515625 0.2730895078125
1 0.6249117875 0.27143497031249997 0.63731005625 0.2627071125 0.643687196875 0.2494495703125 0.6407433359375 0.22111270468750002 0.6335395890625 0.210699390625 0.625566528125 0.20623787187499998 0.598322096875 0.20955923906249999 0.5917796328125 0.21808261093749998 0.59007568125 0.22525203125 0.5930195390625 0.25358889375000004 0.6023405421875 0.2686682171875 0.6122655390625 0.273061571875 0.6249117875 0.27143497031249997
1 0.7163221015625 0.2587629640625 0.7214085906250001 0.26451026875 0.7313335875 0.268903625 0.7400759640625 0.2674133484375 0.7545088296875 0.2609844109375 0.761051290625 0.2524610421875 0.764541859375 0.2404892859375 0.7638805765625001 0.22155260000000002 0.7616806578124999 0.2145195109375 0.7504903828125 0.201875434375 0.73861345 0.19755024062499998 0.7269018375 0.19795921875 0.7127169578125 0.21148941406250002 0.7074397734375 0.22826350468749998 0.7078530749999999 0.24009893125 0.7163221015625 0.2587629640625
1 0.21888389375 0.3128684578125 0.22526103125 0.29961091406249996 0.22688232656250001 0.2900744125 0.2243517671875 0.2735729734375 0.20705770625 0.25403213125 0.1875383515625 0.2547137625 0.17164951875 0.2754133765625 0.17247612343750002 0.29908423125 0.1857836546875 0.3163943171875 0.1937567171875 0.320855834375 0.2083549 0.3191610671875 0.21888389375 0.3128684578125
1 0.2957786828125 0.3042583015625 0.3049343625 0.31460345312500004 0.3168112953125 0.3189286421875 0.3236017390625 0.3175065328125 0.3342133921875 0.31358100625 0.3426251265625 0.3026223875 0.34595037500000003 0.2859164640625 0.3439157765625 0.283617540625 0.34350247500000003 0.2717821125 0.338250665625 0.26130063593749997 0.324256478125 0.2523094328125 0.31246220468749997 0.250351325 0.30286785156249996 0.2554263140625 0.290800228125 0.273622515625 0.291544171875 0.2949262828125 0.2957786828125 0.3042583015625
1 0.42611966562500003 0.3151115109375 0.4320581328125 0.3172741078125 0.4447043796875 0.31564750625000004 0.45336410000000005 0.3117901453125 0.46177583593750005 0.3008315265625 0.46526640312499995 0.28885976874999997 0.46257052656250003 0.2676241640625 0.4473110546875 0.250382246875 0.43942065625 0.2482878125 0.421935896875 0.251268365625 0.4134415015625 0.259859896875 0.40808165937499996 0.2742669015625 0.408577621875 0.288469415625 0.41492939062499995 0.302467440625 0.42611966562500003 0.3151115109375
1 0.54917424375 0.31318432343749997 0.55995121875 0.3139929703125 0.5725148078125 0.3099992796875 0.58092654375 0.2990406625 0.5844997703125 0.289435996875 0.5838384875 0.2704993109375 0.5774867218749999 0.2565012859375 0.5664617671875 0.2485913828125 0.5605233000000001 0.24642878750000002 0.54108660625 0.2494775015625 0.53080559375 0.26287137031249996 0.5297629265625 0.2889774734375 0.5391665875 0.3064238828125 0.54917424375 0.31318432343749997
1 0.6572173359375 0.301116471875 0.6683249515624999 0.3113934640625 0.6742634171875 0.31355605625 0.68690966875 0.3119294578125 0.6936174515625 0.3081402546875 0.7020291875 0.2971816375 0.7073063687500001 0.28040754687499997 0.7047758109375 0.2639061125 0.7005412984375 0.2545740984375 0.6914682796875 0.24659603125000001 0.66804505625 0.2474139890625 0.6622719109374999 0.249985565625 0.6538601749999999 0.2609441828125 0.650286946875 0.27054885 0.65094823125 0.289485534375 0.6572173359375 0.301116471875
1 0.12676155312499998 0.3611149125 0.13473461250000002 0.36557642968750004 0.14933279531250002 0.3638816625 0.157992515625 0.360024303125 0.164534975 0.35150093125000004 0.16810820625 0.3418962640625 0.1673642625 0.32059249218749997 0.156008665625 0.3032142484375 0.1480356015625 0.2987527296875 0.1304681859375 0.299366196875 0.122825765625 0.3043730203125 0.11449668906249999 0.31769872499999996 0.1133713578125 0.34143774374999997 0.11760586875000001 0.3507697625 0.12676155312499998 0.3611149125
1 0.2387085140625 0.34891073437500003 0.2458295984375 0.3569569640625 0.253802659375 0.3614184828125 0.2684008453125 0.3597237140625 0.2751086265625 0.3559345171875 0.2816510890625 0.34741114687499997 0.2869282703125 0.330637059375 0.2865976296875 0.321168715625 0.2802458609375 0.30717069218750004 0.2691382453125 0.29689370312499996 0.251488165625 0.2951400859375 0.2418938125 0.30021507187499996 0.2372206265625 0.30630319375 0.23186078281250003 0.320710196875 0.2323567453125 0.334912709375 0.2387085140625 0.34891073437500003
1 0.3749053046875 0.3595594578125 0.38950348749999997 0.357864690625 0.40088445781250004 0.34798736875 0.4062443 0.33358036874999997 0.40346576093750003 0.3099776734375 0.3942274203125 0.29726543906249997 0.38625435625 0.2928039171875 0.364783071875 0.2935537109375 0.35628867343750004 0.30214524531250003 0.3527154453125 0.3117499125 0.3510114890625 0.3189193328125 0.3537073703125 0.3401549421875 0.36896683750000003 0.3573968609375 0.3749053046875 0.3595594578125
1 0.48616561249999996 0.3556741625 0.49609060781250003 0.36006751718749996 0.5048329859375 0.3585772390625 0.5134927015625 0.3547198796875 0.5237737140625 0.3413260125 0.5248163859375 0.31521990624999996 0.5204992125000001 0.3035208046875 0.515412725 0.2977734984375 0.50345313125 0.2910812203125 0.4878376484375 0.29162652499999997 0.48206450468749995 0.2941981 0.471866153125 0.30995905156250003 0.47016219843749996 0.317128471875 0.4729407390625 0.340731165625 0.48616561249999996 0.3556741625
1 0.6112547859374999 0.35604589531249997 0.6297568390625 0.354214803125 0.6465803125 0.33229756718750003 0.645919028125 0.31336088125 0.6416845171875 0.3040288640625 0.6304942421875 0.291384790625 0.6245557765624999 0.2892221953125 0.6050364203124999 0.2899038265625 0.5973940015625 0.29491065 0.5910168609374999 0.308168190625 0.5920087875 0.3365732171875 0.5941260421875 0.3412392234375 0.60531631875 0.3538832984375 0.6112547859374999 0.35604589531249997
1 0.722515090625 0.3521606 0.7324400875 0.35655395625 0.747038275 0.3548591890625 0.753746053125 0.351069990625 0.7658136812499999 0.332873790625 0.767600296875 0.32807145625 0.766856353125 0.306767684375 0.7555834156250001 0.2917565234375 0.7358987406249999 0.287703984375 0.7224831765624999 0.2952823828125 0.7159407140625 0.303805753125 0.71066353125 0.3205798421875 0.7110768328125 0.33241526875 0.7132767515625 0.3394483625 0.722515090625 0.3521606
1 0.055970546875000006 0.37662183437499996 0.069608721875 0.40340025781250005 0.07554718906249999 0.4055628546875 0.092097309375 0.4037999265625 0.0969358171875 0.4024459734375 0.107216828125 0.389052109375 0.1107073953125 0.37708035156249997 0.11037675312499999 0.36761201093749996 0.10394232343750001 0.351246903125 0.09885583437499999 0.345499596875 0.084944309375 0.33887548125 0.0751846296875 0.339216296875 0.065590275 0.34429128124999997 0.059047815625 0.3528146546875 0.055474584375000004 0.3624193203125 0.055970546875000006 0.37662183437499996
1 0.190794028125 0.4039083203125 0.21319995 0.40194090156250006 0.2199077328125 0.3981517 0.228154146875 0.3824589125 0.227410203125 0.36115513906249996 0.21605460625 0.3437768953125 0.20214307968749998 0.3371527796875 0.196287275 0.33735726875 0.18669291875 0.3424322578125 0.1764119078125 0.35582612187499996 0.1728386796875 0.3654307921875 0.173417303125 0.382000390625 0.18172100468750002 0.395930253125 0.190794028125 0.4039083203125
1 0.31384860468750003 0.4019811296875 0.3303987234375 0.400218203125 0.3371065078125 0.3964290015625 0.34364896875 0.38790563125 0.3487608296875 0.3663973734375 0.3464782515625 0.35699719218750003 0.34224374062499996 0.34766517812500003 0.33308805937499997 0.3373200265625 0.30958217499999996 0.335770896875 0.29369334375 0.3564705125 0.29198938750000003 0.36363993125 0.29451994843749996 0.38014136718749997 0.3058755453125 0.3975196109375 0.31384860468750003 0.4019811296875
1 0.413835975 0.3830846765625 0.423074315625 0.3957969140625 0.43503390937499997 0.40248919218749996 0.44572822187499994 0.40093075312500004 0.45438794062500004 0.3970733875 0.462799675 0.38611477031249997 0.46595960468750003 0.36467467187499997 0.46155976875000004 0.3506084875 0.45435602656249996 0.3401951703125 0.4404444953125 0.3335710578125 0.4306848203125 0.3339118734375 0.42491167343749997 0.33648344531249996 0.4146306625 0.3498773140625 0.4110574359375 0.359481984375 0.411636059375 0.3760515828125 0.413835975 0.3830846765625
1 0.544176959375 0.3939378859375 0.5521500203125 0.3983994078125 0.5687001406250001 0.39663647812499997 0.5735386484375 0.3952825265625 0.583819659375 0.381888659375 0.5856062734374999 0.377086325 0.58477966875 0.3534154703125 0.573424071875 0.33603722187499996 0.561547140625 0.3317120296875 0.5517874640625 0.3320528453125 0.5441450421875 0.33705966875 0.53386403125 0.3504535359375 0.5320774187499999 0.3552558734375 0.5329040234375 0.378926728125 0.544176959375 0.3939378859375
1 0.6713833890625 0.3989756296875 0.6898854437499999 0.3971445375 0.696593228125 0.39335533906250003 0.704922303125 0.3800296359375 0.7058823140625 0.35155644218750004 0.694609378125 0.336545284375 0.6866363140625 0.3320837640625 0.6787459140625 0.3299893328125 0.6651650265625 0.3328335578125 0.651145465625 0.35109792500000003 0.6494415109375 0.3582673421875 0.6522200515625001 0.3818700390625 0.665444925 0.3968130328125 0.6713833890625 0.3989756296875
1 0.7275254640625 0.439674603125 0.7334639296875001 0.44183720156249995 0.7461101765625 0.4402105984375 0.7566391703125 0.4339179875 0.7630989718750001 0.4230275328125 0.7666722015625 0.41342286250000004 0.7659282562499999 0.392119090625 0.756689915625 0.379406853125 0.7447303234375 0.372714578125 0.7330187109375 0.3731235578125 0.7253762921875 0.378130378125 0.7132260046875001 0.39395949375 0.7121833359374999 0.4200655984375 0.7164178484375 0.4293976171875 0.7275254640625 0.439674603125
1 0.0785229640625 0.49077793906249995 0.0931211484375 0.48908317187500006 0.09982893281250001 0.485293971875 0.11010994375000001 0.47190010156250006 0.11131793281249999 0.450528171875 0.1070007609375 0.43882907031249996 0.09784508125 0.4284839171875 0.08987201875 0.42402239843749995 0.07620847187499999 0.424499540625 0.0584503609375 0.4476344046875 0.059276965625 0.47130526093749997 0.06554607500000001 0.482936196875 0.0725844984375 0.488615340625 0.0785229640625 0.49077793906249995
1 0.12770273125 0.444031071875 0.1356757953125 0.4484925890625 0.1483220421875 0.44686598593750004 0.155112484375 0.44544387187499995 0.1673454296875 0.43198184062499995 0.1708360015625 0.42001008593750006 0.170505359375 0.410541746875 0.1661881828125 0.3988426453125 0.1529633125 0.3838996484375 0.148976784375 0.381668890625 0.133361303125 0.3822141953125 0.12571888125 0.3872210171875 0.1173898046875 0.40054672187499996 0.116347134375 0.42665282812500005 0.12770273125 0.444031071875
1 0.1976736734375 0.488987075 0.21227185624999997 0.4872923078125 0.2189796390625 0.4835031109375 0.22739137656250002 0.4725444921875 0.230716621875 0.45583856562499997 0.2283513859375 0.44407129999999995 0.213009259375 0.4244622953125 0.19340724375 0.4227768421875 0.185764825 0.427783665625 0.17743575 0.44110936875 0.17564913437500002 0.445911703125 0.1763930796875 0.467215475 0.1877486765625 0.4845937203125 0.1976736734375 0.488987075
1 0.13263044531249998 0.5291779890625 0.1366169734375 0.53140875 0.1512151578125 0.5297139843750001 0.1598748734375 0.525856621875 0.16828661250000002 0.5148980015625 0.17185984062499998 0.505293334375 0.1712812171875 0.4887237328125 0.1670467046875 0.4793917171875 0.1518699 0.4645168828125 0.1342198203125 0.46276326718750005 0.1201176 0.47866054374999994 0.116544371875 0.4882652140625 0.11728831718749999 0.509568984375 0.12559201874999998 0.523498846875 0.13263044531249998 0.5291779890625
1 0.071491084375 0.5692325765625 0.08141608125000001 0.5736259359375 0.09406232812500001 0.5719993328124999 0.0989008359375 0.5706453796875001 0.1092645078125 0.5596186000000001 0.11283773906250001 0.5500139296875 0.11209379531250001 0.5287101562500001 0.10082085781250001 0.513699 0.09284779531250001 0.5092374828125 0.0791015875 0.5073475359375 0.0733284421875 0.5099191140625 0.06304743125 0.5233129812499999 0.059556864062500006 0.5352847359374999 0.060052826562499995 0.5494872453124999 0.071491084375 0.5692325765625
1 0.23549784218749997 0.42486196249999997 0.24481884531250003 0.43994128750000006 0.2567784359375 0.4466335671875 0.2694246859375 0.44500696250000005 0.27613246875 0.4412177609375 0.286413478125 0.42782389218750005 0.28820009375 0.42302155937499997 0.287538809375 0.404084875 0.28330429687500003 0.3947528609375 0.27414861875 0.38440770625 0.2661755546875 0.3799461890625 0.2486081375 0.38055965625 0.2401137421875 0.389151190625 0.2346712390625 0.4011911078125 0.23304994687499997 0.41072761093750004 0.23549784218749997 0.42486196249999997
1 0.36999068125 0.4426801078125 0.38662345625 0.4432842609375 0.395283178125 0.43942690000000006 0.40369491249999995 0.42846828124999997 0.40718548125 0.41649652968749995 0.40677217812500005 0.40466109687499996 0.40245500625 0.392961996875 0.3912647296875 0.3803179203125 0.3813397328125 0.3759245671875 0.3676761875 0.376401709375 0.3536566234375 0.3946660734375 0.3525312953125 0.41840509531250003 0.3588830640625 0.432403115625 0.36999068125 0.4426801078125
1 0.48108566406250003 0.4340606375 0.4970317890625 0.4429836765625 0.505774165625 0.4414934 0.514433884375 0.437636040625 0.5228456203125 0.4266774171875 0.5264188484375001 0.41707275 0.525674903125 0.3957689796875 0.5123673734375 0.378458896875 0.502442378125 0.37406554375 0.48877882812499995 0.374542684375 0.48300568281249995 0.37711425625 0.47459394843749997 0.388072878125 0.47102071875 0.3976775453125 0.4715993421875 0.414247146875 0.48108566406250003 0.4340606375
1 0.6082920953125 0.43909838125 0.6182170921875 0.4434917359375 0.6269594703125 0.442001459375 0.6336672531249999 0.4382122609375 0.647604153125 0.417580809375 0.646860209375 0.3962770375 0.6426256968749999 0.386945025 0.6335526781249999 0.37896695625 0.625579615625 0.3745054390625 0.6119160703125 0.37498257968750004 0.5957792515625 0.3885809375 0.5922060250000001 0.398185603125 0.5928673078125 0.4171222890625 0.5992190734375 0.43112031562500003 0.6082920953125 0.43909838125
1 0.6594303406249999 0.4764171359375 0.6685033625 0.4843951984375 0.6744418249999999 0.486557796875 0.6890400125 0.48486303125 0.6938785203125 0.4835090796875 0.7022902546875 0.4725504609375 0.7095193734375 0.4557082125 0.709106071875 0.443872784375 0.702754303125 0.4298747578125 0.6916466875 0.4195977671875 0.6739966093749999 0.417844153125 0.662532978125 0.4253543890625 0.654203903125 0.43868009218750004 0.6524172874999999 0.44348242656250003 0.6530785703124999 0.46241911093750004 0.6594303406249999 0.4764171359375
1 0.7472993406249999 0.530228015625 0.7623361984375 0.513113109375 0.765909428125 0.50350844375 0.7653308046875 0.486938840625 0.7499886765625 0.4673298390625 0.734290534375 0.46550805781250004 0.7208749671875 0.47308645625 0.71254589375 0.4864121609375 0.71075928125 0.49121449375 0.711585884375 0.5148853484375 0.720824225 0.5275975875000001 0.728797284375 0.532059103125 0.7472993406249999 0.530228015625
1 0.5939738078125 0.5047726234375001 0.6032948078125 0.51985194375 0.613302465625 0.5266123859375 0.6240794390625 0.5274210312500001 0.630869884375 0.52599891875 0.6431854921875 0.514903975 0.6502492875 0.49332754999999995 0.6499186453125 0.483859209375 0.6456841343749999 0.47452719062500004 0.6365284546875001 0.464182040625 0.628555390625 0.45972051875000003 0.612939909375 0.4602658234375 0.6052974921875001 0.46527265 0.596885753125 0.4762312671875 0.593312525 0.4858359375 0.5939738078125 0.5047726234375001
1 0.565902771875 0.48442313437499995 0.5765144249999999 0.4804976109375 0.5830568859375 0.4719742390625 0.5884167296875 0.457567234375 0.5879207656250001 0.443364721875 0.5836035953125001 0.43166561875 0.5744479124999999 0.42132047031250003 0.55094203125 0.4197713390625 0.5348878734375 0.43573678281249995 0.5339278640625 0.464209971875 0.5452008 0.4792211328125 0.55716039375 0.4859134125 0.565902771875 0.48442313437499995
1 0.43003662187499997 0.48324275468750005 0.43597508906250004 0.485405353125 0.4486213375 0.4837787484375 0.45345984531249994 0.48242479843749997 0.46382351718750003 0.47139801718749996 0.46731408593749996 0.459426259375 0.46657014218750004 0.43812249062499997 0.4623356296875 0.4287904734375 0.4512280140625 0.41851348593750004 0.429674065625 0.41689619375 0.42016237187499994 0.424338265625 0.4137025703125 0.43522872343749996 0.41461183437500004 0.46126666250000004 0.420963603125 0.4752646875 0.43003662187499997 0.48324275468750005
1 0.31682438125 0.4871962140625 0.331422565625 0.485501446875 0.336261071875 0.484147496875 0.346542084375 0.4707536265625 0.349949990625 0.45641479062499996 0.3479153953125 0.4541158671875 0.34750209375 0.44228043906250003 0.3321599671875 0.42267143437500004 0.31060601875 0.421054140625 0.296586459375 0.4393185078125 0.2954611265625 0.46305752812499995 0.29969563906249996 0.47238954062499994 0.310885915625 0.485033615625 0.31682438125 0.4871962140625
1 0.240590875 0.5147430546875 0.24974655625 0.5250882031249999 0.2596715515625 0.5294815625 0.27231780156249996 0.527854959375 0.27902558593750004 0.5240657578125 0.28922393281250003 0.50830480625 0.2909278890625 0.5011353859375001 0.2883146671875 0.4822668640625 0.2750897984375 0.46732386562499995 0.2651648 0.46293051093750004 0.25540512656250003 0.46327132656250003 0.2477627046875 0.46827815 0.23935096875 0.47923677187499997 0.23577774062499998 0.4888414375 0.2363563640625 0.5054110359374999 0.240590875 0.5147430546875
1 0.156060209375 0.6124938156249999 0.164637265625 0.60626936875 0.1710970671875 0.5953789140625 0.1728836796875 0.5905765765625001 0.17222239687500002 0.5716398921875 0.1679878859375 0.562307878125 0.15484567656249998 0.5497319671875001 0.148907209375 0.54756936875 0.13142245156250001 0.5505499234375 0.1194374890625 0.5711132125 0.1202640921875 0.5947840656250001 0.137558153125 0.614324909375 0.156060209375 0.6124938156249999
1 0.1906417921875 0.567441715625 0.20056678906249997 0.5718350703125 0.2132130390625 0.5702084671875001 0.2199208203125 0.56641926875 0.2283325546875 0.5554606515625 0.231905784375 0.54585598125 0.23140982187499998 0.531653465625 0.2271753078125 0.522321453125 0.21598503593750001 0.5096773781249999 0.2041081015625 0.5053521875 0.1924791515625 0.5081282484375 0.178459590625 0.5263926125 0.1772515984375 0.547764546875 0.1814861125 0.557096565625 0.1906417921875 0.567441715625
1 0.2626473265625 0.6146966421875 0.267485834375 0.613342690625 0.2819187015625 0.6069137546875 0.29033043593749996 0.5959551359375 0.29129044375 0.5674819453125 0.275948315625 0.5478729375 0.25634630468749997 0.5461874875 0.250573159375 0.5487590578125 0.24029214843750002 0.562152928125 0.23680158125 0.574124684375 0.23721488281249997 0.5859601125 0.24153205625 0.5976592125 0.25272233125 0.6103032875000001 0.2626473265625 0.6146966421875
1 0.31174443749999997 0.5655826921875 0.319717496875 0.570044209375 0.33431568125 0.5683494437500001 0.3475659265625 0.5560368734375001 0.351139153125 0.546432203125 0.350395209375 0.5251284359375 0.337087675 0.50781835 0.3271626796875 0.5034249953125001 0.3154510671875 0.5038339734374999 0.3078086484375 0.5088407968750001 0.2993969140625 0.51979941875 0.29761029843750003 0.524601753125 0.2983542421875 0.5459055234375 0.3025887546875 0.5552375374999999 0.31174443749999997 0.5655826921875
1 0.3688972625 0.5232973421875 0.376870325 0.5277588609375 0.3934204453125 0.52599593125 0.400128225 0.522206734375 0.40667068906250003 0.5136833625 0.41016125625 0.501711609375 0.409582634375 0.48514200937499996 0.405348121875 0.4758099921875 0.3961924421875 0.46546484218749995 0.38821937968750003 0.4610033234375 0.3668307515625 0.4641202015625 0.3565497390625 0.47751406875 0.3555070703125 0.503620175 0.3597415828125 0.5129521921875 0.3688972625 0.5232973421875
1 0.57973818125 0.5728139484375 0.58628064375 0.5642905765624999 0.591475165625 0.545149403125 0.5907312218749999 0.523845634375 0.5854794125 0.5133641546875001 0.5694506296874999 0.50207403125 0.54415813125 0.5053272375 0.5320905046875 0.5235234390625 0.5331650906250001 0.5542955515625 0.5446033484374999 0.5740408828125 0.5710784640625 0.5766713078125 0.57973818125 0.5728139484375
1 0.47897495156250003 0.513528415625 0.4860960375 0.5215746453125 0.494069096875 0.5260361625 0.5106192171874999 0.5242732328125 0.517327 0.5204840359375 0.5257387359375 0.509525415625 0.5275253515625 0.50472308125 0.526698746875 0.481052225 0.51737774375 0.46597290156250004 0.505418153125 0.4592806234375 0.495658478125 0.45962143749999995 0.48224291093750005 0.46719983750000005 0.47756972500000006 0.4732879578125 0.47391383593749997 0.4805255421875 0.47245786250000005 0.4947962203125 0.47897495156250003 0.513528415625
1 0.43301239843749995 0.568457834375 0.438950865625 0.5706204328125 0.4515971140625 0.5689938296875 0.45643562187500003 0.5676398781249999 0.46858590624999996 0.5518107640625 0.4702072015625 0.54227425625 0.4675113203125 0.5210386515625001 0.45827298125000004 0.5083264125 0.45029992031250005 0.5038648921875 0.44240951875 0.5017704609375 0.430780565625 0.5045465234375001 0.4185476203125 0.5180085531249999 0.414974390625 0.5276132234375 0.41767027187499994 0.5488488328125001 0.43301239843749995 0.568457834375
1 0.512997540625 0.7043080640625 0.5242131921875 0.6896965749999999 0.5250905390625 0.6588562984374999 0.5138176015625 0.6438451390625 0.505844540625 0.6393836203125 0.49218099375 0.6398607609375 0.4808000265625 0.64973808125 0.4743402234375 0.6606285390625 0.47313223125 0.6820004703125 0.477366746875 0.6913324890625 0.48855702343749996 0.7039765625000001 0.49254355156249996 0.7062073203125 0.512997540625 0.7043080640625
1 0.5136776546874999 0.6118553999999999 0.5286318515625 0.5923734109375001 0.52983984375 0.571001475 0.518484246875 0.55362323125 0.5045727171875 0.546999115625 0.496764978125 0.5472717671875 0.48530134843750006 0.5547820031249999 0.47688961093750004 0.5657406265625 0.47576428125000003 0.5894796437500001 0.48008145156250004 0.6011787453124999 0.489237134375 0.6115238953125 0.49322366406249996 0.61375465625 0.5136776546874999 0.6118553999999999
1 0.570150371875 0.6620227187500001 0.5795794046875 0.652213559375 0.5849392484375 0.637806559375 0.584360625 0.6212369578125 0.5801261109375 0.6119049421875 0.5689358343750001 0.59926086875 0.5551896281250001 0.5973709234375 0.5455952734375 0.6024459078125 0.5334449859375 0.618275028125 0.53231965625 0.6420140453125 0.5365541687500001 0.6513460624999999 0.5516483156249999 0.6638538125 0.570150371875 0.6620227187500001
1 0.6145742890625 0.6189968859375 0.6311244109375 0.617233959375 0.6405534421875 0.6074248 0.644126671875 0.5978201328125 0.64516934375 0.5717140296875 0.63389640625 0.5567028671875 0.62592334375 0.5522413484375 0.61421173125 0.5526503265625 0.604617375 0.5577253125 0.5943363640625 0.5711191828125 0.5932936953125 0.5972252859375 0.5995628046875 0.608856225 0.6086358234375 0.6168342921875001 0.6145742890625 0.6189968859375
1 0.665788653125 0.5745489421875 0.6717271203124999 0.5767115406250001 0.6863253015625 0.5750167734375 0.695836996875 0.5675747015625 0.7030661125 0.5507324515625001 0.7046874078124999 0.54119594375 0.7021568484375 0.5246945078125 0.6889319781250001 0.5097515109375 0.6712819 0.5079978953125 0.6636394812499999 0.5130047171875 0.65335846875 0.5263985859375 0.649867903125 0.5383703390625 0.6502812046875001 0.5502057671875 0.6545983765625001 0.56190486875 0.665788653125 0.5745489421875
1 0.7258345953124999 0.615111590625 0.7317730609375 0.6172741875 0.74832318125 0.6155112593750001 0.7651466546875 0.593594021875 0.7669332671875 0.5887916859375 0.7662719828125 0.569855 0.754999046875 0.5548438421874999 0.7489779234375 0.5503141625 0.739135584375 0.5482878906249999 0.723768084375 0.5559344515625 0.7153563484375 0.566893071875 0.70999650625 0.5813000734375 0.7104098078125001 0.5931355015625 0.7147269828125 0.604834603125 0.7258345953124999 0.615111590625
1 0.086343790625 0.658772853125 0.093134234375 0.6573507375000001 0.1056151640625 0.6509899640625 0.11028835 0.64490184375 0.11564819374999999 0.6304948390625 0.11515223125 0.616292328125 0.1088004609375 0.6022943015625 0.0976928453125 0.5920173125 0.0761388984375 0.5904000218750001 0.0640712703125 0.6085962234375 0.0605807046875 0.620567978125 0.06091134687500001 0.630036321875 0.0724322640625 0.6521487375 0.086343790625 0.658772853125
1 0.191582971875 0.6503578765625 0.2034599046875 0.6546830671875 0.2102503484375 0.653260953125 0.2170407890625 0.6518388390625 0.229356396875 0.6407438953125 0.2329296265625 0.631139228125 0.23226834218749998 0.6122025437499999 0.22803382968750002 0.6028705249999999 0.2188781515625 0.592525375 0.212857025 0.587995690625 0.2010627515625 0.5860375859375 0.18951646093750002 0.591180734375 0.18118738437499998 0.6045064390625 0.180227375 0.63297963125 0.191582971875 0.6503578765625
1 0.1364647390625 0.6949421453125 0.14240320625 0.6971047421875001 0.1570013890625 0.6954099765625 0.161839896875 0.694056025 0.1703342921875 0.685464490625 0.17561147500000002 0.668690403125 0.175198171875 0.656854975 0.1688464046875 0.6428569515625 0.1577387921875 0.6325799625 0.1400887125 0.63082634375 0.13431556718749998 0.6333979203125 0.12224794375 0.6515941203125 0.1206266484375 0.661130625 0.123157209375 0.6776320640625 0.1364647390625 0.6949421453125
1 0.25374617499999996 0.69558653125 0.263671171875 0.6999798859374999 0.268509678125 0.6986259390625 0.282942540625 0.692197 0.29314089062500004 0.6764360468749999 0.292396946875 0.6551322734375 0.2881624359375 0.645800259375 0.2730682875 0.6332925109375 0.26135667812499996 0.633701490625 0.2517623234375 0.6387764765624999 0.2414813125 0.65217034375 0.23977735625 0.6593397640625 0.24027332031249998 0.6735422796874999 0.2445904921875 0.68524138125 0.25374617499999996 0.69558653125
1 0.3352568625 0.6512656031249999 0.3419646421875 0.647476403125 0.350293721875 0.634150696875 0.3515017109375 0.612778765625 0.345149940625 0.598780740625 0.338028859375 0.5907345109375 0.33005579687500003 0.5862729921875001 0.3183441828125 0.586681971875 0.312571040625 0.589253546875 0.298551478125 0.6075179109375 0.2994607421875 0.6335558546875 0.3167548078125 0.6530966968749999 0.3352568625 0.6512656031249999
1 0.3963135625 0.608843928125 0.40761186718750003 0.596599521875 0.41118509999999997 0.58699485625 0.4084065578125 0.563392159375 0.4012028109375 0.5529788453125 0.39119515625 0.5462184046874999 0.38330475625 0.54412396875 0.371675803125 0.5469000359375 0.3576562421875 0.5651644 0.35856550781249996 0.591202340625 0.3648346171875 0.6028332796875 0.3739076359375 0.610811346875 0.3963135625 0.608843928125
1 0.42114201093750003 0.6482664265625 0.42826309531250006 0.656312653125 0.4420919625 0.6605696875 0.4508343390625 0.659079409375 0.45567285 0.6577254578125 0.464084584375 0.6467668390625 0.469444428125 0.6323598375 0.4688658046875 0.6157902390625 0.4614967390625 0.6006427515625 0.45148908125 0.593882309375 0.439694809375 0.5919242046875001 0.4262792453125 0.599502603125 0.41786750625 0.610461221875 0.41608089374999996 0.6152635546874999 0.4168248375 0.6365673265625 0.42114201093750003 0.6482664265625
1 0.4334387859375 0.7485608312500001 0.45584471249999997 0.7465934140625 0.461535196875 0.7416547546875 0.46697770156249996 0.7296148375 0.46818569375 0.7082429015625 0.46386851875 0.6965437999999999 0.4547128390625 0.68619865 0.43893203593749996 0.68200978125 0.4255164734375 0.6895881796875 0.41710473437499995 0.7005468015625 0.41531812187500006 0.705349134375 0.416062065625 0.726652903125 0.42029657656249997 0.735984921875 0.4334387859375 0.7485608312500001
1 0.3750967953125 0.7008287640625 0.3935988515625 0.6989976703125 0.40030663281249995 0.6952084703125 0.41042232343749996 0.6770804328125 0.40959571875 0.6534095765625 0.4003573796875 0.6406973390624999 0.386445853125 0.6340732234375 0.3805900453125 0.6342777125 0.36241863125 0.64557715 0.3570587890625 0.65998415 0.35763741250000003 0.6765537515625 0.3619545859375 0.6882528531250001 0.3711102671875 0.6985980031250001 0.3750967953125 0.7008287640625
1 0.31395743593750003 0.7408833515625 0.3198959046875 0.7430459468749999 0.33449408593749996 0.741351184375 0.34120187031250004 0.73756198125 0.3513175609375 0.71943394375 0.353021515625 0.7122645234375 0.35049095625 0.6957630890625001 0.33921802031250003 0.6807519265625 0.331244959375 0.676290409375 0.31758141093750003 0.67676755 0.30798705625 0.6818425359375 0.2995753203125 0.6928011546875 0.29853265 0.718907259375 0.3027671609375 0.728239278125 0.31395743593750003 0.7408833515625
1 0.187520325 0.7298938125000001 0.19260681562499998 0.73564111875 0.19862793750000002 0.7401708 0.2113568484375 0.740911284375 0.2219685015625 0.736985759375 0.2322495125 0.7235918921875 0.23574008124999998 0.7116201375 0.23540943906249998 0.7021517937499999 0.23109226718749998 0.6904526921875 0.21990199062500002 0.6778086171875 0.21591546093749997 0.6755778609374999 0.20029997968750002 0.676123165625 0.190705625 0.68119815 0.182376546875 0.69452385625 0.1810032359375 0.7111616171875 0.187520325 0.7298938125000001
1 0.13350204999999998 0.77799463125 0.1474135796875 0.784618746875 0.15225208750000002 0.7832647953125 0.16668494843749998 0.776835859375 0.1731447484375 0.7659454046875 0.17842192968749998 0.7491713140625 0.16987024687500002 0.728140196875 0.1627491625 0.7200939671875 0.1547761015625 0.71563245 0.1391606203125 0.7161777546875 0.1250583984375 0.7320750312500001 0.12156782968749999 0.7440467859375001 0.1220637921875 0.7582493 0.124263709375 0.76528239375 0.13350204999999998 0.77799463125
1 0.0639697828125 0.7176184890624999 0.0661697 0.7246515828125 0.0753253796875 0.734996734375 0.08728497187499999 0.7416890109375001 0.0940754171875 0.7402668984375 0.10655634375 0.7339061250000001 0.1130988046875 0.725382753125 0.1166720328125 0.7157780859375 0.1159280890625 0.6944743140625 0.11372817187499999 0.6874412203125 0.1045724921875 0.6770960703125 0.09456483437499999 0.6703356281249999 0.08480515937500001 0.67067644375 0.0752108046875 0.675751428125 0.066799065625 0.6867100500000001 0.06339115937499999 0.7010488859375 0.0639697828125 0.7176184890624999
1 0.074314625 0.8179810562500001 0.08432228281250001 0.8247414984375 0.09705119375 0.8254819828125 0.103841634375 0.8240598671875 0.10953211874999999 0.8191212046875 0.11599192031250001 0.8082307500000001 0.1170345890625 0.78212464375 0.11271741875 0.7704255421874999 0.10763092968750002 0.7646782359375 0.093719403125 0.7580541203125 0.08005585312499999 0.7585312625 0.06969218125 0.7695580484375 0.0643323421875 0.783965046875 0.064910965625 0.8005346484375 0.074314625 0.8179810562500001
1 0.0795729765625 0.9125963171875 0.087546040625 0.917057834375 0.1060480921875 0.9152267437500001 0.1127558765625 0.91143754375 0.12108495156250002 0.8981118406249999 0.1223756046875 0.87910699375 0.11805843125 0.8674078906249999 0.10890275 0.8570627375000001 0.098977753125 0.8526693812499999 0.0911700140625 0.8529420343749999 0.0758025140625 0.8605885953125 0.0675561 0.8762813890625001 0.06830004375 0.8975851562500001 0.0704172984375 0.9022511671875 0.0795729765625 0.9125963171875
1 0.127487465625 0.8575987312500001 0.1325739546875 0.8633460375 0.1425816125 0.8701064796875 0.15531052343750001 0.8708469624999999 0.1659221765625 0.8669214390625 0.17425125156250001 0.853595734375 0.17529391875 0.8274896281249999 0.1730940046875 0.8204565359375 0.161903728125 0.8078124593749999 0.153930665625 0.8033509421874999 0.1441709890625 0.8036917578124999 0.1345766359375 0.80876674375 0.12429562499999999 0.8221606124999999 0.1225090109375 0.8269629437500001 0.12317029531250001 0.8458996296875 0.127487465625 0.8575987312500001
1 0.1997344421875 0.8278211343749999 0.2144152859375 0.8284934500000001 0.22502693906250001 0.8245679265625 0.2315694015625 0.8160445546874999 0.23684658125000002 0.79927046875 0.2365159390625 0.7898021234375 0.224995025 0.767689709375 0.20913156093750002 0.76113375625 0.1936814 0.7664132312499999 0.18526966250000002 0.777371853125 0.1821097359375 0.7988119484375 0.1865922296875 0.8152452234374999 0.1937133140625 0.8232914499999999 0.1997344421875 0.8278211343749999
1 0.260791140625 0.785399459375 0.2773412609375 0.783636528125 0.29050884374999997 0.7689568718750001 0.294082071875 0.7593522046875 0.2935034484375 0.7427826078125 0.287151678125 0.7287845828124999 0.2780786609375 0.7208065171875 0.26042858125 0.7190529 0.24233983124999997 0.7327194171875 0.240553215625 0.7375217546874999 0.2413798203125 0.7611926078125 0.24569699531250003 0.772891709375 0.2528180765625 0.780937940625 0.260791140625 0.785399459375
1 0.2581590921875 0.8779202859374999 0.27861308125 0.8760210328125 0.291698003125 0.8589742906250001 0.29494059375 0.839901278125 0.2885888234375 0.825903253125 0.2794331421875 0.815558103125 0.27146008125 0.811096584375 0.25974847031250003 0.8115055640625 0.2482848390625 0.8190158000000001 0.24174237812500002 0.8275391671874999 0.2399557640625 0.8323415046875 0.24078236875 0.856012359375 0.24713413750000002 0.8700103859375 0.2581590921875 0.8779202859374999
1 0.1949851359375 0.9156759531249999 0.200923603125 0.9178385468749999 0.21747372187499997 0.916075621875 0.22231222968750003 0.91472166875 0.23259324062500003 0.9013278015624999 0.236083809375 0.8893560484374999 0.2356705078125 0.877520621875 0.222280315625 0.8578434515625 0.214307253125 0.8533819296875 0.1967398375 0.8539953984374999 0.1826376125 0.8698926796875 0.179147046875 0.8818644328125 0.179643009375 0.896066946875 0.1838775203125 0.9053989625 0.1949851359375 0.9156759531249999
1 0.321167728125 0.8354304515625 0.3357659109375 0.8337356828125 0.34714688125 0.8238583609375001 0.3507201078125 0.8142536953124999 0.3520107578125 0.7952488468750001 0.3476935875 0.7835497453125 0.33853790625 0.7732045921874999 0.33056484375 0.7687430734375 0.31690129843750003 0.769220215625 0.3092588765625 0.7742270375 0.29906052656250004 0.7899879921874999 0.29996979218750003 0.8160259359375001 0.3152292625 0.833267853125 0.321167728125 0.8354304515625
1 0.39283607656249997 0.7890832515625 0.3995438609375 0.78529405 0.40600366250000003 0.7744035953124999 0.40916358906249994 0.752963496875 0.40476375625000005 0.7388973125 0.39560807656249997 0.7285521578124999 0.3798272734375 0.72436329375 0.3664117078125 0.731941690625 0.356130696875 0.7453355609375001 0.35695730000000003 0.7690064140625 0.36831289843750004 0.786384659375 0.3762859609375 0.79084618125 0.39283607656249997 0.7890832515625
1 0.351826609375 0.901904025 0.354903875 0.8780968421875001 0.3394790875 0.85612075 0.32955409062499996 0.8517273953125001 0.31402126875 0.8546397875 0.305526871875 0.8632313171874999 0.29821509375 0.8777064843750001 0.30099363437500004 0.9013091781250001 0.3101493140625 0.91165433125 0.320074309375 0.9160476859375001 0.3405283 0.9141484312499999 0.351826609375 0.901904025
1 0.38316560625 0.8759249359375 0.3938599203125 0.87436649375 0.398698428125 0.87301254375 0.4089794390625 0.8596186749999999 0.4120567046875 0.83581149375 0.4057049359375 0.8218134687499999 0.398583853125 0.8137672421875 0.3906107890625 0.8093057203124999 0.3749953078125 0.8098510250000001 0.3608930875 0.8257483062500001 0.357319859375 0.8353529765625 0.3600983984375 0.85895566875 0.375275203125 0.8738305000000001 0.38316560625 0.8759249359375
1 0.426489565625 0.8293825578125 0.4383665 0.8337077484375 0.4529646828125 0.8320129859375 0.464345653125 0.8221356625 0.46791888125 0.8125309968750001 0.4692095328125 0.7935261484375 0.4648923625 0.78182704375 0.45573667812499996 0.77148189375 0.44776361875 0.767020375 0.43410007031250003 0.7674975171875 0.41804591718750006 0.7834629578125 0.4144726859375 0.793067628125 0.4149686484375 0.80727014375 0.421403078125 0.82363525 0.426489565625 0.8293825578125
1 0.42030966249999996 0.9042524875 0.42938268125 0.9122305531249999 0.43532114999999993 0.9143931515625001 0.45577513906249995 0.9124938968749999 0.46443485781250005 0.90863653125 0.4691080453125 0.9025484109375 0.47259861093750005 0.89057665625 0.47218530937500003 0.8787412281250001 0.46795079843750004 0.8694092140624999 0.454725925 0.854466215625 0.440897059375 0.8502091875 0.433171978125 0.8528489234375 0.41906975625 0.8687462046875 0.415496528125 0.8783508703124999 0.41607515156249997 0.894920471875 0.42030966249999996 0.9042524875
1 0.496460509375 0.8743385640625 0.5149625640625 0.8725074703125 0.52167034375 0.8687182703125 0.5281301468749999 0.8578278156250001 0.5290901578125 0.829354625 0.515782625 0.8120445406250001 0.5078095640625 0.8075830234374999 0.4960979515625 0.8079920015625 0.48004379531249997 0.8239574453125 0.476470565625 0.8335621124999999 0.47704918906250005 0.8501317140625 0.4792491046875 0.857164803125 0.48848744843749997 0.8698770421875001 0.496460509375 0.8743385640625
1 0.49747126250000007 0.791354240625 0.5140213828125 0.7895913109375 0.5207291656249999 0.7858021140625 0.5271889671875 0.7749116546875 0.530431553125 0.75583864375 0.5280663156250001 0.7440713796875 0.5107722515625001 0.7245305359375 0.4932048359375 0.7251440046875001 0.47901995625 0.7386742 0.475529384375 0.7506459515625 0.47610800781249996 0.767215553125 0.4803425234375 0.7765475687500001 0.4915327984375 0.7891916421875 0.49747126250000007 0.791354240625
1 0.584176471875 0.7278921359375 0.587253740625 0.704084953125 0.5778500765625 0.686638546875 0.5658904875 0.6799462671875001 0.5561308078125 0.6802870828125 0.546536453125 0.68536206875 0.5362554421875 0.6987559359375 0.532764875 0.710727690625 0.5352127734375001 0.7248620421874999 0.55454143125 0.7467018078125001 0.5730434875 0.7448707156250001 0.584176471875 0.7278921359375
1 0.6097423234375 0.704484621875 0.615680790625 0.7066472203124999 0.6302789734375 0.704952453125 0.63511748125 0.703598503125 0.64165994375 0.6950751296875 0.6464411640625001 0.6640985296874999 0.642123990625 0.6523994265625 0.63500290625 0.6443531984375 0.6231259734375 0.64002800625 0.6133662984375 0.640368821875 0.60377194375 0.6454438078125 0.59536020625 0.656402428125 0.5935735921874999 0.6612047609375 0.5944828578125 0.6872427046875 0.6097423234375 0.704484621875
1 0.6853145484375001 0.658001096875 0.69015305625 0.6566471468749999 0.702303340625 0.640818028125 0.70587656875 0.6312133609374999 0.7052979453125 0.6146437625 0.688003884375 0.5951029218749999 0.6704364671875 0.5957163890625 0.6563342453125001 0.6116136671875 0.65325698125 0.6354208515625 0.6575741515625 0.6471199515625 0.6667298328125 0.6574651031250001 0.6707163625 0.6596958640625 0.6853145484375001 0.658001096875
1 0.69219419375 0.74307985 0.6978846796875 0.7381411921875001 0.705113796875 0.721298940625 0.7063217875000001 0.69992700625 0.697000784375 0.6848476828125001 0.689027725 0.6803861640625 0.6734122421875 0.68093146875 0.665769821875 0.6859382921875 0.6555714734375 0.7016992453124999 0.6564807390625 0.7277371890625 0.6636844828124999 0.7381505015625 0.6736921375 0.74491094375 0.69219419375 0.74307985
1 0.6146700359375 0.7896315390625 0.6293508812499999 0.790303859375 0.638010596875 0.7864464984375 0.644553059375 0.7779231265625 0.64787830625 0.761217203125 0.6472996828124999 0.7446476015625 0.6379786828125 0.72956828125 0.630005621875 0.725106759375 0.6143901406250001 0.7256520640625 0.6086169953125 0.7282236390625 0.5983359828125 0.7416175093749999 0.5951760578124999 0.7630576062500001 0.6046623796875 0.7828711015625001 0.6146700359375 0.7896315390625
1 0.551578740625 0.8297542890624999 0.5555652734375001 0.8319850515624999 0.5740673265625 0.8301539578125 0.5807751109375 0.8263647609375001 0.5890215249999999 0.81067196875 0.5906428203125 0.801135465625 0.5881949203125 0.7870011140625001 0.5768393234375 0.7696228703125 0.5669143265625001 0.7652295109375 0.55715465 0.7655703265625 0.5513815046875 0.768141903125 0.53736194375 0.7864062671875 0.536153953125 0.807778203125 0.54454031875 0.824075146875 0.551578740625 0.8297542890624999
1 0.5445468609375 0.9082089312500001 0.5525199234375 0.91267045 0.569152703125 0.9132746078125 0.583585565625 0.9068456703125 0.5901280250000001 0.8983223 0.589218759375 0.87228435625 0.5829496515625 0.8606534171875 0.5759112296875 0.854974275 0.5659862343750001 0.8505809203125001 0.5562265578125001 0.8509217359375001 0.5447629265625 0.8584319718750001 0.5382204640625 0.8669553437499999 0.5346472359375001 0.8765600093750001 0.5351431984375 0.8907625250000001 0.5445468609375 0.9082089312500001
1 0.6156938765625 0.8749147859375 0.6341959312500001 0.8730836921874999 0.6427729890625 0.8668592453124999 0.649232790625 0.855968790625 0.648323525 0.8299308484375001 0.636967928125 0.8125526046875 0.6270429328125 0.8081592453124999 0.619235190625 0.8084318984375001 0.6096408359375001 0.8135068875 0.5993598234374999 0.8269007546875 0.5962825578125 0.8507079375 0.60059973125 0.8624070390625 0.6097554093750001 0.8727521890625001 0.6156938765625 0.8749147859375
1 0.6787025109375 0.832424946875 0.6933006953125 0.8307301812500001 0.7056989640625 0.8220023234375 0.7102894890625 0.813547115625 0.7120761015625 0.80874478125 0.7093802250000001 0.7875091734375 0.6979419671875 0.767763840625 0.6939554375 0.765533084375 0.67638801875 0.766146553125 0.6668763249999999 0.773588625 0.6586299109375 0.7892814140625 0.6594565140624999 0.8129522687499999 0.6727640453125 0.8302623546874999 0.6787025109375 0.832424946875
1 0.65852841875 0.898303678125 0.6657321640625 0.9087169921875 0.671753290625 0.9132466734375001 0.6844821984375 0.9139871562499999 0.6951765125 0.912428715625 0.7028189328125001 0.9074218921874999 0.70936139375 0.8988985250000001 0.712769303125 0.884559684375 0.704052296875 0.8587943953125 0.6910754078125 0.850952653125 0.6793637953125 0.8513616328125 0.6678175046875 0.856504784375 0.659488428125 0.8698304859375 0.6560805234375 0.8841693265625 0.6581151171874999 0.8864682500000001 0.65852841875 0.898303678125