1 0.163873171875 0.1098034171875 0.179759078125 0.1028127421875 0.1845899609375 0.0952426953125 0.1855099296875 0.0776886609375 0.179388009375 0.067588796875 0.16979625468749998 0.060240796875 0.15884345312499998 0.0577109796875 0.1410532 0.0587344375 0.128330471875 0.0688245984375 0.1258128125 0.0745600671875 0.12689941093749998 0.096130871875 0.1407087359375 0.10761151875 0.163873171875 0.1098034171875
1 0.26653155 0.118117221875 0.28537619531249997 0.118126925 0.29905109687500003 0.1110203765625 0.3062974203125 0.0996653078125 0.3068085140625 0.089913065625 0.2934080625 0.07063062656249999 0.280346475 0.0660344875 0.26476722656249996 0.0671738203125 0.254459940625 0.0734789578125 0.24731583437500002 0.0828835765625 0.24649808437499998 0.0984871625 0.25051121875 0.1065207046875 0.262211759375 0.11593502656250002 0.26653155 0.118117221875
1 0.19379944843750002 0.19449351718750002 0.20801764843749998 0.19817236875 0.2202292828125 0.19783445156249999 0.2292777375 0.19439704687499998 0.2399938984375 0.18029011718750002 0.23870285781249997 0.1626202078125 0.231424328125 0.15343763593749998 0.21846495781250003 0.14689104375 0.20740993749999997 0.146311675 0.1961504765625 0.14963320625 0.1809100890625 0.1654588359375 0.180398996875 0.175211075 0.1843099140625 0.18519506562500002 0.19379944843750002 0.19449351718750002
1 0.3219354828125 0.203164646875 0.3340448984375 0.204777178125 0.3418345203125 0.20420751093749998 0.356666034375 0.19618367187500002 0.36149692031249997 0.188613628125 0.36231467031250003 0.1730100421875 0.3583015328125 0.1649765 0.34670321406250004 0.1536117265625 0.32459316718750003 0.1524529875 0.30744843125 0.16231140156249999 0.3022086734375 0.17768324062500002 0.3080239375 0.1936344484375 0.313295903125 0.1988002515625 0.3219354828125 0.203164646875
1 0.394769803125 0.12483790312500001 0.4025594296875 0.1242682375 0.412662275 0.121864 0.4253850015625 0.1117738375 0.42831153750000006 0.0982365765625 0.42450284062500004 0.0863021375 0.41290451875 0.074937365625 0.39310769843750004 0.07194405312499999 0.379535015625 0.077100153125 0.3713365171875 0.0854716140625 0.3682055453125 0.10290977500000001 0.37010989375 0.1088769921875 0.38170821250000003 0.120241765625 0.394769803125 0.12483790312500001
1 0.534165296875 0.13018750625 0.544574803125 0.12193192500000001 0.54780799375 0.1025433125 0.5365163265625 0.0853271953125 0.5278767484375 0.0809628046875 0.5123997171875 0.0801516890625 0.49304397812499995 0.0898942265625 0.48960634531249997 0.11318373125 0.49668044218749996 0.1262672046875 0.5118508187499999 0.132929665625 0.52627345625 0.1327076203125 0.534165296875 0.13018750625
1 0.43690771093749997 0.2091900859375 0.45786114375000003 0.2112661125 0.465752984375 0.20874599843750002 0.47616248906249997 0.2004904109375 0.4794979 0.17915135468750001 0.470315021875 0.1640015609375 0.461675440625 0.15963716562500002 0.4461984078125 0.15882604843749998 0.4349389515625 0.1621475796875 0.42684266875 0.1685685890625 0.4220117859375 0.1761386359375 0.42119403593750004 0.191742221875 0.4252071703125 0.1997757609375 0.43690771093749997 0.2091900859375
1 0.5976655125 0.20881392031249998 0.6002853906250001 0.20112800156250002 0.59878991875 0.187358990625 0.5829740250000001 0.1718615734375 0.5608639828124999 0.1707028359375 0.543514809375 0.1844621453125 0.5424926234375 0.20396662656250003 0.5560975109374999 0.21934816875 0.579261946875 0.2215400671875 0.5871537890625 0.21901995468750002 0.5976655125 0.20881392031249998
1 0.6042719187500001 0.12506051875 0.6158702421875 0.1364252875 0.6322994468750001 0.140220015625 0.6400890703125001 0.139650346875 0.6526073609374999 0.1334610859375 0.6597514656250001 0.1240564640625 0.6605692140625 0.108452878125 0.6586648671875001 0.1024856609375 0.64917533125 0.0931872125 0.6405357515625 0.0888228171875 0.625058721875 0.0880117 0.607913984375 0.0978701140625 0.603083103125 0.1054401578125 0.602367571875 0.119093296875 0.6042719187500001 0.12506051875
1 0.7090656859375 0.21954166718749998 0.7218906328125 0.2075010625 0.7230150390625 0.1860461296875 0.7136277203125 0.1747972296875 0.6940353359375 0.167903021875 0.6827758796875 0.17122454843749998 0.6700531515625 0.181314709375 0.6649156140625 0.1947361 0.6738940546875 0.213786790625 0.686853425 0.22033338125 0.7034870671875 0.2202272078125 0.7090656859375 0.21954166718749998
1 0.7806789843749999 0.10105692968749999 0.764760871875 0.08750996093749999 0.742650828125 0.0863512234375 0.733602371875 0.0897886234375 0.725403875 0.098160084375 0.722170684375 0.1175486921875 0.7335645656249999 0.13281436093750001 0.7422041484374999 0.13717875156249998 0.76104879375 0.13718845468750002 0.7795545781250001 0.122511859375 0.7806789843749999 0.10105692968749999
1 0.8572785921875001 0.1412537421875 0.87170123125 0.14103169843750002 0.8852739140624999 0.13587559531249999 0.8970444671875001 0.1228018296875 0.8974533421875 0.11500003437499999 0.8915358578125 0.10099927500000001 0.8862638953124999 0.09583346875 0.8710935187500001 0.08917100624999999 0.8622495000000001 0.0887075109375 0.8464658171874999 0.09374774062499999 0.8406827578125 0.0983341765625 0.837142909375 0.12357413125000001 0.852958803125 0.1390715484375 0.8572785921875001 0.1412537421875
1 0.8300254109375 0.21707977500000003 0.837373953125 0.203774259375 0.8379872640625001 0.19207156875 0.826491165625 0.178756346875 0.81785158125 0.17439195624999998 0.79795254375 0.1733490921875 0.7806033703125 0.1871084015625 0.779581184375 0.2066128828125 0.7910772875000001 0.2199281046875 0.799716865625 0.2242924953125 0.8163505093750001 0.22418632500000002 0.8300254109375 0.21707977500000003
1 0.6183388937500001 0.300842315625 0.6314004828125 0.3054384546875 0.6391901109375 0.30486878906250003 0.6492929562499999 0.30246454843750004 0.6597024625000001 0.2942089625 0.66494221875 0.2788371234375 0.659126953125 0.26288591562499997 0.6517462046875 0.2556537890625 0.6275273765625 0.25242873125 0.6184789187499999 0.25586613125 0.6102804203125001 0.26423759062499996 0.605347321875 0.273758084375 0.604938446875 0.281559878125 0.608849359375 0.2915438640625 0.6183388937500001 0.300842315625
1 0.7586865625 0.30917552812500004 0.766578409375 0.306655415625 0.7770901296875 0.29644937968749996 0.7796077875 0.2907139109375 0.778316753125 0.2730440015625 0.7646096453125 0.2596129078125 0.7424996015625001 0.2584541703125 0.72283720625 0.2740480515625 0.7202173281250001 0.28173396875 0.7219172390625 0.29160208593750003 0.7334133421875 0.3049173078125 0.7420529203124999 0.30928169843750003 0.7586865625 0.30917552812500004
1 0.8876403500000001 0.302243071875 0.8948866750000001 0.2908880015625 0.89539776875 0.28113576406249996 0.8892758484375 0.2710358984375 0.877575309375 0.26162157656249996 0.8577784875000001 0.2586282609375 0.8406337531249999 0.268486675 0.835802865625 0.27605672187499997 0.8348828968750001 0.29361075625 0.8484877875000001 0.3089922984375 0.8716522265625001 0.3111841984375 0.8876403500000001 0.302243071875
1 0.48557641562500004 0.295840334375 0.4986380046875 0.300436471875 0.50863863125 0.29998268125 0.51874148125 0.29757844218749996 0.5291509828125001 0.2893228546875 0.5340840874999999 0.2798023625 0.5344929609375 0.2720005671875 0.5305820437500001 0.26201658125 0.5232012953125 0.2547844515625 0.5102419234375 0.24823786406249998 0.49697589531249997 0.247542621875 0.48792744375 0.25098002343750003 0.47741571875 0.26118605625 0.4742847484375 0.2786242171875 0.48557641562500004 0.295840334375
1 0.40975674531250006 0.2830656671875 0.41468984999999997 0.27354517500000003 0.41530316093749997 0.26184248593750004 0.401800490625 0.2445104953125 0.37537065625 0.24116956093750003 0.3581237046875 0.2529784234375 0.355606040625 0.25871389218749996 0.35689708124999997 0.27638380156250003 0.3662843953125 0.2876326984375 0.374923978125 0.291997090625 0.393768625 0.29200679375 0.40975674531250006 0.2830656671875
1 0.25563195781250003 0.28378945624999996 0.27668760937500003 0.2839150328125 0.2868926765625 0.279560346875 0.29519339375000003 0.2692384375 0.297711053125 0.2635029671875 0.2961133609375 0.25168440312499996 0.29210022812499997 0.24365085937500003 0.27818868281250003 0.23412066562499997 0.267235878125 0.2315908484375 0.256078640625 0.232961928125 0.241144909375 0.2429362109375 0.23631402656249997 0.2505062578125 0.2377072796875 0.2662257171875 0.25563195781250003 0.28378945624999996
1 0.1526669265625 0.2813269953125 0.1707638359375 0.27445219375 0.178010159375 0.2630971234375 0.178623471875 0.251394434375 0.17471255624999998 0.24141044687500002 0.163012015625 0.23199612187500002 0.14552841875 0.22716823593750002 0.13426896093750001 0.23048976250000003 0.121546234375 0.24057992343749998 0.1181086046875 0.26386942812499997 0.129604709375 0.277184646875 0.1404552921875 0.2816649109375 0.1526669265625 0.2813269953125
1 0.22837877343750002 0.35961548906249996 0.23382297031250002 0.3403427546875 0.22253130468750001 0.3231266390625 0.21168071875 0.31864636874999996 0.196203690625 0.317835253125 0.1790589546875 0.327693665625 0.17422806875000002 0.33526371250000003 0.1733081015625 0.3528177484375 0.18269541875 0.36406664218749996 0.1913349984375 0.3684310375 0.21239065156249998 0.36855661562500003 0.22837877343750002 0.35961548906249996
1 0.3353569421875 0.3701114890625 0.3458686625 0.3599054578125 0.34899963437500003 0.34246729375 0.33549696406249996 0.325135303125 0.30906713125 0.3217943703125 0.2941334 0.33176865625 0.2893025171875 0.3393387015625 0.2886892046875 0.3510413921875 0.299980871875 0.3682575078125 0.31304245937499997 0.372853646875 0.32525409375000003 0.3725157296875 0.3353569421875 0.3701114890625
1 0.44896812031250005 0.380955115625 0.4603297984375 0.3756831375 0.467576121875 0.3643280671875 0.468291653125 0.3506749328125 0.4547889828125 0.3333429421875 0.43057015468750004 0.330117878125 0.4215216984375 0.3335552828125 0.41100997812499995 0.3437613140625 0.40849231875 0.3494967875 0.409885571875 0.3652162484375 0.4192728875 0.3764651421875 0.42791246875000005 0.38082953750000004 0.44896812031250005 0.380955115625
1 0.57519980625 0.3836590234375 0.5830916515625 0.38113891093749996 0.593603371875 0.3709328765625 0.59612103125 0.36519740624999997 0.5948299953125 0.34752749843749997 0.5811228890625 0.334096403125 0.572381090625 0.3316824609375 0.5568018421875001 0.33282179218749997 0.53945266875 0.3465811 0.5369350078124999 0.3523165703125 0.53843048125 0.36608558125 0.554246375 0.3815829984375 0.57519980625 0.3836590234375
1 0.6966006109375 0.393932984375 0.706703459375 0.391528740625 0.7195284015625 0.3794881359375 0.722659375 0.362049971875 0.7154830624999999 0.35091695 0.691673109375 0.33989009531250003 0.6735762000000001 0.34676490000000004 0.6653776984374999 0.35513635625 0.6622467265624999 0.372574515625 0.6641510734375 0.37854173750000003 0.675749396875 0.38990650625 0.6865999796875 0.39438677499999997 0.6966006109375 0.393932984375
1 0.8138860625 0.3981238453125 0.8239889078125 0.3957196046875 0.8320851906250001 0.3892985953125 0.8370182921874999 0.3797781015625 0.837938259375 0.3622240671875 0.8264421562500001 0.3489088453125 0.8088563390625 0.3460314078125 0.79086165 0.3509557640625 0.7827653703124999 0.3573767734375 0.7794299609374999 0.3787158296875 0.7908238421875 0.393981496875 0.801674428125 0.3984617640625 0.8138860625 0.3981238453125
1 0.3701463046875 0.467769184375 0.377935928125 0.46719951875000004 0.3984482796875 0.456539696875 0.4033813859375 0.44701920156249997 0.403994696875 0.4353165109375 0.40209034531250004 0.4293492921875 0.390492025 0.4179845203125 0.38185244375 0.4136201296875 0.3707974234375 0.413040759375 0.357224740625 0.41819686093749997 0.3491284625 0.42461787500000003 0.34569083125 0.44790737812500003 0.3549759296875 0.46110672499999994 0.3701463046875 0.467769184375
1 0.492262640625 0.4643900078125 0.5154270765625 0.4665819046875 0.52331891875 0.4640617921875 0.5338306421875 0.45385575781250004 0.5369616125000001 0.436417596875 0.5329484796874999 0.4283840546875 0.5213501578125 0.4170192859375 0.5148193640625001 0.41472121250000005 0.49481810625 0.4156288 0.48209537812500003 0.42571895625 0.4772644953125 0.43328900312499996 0.476548965625 0.44694214218750006 0.48056209843750003 0.4549756828125 0.492262640625 0.4643900078125
1 0.3497039671875 0.4559409203125 0.3549759296875 0.46110672499999994 0.3701463046875 0.467769184375 0.377935928125 0.46719951875000004 0.3903520015625 0.46296070624999996 0.3984482796875 0.456539696875 0.40327916718749995 0.44896965 0.403994696875 0.4353165109375 0.40209034531250004 0.4293492921875 0.390492025 0.4179845203125 0.38185244375 0.4136201296875 0.373008428125 0.41315663437500005 0.357224740625 0.41819686093749997 0.3491284625 0.42461787500000003 0.3438887 0.43998971249999996 0.3497039671875 0.4559409203125
1 0.2651747078125 0.4612899546875 0.27895182812499997 0.45223295781250006 0.283782709375 0.44466291093750004 0.2826961109375 0.42309210625000004 0.273206575 0.4137936546875 0.26235599062500004 0.40931339062500005 0.25130096874999996 0.40873402187499996 0.23551727968749997 0.4137742484375 0.22480111875 0.427881178125 0.2242900265625 0.43763342187500004 0.22820094375000002 0.4476174125 0.24633005937500002 0.46128025 0.2651747078125 0.4612899546875
1 0.1227182515625 0.4508904203125 0.13799084687500002 0.4556024328125 0.14578046875 0.4550327671875 0.15367231406249998 0.45251265468749996 0.1663950390625 0.44242249375 0.16973044843750001 0.4210834375 0.1657173140625 0.41304989843750006 0.1561255625 0.40570189531249995 0.1474859796875 0.401337503125 0.13200894999999999 0.4005263859375 0.12527371874999998 0.40212921250000006 0.11013555 0.4160043953125 0.107106796875 0.43149210781249997 0.1111199296875 0.43952564687500006 0.1227182515625 0.4508904203125
1 0.607337084375 0.46846499843749995 0.620398675 0.4730611359375 0.62597729375 0.47237559687499997 0.6337669203125 0.47180593281250005 0.6462852078125 0.465616665625 0.653531534375 0.45426160156249995 0.654144846875 0.44255890937500003 0.64812514375 0.4305085984375 0.6385333906249999 0.42316059843750004 0.6187365703125 0.4201672828125 0.601694053125 0.42807524687500004 0.5943455078125 0.44138076406250004 0.5940388515625 0.4472321078125 0.5978475515625 0.45916654687499997 0.607337084375 0.46846499843749995
1 0.5334483718749999 0.545758575 0.540829125 0.5529907015625 0.5516797062500001 0.5574709703125 0.5638913421875 0.55713305 0.5694699609375 0.556447509375 0.5845059109374999 0.5445227781249999 0.5876368828125 0.5270846140625001 0.5837259671874999 0.5171006265625 0.5763452203125 0.5098684984374999 0.5677056375 0.5055041078125 0.5544396109374999 0.5048088640625 0.5431801546874999 0.508130390625 0.5327706484375 0.5163859765625001 0.5278375468750001 0.5259064718750001 0.527428671875 0.5337082640624999 0.5334483718749999 0.545758575
1 0.4685493015625 0.514976084375 0.45484219687499994 0.5015449890625 0.43283436875000003 0.498435803125 0.4133764109375 0.5101287906249999 0.4100410015625 0.531467846875 0.42354367187499997 0.5487998375 0.44670810781250003 0.5509917359375 0.45459995312499996 0.548471621875 0.4675271140625 0.534480565625 0.4685493015625 0.514976084375
1 0.29700532812499997 0.551947271875 0.313638971875 0.5518411015625 0.319217590625 0.5511555609375 0.33194031874999996 0.5410654015625 0.3367712015625 0.5334953578125 0.3373845140625 0.5217926671875001 0.3333713796875 0.5137591234375 0.3217730578125 0.5023943546875 0.3019762375 0.49940104218750003 0.2884035546875 0.5045571437499999 0.277891834375 0.514763178125 0.276869646875 0.534267659375 0.288365746875 0.54758288125 0.29700532812499997 0.551947271875
1 0.194346953125 0.5436334656249999 0.2043475828125 0.5431796765625 0.21707030781249997 0.5330895140624999 0.22040571718750002 0.5117504578125 0.2090118359375 0.496484790625 0.18931723281249999 0.4915410265625 0.17584676875 0.4947466828125 0.16543726406249998 0.5030022640625 0.1605041625 0.5125227609375 0.15999306875 0.5222750031250001 0.1712847359375 0.5394911203125 0.18213531875 0.543971384375 0.194346953125 0.5436334656249999
1 0.13658078906249999 0.63057311875 0.14668363906249998 0.628168875 0.15950858125 0.6161282703125 0.1623329015625 0.604541453125 0.156517634375 0.58859024375 0.1403950859375 0.578944171875 0.12491805468749999 0.5781330546875 0.10702558124999999 0.5811069609375 0.098724865625 0.5914288703125 0.09590055 0.6030156859375 0.0995048078125 0.6188510203125 0.11773614218749999 0.6305634140625 0.13658078906249999 0.63057311875
1 0.2326061546875 0.6385393015624999 0.2580838125 0.6388966265625 0.2695477109375 0.6316742015625 0.2743785921875 0.6241041578125001 0.27529855937500003 0.606550121875 0.271285428125 0.5985165796875 0.2595848859375 0.5891022546875 0.23747484375 0.5879435171875 0.2261131625 0.59321549375 0.217812446875 0.603537403125 0.215192565625 0.6112233203125 0.21689247968749997 0.6210914375 0.22090561250000001 0.6291249765625 0.2326061546875 0.6385393015624999
1 0.36577750781249996 0.6357394890625 0.3779891421875 0.6354015703125 0.3835677609375 0.63471603125 0.396188271875 0.62657631875 0.40101915468750005 0.619006275 0.401836903125 0.6034026875 0.3904430171875 0.58813701875 0.38180343906249997 0.5837726296875 0.36632640781250003 0.5829615125000001 0.34686845 0.5946544984375 0.3420375671875 0.6022245421875 0.34142425625 0.6139272328125001 0.3506071328125 0.629077028125 0.36577750781249996 0.6357394890625
1 0.4787431671875 0.6377481578124999 0.4918047578125 0.6423442968749999 0.4973833765625 0.6416587578125 0.505173003125 0.6410890921875 0.5176912953125 0.6348998296875 0.5249376171875 0.6235447609375 0.5255509296875001 0.6118420703125 0.521640015625 0.6018580796874999 0.5121504781249999 0.59255963125 0.48793165 0.5893345734375 0.47888319218750003 0.592771971875 0.468371471875 0.6029780078125 0.46524050156249996 0.6204161671875 0.46714484843750004 0.6263833859375 0.4787431671875 0.6377481578124999
1 0.6257238515625 0.646428990625 0.63361569375 0.643908878125 0.6441274171875 0.63370284375 0.6468495140625 0.624066475 0.6452518234375 0.6122479140625 0.631646934375 0.596866371875 0.6052170984374999 0.5935254375000001 0.585554703125 0.6091193203125 0.5827303859375 0.6207061328125001 0.58643686875 0.63459101875 0.593817615625 0.64182315 0.6046682031249999 0.6463034140625 0.6257238515625 0.646428990625
1 0.7261712218749999 0.6546269234375 0.7317498437500001 0.6539413828125 0.7462747015625 0.651768890625 0.7566842031250001 0.6435133046875 0.761617303125 0.6339928140625 0.762128396875 0.6242405703125 0.750836734375 0.607024453125 0.742197153125 0.6026600625 0.7222981140625 0.6016171984375001 0.70736438125 0.61159148125 0.7025335 0.619161528125 0.70181796875 0.6328146671875 0.71100085 0.6479644625 0.7261712218749999 0.6546269234375
1 0.7518001062499999 0.48288130156250003 0.75969195 0.48036118749999995 0.770101453125 0.4721056 0.773436865625 0.4507665453125 0.7694237296875001 0.44273300156250006 0.755512184375 0.43320280625 0.73561314375 0.4321599421875 0.7206794125 0.44213422968750005 0.7158485296875 0.4497042734375 0.715133 0.4633574109375 0.726526884375 0.47862307968750006 0.7351664640625 0.482987471875 0.7518001062499999 0.48288130156250003
1 0.86456133125 0.48879086718750003 0.8724531734375001 0.486270753125 0.882862678125 0.478015165625 0.8876935609375 0.470445121875 0.8883068734374999 0.45874243124999997 0.8842937390625 0.4507088921875 0.8726954171875001 0.43934411874999996 0.85068759375 0.436234934375 0.8311274171875 0.44987836875 0.8300030109375 0.47133329843749994 0.8414991109375001 0.48464851875 0.85013869375 0.4890129109375 0.86456133125 0.48879086718750003
1 0.705024553125 0.5293250328125 0.7010114203125 0.52129149375 0.687099875 0.51176129375 0.6672008375 0.5107184296875 0.65583915625 0.5159904046875 0.647538440625 0.5263123125 0.6466184734375 0.543866346875 0.6645431515625 0.561430084375 0.6855988015625 0.5615556609375 0.7041045859375 0.546879065625 0.705024553125 0.5293250328125
1 0.783835165625 0.5696377218750001 0.7968967546875 0.5742338625000001 0.8046863828124999 0.573664196875 0.81247600625 0.57309453125 0.8227832921875 0.5667893921875 0.8300296171875001 0.555434321875 0.8306429296875001 0.5437316359375 0.8267320140625 0.5337476453125001 0.8193512625 0.5265155187499999 0.806289675 0.5219193765625 0.795234653125 0.5213400078125 0.7861861953125 0.5247774109375001 0.773463471875 0.53486756875 0.772339065625 0.556322503125 0.783835165625 0.5696377218750001
1 0.84315001875 0.6646691312499999 0.8619946640625 0.664678834375 0.8779827875 0.6557377125 0.8828136703125 0.6481676656250001 0.8835292015625 0.6345145265625 0.8796182859374999 0.624530540625 0.8722375390625 0.617298409375 0.8548561593749999 0.6105200749999999 0.8413856953125001 0.6137257296875 0.8286629671875 0.6238158890625 0.823729865625 0.63333638125 0.823320990625 0.641138175 0.82723190625 0.6511221671875 0.84315001875 0.6646691312499999
1 0.15756082968750001 0.7167501671875 0.1727312015625 0.7234126265625 0.180520828125 0.7228429609375 0.195045684375 0.7206704703125 0.2054551859375 0.7124148875 0.2103882875 0.702894390625 0.21089938125000002 0.6931421484375 0.20487968125 0.681091840625 0.1952879296875 0.6737438375 0.1732801015625 0.67063465 0.15382214375 0.6823276375 0.14899126093749998 0.68989768125 0.14848016718749998 0.6996499234375 0.15028229531249998 0.7075675890625 0.15756082968750001 0.7167501671875
1 0.3202229796875 0.722341221875 0.3281148203125 0.7198211078125001 0.33862654375 0.7096150734375 0.3411442046875 0.7038796046875 0.33985316875 0.6862096921874999 0.33046585 0.674960796875 0.321826271875 0.6705964062499999 0.29961400625 0.671388115625 0.2869935015625 0.679527825 0.282162615625 0.687097871875 0.28324921718749996 0.7086686765625 0.30137833281250004 0.7223315171875 0.3202229796875 0.722341221875
1 0.437406209375 0.728482534375 0.4475090578125 0.7260782953125 0.458020778125 0.7158722609375 0.46125397343749996 0.6964836531249999 0.4498600875 0.681217984375 0.4412205046875 0.6768535921875001 0.4235324703125 0.6759266015625001 0.4063877390625 0.6857850125 0.40155685312499995 0.693355059375 0.400739103125 0.7089586453125001 0.4121329875 0.7242243140625 0.42298357343750004 0.728704578125 0.437406209375 0.728482534375
1 0.5647945109375 0.73026915625 0.577517234375 0.7201789984375 0.5809548625 0.696889490625 0.5694587624999999 0.683574275 0.5608191796875001 0.6792098796875 0.547553153125 0.6785146359375 0.536293696875 0.6818361671875001 0.5258841921874999 0.69009175 0.5224465625 0.7133812578125001 0.5403712406250001 0.730944996875 0.5592158875 0.7309547000000001 0.5647945109375 0.73026915625
1 0.6618742640625 0.7392685046875 0.6696638859374999 0.7386988390625 0.6842909640625 0.7345758953125 0.6900740234375 0.7299894609375001 0.69490490625 0.7224194171875 0.6959270921875 0.70291493125 0.6865397734375 0.6916660359375 0.6713693984375 0.6850035703125 0.6647363875 0.68465595 0.653476925 0.6879774796875 0.6407542015625001 0.6980676375 0.6375210124999999 0.7174562453125 0.651023678125 0.7347882359375 0.6618742640625 0.7392685046875
1 0.7703156984375 0.742995875 0.7912691281249999 0.7450719 0.8071550359374999 0.738081221875 0.816919021875 0.7209906828125 0.81110375625 0.705039475 0.8058317921875 0.6998736703125 0.795083425 0.693442953125 0.779606396875 0.6926318375 0.7728711640625 0.6942346671874999 0.7601484390625 0.704324825 0.755317553125 0.711894871875 0.7548064609375 0.7216471109375 0.758717378125 0.7316311015625 0.7703156984375 0.742995875
1 0.13496629843750002 0.8094446953125001 0.1453758 0.8011891078125 0.148813428125 0.7778996046875 0.1469090796875 0.7719323874999999 0.13088875 0.760335865625 0.10877870781250001 0.7591771281249999 0.08942296718750001 0.7689196671875 0.0860875578125 0.7902587234375 0.0952704359375 0.80540851875 0.1126518140625 0.8121868515624999 0.12486345000000001 0.8118489359375 0.13496629843750002 0.8094446953125001
1 0.236876934375 0.810873996875 0.2446665609375 0.81030433125 0.2502451796875 0.809618790625 0.26517891250000003 0.799644503125 0.27000979531249997 0.7920744562500001 0.2709297625 0.7745204218749999 0.2594336578125 0.7612052046875 0.24858307656249998 0.7567249359375 0.23531705 0.7560296921874999 0.21585909062500003 0.76772268125 0.2110282078125 0.7752927281249999 0.21031267812499999 0.7889458625 0.22381535000000002 0.806277853125 0.236876934375 0.810873996875
1 0.3406597171875 0.7977328703125 0.35426460625 0.813114409375 0.3774290421875 0.8153063125 0.3853208875 0.8127861953125001 0.3981458296875 0.800745590625 0.40066349375000004 0.7950101171874999 0.399270234375 0.7792906578125 0.3898829203125 0.7680417609375 0.3812433375 0.763677365625 0.3747125453125 0.7613792968750001 0.3591332953125 0.762518628125 0.3465127859375 0.770658340625 0.341681903125 0.778228384375 0.33916424218749996 0.7839638578125 0.3406597171875 0.7977328703125
1 0.51584015625 0.7971346593749999 0.5143446828125 0.7833656484375 0.50073979375 0.76798410625 0.476418746875 0.76670949375 0.45917179218750004 0.7785183546875001 0.4566541328125 0.7842538234374999 0.45784295 0.8038741828125 0.47376106250000005 0.8174211484375 0.497027715625 0.8176625984375001 0.513220278125 0.804820578125 0.51584015625 0.7971346593749999
1 0.6074757156249999 0.8254067390625 0.61978956875 0.8231183718749999 0.6301990703125 0.8148627906250001 0.63502995625 0.80729274375 0.63564326875 0.7955900515625001 0.6296235640625001 0.78353974375 0.6200318125 0.7761917390625 0.59581298125 0.7729666796875 0.58445130625 0.7782386578125 0.5761505859375 0.7885605640625 0.5751284 0.8080650453124999 0.5909442921875 0.8235624609375 0.6074757156249999 0.8254067390625
1 0.708127525 0.8297037734374999 0.726972171875 0.829713478125 0.7348640140625 0.8271933656250001 0.7453757375000001 0.8169873296875 0.7478933984375 0.8112518609375 0.7466023609375 0.7935819515625 0.7328952546874999 0.7801508578125 0.7263644609375 0.7778527875 0.706363203125 0.778760371875 0.691327253125 0.79068510625 0.6888095937500001 0.796420575 0.690100628125 0.8140904843750001 0.69948794375 0.8253393843750001 0.708127525 0.8297037734374999
1 0.8785470921874999 0.8141875203125 0.881166975 0.8065015984375 0.8795692781250001 0.7946830375 0.868073178125 0.7813678187499999 0.8594335953125001 0.7770034234375001 0.843956565625 0.77619230625 0.8244986078125001 0.7878852921874999 0.81956550625 0.7974057875 0.821060978125 0.8111748000000001 0.83898565625 0.8287385374999999 0.862252315625 0.8289799890625 0.8785470921874999 0.8141875203125
1 0.6394085578125 0.9141136078125 0.6480481390625 0.9184779984375 0.6646817828125 0.9183718296875 0.6724714046875 0.9178021640624999 0.6852963515625 0.9057615546875001 0.6885295421875 0.886372946875 0.6866251937500001 0.8804057296875 0.6771356578125001 0.871107278125 0.666285075 0.8666270125000001 0.6530190484375 0.8659317703125 0.6417595859375 0.869253296875 0.63366330625 0.875674309375 0.6288324249999999 0.883244353125 0.6281168953125 0.8968974921875 0.6394085578125 0.9141136078125
1 0.5149790000000001 0.919327365625 0.5227686265625 0.9187576999999999 0.532871471875 0.9163534562500001 0.5455942015625 0.9062632984375 0.5490318281250001 0.8829737906249999 0.5354269390625 0.8675922484375 0.5134191140625 0.8644830625000001 0.506683884375 0.8660858890625001 0.49396115625 0.87617605 0.4890280546875 0.8856965453125 0.4886191796875 0.8934983375 0.4924278765625 0.9054327750000001 0.499808625 0.9126649 0.5149790000000001 0.919327365625
1 0.371059278125 0.9156964609375 0.3815710015625 0.9054904265625 0.3848041921875 0.8861018187499999 0.371301521875 0.868769828125 0.34708269375 0.8655447671875001 0.3299379578125 0.8754031812499999 0.32510707656250004 0.882973225 0.3242893265625 0.8985768125 0.3356832078125 0.9138424796875 0.34432279062500004 0.9182068703124999 0.3631674359375 0.918216575 0.371059278125 0.9156964609375
1 0.23703796875 0.9135622140624999 0.244827590625 0.9129925484375001 0.25755031875 0.9029023921875 0.2624834203125 0.893381896875 0.2630967328125 0.88167920625 0.2495940625 0.864347215625 0.2253752328125 0.8611221562500001 0.205917275 0.8728151421874999 0.20067751406249998 0.88818698125 0.206595 0.9021877421875001 0.213975746875 0.9094198671875 0.22482633437500002 0.9139001328124999 0.23703796875 0.9135622140624999
1 0.12366343125000001 0.919355340625 0.1315552765625 0.9168352265624999 0.14438021875 0.9047946187499999 0.1470001015625 0.8971087000000001 0.14550462343749998 0.8833396890625 0.134008525 0.8700244671874999 0.120946934375 0.865428328125 0.10536768437499999 0.8665676609374999 0.0860119453125 0.8763101953125 0.08267653593749999 0.8976492546875001 0.09617920625000001 0.9149812453124999 0.104818784375 0.9193456375 0.12366343125000001 0.919355340625
1 0.793533346875 0.9133898203124999 0.80594941875 0.9091510078124999 0.8141479171875 0.90077955 0.8167677953125001 0.8930936296875001 0.8153745406249999 0.87737416875 0.805987225 0.86612526875 0.79734764375 0.8617608796875 0.7796596078125 0.8608338890624999 0.7602016500000001 0.8725268749999999 0.7567640234375 0.8958163796875 0.7682601265625 0.9091316 0.7768997046874999 0.91349599375 0.793533346875 0.9133898203124999
1 0.865823678125 1 0.87819143125 0.9901913625000001 0.8769003968750001 0.9725214546875 0.8633977249999999 0.9551894640624999 0.854758146875 0.9508250734375 0.839281115625 0.95001395625 0.8198231578125 0.961706940625 0.814890053125 0.9712274359374999 0.814378959375 0.980979678125 0.8203986640625001 0.9930299874999999 0.827511909375 1 0.865823678125 1
1 0.7385253281249999 1 0.743659025 0.9978093578125 0.749544303125 0.991272475 0.7520619640625 0.985537003125 0.750975365625 0.9639661984375 0.7393770421875 0.9526014265624999 0.7328462499999999 0.9503033562500001 0.7084229796875 0.9509791921874999 0.6955980375 0.9630198 0.6923648421874999 0.9824084093750001 0.69637798125 0.9904419515624999 0.707874740625 1 0.7385253281249999 1
1 0.601241890625 1 0.60616788125 0.9984269765624999 0.6165773828125001 0.9901713890625 0.6199127921875001 0.9688323328124999 0.6158996578125 0.9607987906250001 0.6020903328125 0.94931814375 0.58219129375 0.9482752796874999 0.5650465578125 0.9581336921875 0.560215675 0.9657037390625 0.55929570625 0.983257775 0.5763819906250001 1 0.601241890625 1
1 0.4136060625 0.9922468500000001 0.426667653125 0.9968429875 0.4388792828125 0.99650506875 0.45592180000000004 0.9885971046875 0.461807078125 0.9820602218750001 0.4649380515625 0.9646220609375 0.4610271328125 0.9546380703124999 0.4515376 0.9453396234375001 0.44068701250000003 0.9408593546875 0.42963199375 0.9402799843749999 0.4183725328125 0.943601515625 0.41027625 0.950022525 0.4002056109375 0.9729644109375 0.4062253109375 0.9850147187499999 0.4136060625 0.9922468500000001