1 0.8471693015625 0.044575915625000004 0.8437154765624999 0.037213065625 0.822149146875 0.023820334375 0.8020640296874999 0.027001503125 0.7937483875 0.032273515625 0.7840712046875 0.050614734375000005 0.785904421875 0.0621892046875 0.7918954609375 0.07112767187499999 0.8090448968749999 0.078298825 0.828166940625 0.0762589265625 0.83455644375 0.07326945781250001 0.843529621875 0.0649270953125 0.8467708375 0.0565038546875 0.8471693015625 0.044575915625000004
1 0.7975147921875 0.1354941984375 0.7889865390625 0.124980115625 0.7731057078125 0.11859677187499999 0.7466310921875 0.124767409375 0.7363428421875 0.13925046875 0.7350277703125 0.14539117031249998 0.739398203125 0.15854125937500002 0.7447781671875 0.16362156875 0.7561956390625 0.17071183750000002 0.761927603125 0.17079272031249998 0.7788179703125 0.169106284375 0.7871336140625 0.163834271875 0.793875115625 0.1558453765625 0.7987369359375001 0.143210515625 0.7975147921875 0.1354941984375
1 0.6971751015625001 0.043614278125 0.6837850249999999 0.0457350578125 0.671311553125 0.0536430734375 0.6664961984375 0.0593494296875 0.6619399109375 0.07391336875 0.6716903125 0.09214376875 0.68630253125 0.09773930625 0.705424575 0.09569940625 0.711814078125 0.09270993749999999 0.7237229359375 0.0740152578125 0.718130359375 0.0531488515625 0.6971751015625001 0.043614278125
1 0.66847585 0.14406713437500002 0.6570583812499999 0.13697686250000002 0.6452889140625 0.1348860234375 0.6255093359375 0.139996271875 0.6168416875 0.1502677109375 0.61228540625 0.1648316515625 0.61919305 0.17955735625 0.6331477375000001 0.1882232390625 0.64111138125 0.1879506578125 0.6513067078125 0.1873246109375 0.6640857109375 0.181345675 0.6708272156249999 0.173356778125 0.6750779609374999 0.156863759375 0.66847585 0.14406713437500002
1 0.744711996875 0.2209787078125 0.7304517781250001 0.21038374218749997 0.7033660859374999 0.2126962234375 0.69505044375 0.21796823437500001 0.68668833125 0.230168753125 0.6925864453125 0.2529642359375 0.7040039124999999 0.2600545046875 0.712273096875 0.2617110015625 0.7355529625 0.25703509687500004 0.7425999984375 0.250975278125 0.7477673578124999 0.24026949531250003 0.7484713578125 0.2302706390625 0.744711996875 0.2209787078125
1 0.8566479671874999 0.198306115625 0.8375723875000001 0.19341750468750002 0.8222561640625001 0.1978208265625 0.809736234375 0.21265735000000002 0.806800553125 0.22300967031250002 0.8140137390625 0.2396644515625 0.8254312109375 0.246754725 0.8359320703125 0.2480577578125 0.8483590734374999 0.247078246875 0.8589064000000001 0.241452775 0.8708152609375001 0.2227580921875 0.8658337546875 0.205749846875 0.8566479671874999 0.198306115625
1 0.81394756875 0.29702159375 0.7929923109375 0.287487015625 0.7818339109375 0.2892543328125 0.7671287625 0.2975158140625 0.75876665625 0.30971632968749996 0.7615164796875 0.3270780390625 0.7672019859375 0.33408742812500003 0.7843514218750001 0.3412585796875 0.8076312828125 0.336582675 0.818530609375 0.3259577734375 0.8217718203125 0.31753453125000003 0.81963306875 0.30403098125 0.81394756875 0.29702159375
1 0.605172196875 0.22824860781249998 0.5786975765625 0.23441924687500001 0.56678871875 0.253113928125 0.5717702234375001 0.2701221734375 0.5834932265624999 0.279141521875 0.5917624109374999 0.28079801875 0.6150422734375 0.276122115625 0.627562209375 0.261285590625 0.627044059375 0.24357041875 0.6213585593750001 0.236561028125 0.605172196875 0.22824860781249998
1 0.6785655890625 0.3016554890625 0.654322653125 0.30747266406249996 0.6472756140625 0.3135324796875 0.6421082546875 0.32423826718750004 0.6448580796875001 0.341599975 0.6568866234375 0.352548403125 0.665155803125 0.3542049 0.6887412046875 0.351458075 0.7031872781249999 0.33433900625 0.70013191875 0.31504822187500003 0.69064059375 0.30567540625 0.6785655890625 0.3016554890625
1 0.5925452421874999 0.0690846375 0.5741271984375 0.061125679687500004 0.549884259375 0.06694285625 0.5399015453125 0.08335499375 0.5457996578125 0.10615047500000001 0.557217125 0.113240746875 0.5677179890625 0.11454378125 0.5779133140625 0.11391773593750001 0.5884606359375 0.1082922609375 0.6003694984375 0.089597578125 0.598230746875 0.0760940265625 0.5925452421874999 0.0690846375
1 0.47234009375 0.090100734375 0.4634598375 0.08458608281249999 0.449153153125 0.080919625 0.43576307812500004 0.0830404046875 0.4255212859375 0.09059495937499999 0.4177702515625 0.106653634375 0.419909003125 0.120157184375 0.42559450312499997 0.127166571875 0.43701197656249996 0.13425684375 0.44274394375000004 0.13433772500000002 0.4574026265625 0.13300475312499999 0.46794995000000006 0.127379278125 0.47661759843749996 0.1171078359375 0.47793266875 0.1109671390625 0.47234009375 0.090100734375
1 0.5387793750000001 0.1557104171875 0.529241584375 0.153266115625 0.5091564703125 0.156447284375 0.499877753125 0.1628605640625 0.49471039531249994 0.17356635 0.4952285390625 0.1912815234375 0.50091404375 0.198290909375 0.5158318000000001 0.2058155234375 0.5394172015625001 0.203068696875 0.5503165250000001 0.192443796875 0.553557740625 0.184020553125 0.5533451312500001 0.16823445937499998 0.5387793750000001 0.1557104171875
1 0.503385084375 0.2572236625 0.494199296875 0.24977993125000003 0.47989261406250006 0.246113471875 0.46873421562499995 0.24788078906250002 0.45818689062500007 0.2535062640625 0.4478986359375 0.267989325 0.45379674999999997 0.290784809375 0.4677514359375 0.2994506921875 0.4734834015625 0.29953157343750003 0.4903737640625 0.2978451375 0.4986894125 0.2925731265625 0.5054309140625 0.28458423125 0.508366590625 0.27423190937499997 0.503385084375 0.2572236625
1 0.57170405 0.3274793125 0.55359154375 0.3214494328125 0.542433146875 0.32321675 0.5318858203125 0.3288422203125 0.5232181765624999 0.3391136609375 0.520282496875 0.34946598125 0.5249584656249999 0.3645451484375 0.5303384328125 0.369625459375 0.5471823328125 0.37486752968750003 0.561841015625 0.3735345578125 0.5723883437499999 0.3679090859375 0.5823710578125 0.351496946875 0.58023230625 0.3379933921875 0.57170405 0.3274793125
1 0.414110865625 0.1774334390625 0.4023413953125 0.17534260156249998 0.38286735156249996 0.18238192656250002 0.37095849375 0.2010766078125 0.372791709375 0.2126510796875 0.3784772140625 0.21966047031249997 0.392431896875 0.228326353125 0.398163865625 0.2284072359375 0.40835918906249996 0.22778119062500002 0.42113819531249996 0.2218022515625 0.43142644687500004 0.20731919375 0.42552833437500004 0.1845237125 0.414110865625 0.1774334390625
1 0.347106975 0.1010370953125 0.3375691828125 0.09859278906249999 0.315557925 0.10405650156249999 0.303343528125 0.120822103125 0.3063988890625 0.1401128921875 0.3181218984375 0.1491322390625 0.326391078125 0.1507887359375 0.345513121875 0.1487488390625 0.35382876875 0.1434768265625 0.36411701875 0.1289937671875 0.35882997968749997 0.11005644218749999 0.347106975 0.1010370953125
1 0.233948859375 0.115993371875 0.21553081718749997 0.1080344140625 0.191287878125 0.1138515890625 0.180694090625 0.12640556875 0.17937901875 0.1325462671875 0.1872032765625 0.153059209375 0.1986207421875 0.160149478125 0.2043527109375 0.1602303578125 0.2234747546875 0.158190459375 0.2317903984375 0.1529184515625 0.2417731171875 0.1365063125 0.2396343640625 0.1230027578125 0.233948859375 0.115993371875
1 0.11698492187500001 0.128586225 0.10110409375 0.1222028828125 0.0810189796875 0.125384053125 0.0707771921875 0.13293860625 0.064341225 0.14285658125 0.0645538328125 0.158642675 0.0702393375 0.1656520625 0.08769431093749999 0.1747522953125 0.1068163515625 0.172712396875 0.12187349843749999 0.1594514859375 0.12511471406250002 0.1510282453125 0.1226704265625 0.135595615625 0.11698492187500001 0.128586225
1 0.293646640625 0.189591953125 0.285071925 0.18600637656250002 0.271376309375 0.1861980765625 0.26052345 0.189894471875 0.24769798281250002 0.202801915625 0.24638291093750003 0.2089426171875 0.24567891249999999 0.21894147187500002 0.2519754875 0.22980902187500002 0.26339295625000003 0.23689929062499998 0.27389381875 0.2382023234375 0.2863208234375 0.23722281562499997 0.29879429062499996 0.2293147984375 0.3071564 0.2171142796875 0.30440657656250003 0.1997525703125 0.293646640625 0.189591953125
1 0.1845998875 0.2088407328125 0.168413521875 0.20052830781250003 0.141938909375 0.206698946875 0.131345115625 0.21925292812500002 0.1300300484375 0.22539362812500002 0.13501154843750002 0.24240187500000002 0.151503453125 0.252643375 0.1572354171875 0.25272425625 0.1718941 0.251391284375 0.18020974843749998 0.246119271875 0.1888773921875 0.23584783437499998 0.1918130703125 0.2254955125 0.1845998875 0.2088407328125
1 0.3571502453125 0.265553953125 0.3453807765625 0.2634631125 0.3256011984375 0.2685733609375 0.3169335546875 0.2788448015625 0.3139978765625 0.289197121875 0.3158310921875 0.30077159375 0.32182213125 0.3097100625 0.3389715671875 0.3168812125 0.36225143437499996 0.3122053078125 0.372845221875 0.299651328125 0.37547536406250004 0.28736992968749997 0.36856771718750003 0.2726442265625 0.3571502453125 0.265553953125
1 0.23125959062499998 0.2795606640625 0.21340615624999998 0.28238837031249997 0.20316436875 0.2899429203125 0.1967284015625 0.2998609 0.2000892984375 0.3210807640625 0.217849809375 0.33211007187499997 0.239203528125 0.3297167109375 0.25618681875 0.3141732609375 0.2553631390625 0.29452900937500004 0.24079738125 0.282004965625 0.23125959062499998 0.2795606640625
1 0.1406308828125 0.30676840156249996 0.1349453796875 0.2997590109375 0.1165273375 0.29180005468750003 0.0986739015625 0.2946277609375 0.090358253125 0.2998997734375 0.08169061093749999 0.3101712109375 0.07875493125000001 0.3205235328125 0.0907370109375 0.3384004640625 0.0996172625 0.3439151203125 0.11234980624999999 0.3448646921875 0.12031345 0.344592109375 0.13086077499999998 0.338966634375 0.13983395625 0.330624271875 0.14307517187500002 0.32220103125 0.1406308828125 0.30676840156249996
1 0.446730003125 0.34727325625 0.4413500390625 0.342192946875 0.42323752812500004 0.3361630671875 0.409847453125 0.338283846875 0.39930013125 0.3439093203125 0.39255862656249996 0.351898215625 0.3896229484375 0.36225053749999997 0.3914561640625 0.3738250109375 0.3971416671875 0.3808344015625 0.40855913906249997 0.38792466875 0.41905999843749997 0.389227703125 0.4292553265625 0.3886016578125 0.43980265 0.3829761828125 0.44847029374999997 0.3727047453125 0.451405971875 0.3623524234375 0.446730003125 0.34727325625
1 0.32297810312499997 0.37478351718749997 0.3169870625 0.36584504687499997 0.2985690203125 0.3578860890625 0.2765577640625 0.36334980156249996 0.2656584375 0.373974703125 0.2630282984375 0.3862561046875 0.270241478125 0.40291088437499994 0.28165895 0.4100011546875 0.292159809375 0.411304190625 0.3023551375 0.4106781453125 0.3129024609375 0.40505266874999996 0.3234962484375 0.3924986890625 0.32481131875 0.3863579890625 0.32297810312499997 0.37478351718749997
1 0.2006342015625 0.382296059375 0.1917539453125 0.37678140625 0.17521558125 0.3734684109375 0.157362146875 0.3762961171875 0.1483889671875 0.3846384796875 0.14514775156249998 0.39306172031250003 0.1482031125 0.41235250937499995 0.1627688671875 0.424876553125 0.17103805156250002 0.4265330484375 0.187928415625 0.4248466140625 0.19624406249999998 0.41957460312499995 0.20491170625000002 0.409303165625 0.207847384375 0.398950840625 0.2006342015625 0.382296059375
1 0.5165766484375001 0.42717429687499997 0.51089114375 0.42016490937500006 0.49724199531249996 0.4134281046875 0.47492520312500003 0.4169627375 0.4585529828125 0.43636434218750003 0.460997271875 0.451796971875 0.46668277500000005 0.4588063625 0.48383221093750006 0.4659775125 0.5029542546875 0.4639376140625 0.5112699015625 0.45866560312500004 0.519632009375 0.4464650859375 0.5197249359375 0.432608071875 0.5165766484375001 0.42717429687499997
1 0.388500778125 0.4346059609375 0.3694252 0.42971735468750005 0.3563406609375 0.4337672125 0.346098871875 0.4413217625 0.34027397656249997 0.455097896875 0.34556101875 0.474035221875 0.3595157015625 0.48270110624999996 0.36524766875000003 0.4827819875 0.3885275359375 0.4781060828125 0.397500715625 0.46976372499999997 0.40074193124999996 0.46134048125 0.3951493546875 0.4404740796875 0.388500778125 0.4346059609375
1 0.27271252343749997 0.461843640625 0.2587578359375 0.453177753125 0.251757265625 0.452309065625 0.2361355109375 0.45478330937500006 0.2278198625 0.46005531718750003 0.22107836406249998 0.468044215625 0.21814268281250002 0.47839653593750003 0.21997589999999997 0.48997100781249997 0.225966940625 0.49890947656250006 0.2348471921875 0.5044241296875 0.24534805468749998 0.5057271640625001 0.2600067390625 0.5043941921874999 0.26832238125 0.4991221796875 0.27861063750000004 0.484639121875 0.2790091 0.47271118437500004 0.27271252343749997 0.461843640625
1 0.15351690625 0.4747899578125 0.142404975 0.4696287671875 0.1264776828125 0.47017393125 0.1178565 0.4735168640625 0.103410425 0.4906359296875 0.1093085375 0.5134314109375 0.12326322187500001 0.52209729375 0.128995190625 0.522178175 0.1500433765625 0.517855734375 0.1609427 0.5072308328124999 0.1641839140625 0.49880759062499996 0.161739625 0.483374959375 0.15351690625 0.4747899578125
1 0.646014053125 0.406673425 0.6279015453125 0.40064354687500003 0.6058902875000001 0.406107259375 0.593981428125 0.424801940625 0.59612018125 0.4383054921875 0.601805684375 0.44531487812500004 0.6132231531250001 0.45240515 0.6237240125 0.4537081859375 0.62945598125 0.453789065625 0.64639280625 0.44517412187499994 0.6560699859375 0.4268329046875 0.6513940218750001 0.41175373750000005 0.646014053125 0.406673425
1 0.7604872359375 0.38557645156250003 0.74871776875 0.3834856078125 0.7330960125 0.3859598515625 0.7158071859375 0.39957422343750004 0.7131770421875 0.4118556203125 0.717547475 0.42500571249999997 0.7353079828125 0.43603502031249997 0.761125065625 0.43293473125000004 0.7720243890625 0.42230982812500006 0.775265603125 0.41388658749999996 0.772515778125 0.3965248765625 0.7604872359375 0.38557645156250003
1 0.887952034375 0.374286628125 0.8714601328124999 0.364045128125 0.84498551875 0.3702157671875 0.83053944375 0.38733483125 0.830446515625 0.40119184687500004 0.8335948046875 0.40662562031249994 0.847855025 0.417220584375 0.8561242078125 0.41887708124999995 0.8752462484375 0.41683718281250004 0.8835618953125 0.41156517187499997 0.8954707531249999 0.3928704890625 0.8936375375000001 0.38129601874999997 0.887952034375 0.374286628125
1 0.824953915625 0.46039717968750005 0.8026371203125 0.4639318125 0.787885509375 0.4791218 0.788709190625 0.49876605312500005 0.803274946875 0.51129009375 0.81154413125 0.5129465921875 0.832897853125 0.5105532296875 0.8492700671875 0.4911516234375 0.850279603125 0.48308184687500005 0.8465202421875 0.47378991406250004 0.824953915625 0.46039717968750005
1 0.704443225 0.4794841984375 0.6888214703125 0.481958440625 0.680505828125 0.487230453125 0.6718381796874999 0.49750189218749996 0.670523109375 0.5036425921875 0.6729673968750001 0.5190752234375 0.6786529015625 0.5260846124999999 0.6923020484375 0.53282141875 0.6980340171875 0.5329022984375 0.71046101875 0.531922790625 0.7210083468749999 0.526297315625 0.731296596875 0.51181425625 0.7253984859375 0.489018771875 0.704443225 0.4794841984375
1 0.580784253125 0.4931374453125 0.569014784375 0.49104660312500004 0.5533930296875 0.4935208453125 0.5383358828125 0.5067817531250001 0.535400203125 0.5171340765625 0.5369278828125 0.52677946875 0.5429189234375 0.535717934375 0.5578366781249999 0.5432425515625 0.5814220828125001 0.5404957265625 0.5942475484374999 0.527588278125 0.597488759375 0.5191650390625 0.5953500078125 0.5056614890625 0.580784253125 0.4931374453125
1 0.45519913437500004 0.50907323125 0.4284189828125 0.513314790625 0.41589905 0.5281513140625 0.415806125 0.542008328125 0.419259946875 0.5493711828125 0.43352017031249995 0.55996614375 0.44178934999999997 0.56162264375 0.4628375359375 0.557300203125 0.47535746718749994 0.5424636781250001 0.47483932187500005 0.52474850625 0.47169103437500004 0.5193147312499999 0.45519913437500004 0.50907323125
1 0.346457915625 0.530251090625 0.329614015625 0.5250090171874999 0.316223940625 0.527129796875 0.30790829375 0.5324018078125 0.2959994359375 0.5510964890625 0.300980940625 0.5681047359375 0.3174728390625 0.5783462359375 0.3254364875 0.5780736531249999 0.34425299374999996 0.5741046765625 0.35484678125 0.561550696875 0.35808799687500004 0.553127453125 0.3531064921875 0.5361192078125 0.346457915625 0.530251090625
1 0.21478883437500002 0.551105425 0.20525104375 0.54866111875 0.185165928125 0.5518422890625 0.1704143171875 0.5670322765625 0.1712379984375 0.5866765265625 0.176923503125 0.5936859140624999 0.1918412578125 0.60121053125 0.21319498124999997 0.5988171703125 0.22956720000000003 0.5794155625 0.229660128125 0.565558546875 0.2265118390625 0.560124771875 0.21478883437500002 0.551105425
1 0.1679770765625 0.6455284 0.1584392890625 0.64308409375 0.1405858546875 0.6459118 0.1322702078125 0.6511838125 0.12552870625 0.6591727109375001 0.12259302812499999 0.6695250296874999 0.12788006875 0.6884623546874999 0.1392975359375 0.695552621875 0.1497983953125 0.6968556578125 0.1644570828125 0.6955226859375 0.1727727265625 0.6902506734375 0.18468158437499999 0.6715559921875001 0.1797000796875 0.654547746875 0.1679770765625 0.6455284
1 0.25501962031250003 0.725672084375 0.24613936406249998 0.7201574328125 0.23183268125 0.7164909749999999 0.2142847828125 0.721247759375 0.2062746734375 0.728448846875 0.1991347078125 0.7483656812499999 0.20573681875 0.7611623062499999 0.21492261250000003 0.7686060390625 0.23465572343750002 0.7704243015625 0.24038769062499998 0.77050518125 0.2528611578125 0.7625971640625 0.26253834062500003 0.744255946875 0.2607051234375 0.7326814749999999 0.25501962031250003 0.725672084375
1 0.196132859375 0.816075140625 0.1751775984375 0.8065405671875 0.1553980203125 0.8116508171874999 0.144498696875 0.8222757171874999 0.1412574828125 0.8306989609375 0.1468500578125 0.8515653609375 0.15603585 0.8590090968749999 0.169073925 0.8618877421875 0.18150092812500002 0.860908234375 0.1939743953125 0.8530002218750001 0.20233650781249998 0.8407997 0.20334604218750002 0.8327299234375 0.196132859375 0.816075140625
1 0.3344040515625 0.80801743125 0.326181334375 0.799432428125 0.31060604375 0.7949781609375 0.294984284375 0.7974524046875 0.28251081875 0.8053604218749999 0.276380390625 0.8172074765625 0.275676390625 0.8272063359375 0.2825840359375 0.8419320406249999 0.29400150625 0.8490223078125 0.306734046875 0.849971878125 0.31469769531249997 0.849699296875 0.32940284062499997 0.8414378171875001 0.3342182 0.835731459375 0.338774484375 0.8211675187499999 0.3344040515625 0.80801743125
1 0.429496121875 0.7801027656249999 0.40941100781250006 0.7832839359375 0.4010953640625 0.7885559484375 0.3943538609375 0.7965448421875 0.39141818125 0.8068971656249999 0.393251396875 0.8184716375000001 0.3989369015625 0.8254810234375001 0.41065990625 0.8345003765625 0.41639187343749995 0.8345812578125 0.437745596875 0.8321878953124999 0.446061240625 0.8269158828125001 0.45634949531249996 0.8124328234375 0.45045138125 0.789637340625 0.429496121875 0.7801027656249999
1 0.5690359234375 0.7728328656250001 0.5503123453125001 0.762944828125 0.5302272296874999 0.7661259968749999 0.5219115859375 0.771398009375 0.513549475 0.7835985265625001 0.5131510140625 0.7955264625 0.516910371875 0.80481839375 0.5286333796875 0.8138377406249999 0.5394397750000001 0.8170698546875 0.5540984578125 0.8157368828125 0.5646457859375 0.810111409375 0.571387284375 0.8021225109375001 0.574322965625 0.7917701890625 0.5690359234375 0.7728328656250001
1 0.5922299109375 0.875942728125 0.5782752265625 0.86727684375 0.5642740749999999 0.865539465625 0.54510556875 0.8745078734374999 0.5351228531250001 0.8909200109375 0.5369560703125 0.9024944843749999 0.5429471109375 0.9114329531250001 0.55690179375 0.9200988375 0.5626337625 0.92017971875 0.5795241250000001 0.918493284375 0.58783976875 0.9132212718750001 0.59974863125 0.8945265906250001 0.5982209515625 0.8848811984375 0.5922299109375 0.875942728125
1 0.38360097187500003 0.880312978125 0.3724425765625 0.8820802953125 0.36189525312500004 0.8877057687500001 0.3516069984375 0.9021888296875 0.3575051125 0.9249843125 0.3714597953125 0.933650196875 0.3841923390625 0.9345997687500001 0.402703309375 0.9287017109375 0.41137095312499994 0.9184302687500001 0.41592723906250006 0.9038663281250001 0.403945159375 0.8859893968750001 0.38360097187500003 0.880312978125
1 0.2612570703125 0.8878255234375001 0.2517192828125 0.8853812187500001 0.2357919875 0.88592638125 0.22940248749999997 0.8889158515625001 0.219160696875 0.89647040625 0.2146508765625 0.9041058375000001 0.21578009531250003 0.92567916875 0.23034585000000002 0.9382032109375 0.23861503437499998 0.9398597078125001 0.257737078125 0.9378198109375001 0.2660527203125 0.9325477984375 0.2760354390625 0.916135659375 0.2704428609375 0.8952692546875 0.2612570703125 0.8878255234375001
1 0.22297603124999998 1 0.22262156875 0.9977620093749999 0.21663052968750002 0.98882354375 0.20521306093749997 0.981733271875 0.19344359375 0.9796424328125 0.18228519375000002 0.9814097500000001 0.1717378703125 0.9870352203125 0.1625281515625 1 0.22297603124999998 1
1 0.5023326765625 1 0.5031823921874999 0.9997961078125 0.5179340031249999 0.984606121875 0.5192490750000001 0.9784654234374999 0.5136564984375 0.9575990187500001 0.4997018140625 0.948933134375 0.48793234218750003 0.9468422921874999 0.47038444375 0.9515990796875 0.4614112640625 0.9599414359375 0.45624390468750003 0.9706472234374999 0.4589937296875 0.9880089328125001 0.4672164484375 0.996593934375 0.4805070734375 1 0.5023326765625 1
1 0.710814453125 0.8591382546874999 0.6993969843750001 0.8520479859375 0.6876275125 0.84995714375 0.6742374375 0.8520779234375 0.6659217953125001 0.857349934375 0.655633540625 0.87183299375 0.6586889015625 0.8911237828124999 0.6643744046875 0.8981331703125001 0.678023553125 0.904869978125 0.6859872015625 0.904597396875 0.6917191671875 0.904678275 0.70672985 0.8983458765625001 0.7153974937500001 0.8880744343750001 0.7180276359375 0.8757930359375001 0.710814453125 0.8591382546874999
1 0.8202132078125001 0.8348900468749999 0.7931275203125 0.837202528125 0.78030205 0.8501099703125 0.7770608375 0.8585332140625 0.7823478781250001 0.8774705359375 0.7940708828124999 0.8864898875 0.8023400625000001 0.88814638125 0.8236937843750001 0.88575301875 0.840066003125 0.8663514109375001 0.8404644671874999 0.8544234765625 0.8370106421875001 0.8470606265624999 0.8202132078125001 0.8348900468749999
1 0.930787640625 0.8252866593749999 0.9173975656250001 0.8274074390624999 0.904618559375 0.8333863765625 0.8965619874999999 0.8475159734375 0.8996173484375 0.8668067609375001 0.9053028515625 0.8738161484375 0.9211836812499999 0.88019949375 0.9291473281249999 0.8799269125 0.9457321546875 0.8763113984374999 0.9621043734375 0.8569097890625 0.9562062609374999 0.8341143046875 0.9425571078124999 0.8273775000000001 0.930787640625 0.8252866593749999
1 0.9232154093749999 0.7197025515625 0.8945091156249999 0.7262266546875 0.885841471875 0.7364980921875001 0.88290579375 0.7468504140625 0.8844334734375 0.75649580625 0.8929617249999999 0.767009890625 0.906610878125 0.773746696875 0.91234284375 0.7738275781249999 0.9247698468750001 0.7728480671875 0.9397805312499999 0.7665156703125 0.9497632453125 0.75010353125 0.943865134375 0.727308046875 0.9232154093749999 0.7197025515625
1 0.815131728125 0.7378100609375 0.7989453625 0.7294976375 0.7785547125 0.73074973125 0.77023906875 0.7360217390625 0.7599508187499999 0.7505048015625 0.7627006421875 0.7678665078125 0.7683861421875 0.7748758984374999 0.7833039015625001 0.7824005109375001 0.8068892999999999 0.7796536859375001 0.8197147687499999 0.7667462421875 0.8229559828124999 0.7583230000000001 0.8211227671874999 0.746748528125 0.815131728125 0.7378100609375
1 0.696148721875 0.766542471875 0.6901576859375 0.7576040046875 0.6692024265625001 0.74806943125 0.6535806671875 0.7505436750000001 0.6411072 0.7584516890625 0.6349767734375 0.7702987453125 0.6345783093749999 0.7822266812499999 0.6380321328125 0.7895895312500001 0.65832985625 0.8021944546875 0.679683575 0.79980109375 0.6879992234375 0.7945290859374999 0.6947407265625001 0.7865401859375 0.697676403125 0.7761878671875 0.696148721875 0.766542471875
1 0.9179874953124999 0.5494793359375 0.9037272765625 0.5388843718749999 0.8833366234375 0.5401364640625 0.8702520859374999 0.544186321875 0.8574266171874999 0.5570937640625 0.854185403125 0.5655170046875 0.8560186203125 0.57709148125 0.8645468703124999 0.5876055625000001 0.8804277015625 0.593988903125 0.8906230265625 0.5933628609375 0.904976171875 0.5901008078125 0.9155234999999999 0.5844753328125 0.9219594640625 0.574557359375 0.9217468546875001 0.558771265625 0.9179874953124999 0.5494793359375
1 0.786364878125 0.5634051609374999 0.7768270859374999 0.56096085625 0.7545102906250001 0.5644954890625 0.7400642171875 0.5816145546875 0.7396657531249999 0.59354249375 0.7431195765624999 0.60090534375 0.7551481203125 0.61185376875 0.7634173 0.6135102671875 0.7870027046875 0.6107634421875 0.7979020265625001 0.6001385421875 0.8011432421875 0.5917152984375 0.7983934171875 0.5743535875 0.786364878125 0.5634051609374999
1 0.6721972265625 0.58643121875 0.663668971875 0.5759171375000001 0.643019246875 0.5683116390625 0.6318608515624999 0.5700789546875 0.6213135296875001 0.5757044296875 0.6113308109375 0.5921165687500001 0.6169233875 0.612982975 0.630878075 0.6216488578125 0.6366100390625 0.6217297390625001 0.65573208125 0.619689840625 0.6640477296875 0.6144178296875 0.6707892281250001 0.606428934375 0.6737249078125 0.5960766125 0.6721972265625 0.58643121875
1 0.538389390625 0.5937820031250001 0.524740240625 0.5870451921875001 0.5001917671875 0.5909332890625 0.48574569375000004 0.6080523546875 0.4888010546875 0.62734314375 0.49448655781250006 0.6343525343749999 0.5113304578125 0.6395946046875001 0.5282208203125001 0.63790816875 0.54262043125 0.6277176125 0.54682471875 0.6181530984375 0.5440748953125001 0.6007913890625 0.538389390625 0.5937820031250001
1 0.408692915625 0.6054252828125 0.3969234453125 0.6033344421875 0.37552325937500003 0.6126563140625 0.3674666875 0.626785909375 0.3702165125 0.64414761875 0.3822450515625 0.6550960453125 0.390514234375 0.6567525437499999 0.41186795781249996 0.65435918125 0.42499896093749995 0.6433808171875001 0.4282401765625 0.6349575734374999 0.4226476 0.614091171875 0.408692915625 0.6054252828125
1 0.3015258421875 0.6293200296875 0.2831077984375 0.6213610703125 0.2674860390625 0.6238353140624999 0.256938715625 0.6294607875 0.2501972125 0.6374496859375001 0.24726153750000002 0.64780200625 0.25224304218750004 0.664810253125 0.25762300625 0.6698905640625 0.26873494062500003 0.6750517515625 0.276698584375 0.674779171875 0.2955150921875 0.6708101921875 0.30641441875000003 0.6601852906250001 0.30935009375 0.64983296875 0.307516878125 0.6382584984374999 0.3015258421875 0.6293200296875
1 0.3644183734375 0.7014238781250001 0.352648903125 0.6993330359375001 0.339258828125 0.7014538156250001 0.33094318437500003 0.7067258265625 0.32227553750000004 0.716997265625 0.31964539687500004 0.7292786625 0.3265530421875 0.7440043671875001 0.3379705125 0.7510946390625 0.3462396921875 0.7527511359375 0.3695195609375 0.7480752328125 0.380113346875 0.7355212484375 0.3830490265625 0.725168928125 0.3758358421875 0.708514146875 0.3644183734375 0.7014238781250001
1 0.47346512812499997 0.6821750984375 0.4514538703125 0.687638809375 0.44248068749999997 0.69598116875 0.43923947500000005 0.7044044109375001 0.44198930000000003 0.7217661203125 0.4476748 0.7287755078125 0.4648242390625 0.7359466578125 0.485872421875 0.7316242203125001 0.4967717484375 0.7209993156250001 0.5000129640625001 0.7125760750000001 0.49442038750000006 0.6917096703125 0.47346512812499997 0.6821750984375
1 0.59935578125 0.6681683875 0.5811968109375 0.6690670140625 0.57480730625 0.6720564828125 0.5603612328125 0.6891755484375001 0.56341659375 0.7084663375 0.5837143171875 0.7210712625 0.6072997203125 0.7183244375 0.6217457937499999 0.701205371875 0.6215331859375001 0.685419278125 0.618384896875 0.679985503125 0.59935578125 0.6681683875
1 0.7297097921875 0.6534547546875 0.7176347875 0.6494348328124999 0.6911601734375 0.6556054703124999 0.6792513109375 0.674300153125 0.6810845265625 0.6858746250000001 0.6870755671875 0.69481309375 0.7019933234375 0.7023377078124999 0.7278104062499999 0.69923741875 0.740635871875 0.686329975 0.73950665625 0.6647566453125 0.7363583671875 0.6593228734375 0.7297097921875 0.6534547546875
1 0.8371359390625001 0.6384175953125 0.8285147578125001 0.6417605281250001 0.8176154359375 0.6523854296875 0.8143742203125001 0.6608086734375 0.81712404375 0.67817038125 0.8313842656249999 0.6887653453125 0.8396534484375 0.6904218421875 0.8610071703125 0.688028478125 0.8760643171875 0.6747675703125 0.8746295609375 0.6512651640625 0.8530632328125 0.63787243125 0.8371359390625001 0.6384175953125