1 0.1289062484375 0.0950399359375 0.12011718593750001 0.08447994375 0.1025390625 0.07978661249999999 0.0947265625 0.0821332796875 0.083984375 0.09269327187500001 0.080078125 0.09973326875 0.078125 0.1185065890625 0.080078125 0.12789325 0.0869140625 0.1384532421875 0.1025390625 0.147839903125 0.109375 0.14666657031250002 0.1181640625 0.1431465703125 0.130859375 0.12789325 0.1328125 0.104426596875 0.1289062484375 0.0950399359375
1 0.2802734375 0.0891732765625 0.2724609375 0.08447994375 0.2529296859375 0.08447994375 0.2382812484375 0.10207993281250001 0.236328125 0.1255465828125 0.240234375 0.1349332421875 0.2529296859375 0.147839903125 0.2734375 0.14666657031250002 0.287109375 0.13258657812500002 0.291015625 0.12085325312499999 0.291015625 0.10911992968749999 0.2802734375 0.0891732765625
1 0.4345703140625 0.08447994375 0.4150390625 0.08447994375 0.4072265625 0.0891732765625 0.3984375 0.10207993281250001 0.396484375 0.12789325 0.400390625 0.1372799109375 0.4150390625 0.1501865671875 0.4335937515625 0.149013234375 0.4443359375 0.14079990625 0.451171875 0.12789325 0.451171875 0.104426596875 0.4345703140625 0.08447994375
1 0.615234375 0.10911992968749999 0.611328125 0.09973326875 0.6025390625 0.0891732765625 0.5927734375 0.08447994375 0.5830078140625 0.08447994375 0.5732421859375 0.0891732765625 0.564453125 0.09973326875 0.560546875 0.10677326093749999 0.5585937515625 0.1255465828125 0.564453125 0.139626575 0.5712890625 0.147839903125 0.5791015625 0.15253323125 0.595703125 0.1513599 0.6025390625 0.147839903125 0.611328125 0.1372799109375 0.615234375 0.12789325 0.615234375 0.10911992968749999
1 0.7685546859375 0.09151994062499999 0.7509765625 0.0868266078125 0.7373046859375 0.09151994062499999 0.728515625 0.10207993281250001 0.724609375 0.11146659375000001 0.724609375 0.13258657812500002 0.7392578140625 0.15253323125 0.7451171859375 0.1548798953125 0.755859375 0.1537065640625 0.7626953140625 0.15253323125 0.7773437515625 0.1372799109375 0.779296875 0.10677326093749999 0.7685546859375 0.09151994062499999
1 0.1943359375 0.14079990625 0.1748046859375 0.1384532421875 0.1669921859375 0.1431465703125 0.158203125 0.15605323124999998 0.15625 0.1818665453125 0.162109375 0.19359987343750001 0.1708984375 0.2018132015625 0.1767578140625 0.20415986562500002 0.189453125 0.2029865328125 0.205078125 0.1912532046875 0.208984375 0.1818665453125 0.208984375 0.1583998953125 0.1943359375 0.14079990625
1 0.3710937515625 0.1654398921875 0.3603515625 0.1454932390625 0.3525390625 0.14079990625 0.3349609375 0.14079990625 0.3271484375 0.1454932390625 0.318359375 0.1583998953125 0.3164062484375 0.1630932234375 0.3164062484375 0.1842132125 0.3291015625 0.2018132015625 0.3408203140625 0.2065065296875 0.3476562484375 0.20533319843750003 0.3564453140625 0.2018132015625 0.3671875 0.188906540625 0.3710937515625 0.17951988125 0.3710937515625 0.1654398921875
1 0.5224609375 0.1454932390625 0.5146484375 0.14079990625 0.4970703140625 0.14079990625 0.4892578140625 0.1454932390625 0.4804687515625 0.1583998953125 0.478515625 0.1630932234375 0.478515625 0.1842132125 0.484375 0.1959465375 0.4931640625 0.20415986562500002 0.5029296859375 0.20885319375 0.509765625 0.20767986249999998 0.5263671859375 0.19711986875 0.53125 0.188906540625 0.533203125 0.1630932234375 0.5224609375 0.1454932390625
1 0.6914062484375 0.15605323124999998 0.6826171859375 0.1454932390625 0.6767578140625 0.1431465703125 0.6533203140625 0.1454932390625 0.6445312484375 0.15605323124999998 0.640625 0.1654398921875 0.638671875 0.1842132125 0.6494140625 0.20415986562500002 0.6630859375 0.2111998578125 0.6757812484375 0.2100265265625 0.6914062484375 0.1959465375 0.697265625 0.17951988125 0.6953125 0.1654398921875 0.6914062484375 0.15605323124999998
1 0.126953125 0.2100265265625 0.12011718593750001 0.19946653281249999 0.11230468593750001 0.19477320468749998 0.09863281406249999 0.1924265375 0.08886718593750001 0.19711986875 0.080078125 0.20767986249999998 0.07421875156249999 0.22879984687500002 0.078125 0.2428798390625 0.0869140625 0.255786496875 0.09667968593750001 0.260479828125 0.107421875 0.25930649687499996 0.1162109375 0.255786496875 0.126953125 0.2428798390625 0.130859375 0.22410651874999998 0.126953125 0.2100265265625
1 0.287109375 0.21237319375000002 0.2763671859375 0.19946653281249999 0.2568359375 0.19711986875 0.2509765625 0.19946653281249999 0.240234375 0.21237319375000002 0.236328125 0.2217598546875 0.236328125 0.24053317500000002 0.240234375 0.24991983593749997 0.2490234375 0.260479828125 0.2587890625 0.26517315625000004 0.267578125 0.263999825 0.283203125 0.2546131640625 0.291015625 0.23583984375 0.291015625 0.22410651874999998 0.287109375 0.21237319375000002
1 0.447265625 0.21237319375000002 0.4384765625 0.2018132015625 0.4306640625 0.19711986875 0.4169921859375 0.19711986875 0.400390625 0.2100265265625 0.396484375 0.2194131859375 0.3945312484375 0.23583984375 0.3984375 0.24757316718750003 0.4091796859375 0.260479828125 0.4189453140625 0.26517315625000004 0.427734375 0.263999825 0.4365234375 0.260479828125 0.4492187515625 0.245226503125 0.451171875 0.22410651874999998 0.447265625 0.21237319375000002
1 0.611328125 0.217066521875 0.5966796859375 0.2018132015625 0.5908203140625 0.19946653281249999 0.5751953140625 0.2018132015625 0.5585937515625 0.2217598546875 0.5585937515625 0.24757316718750003 0.5751953140625 0.26517315625000004 0.5810546859375 0.2675198203125 0.59375 0.26634648906249997 0.5986328140625 0.26517315625000004 0.609375 0.2522665 0.6132812484375 0.2428798390625 0.611328125 0.217066521875
1 0.779296875 0.2264531828125 0.775390625 0.217066521875 0.7607421859375 0.20415986562500002 0.7431640625 0.20415986562500002 0.7392578140625 0.2065065296875 0.7265625 0.2194131859375 0.7226562484375 0.2334931796875 0.724609375 0.2522665 0.7304687515625 0.2616531609375 0.7412109375 0.2698664890625 0.751953125 0.2710398203125 0.7646484375 0.2675198203125 0.775390625 0.2546131640625 0.779296875 0.245226503125 0.779296875 0.2264531828125
1 0.2070312484375 0.26869315625 0.1923828140625 0.25109316718749997 0.1708984375 0.25109316718749997 0.15625 0.26869315625 0.154296875 0.27573315 0.15625 0.2968531375 0.1650390625 0.30975979531250003 0.1728515625 0.3144531265625 0.189453125 0.313279790625 0.1943359375 0.312106459375 0.205078125 0.29919980156250003 0.208984375 0.2898131421875 0.2070312484375 0.26869315625
1 0.3710937515625 0.27807981718749997 0.3583984375 0.25813316406250003 0.3486328140625 0.2534398328125 0.3388671859375 0.2534398328125 0.322265625 0.263999825 0.3164062484375 0.27573315 0.314453125 0.287466478125 0.318359375 0.30389313125 0.3291015625 0.316799790625 0.345703125 0.3203197875 0.3564453140625 0.316799790625 0.3671875 0.3062397984375 0.3710937515625 0.2945064703125 0.3710937515625 0.27807981718749997
1 0.525390625 0.26869315625 0.5126953140625 0.25813316406250003 0.4931640625 0.25813316406250003 0.4804687515625 0.2710398203125 0.4765625 0.28042648125 0.478515625 0.3085864625 0.4931640625 0.32149311875 0.4990234375 0.32383978281250003 0.5117187515625 0.3226664515625 0.5273437515625 0.3085864625 0.53125 0.29919980156250003 0.53125 0.28042648125 0.525390625 0.26869315625
1 0.693359375 0.27807981718749997 0.6826171859375 0.2628264921875 0.6748046859375 0.25813316406250003 0.6591796859375 0.25813316406250003 0.642578125 0.273386484375 0.638671875 0.28277314531250003 0.638671875 0.3015464671875 0.6445312484375 0.313279790625 0.6552734375 0.32383978281250003 0.6611328140625 0.32618645156250003 0.673828125 0.32501311875 0.6806640625 0.32149311875 0.6914062484375 0.3085864625 0.693359375 0.30389313125 0.693359375 0.27807981718749997
1 0.1181640625 0.312106459375 0.1103515625 0.30741313125 0.0947265625 0.30741313125 0.0869140625 0.312106459375 0.078125 0.32501311875 0.076171875 0.3320531125 0.078125 0.355519765625 0.0927734375 0.3707730890625 0.11328124843750001 0.36959975312500004 0.126953125 0.355519765625 0.130859375 0.34613310468749997 0.1289062484375 0.3273597828125 0.1181640625 0.312106459375
1 0.2763671859375 0.30975979531250003 0.2685546859375 0.30741313125 0.2509765625 0.30975979531250003 0.244140625 0.315626459375 0.236328125 0.3320531125 0.2382812484375 0.355519765625 0.2470703140625 0.368426421875 0.2548828140625 0.373119753125 0.2734375 0.37194642187500004 0.2890625 0.3531731 0.291015625 0.33674644374999996 0.287109375 0.3226664515625 0.2763671859375 0.30975979531250003
1 0.451171875 0.3343997796875 0.4384765625 0.316799790625 0.4287109375 0.312106459375 0.4189453140625 0.312106459375 0.4091796859375 0.316799790625 0.3984375 0.32970644843749997 0.396484375 0.3343997796875 0.396484375 0.3578664296875 0.4091796859375 0.3754664171875 0.4208984375 0.380159746875 0.427734375 0.3789864140625 0.4345703140625 0.37781308281250003 0.4492187515625 0.36021309375 0.451171875 0.355519765625 0.451171875 0.3343997796875
1 0.6132812484375 0.341439771875 0.611328125 0.3343997796875 0.5986328140625 0.31914645468749997 0.5810546859375 0.316799790625 0.5712890625 0.32149311875 0.560546875 0.3343997796875 0.5585937515625 0.3390931078125 0.5585937515625 0.36255976093750003 0.5693359375 0.37781308281250003 0.5830078140625 0.384853078125 0.5898437515625 0.383679746875 0.6025390625 0.37781308281250003 0.609375 0.36959975312500004 0.6132812484375 0.36021309375 0.6132812484375 0.341439771875
1 0.791015625 0.34613310468749997 0.787109375 0.33674644374999996 0.7724609375 0.32383978281250003 0.7568359375 0.32383978281250003 0.7470703140625 0.328533115625 0.7382812484375 0.3390931078125 0.734375 0.35082643281250003 0.734375 0.36255976093750003 0.7382812484375 0.3742930859375 0.7490234375 0.38719974218750003 0.763671875 0.3907197421875 0.7763671859375 0.38719974218750003 0.7890625 0.37194642187500004 0.791015625 0.364906425 0.791015625 0.34613310468749997
1 0.1982421859375 0.3660797578125 0.1904296859375 0.36138642499999996 0.1728515625 0.36138642499999996 0.158203125 0.37663975 0.154296875 0.3860264109375 0.154296875 0.40245306718749996 0.1650390625 0.42005305625 0.1728515625 0.424746384375 0.189453125 0.42357305156249997 0.1962890625 0.42005305625 0.208984375 0.40479973124999996 0.2070312484375 0.3789864140625 0.1982421859375 0.3660797578125
1 0.3710937515625 0.397759734375 0.369140625 0.3954130703125 0.369140625 0.383679746875 0.3564453140625 0.368426421875 0.3349609375 0.3660797578125 0.3271484375 0.3707730890625 0.3164062484375 0.3860264109375 0.314453125 0.39306640625 0.3164062484375 0.411839728125 0.322265625 0.42357305156249997 0.3330078140625 0.43178638124999996 0.3515625 0.43061304843750003 0.3603515625 0.424746384375 0.369140625 0.411839728125 0.369140625 0.400106403125 0.3710937515625 0.397759734375
1 0.533203125 0.397759734375 0.5273437515625 0.383679746875 0.5185546859375 0.3754664171875 0.5146484375 0.373119753125 0.4970703140625 0.373119753125 0.4892578140625 0.37781308281250003 0.4804687515625 0.38837307499999996 0.4765625 0.40949306406249997 0.4804687515625 0.42357305156249997 0.4892578140625 0.43413304531249997 0.4990234375 0.4388263765625 0.509765625 0.43765304531250004 0.5166015625 0.436479709375 0.5273437515625 0.4259197171875 0.533203125 0.40949306406249997 0.533203125 0.397759734375
1 0.701171875 0.3954130703125 0.697265625 0.3860264109375 0.6865234375 0.3754664171875 0.6826171859375 0.373119753125 0.6650390625 0.373119753125 0.646484375 0.3954130703125 0.6445312484375 0.40245306718749996 0.646484375 0.4188797234375 0.6572265625 0.43413304531249997 0.6650390625 0.4388263765625 0.6835937515625 0.43765304531250004 0.6904296859375 0.43413304531249997 0.697265625 0.42357305156249997 0.701171875 0.41418639218750003 0.701171875 0.3954130703125
1 0.130859375 0.4446930375 0.125 0.43061304843750003 0.1162109375 0.4223997203125 0.11230468593750001 0.42005305625 0.0927734375 0.42005305625 0.078125 0.43530637656250004 0.076171875 0.46111969375 0.078125 0.468159690625 0.0869140625 0.47871968281250005 0.0947265625 0.48341301562499994 0.109375 0.48223967968750003 0.11425781406249999 0.48106634687499994 0.126953125 0.4658130265625 0.130859375 0.45407969843749996 0.130859375 0.4446930375
1 0.2705078140625 0.4223997203125 0.2646484375 0.42005305625 0.2509765625 0.4223997203125 0.234375 0.4423463734375 0.232421875 0.44938636875000004 0.234375 0.4658130265625 0.240234375 0.47754635 0.2490234375 0.4857596796875 0.2695312484375 0.484586346875 0.283203125 0.47285301874999996 0.2890625 0.45407969843749996 0.287109375 0.4423463734375 0.2705078140625 0.4223997203125
1 0.4492187515625 0.439999709375 0.4404296859375 0.42943971718749996 0.4326171859375 0.424746384375 0.4169921859375 0.424746384375 0.4091796859375 0.42943971718749996 0.400390625 0.439999709375 0.396484375 0.45173303281250005 0.396484375 0.4658130265625 0.400390625 0.47519968593749995 0.4091796859375 0.4857596796875 0.4169921859375 0.4904530078125 0.431640625 0.48927967499999997 0.4365234375 0.48810634375 0.4492187515625 0.47285301874999996 0.451171875 0.4470397046875 0.4492187515625 0.439999709375
1 0.619140625 0.45173303281250005 0.6064453140625 0.43413304531249997 0.5986328140625 0.42943971718749996 0.5849609375 0.42943971718749996 0.5771484375 0.43413304531249997 0.5664062484375 0.4470397046875 0.564453125 0.47285301874999996 0.5751953140625 0.4904530078125 0.5849609375 0.49514633906250005 0.599609375 0.4939730078125 0.6044921859375 0.492799671875 0.6171875 0.47754635 0.619140625 0.47285301874999996 0.619140625 0.45173303281250005
1 0.796875 0.4470397046875 0.7880859375 0.4388263765625 0.7685546859375 0.436479709375 0.7568359375 0.4435197046875 0.748046875 0.45407969843749996 0.7460937515625 0.4587730296875 0.7460937515625 0.479893015625 0.7568359375 0.49749300312500006 0.7685546859375 0.504533 0.783203125 0.5033596671875 0.7919921859375 0.49749300312500006 0.8007812484375 0.484586346875 0.802734375 0.4634663578125 0.796875 0.4470397046875
1 0.1904296859375 0.47871968281250005 0.1748046859375 0.47637301875000004 0.1650390625 0.48106634687499994 0.15625 0.4916263390625 0.1523437515625 0.501013 0.1523437515625 0.5197863203125 0.15625 0.52917298125 0.1689453140625 0.5420796421875 0.189453125 0.5409063093750001 0.205078125 0.524479653125 0.2070312484375 0.5197863203125 0.2070312484375 0.4986663359375 0.1904296859375 0.47871968281250005
1 0.3710937515625 0.5080529968749999 0.3671875 0.496319671875 0.3564453140625 0.48341301562499994 0.3369140625 0.48106634687499994 0.3271484375 0.4857596796875 0.3203125 0.4939730078125 0.3164062484375 0.5033596671875 0.3164062484375 0.524479653125 0.3251953140625 0.539732978125 0.3369140625 0.5467729703125 0.3476562484375 0.5455996375 0.3603515625 0.539732978125 0.3671875 0.53151965 0.3710937515625 0.5197863203125 0.3710937515625 0.5080529968749999
1 0.5244140625 0.48341301562499994 0.5166015625 0.48106634687499994 0.5009765625 0.48341301562499994 0.486328125 0.501013 0.484375 0.5080529968749999 0.486328125 0.52917298125 0.5029296859375 0.5467729703125 0.521484375 0.5455996375 0.5302734375 0.539732978125 0.5390625 0.524479653125 0.5390625 0.501013 0.5244140625 0.48341301562499994
1 0.7148437515625 0.5150929921875 0.7109375 0.501013 0.7021484375 0.4904530078125 0.6943359375 0.4857596796875 0.6787109375 0.4857596796875 0.6708984375 0.4904530078125 0.6601562484375 0.5033596671875 0.658203125 0.52917298125 0.6689453140625 0.5467729703125 0.6767578140625 0.5514663015625 0.6875 0.552639634375 0.6962890625 0.5514663015625 0.7070312484375 0.5409063093750001 0.712890625 0.52917298125 0.7148437515625 0.5150929921875
1 0.125 0.5761062828125 0.12109375156249999 0.564372959375 0.11230468593750001 0.5538129671875 0.1025390625 0.549119634375 0.0927734375 0.549119634375 0.08300781406249999 0.5538129671875 0.07421875156249999 0.564372959375 0.0703125 0.5761062828125 0.0703125 0.5901862765625 0.08105468593750001 0.6101329296875 0.08886718593750001 0.6148262609375 0.10546875156249999 0.613652925 0.11230468593750001 0.6101329296875 0.12109375156249999 0.597226271875 0.125 0.58549294375 0.125 0.5761062828125
1 0.2890625 0.5596796312500001 0.283203125 0.5479463015625 0.2744140625 0.539732978125 0.2548828140625 0.537386309375 0.2490234375 0.539732978125 0.2382812484375 0.552639634375 0.234375 0.564372959375 0.234375 0.5761062828125 0.240234375 0.5901862765625 0.2470703140625 0.5983996046875 0.2548828140625 0.6030929328125 0.2695312484375 0.6019196 0.2763671859375 0.5983996046875 0.2851562484375 0.5878396125 0.2890625 0.5761062828125 0.2890625 0.5596796312500001
1 0.4443359375 0.539732978125 0.4365234375 0.537386309375 0.4208984375 0.539732978125 0.408203125 0.552639634375 0.404296875 0.5620262953124999 0.404296875 0.5807996156249999 0.408203125 0.5901862765625 0.4228515625 0.6030929328125 0.4414062484375 0.6019196 0.4482421859375 0.5983996046875 0.458984375 0.5807996156249999 0.458984375 0.5573329625000001 0.4443359375 0.539732978125
1 0.6210937515625 0.5620262953124999 0.6171875 0.5502929703125 0.6103515625 0.54442630625 0.6005859375 0.539732978125 0.5908203140625 0.539732978125 0.5830078140625 0.5420796421875 0.5703125 0.5549862984375 0.5664062484375 0.564372959375 0.5664062484375 0.58549294375 0.5791015625 0.6030929328125 0.5869140625 0.6077862656249999 0.599609375 0.6066129328125001 0.6064453140625 0.6054395968749999 0.619140625 0.5901862765625 0.6210937515625 0.58549294375 0.6210937515625 0.5620262953124999
1 0.7802734375 0.5538129671875 0.7626953140625 0.5538129671875 0.7509765625 0.5608529625 0.744140625 0.5714129546875 0.744140625 0.5995729359374999 0.7460937515625 0.604266265625 0.7607421859375 0.6195195890625 0.7851562484375 0.6183462578125 0.798828125 0.597226271875 0.798828125 0.5761062828125 0.7929687515625 0.564372959375 0.7802734375 0.5538129671875
1 0.1943359375 0.596052940625 0.1767578140625 0.593706271875 0.1669921859375 0.5983996046875 0.158203125 0.608959596875 0.154296875 0.6183462578125 0.154296875 0.6347729140625 0.15625 0.64181290625 0.1689453140625 0.65706623125 0.1748046859375 0.6594128953125 0.189453125 0.6582395640625001 0.1962890625 0.6547195671875 0.208984375 0.637119578125 0.208984375 0.61599959375 0.1943359375 0.596052940625
1 0.376953125 0.613652925 0.3623046859375 0.596052940625 0.3408203140625 0.593706271875 0.326171875 0.6066129328125001 0.322265625 0.61599959375 0.322265625 0.637119578125 0.3388671859375 0.65706623125 0.349609375 0.6582395640625001 0.3623046859375 0.6547195671875 0.375 0.6394662421875 0.376953125 0.6347729140625 0.376953125 0.613652925
1 0.533203125 0.6019196 0.5224609375 0.593706271875 0.5009765625 0.596052940625 0.4921875 0.604266265625 0.486328125 0.61599959375 0.486328125 0.637119578125 0.4921875 0.648852903125 0.5048828140625 0.6594128953125 0.5234375 0.6582395640625001 0.5390625 0.6394662421875 0.541015625 0.6347729140625 0.541015625 0.61599959375 0.533203125 0.6019196
1 0.6962890625 0.60074626875 0.6787109375 0.5983996046875 0.662109375 0.608959596875 0.65625 0.620692921875 0.654296875 0.637119578125 0.6650390625 0.6594128953125 0.6728515625 0.664106228125 0.693359375 0.6629328953125 0.708984375 0.644159575 0.7109375 0.637119578125 0.708984375 0.61599959375 0.6962890625 0.60074626875
1 0.123046875 0.6910928765625 0.1171875 0.6770128843750001 0.1103515625 0.66879955625 0.0947265625 0.664106228125 0.0791015625 0.6711462234375001 0.07421875156249999 0.6770128843750001 0.068359375 0.693439540625 0.068359375 0.705172865625 0.0703125 0.7122128625 0.0791015625 0.7227728546875001 0.0869140625 0.7274661859375 0.1015625 0.72629285 0.1083984375 0.7251195187499999 0.115234375 0.7192528578124999 0.12109375156249999 0.7075195296875 0.123046875 0.6910928765625
1 0.2783203140625 0.65706623125 0.2705078140625 0.6523729031250001 0.2568359375 0.6523729031250001 0.2470703140625 0.65706623125 0.2382812484375 0.6699728875 0.236328125 0.6746662203125 0.236328125 0.6957862046875001 0.240234375 0.705172865625 0.2529296859375 0.718079521875 0.271484375 0.7169061906249999 0.2802734375 0.7110395296875 0.2890625 0.6957862046875001 0.2890625 0.67231955625 0.2783203140625 0.65706623125
1 0.458984375 0.67231955625 0.455078125 0.6629328953125 0.4443359375 0.6500262343750001 0.4248046859375 0.6476795703125 0.4169921859375 0.6523729031250001 0.40625 0.6652795593749999 0.4023437515625 0.6770128843750001 0.4023437515625 0.6863995453125 0.40625 0.6981328687499999 0.4169921859375 0.7110395296875 0.4248046859375 0.7157328578125 0.4335937515625 0.7145595265625 0.4423828140625 0.71338619375 0.455078125 0.6981328687499999 0.458984375 0.688746209375 0.458984375 0.67231955625
1 0.623046875 0.6770128843750001 0.619140625 0.6652795593749999 0.6083984375 0.6547195671875 0.6044921859375 0.6523729031250001 0.5869140625 0.6523729031250001 0.572265625 0.6652795593749999 0.568359375 0.6746662203125 0.5664062484375 0.6910928765625 0.5703125 0.7028262015625 0.5791015625 0.7157328578125 0.5869140625 0.720426190625 0.603515625 0.7192528578124999 0.6103515625 0.7157328578125 0.619140625 0.705172865625 0.623046875 0.6957862046875001 0.623046875 0.6770128843750001
1 0.208984375 0.733332846875 0.1982421859375 0.71338619375 0.1923828140625 0.708692865625 0.1787109375 0.7063461984375 0.1650390625 0.71338619375 0.158203125 0.721599521875 0.154296875 0.7309861828125 0.154296875 0.7497595031250001 0.15625 0.7567995 0.1669921859375 0.76970615625 0.1748046859375 0.7743994843750001 0.185546875 0.773226153125 0.1943359375 0.76970615625 0.205078125 0.7567995 0.208984375 0.7497595031250001 0.208984375 0.733332846875
1 0.3671875 0.721599521875 0.3564453140625 0.7110395296875 0.3525390625 0.708692865625 0.3369140625 0.708692865625 0.3291015625 0.71338619375 0.3203125 0.7239461859375 0.3164062484375 0.733332846875 0.3164062484375 0.7497595031250001 0.3291015625 0.7720528203125 0.3349609375 0.7743994843750001 0.353515625 0.773226153125 0.369140625 0.7544528328125 0.3710937515625 0.7497595031250001 0.3710937515625 0.7309861828125 0.3671875 0.721599521875
1 0.537109375 0.721599521875 0.5283203140625 0.7110395296875 0.5244140625 0.708692865625 0.5048828140625 0.708692865625 0.4970703140625 0.71338619375 0.4882812484375 0.72629285 0.486328125 0.7521061671875 0.4921875 0.7638394921875 0.5029296859375 0.7743994843750001 0.5234375 0.773226153125 0.537109375 0.7591461640625 0.541015625 0.7497595031250001 0.541015625 0.7309861828125 0.537109375 0.721599521875
1 0.701171875 0.72629285 0.6962890625 0.720426190625 0.6865234375 0.71338619375 0.6728515625 0.71338619375 0.6630859375 0.718079521875 0.654296875 0.72863951875 0.6523437515625 0.733332846875 0.6523437515625 0.761492828125 0.65625 0.7708794890624999 0.6669921859375 0.7790928171875 0.6728515625 0.78143948125 0.685546875 0.78026615 0.6943359375 0.7767461531250001 0.701171875 0.7685328250000001 0.7070312484375 0.745066171875 0.701171875 0.72629285
1 0.12109375156249999 0.7990394703125 0.1103515625 0.78378615 0.1005859375 0.7790928171875 0.09082031406249999 0.7790928171875 0.08105468593750001 0.78378615 0.072265625 0.7943461421875 0.068359375 0.8037328015625 0.068359375 0.8248527875 0.08105468593750001 0.8424527765625 0.09082031406249999 0.8471461046875 0.09765624843750001 0.8459727718750001 0.1103515625 0.8401061125 0.119140625 0.8295461156249999 0.12109375156249999 0.8248527875 0.12109375156249999 0.7990394703125
1 0.208984375 0.8436261078125 0.1982421859375 0.82602611875 0.1787109375 0.8189861234375 0.1669921859375 0.82602611875 0.158203125 0.8365861125 0.154296875 0.8459727718750001 0.154296875 0.86474609375 0.1650390625 0.8823460828125 0.1728515625 0.8870394109375 0.1835937515625 0.888212746875 0.1904296859375 0.8870394109375 0.2070312484375 0.869439425 0.208984375 0.86474609375 0.208984375 0.8436261078125
1 0.2851562484375 0.777919484375 0.2685546859375 0.7650128281249999 0.2490234375 0.7673594921875 0.2382812484375 0.78026615 0.234375 0.7896528093749999 0.234375 0.8084261312500001 0.2382812484375 0.8178127906249999 0.2470703140625 0.8283727828125 0.2617187515625 0.8318927828125 0.2744140625 0.8283727828125 0.2851562484375 0.8154661265625001 0.291015625 0.801386134375 0.2851562484375 0.777919484375
1 0.4443359375 0.7720528203125 0.4306640625 0.7650128281249999 0.4208984375 0.7650128281249999 0.4111328140625 0.76970615625 0.4023437515625 0.78026615 0.396484375 0.79669280625 0.396484375 0.8037328015625 0.400390625 0.8154661265625001 0.4091796859375 0.8283727828125 0.4169921859375 0.8330661156250001 0.431640625 0.8318927828125 0.4365234375 0.8307194484375 0.451171875 0.8154661265625001 0.453125 0.7919994734375 0.4443359375 0.7720528203125
1 0.365234375 0.8389327765625 0.3583984375 0.8307194484375 0.3466796859375 0.82602611875 0.3330078140625 0.82602611875 0.3164062484375 0.8436261078125 0.314453125 0.8717860890625 0.3232421859375 0.889386078125 0.3369140625 0.89407940625 0.3476562484375 0.892906075 0.361328125 0.8835194140624999 0.3710937515625 0.86474609375 0.3710937515625 0.8577060968750001 0.365234375 0.8389327765625
1 0.5166015625 0.8330661156250001 0.4931640625 0.8354127796874999 0.478515625 0.8553594328124999 0.4804687515625 0.88117275 0.4951171859375 0.8987727390625 0.515625 0.89759940625 0.5244140625 0.8917327421874999 0.533203125 0.8764794171875 0.533203125 0.85301276875 0.5166015625 0.8330661156250001
1 0.6210937515625 0.79669280625 0.6103515625 0.7767461531250001 0.6025390625 0.7720528203125 0.5830078140625 0.7720528203125 0.568359375 0.7873061453125 0.564453125 0.7990394703125 0.564453125 0.8131194624999999 0.5703125 0.8295461156249999 0.5791015625 0.8377594437500001 0.5849609375 0.8401061125 0.599609375 0.8389327765625 0.6083984375 0.8354127796874999 0.6171875 0.8248527875 0.6210937515625 0.8154661265625001 0.6210937515625 0.79669280625
1 0.703125 0.8577060968750001 0.6923828140625 0.8377594437500001 0.6806640625 0.8307194484375 0.6689453140625 0.8307194484375 0.6523437515625 0.8436261078125 0.646484375 0.8577060968750001 0.646484375 0.8717860890625 0.650390625 0.8835194140624999 0.6591796859375 0.89407940625 0.6669921859375 0.8987727390625 0.6835937515625 0.89759940625 0.6904296859375 0.89407940625 0.6992187515625 0.8835194140624999 0.703125 0.8717860890625 0.703125 0.8577060968750001