1 0.18476815 0.0675598546875 0.184178740625 0.04594185 0.16665075468749999 0.0336251265625 0.1395698921875 0.031255857812499996 0.12212063749999999 0.046394221875 0.1207588296875 0.0619597640625 0.12483149375 0.0721190078125 0.13760590625 0.0820592578125 0.1610790421875 0.0831326 0.17258314375 0.0792376125 0.18476815 0.0675598546875
1 0.24329725624999998 0.0932666390625 0.257433478125 0.08764134999999999 0.26320840156249997 0.078343659375 0.264399984375 0.0647238125 0.2578654234375 0.05434918125 0.2426291140625 0.044193543749999994 0.215548240625 0.0418242734375 0.19843944375 0.053071253124999995 0.19639673124999998 0.07641956562499999 0.2112925890625 0.0904665921875 0.232133603125 0.09327023906250001 0.24329725624999998 0.0932666390625
1 0.33401400312499996 0.0629719078125 0.3187776875 0.052816265625000004 0.2890646984375 0.0521773015625 0.274588025 0.0616939796875 0.2727155375 0.083096596875 0.287441175 0.0990893171875 0.313205978125 0.1023237359375 0.3335820578125 0.09626406875 0.3405485640625 0.0733465328125 0.33401400312499996 0.0629719078125
1 0.386722434375 0.1126767640625 0.3980563078125 0.11072747187500001 0.4125329875 0.1012107984375 0.41652691875 0.0839149484375 0.4019715078125 0.06597653906249999 0.392464371875 0.0612236 0.3752310984375 0.05971588437499999 0.35600085 0.0668560890625 0.350396153125 0.07420808437500001 0.3488641171875 0.0917193234375 0.36358975 0.1077120390625 0.3730968859375 0.11246497656250001 0.386722434375 0.1126767640625
1 0.473864440625 0.12324158125 0.4911434640625 0.11004890625 0.490554053125 0.0884309015625 0.480411759375 0.0767603421875 0.46844273125 0.0717920171875 0.44119163281249996 0.071368440625 0.42637450625 0.0847765 0.42450201875 0.1061791234375 0.42989074687500006 0.1154732109375 0.44415145 0.12260261718750001 0.4676245828125 0.12367595625000001 0.473864440625 0.12324158125
1 0.550013015625 0.1318643046875 0.56448969375 0.12234762968749999 0.568653853125 0.10310609062500001 0.5644109625 0.09489254375 0.549174646875 0.0847369015625 0.5196318843750001 0.08215224531250001 0.505155209375 0.09166891875 0.5006506 0.11480184375 0.5039178828125 0.11998915937500002 0.5204702515624999 0.129279646875 0.5413112671875 0.13208329375 0.550013015625 0.1318643046875
1 0.631425846875 0.13702641875 0.643270396875 0.1292400484375 0.6446322062500001 0.11367450625 0.638267871875 0.10135418593750001 0.6300768015625 0.09573609375 0.6057982828124999 0.089690828125 0.5841061390625 0.0966156484375 0.5750181875 0.11542641093749999 0.57696940625 0.12147887500000001 0.5966188375 0.13790237031250002 0.617459846875 0.1407060140625 0.631425846875 0.13702641875
1 0.7023101765625 0.14910974999999999 0.7141547328125 0.141323378125 0.7200998828125 0.130079996875 0.716537896875 0.1140836796875 0.7062253765625 0.1043588171875 0.6965480140625 0.101551571875 0.669296925 0.10112799531250001 0.6518476718749999 0.11626636093750001 0.652777534375 0.1339929859375 0.6703055203125 0.14630970625 0.6960703234375 0.149544128125 0.7023101765625 0.14910974999999999
1 0.7929354359375 0.148215796875 0.794807921875 0.1268131796875 0.7882733609375 0.11643854843749998 0.7753287171875 0.10844399062500001 0.7480776296875 0.1080204140625 0.73360095 0.1175370921875 0.7273153484375 0.1326718578125 0.7441624296875 0.1527713484375 0.7723891296875001 0.156221159375 0.78372300625 0.15427186406249999 0.7929354359375 0.148215796875
1 0.9422600203125 0.17108293593749999 0.95083729375 0.158109246875 0.9516884234375 0.1483807875 0.9453240890625001 0.13606046562500002 0.930087778125 0.125904825 0.9103926031249999 0.12418172031250001 0.8977426625 0.126996165625 0.8801231859374999 0.144080221875 0.880712596875 0.165698234375 0.8984108031250001 0.1760692609375 0.931731528125 0.1780041546875 0.9422600203125 0.17108293593749999
1 0.9817291046875001 0.20198423124999998 0.9671736921875 0.18404581874999998 0.9402630562500001 0.1797308578125 0.920692359375 0.1907624484375 0.914066303125 0.2097886 0.9358371796875 0.2303188703125 0.9617722093750001 0.23160759999999997 0.9706441890624999 0.2294429171875 0.9801970703125 0.21949546406249998 0.9817291046875001 0.20198423124999998
1 0.904218715625 0.2089270484375 0.9055805250000001 0.19336150624999998 0.8885632156250001 0.1752077078125 0.866576375 0.17132352343749999 0.8392795312500001 0.1856003375 0.8354558265625001 0.2009504921875 0.8477195671875 0.21672782031249999 0.8619802703125 0.22385722812500003 0.88299150625 0.22471518124999998 0.89861401875 0.2162790421875 0.904218715625 0.2089270484375
1 0.84802703125 0.170680959375 0.863309090625 0.1661362078125 0.8717161390625 0.1551082140625 0.8730779468750001 0.139542671875 0.8585225359375 0.1216042625 0.8490154000000001 0.11685132499999999 0.8317821265625 0.11534360937499999 0.8215940875 0.11837344218750001 0.8069471796875 0.129835809375 0.8027830234375 0.1490773484375 0.8150467593749999 0.1648546796875 0.827015796875 0.16982300625 0.84802703125 0.170680959375
1 0.8284105875 0.1964129421875 0.82926171875 0.18668447500000002 0.8147063078125001 0.168746065625 0.8027372796875 0.163777740625 0.7879658968750001 0.16248541249999998 0.7631309515625 0.1769776125 0.7615989171875001 0.19448885 0.7787864515625 0.2106969546875 0.8045512546875001 0.213931378125 0.819833315625 0.209386625 0.8284105875 0.1964129421875
1 0.7369341984375 0.20703535781250001 0.7463168578125 0.199033596875 0.7532833640625001 0.176116059375 0.746748803125 0.165741434375 0.7339743890625 0.15580118125 0.7144494390625 0.152132384375 0.6991673796875 0.156677134375 0.6871525984375 0.1664091953125 0.684939659375 0.1917032046875 0.697543846875 0.2035891484375 0.7306943453125 0.207469734375 0.7369341984375 0.20703535781250001
1 0.6560320546875 0.19603616562499998 0.6731408515624999 0.1847891828125 0.6746728859375 0.1672779515625 0.6681383249999999 0.1569033203125 0.657655578125 0.14912415 0.6356687359375 0.145239965625 0.6136361406249999 0.15605616875 0.6091315296875 0.17918909375 0.619273821875 0.1908596515625 0.635996428125 0.198204446875 0.64223628125 0.19777006875 0.6560320546875 0.19603616562499998
1 0.5945303749999999 0.175951075 0.5965730890625001 0.1526027625 0.579215328125 0.13834034687500002 0.5495023375 0.1377013828125 0.5351958890625 0.1452723640625 0.532223315625 0.1508940578125 0.532812725 0.1725120625 0.5552645 0.1852595609375 0.5738138421875 0.1859021265625 0.5800536953125001 0.1854677484375 0.5945303749999999 0.175951075
1 0.5039051203125 0.1768450265625 0.5183817953125 0.1673283484375 0.522716178125 0.14614112031249998 0.5078203203125 0.13209409218749998 0.498313184375 0.1273411546875 0.48354180312499995 0.1260488265625 0.46167943281249996 0.1349193359375 0.455223603125 0.1519997984375 0.45929626875 0.162159034375 0.47436235781249997 0.1742603703125 0.4976652625 0.1772794015625 0.5039051203125 0.1768450265625
1 0.4303886640625 0.1664919984375 0.442403440625 0.1567599328125 0.44656759843750005 0.13751839375 0.42708839374999996 0.1191492078125 0.4124872375 0.11591118593750001 0.3973754046875 0.11851024375000001 0.3828987296875 0.12802691718749998 0.3790750234375 0.14337707187499998 0.3864149703125 0.15872362812500002 0.398213771875 0.1656376453125 0.41659288906249997 0.1682259046875 0.4303886640625 0.1664919984375
1 0.3534017109375 0.110741871875 0.32649107499999996 0.10642691093750001 0.30445847812500004 0.11724311406250001 0.302415765625 0.1405914265625 0.310266384375 0.15010090468749998 0.322065196875 0.1570149234375 0.3455383296875 0.158088265625 0.3665953125 0.144245828125 0.3681273484375 0.12673458906249999 0.3534017109375 0.110741871875
1 0.2733379359375 0.1468700828125 0.287814609375 0.137353409375 0.29163831562500003 0.12200325468749999 0.28756565156249997 0.1118440125 0.274961459375 0.09995806874999999 0.255436509375 0.096289271875 0.23769255781249998 0.10061863281250001 0.228480125 0.10667469843749999 0.2264374125 0.1300230109375 0.243795171875 0.1442854265625 0.2646361796875 0.1470890734375 0.2733379359375 0.1468700828125
1 0.188317375 0.1404120421875 0.20886368125 0.1324066796875 0.2146386046875 0.1231089953125 0.2158301875 0.10948914375 0.21158729687500002 0.10127559531250001 0.1940593171875 0.0889588765625 0.1668082171875 0.0885353 0.15513389375 0.09437598124999999 0.1495291953125 0.101727975 0.147826934375 0.12118490312500001 0.1602609015625 0.1350165390625 0.1697680375 0.1397694765625 0.188317375 0.1404120421875
1 0.148449328125 0.1849583859375 0.1655581296875 0.1737114078125 0.1676008421875 0.1503630953125 0.1597502234375 0.1408536171875 0.1502430859375 0.1361006796875 0.128256234375 0.13221649375 0.11806819531249999 0.1352463265625 0.1058831921875 0.1469240828125 0.10435115625 0.16443532031250002 0.11873633750000001 0.184319421875 0.1321916609375 0.1864769046875 0.148449328125 0.1849583859375
1 0.241536484375 0.1842798234375 0.243579196875 0.1609315109375 0.22622143593750002 0.1466690953125 0.2016024671875 0.1445152140625 0.182201996875 0.1536011125 0.180159284375 0.17694942656249998 0.187839678125 0.1884045953125 0.197346815625 0.193157534375 0.21572593125 0.1957457890625 0.232153825 0.19228158125 0.241536484375 0.1842798234375
1 0.3032083890625 0.202419221875 0.31242081875 0.196363153125 0.3181957421875 0.18706546875000002 0.31955754999999997 0.1714999265625 0.302370021875 0.15529181875 0.28021294375 0.153353325 0.270024903125 0.156383159375 0.25537800312500003 0.1678455265625 0.256307865625 0.1855721515625 0.27366562499999997 0.1998345640625 0.294506634375 0.20263820781250003 0.3032083890625 0.202419221875
1 0.35685944375 0.2129948375 0.3754087828125 0.2136374 0.39086106875 0.20714695781249998 0.39943834218749996 0.19417327499999998 0.400119246875 0.1863905046875 0.38785550468749996 0.170613171875 0.376056703125 0.163699153125 0.3637472140625 0.1626222125 0.3460032625 0.166951575 0.3367908296875 0.1730076421875 0.330845678125 0.1842510234375 0.33245644531249996 0.194194871875 0.340307065625 0.20370434999999998 0.35685944375 0.2129948375
1 0.476438053125 0.193067534375 0.461712415625 0.1770748140625 0.42724585781249996 0.17405938125 0.40979660781250005 0.1891977453125 0.412847915625 0.2110311453125 0.43300801875 0.221617559375 0.4515573625 0.2222601265625 0.4628912359375 0.22031083125 0.47227389375 0.2123090734375 0.476438053125 0.193067534375
1 0.548082021875 0.22482317968749999 0.55241640625 0.20363595 0.5504651875000001 0.19758348125 0.5353990984375 0.18548214999999998 0.51833605 0.18202874062500002 0.505686109375 0.1848431859375 0.491209434375 0.19435986249999998 0.48933694843750003 0.2157624796875 0.4994792421875 0.22743303906249998 0.513739946875 0.2345624453125 0.5249035953125001 0.23455884375 0.548082021875 0.22482317968749999
1 0.5893906062500001 0.1921663796875 0.5673580140625 0.20298258281249998 0.5631938562500001 0.22222412187499999 0.5802111609375 0.2403779234375 0.6059759671875 0.2436123453125 0.6266925 0.23366129375 0.6308566578125 0.21441975468750002 0.6138393484375 0.196265953125 0.5893906062500001 0.1921663796875
1 0.6899879343750001 0.20488867656249998 0.665539190625 0.20078910312499998 0.64350659375 0.21160530937500002 0.6372209921875001 0.226740075 0.6391722125 0.2327925390625 0.6586514125 0.2511617265625 0.6845864453125 0.252450453125 0.70284108125 0.2422840140625 0.7070052375 0.2230424734375 0.6899879343750001 0.20488867656249998
1 0.776017084375 0.25652842656249997 0.7851050359375 0.2377176640625 0.7812026000000001 0.22561273124999998 0.7685984125 0.21372678750000002 0.7492436890625 0.20811229843749998 0.722287296875 0.218497728125 0.713369571875 0.2353627953125 0.7277547531249999 0.2552469 0.7507172125 0.2621573171875 0.7618808578125 0.26215371875 0.776017084375 0.25652842656249997
1 0.8418074000000001 0.2701266765625 0.8547977890625 0.2634208453125 0.8604024859375 0.25606885 0.8598130765625 0.2344508453125 0.8470386624999999 0.2245105921875 0.8326077328125001 0.219326878125 0.810110203125 0.2212797703125 0.7952930765625 0.23468783124999998 0.7942717203125 0.2463619875 0.798514609375 0.25457553437499997 0.8063652296875 0.26408501093750003 0.815872365625 0.2688379484375 0.8418074000000001 0.2701266765625
1 0.9363808406249999 0.2666372671875 0.937912875 0.249126034375 0.933669984375 0.2409124875 0.9136801015625 0.22838037656250001 0.88872068125 0.23011788125 0.8740737812500001 0.24158024843749998 0.8746631890625001 0.2631982609375 0.8872673828125001 0.2750842046875 0.9179559796874999 0.278749403125 0.9268279609375 0.2765847203125 0.9363808406249999 0.2666372671875
1 0.9688834171874999 0.3204561 0.9681237812499999 0.300783784375 0.9507660265625001 0.28652137187500004 0.9261470562499999 0.2843674921875 0.9092084796875 0.2936687796875 0.90360378125 0.301020775 0.9047038687500001 0.31680170625000004 0.9217211781250001 0.334955503125 0.9499478781249999 0.3384053109375 0.9603061437499999 0.33342978749999996 0.9688834171874999 0.3204561
1 0.8839543515624999 0.2845972796875 0.864940078125 0.27509140312499997 0.842442559375 0.277044296875 0.8277956546875 0.2885066640625 0.8260933937500001 0.307963590625 0.84574281875 0.3243870875 0.871677853125 0.3256758171875 0.887300365625 0.317239678125 0.8918049765625 0.294106753125 0.8839543515624999 0.2845972796875
1 0.7984688656250001 0.2692759265625 0.7864998265625001 0.26430760000000003 0.774020121875 0.26517635156249997 0.7518173 0.27793824843750004 0.7476531421875 0.2971797875 0.76713234375 0.3155489765625 0.790435253125 0.3185680109375 0.8111517859375 0.308616959375 0.81548616875 0.2874297234375 0.7984688656250001 0.2692759265625
1 0.7349244734375 0.2725391453125 0.7198583890625 0.2604378140625 0.7003334390625 0.2567690171875 0.6758389453125 0.26736983125 0.6718450140625001 0.28466568125 0.6886920921875 0.304765171875 0.711995003125 0.30778420624999997 0.7350032046874999 0.2999942328125 0.7391673625 0.2807526921875 0.7349244734375 0.2725391453125
1 0.6383083187499999 0.29937686874999997 0.6471803 0.2972121890625 0.6591950765625 0.2874801265625 0.6608973375 0.2680232 0.6460014796875 0.253976171875 0.63649434375 0.249223234375 0.6241848531249999 0.24814629375 0.59722846875 0.2585317234375 0.5912833187500001 0.2697751046875 0.5928940859375 0.279718953125 0.6053280453125 0.2935505921875 0.6148351812499999 0.29830352968749996 0.6383083187499999 0.29937686874999997
1 0.5805846 0.2786420125 0.58457853125 0.26134616875 0.567561228125 0.24319236875 0.5482065046875 0.23757787812500003 0.53292444375 0.24212262812500002 0.5184477640625 0.2516393046875 0.5167455046875 0.2710962328125 0.5388568328125001 0.2877351140625 0.5572359437500001 0.290323371875 0.571201940625 0.28664377343749997 0.5805846 0.2786420125
1 0.504606246875 0.268073596875 0.5084299515625 0.2527234421875 0.4914126421875 0.2345696453125 0.47205792031250005 0.2289551546875 0.45431396875 0.23328451718749998 0.445101534375 0.23934058125000002 0.44076715 0.2605278171875 0.4554927875 0.276520534375 0.4837194875 0.2799703453125 0.49259146249999997 0.2778056625 0.504606246875 0.268073596875
1 0.42336364531250004 0.26096579062499997 0.42998970156249994 0.2419396390625 0.42803848125000005 0.235887175 0.4129723921875 0.223785840625 0.3985414625 0.2186021265625 0.37833560781250003 0.22271610000000003 0.363858934375 0.232232775 0.3623269 0.24974401249999997 0.3724691953125 0.26141456875 0.3939453578125 0.27113583124999996 0.4001852171875 0.2707014546875 0.42336364531250004 0.26096579062499997
1 0.3380026390625 0.2583991359375 0.350017415625 0.2486670734375 0.351719675 0.2292101453125 0.34386905156249997 0.2197006671875 0.3320702484375 0.21278665000000002 0.31237507343750004 0.2110635453125 0.2906829296875 0.2179883625 0.2849080046875 0.227286053125 0.28583786718750004 0.245012671875 0.2936884921875 0.25452215 0.321574740625 0.261863346875 0.3380026390625 0.2583991359375
1 0.2536299984375 0.2020028453125 0.23885861562500002 0.20071051718750002 0.22111465312499998 0.20503987812500002 0.21173199999999998 0.2130416390625 0.21181073125 0.24049672656249999 0.2296791703125 0.24892205937499998 0.258076096875 0.250426175 0.2738688359375 0.24004434687499998 0.275741321875 0.2186417296875 0.2536299984375 0.2020028453125
1 0.1438532234375 0.23749209062499999 0.15828415468749998 0.2426758046875 0.166985909375 0.242456815625 0.180781684375 0.24072291250000002 0.1924560078125 0.23488223593750002 0.20086305625 0.22385424375000001 0.20188441250000003 0.2121800875 0.1999331921875 0.2061276171875 0.180113540625 0.19164981718750002 0.1579564625 0.18971132500000001 0.138726221875 0.1968515296875 0.1303191734375 0.20787952187499997 0.12946804375 0.2176079890625 0.13354070625 0.2277672265625 0.1438532234375 0.23749209062499999
1 0.1371356796875 0.28591902343750003 0.146518334375 0.277917265625 0.15119317031249999 0.25283864375 0.140880653125 0.24311378125 0.119234253125 0.23533821093750001 0.1041224203125 0.23793726718750002 0.09227786875 0.245723640625 0.0856518140625 0.2647497921875 0.08955425156249999 0.276854725 0.09757510312499999 0.28441850625 0.125801803125 0.2878683171875 0.1371356796875 0.28591902343750003
1 0.21557593125 0.2967028265625 0.22478835937500002 0.290646759375 0.2294631953125 0.26556814375000004 0.221612571875 0.2560586671875 0.212105434375 0.251305728125 0.1925804859375 0.24763693125000003 0.168256221875 0.25629205625 0.162651525 0.2636440515625 0.1632409359375 0.28526205625 0.175845128125 0.297148003125 0.1991480328125 0.300167034375 0.21557593125 0.2967028265625
1 0.303909515625 0.2936477921875 0.3056117765625 0.27419086406250004 0.2905456859375 0.2620895328125 0.2785766578125 0.2571212078125 0.253447009375 0.2608044046875 0.23862987812499997 0.27421246718750003 0.23955974218749998 0.29193908749999997 0.24609430156249998 0.30231371875 0.2679109234375 0.30814359687500004 0.29172450625 0.30532555 0.303909515625 0.2936477921875
1 0.37971764218750004 0.30616190312499997 0.38141990312499996 0.28670497500000003 0.36194070312500004 0.2683357875 0.3371515078125 0.2681276 0.322845053125 0.2756985796875 0.31724035625 0.28305057499999997 0.31604877343750004 0.296670428125 0.3281422875 0.31439344999999996 0.358830884375 0.3180586453125 0.367702865625 0.315893965625 0.37971764218750004 0.30616190312499997
1 0.45306387499999995 0.3184606203125 0.459689928125 0.29943446875 0.45217975624999995 0.286033609375 0.44038095468750005 0.279119590625 0.4257797984375 0.2758815703125 0.40803583593750004 0.28021093124999996 0.39619128593749997 0.2879973046875 0.394489025 0.30745423125000004 0.40102358593750004 0.31782885625 0.41396822499999997 0.32582341718749996 0.4374413625 0.32689675937499996 0.45306387499999995 0.3184606203125
1 0.515200709375 0.345463334375 0.5267048078125 0.34156834687500004 0.5387195890625 0.331836284375 0.5407623015625 0.308487971875 0.5260366656250001 0.2924952515625 0.5165295296875 0.2877423140625 0.49929625624999996 0.2862345984375 0.4776041109375 0.2931594140625 0.47199941250000005 0.300511409375 0.4699567 0.32385972343749997 0.4741995890625 0.3320732703125 0.491727571875 0.3443899921875 0.515200709375 0.345463334375
1 0.61674065625 0.3190563875 0.6020150234375 0.30306366875 0.5925078874999999 0.2983107296875 0.5728127125 0.296587625 0.5626246734375 0.299617459375 0.550609890625 0.3093495234375 0.5489076296875 0.3288064515625 0.5685570609374999 0.3452299453125 0.58939806875 0.348033590625 0.609944375 0.340028228125 0.61674065625 0.3190563875
1 0.671118365625 0.307148840625 0.6514231890625 0.3054257375 0.64123515 0.3084555703125 0.62658824375 0.319917940625 0.6252264359375 0.33548348125 0.6494592046875 0.3562291359375 0.672932340625 0.357302475 0.6911869765625 0.34713603593750003 0.6909380171875 0.32162664375 0.671118365625 0.307148840625
1 0.7645332078125 0.35943475937499997 0.7693782687499999 0.3324104484375 0.7567740765625001 0.3205245015625 0.74005148125 0.3131797078125 0.7275717640625 0.31404845937500003 0.705368946875 0.3268103578125 0.7038369125 0.344321590625 0.7183923203125 0.362260003125 0.7415250046875 0.3672247265625 0.750226759375 0.367005740625 0.7645332078125 0.35943475937499997
1 0.8406817875 0.3680574796875 0.8466269375 0.3568140984375 0.8476482937500001 0.3451399421875 0.8434054046874999 0.3369263953125 0.8234155265625 0.3243942875 0.8061822421875 0.3228865703125 0.7959942015625 0.32591640312500003 0.7815175265625001 0.335433078125 0.7776938234374999 0.3507832328125 0.8017563640625 0.3734745828125 0.8301532953124999 0.3749786984375 0.8406817875 0.3680574796875
1 0.912711959375 0.381221353125 0.9222648390625 0.3712739 0.9239670999999999 0.351816971875 0.9161164812499999 0.34230749843749997 0.8995641015625001 0.3330170109375 0.882330828125 0.33150929375 0.8601280046875001 0.3442711921875 0.858936421875 0.35789103906249997 0.8653007562499999 0.370211359375 0.8756132734375001 0.379936225 0.9038399781249999 0.3833860359375 0.912711959375 0.381221353125
1 0.956129225 0.409527190625 0.938941690625 0.3933190859375 0.9093989265625 0.3907344296875 0.88965800625 0.4037117125 0.88778551875 0.4251143359375 0.9072647265624999 0.443483521875 0.93056763125 0.44650255312500003 0.9394396078125 0.4443378734375 0.9540865125 0.4328755046875 0.956129225 0.409527190625
1 0.8778592 0.396797696875 0.858039546875 0.38231989375 0.833420578125 0.3801660140625 0.8136796531250001 0.393143296875 0.8121476171875001 0.410654534375 0.829335153125 0.426862640625 0.8526380578125 0.429881675 0.8638017109374999 0.42987807343749995 0.8756462609375 0.4220917 0.8778592 0.396797696875
1 0.794063209375 0.4188752796875 0.8026404828124999 0.405901596875 0.8034916140625 0.3961731296875 0.7936897734375 0.380611190625 0.774675503125 0.37110531406249997 0.7623660140624999 0.3700283734375 0.7377012984375 0.38257488125 0.7359990375 0.40203180937500005 0.7507246750000001 0.418024528125 0.7651556046875 0.4232082421875 0.7763192515624999 0.42320464375 0.794063209375 0.4188752796875
1 0.720716978125 0.4065765625 0.7238597796875 0.399009178125 0.7250513625 0.3853893265625 0.7208084718750001 0.3771757796875 0.7032804859375 0.36485905937499996 0.6811234171875 0.3629205671875 0.670935378125 0.3659504 0.6561182453125001 0.379358459375 0.6567076562499999 0.40097647187499996 0.6791594328125 0.41372396718750004 0.7075563625 0.4152280828125 0.720716978125 0.4065765625
1 0.6076069609375 0.3525675390625 0.585574365625 0.3633837453125 0.5815804328125 0.3806795890625 0.5984275140624999 0.40077908281249996 0.62419231875 0.40401350156250004 0.6422767265625 0.3957927578125 0.6467813359375 0.37265983281250004 0.6295938015625 0.356451725 0.6076069609375 0.3525675390625
1 0.5493598015625001 0.39452562812499997 0.563836475 0.385008953125 0.5678304078124999 0.3677131046875 0.5658791875 0.361660640625 0.550983325 0.3476136140625 0.5340905031250001 0.3422145109375 0.5110822953125 0.3500044828125 0.5011889625 0.363843321875 0.5045807234375 0.3817853296875 0.5221087046874999 0.3941020515625 0.5355640265625 0.39625953125 0.5493598015625001 0.39452562812499997
1 0.47254307500000003 0.336829809375 0.4479241046875 0.334675928125 0.435103946875 0.33943606718749997 0.42572128749999993 0.347437825 0.4240190265625 0.3668947515625 0.4434982265625 0.38526394062499997 0.4669713640625 0.3863372796875 0.4880283484375 0.3724948421875 0.4897306078125 0.3530379140625 0.47254307500000003 0.336829809375
1 0.40916891250000004 0.33814733750000003 0.398856390625 0.328422475 0.3819635703125 0.3230233734375 0.3523750546875 0.33513910625 0.347870446875 0.35827203281250003 0.365057975 0.37448013593749996 0.3909930109375 0.3757688640625 0.4092476453125 0.3656024234375 0.41307134999999995 0.3502522703125 0.40916891250000004 0.33814733750000003
1 0.3334395171875 0.35308831875 0.33302033125 0.32952461718750004 0.3204161390625 0.3176386703125 0.293335278125 0.3152694015625 0.28314723750000004 0.318299234375 0.27113245625000004 0.3280313 0.271551640625 0.3515950015625 0.286617725 0.36369633281249997 0.31255275937500004 0.36498505937500003 0.32142473437499997 0.36282037968749997 0.3334395171875 0.35308831875
1 0.23394228125 0.3561469515625 0.252026690625 0.3479262015625 0.2576313890625 0.34057420625 0.25848251875 0.3308457453125 0.25458008125 0.3187408125 0.2442675640625 0.3090159484375 0.22737473281249998 0.3036168453125 0.1981266765625 0.311841190625 0.192521978125 0.3191931859375 0.19098994375 0.33670442343749996 0.1929411640625 0.3427568875 0.208007246875 0.354858221875 0.23394228125 0.3561469515625
1 0.179701815625 0.3239533265625 0.1761398296875 0.30795700937500003 0.1633654109375 0.2980167546875 0.12872862812500002 0.296947015625 0.111279378125 0.3120853796875 0.110258021875 0.3237595359375 0.11450091250000001 0.3319730828125 0.1271051046875 0.34385902968750004 0.15533180468750002 0.3473088375 0.1763887890625 0.3334664 0.179701815625 0.3239533265625
1 0.11266141249999999 0.3955311828125 0.12977021093750002 0.3842842 0.134445046875 0.35920558593749996 0.1195491828125 0.3451585578125 0.092638546875 0.340843596875 0.08245050625 0.3438734296875 0.07026550000000001 0.355551184375 0.0683930125 0.3769538078125 0.07836508125 0.39057005624999996 0.09279601093749999 0.3957537703125 0.1064215546875 0.395965559375 0.11266141249999999 0.3955311828125
1 0.208131728125 0.3676129171875 0.1907739734375 0.3533505046875 0.1635228765625 0.3529269296875 0.146414078125 0.3641739109375 0.1464928109375 0.3916289984375 0.16419101875 0.402000025 0.1852022578125 0.402857978125 0.191442115625 0.4024236 0.2059187890625 0.3929069265625 0.208131728125 0.3676129171875
1 0.263642509375 0.4136417828125 0.2698823671875 0.4132074046875 0.287161390625 0.4000147328125 0.290304190625 0.39244735 0.28657197968750003 0.378396721875 0.2667523234375 0.3639189203125 0.25444284375000004 0.36284198125 0.2342369890625 0.3669559546875 0.22468410468750002 0.3769034046875 0.22315206875000002 0.3944146421875 0.2273949578125 0.40262819062500005 0.24509317187500002 0.4129992171875 0.263642509375 0.4136417828125
1 0.3501163671875 0.3751335015625 0.3254973984375 0.3729796203125 0.3153093578125 0.376009453125 0.30329458125 0.38574151875 0.3037137640625 0.40930522031249994 0.32353342343749997 0.42378302031250004 0.34454465624999997 0.424640975 0.3627992921875 0.41447453437500004 0.36518245781249997 0.3872348359375 0.3501163671875 0.3751335015625
1 0.44157999531250003 0.421366953125 0.440990584375 0.399748940625 0.4238030515625 0.3835408359375 0.4065697765625 0.3820331203125 0.3939198359375 0.3848475640625 0.379102709375 0.398255625 0.37986234531249996 0.417927940625 0.394758203125 0.4319749671875 0.41067542343749996 0.4343478375 0.4269330953125 0.4328293203125 0.44157999531250003 0.421366953125
1 0.521892734375 0.4107481328125 0.5047052046875 0.394540028125 0.48271835156250004 0.3906558421875 0.4674362921875 0.39520059218750003 0.45805363750000005 0.403202353125 0.4558407 0.42849635625 0.46369132031250004 0.4380058328125 0.4731984546875 0.442758771875 0.5015953843750001 0.44426288593749996 0.5198500203124999 0.43409644687500004 0.521892734375 0.4107481328125
1 0.5654344796874999 0.451808671875 0.579060028125 0.452020459375 0.5961688265625 0.44077347656250004 0.5978710875 0.4213165484375 0.5901906890624999 0.40986138125 0.5734680937500001 0.40251658749999997 0.5586967109375001 0.401224259375 0.5460467687499999 0.404038703125 0.5368343421875 0.410094771875 0.5308891906250001 0.4213381515625 0.53232973125 0.43322769687499996 0.5495172671875 0.4494358015625 0.5654344796874999 0.451808671875
1 0.6698555109375001 0.449180815625 0.669436325 0.42561711406249997 0.6568321375 0.41373116718749997 0.647154775 0.410923921875 0.622025128125 0.4146071203125 0.6100103453125 0.42433918593750003 0.6104295296875 0.4479028859375 0.6305896343749999 0.4584893015625 0.651600875 0.4593472546875 0.6578407328125 0.45891287812500003 0.6698555109375001 0.449180815625
1 0.7247768796875 0.47359166874999997 0.741204778125 0.4701274578125 0.747955309375 0.4638560046875 0.75263014375 0.4387773828125 0.735442615625 0.422569278125 0.7159176656249999 0.41890048125 0.70063560625 0.42344523125 0.6887910484375 0.431231603125 0.6865781109375 0.45652560624999994 0.6898453890625 0.46171292187499996 0.7042763187500001 0.4668966359375 0.7111513359375 0.4733798796875 0.7247768796875 0.47359166874999997
1 0.8291979093749999 0.47096381093749995 0.8314108484375 0.4456698015625 0.811591190625 0.4311920015625 0.7869722203125 0.42903812031250005 0.7741520625 0.43379825937499994 0.7647694031250001 0.44180001874999997 0.7650183609375001 0.46730941093749995 0.78483801875 0.4817872140625 0.8083111515624999 0.482860553125 0.8145510078125 0.482426178125 0.8291979093749999 0.47096381093749995
1 0.9054379828125001 0.4501857546875 0.8805243046875001 0.4372228671875 0.8580267859375 0.43917576093750005 0.84355010625 0.4486924375 0.843969290625 0.47225613906249997 0.8588651546875001 0.48630316406249996 0.8895537499999999 0.489968359375 0.9023739140625 0.48520822499999994 0.9109511875 0.4722345359375 0.9054379828125001 0.4501857546875
1 0.9202295859375 0.5504894234375 0.9371681625000001 0.541188134375 0.942772859375 0.533836140625 0.94430489375 0.5163249078125001 0.9400620046875 0.5081113609375 0.927287590625 0.49817110781249996 0.9028388484375001 0.494071534375 0.8836086 0.5012117390624999 0.876982546875 0.520237890625 0.8862737062500001 0.5416369125 0.9115278359375001 0.5507084109375 0.9202295859375 0.5504894234375
1 0.8431053984375 0.5388404703125 0.8518071484374999 0.5386214796875 0.8611898078125 0.5306197187499999 0.8612813015624999 0.5012189421875 0.8532604562499999 0.4936551578125 0.8340759578125001 0.486094975 0.811578428125 0.48804786718750004 0.799733878125 0.495834240625 0.79642085 0.5053473140625 0.7994721578124999 0.5271807125 0.8052013375 0.5325834140625 0.8196322671875 0.5377671281249999 0.8431053984375 0.5388404703125
1 0.7707347796875 0.52956798125 0.7853816796875 0.5181056140625 0.7851327218749999 0.49259621718749996 0.7628511671875 0.47790302812499996 0.7431559921875001 0.47617992343750004 0.72787393125 0.4807246734375 0.715518703125 0.494348121875 0.7167890156250001 0.5081833625 0.72315335 0.5205036828125 0.741021790625 0.5289290171875 0.764494921875 0.5300023546875 0.7707347796875 0.52956798125
1 0.680790425 0.5226791609375 0.69458619375 0.5209452578125 0.7011665046875 0.51661949375 0.7095735515625 0.5055915015625 0.7105949078125 0.4939173453125 0.7044007984375 0.479651334375 0.6939180515625 0.47187216249999997 0.6645455140625 0.46734181250000006 0.6425129234375 0.47815801875 0.6381785390625 0.49934524687500004 0.6479803828125 0.5149071921874999 0.664702978125 0.5222519859375 0.680790425 0.5226791609375
1 0.6161459421875 0.510161453125 0.6283309515625 0.4984836953125 0.6279117671875001 0.47491999375000005 0.6080921140625 0.46044219374999995 0.5859350375 0.4585037015625 0.5732851046875 0.46131814687499995 0.5611000984375 0.4729959015625 0.5615192812500001 0.49655960312499997 0.5670782296875 0.5039079984375 0.5813389328125 0.51103740625 0.6048120703125 0.5121107453125 0.6161459421875 0.510161453125
1 0.528663490625 0.503488025 0.5399973671875 0.5015387312499999 0.549380021875 0.49353697343749997 0.5538846328125 0.47040404843749994 0.541620890625 0.454626715625 0.53211375625 0.449873778125 0.5124185812500001 0.44815067343750004 0.4971365203125 0.4526954234375 0.48758364062500004 0.4626428734375 0.485711153125 0.484045496875 0.49339154687500003 0.49550066406250004 0.5076522515625 0.5026300703125 0.528663490625 0.503488025
1 0.44776134218749997 0.4924888328125 0.47059931875 0.4866445546875 0.47637424375000004 0.47734686406250004 0.47773605156250004 0.46178132187500004 0.4736633875 0.451622084375 0.465472315625 0.44600399218750003 0.45596518125 0.4412510546875 0.43380810312499996 0.43931256249999995 0.41177551250000005 0.45012876874999996 0.407441128125 0.47131599687500003 0.415121521875 0.4827711671875 0.43659769531250003 0.49249243125 0.44776134218749997 0.4924888328125
1 0.3947911921875 0.4741304421875 0.3973445828125 0.4449450546875 0.3798165953125 0.43262833125 0.357659528125 0.4306898390625 0.34500958593750003 0.433504284375 0.3328245828125 0.4451820390625 0.33324376718750004 0.468745740625 0.3556955421875 0.48149323906249997 0.3742448859375 0.4821358046875 0.3855787578125 0.4801865109375 0.3947911921875 0.4741304421875
1 0.3067980546875 0.47329409218749996 0.3186426109375 0.465507721875 0.3236578984375 0.436537715625 0.308591815625 0.42443638437500003 0.2792192765625 0.41990603593750003 0.2690312359375 0.42293586875000005 0.2570164546875 0.43266793437500006 0.2549737421875 0.456016246875 0.2628243609375 0.4655257203125 0.277085065625 0.472655128125 0.3005582015625 0.4737284671875 0.3067980546875 0.47329409218749996
1 0.2427557515625 0.4255385234375 0.2204742015625 0.4108453359375 0.1981468984375 0.41085253593750004 0.1879588578125 0.41388236875000006 0.1785762046875 0.42188412968750005 0.178654934375 0.4493392171875 0.1866757859375 0.4569029984375 0.1986448140625 0.4618713234375 0.22211795156249997 0.4629446625 0.2433451609375 0.4471565359375 0.2427557515625 0.4255385234375
1 0.1596406640625 0.439833340625 0.16151315156249998 0.4184307171875 0.1515410859375 0.40481447031249995 0.13957204843749998 0.39984614375 0.112150734375 0.40136826093750005 0.0976740546875 0.4108849375 0.0954611171875 0.43617894062499996 0.110356975 0.45022596718749996 0.1361217828125 0.453460390625 0.1423616421875 0.45302601249999996 0.1596406640625 0.439833340625
1 0.1079280671875 0.49216605468749997 0.113702990625 0.48286837031249996 0.11489457343750001 0.4692485171875 0.110821909375 0.45908928125 0.10280106250000001 0.451525496875 0.08081421093749999 0.4476413109375 0.070796396875 0.4487254515625 0.056319723437500004 0.45824212812500004 0.0516448890625 0.48332074374999995 0.063908628125 0.49909807500000003 0.087211534375 0.50211710625 0.1079280671875 0.49216605468749997
1 0.14251910625 0.5079361859375 0.1658220109375 0.5109552203125001 0.1745237609375 0.51073623125 0.1861980921875 0.5048955546875 0.194775365625 0.4919218671875 0.1956264953125 0.48219340624999996 0.19172405625 0.47008847343750004 0.18370320625 0.46252468750000003 0.1741960703125 0.45777175000000003 0.161886590625 0.4566948109375 0.1443128546875 0.4590784796875 0.13246830468749998 0.4668648484375 0.1276232421875 0.493889159375 0.14251910625 0.5079361859375
1 0.228174815625 0.521311846875 0.24426226093749998 0.521739025 0.260519934375 0.5202205078125 0.272364484375 0.5124341375 0.27440719687500004 0.4890858234375 0.2726262046875 0.48108766562499994 0.264605359375 0.47352388124999995 0.25263632187499996 0.46855555468750004 0.23786494062500002 0.4672632265625 0.21371090312500002 0.47397265468749994 0.20810620625 0.48132465 0.20623371875 0.5027272734375 0.2139141125 0.514182440625 0.228174815625 0.521311846875
1 0.304493628125 0.5279888781250001 0.327796534375 0.531007909375 0.3393006375 0.5271129250000001 0.3513154140625 0.517380859375 0.3531879 0.49597824218750003 0.3430456109375 0.48430768437499994 0.3335384734375 0.479554746875 0.311381396875 0.477616253125 0.29609933593750004 0.482161003125 0.2865464578125 0.4921084546875 0.28467397031249997 0.513511078125 0.2925245890625 0.5230205515625 0.2999102859375 0.523666715625 0.304493628125 0.5279888781250001
1 0.4175706625 0.539842421875 0.4295854390625 0.530110359375 0.431798378125 0.50481635 0.4191941859375 0.49293040781249997 0.4072251578125 0.48796208124999996 0.3773419421875 0.4892688109375 0.3681295078125 0.495324875 0.362354584375 0.504622565625 0.3629439953125 0.5262405718750001 0.3780100859375 0.53834190625 0.406236784375 0.5417917125 0.4175706625 0.539842421875
1 0.5057340203125 0.5387330796875001 0.5077767328125 0.5153847671875 0.490589203125 0.49917666250000003 0.4686023515625 0.49529247656250003 0.4441078640625 0.505893290625 0.43731158125 0.5268651390625 0.44138424687500005 0.537024375 0.45645033437500004 0.5491257093749999 0.479753240625 0.552144740625 0.5001293203125 0.5460850749999999 0.5057340203125 0.5387330796875001
1 0.5792504765625 0.5490861078125 0.581633640625 0.5218464093749999 0.5713211203124999 0.512121546875 0.5593520921875 0.5071532203125 0.5294688765625 0.50845995 0.51465174375 0.5218680124999999 0.5152411546875 0.5434860171875 0.5278453421875 0.5553719640625 0.5585339453125 0.559037159375 0.569867821875 0.5570878687499999 0.5792504765625 0.5490861078125
1 0.6320504015624999 0.5693901875 0.654888378125 0.5635459093749999 0.6641465546875 0.54278945625 0.66024411875 0.5306845234375 0.652223271875 0.5231207390625 0.6355006671875 0.51577594375 0.6207292859375 0.514483615625 0.6080793546875001 0.5172980609375 0.5962347968749999 0.5250844328125 0.5915599609375 0.5501630484375 0.601702253125 0.56183360625 0.6112093875 0.56658654375 0.6320504015624999 0.5693901875
1 0.74156545 0.5652474171875 0.739024821875 0.5375769421875 0.7165730453125 0.5248294437500001 0.7018016640625 0.5235371140625 0.6840577031249999 0.5278664765625 0.672042925 0.5375985390625 0.6721216578125 0.565053625 0.6919413140625 0.5795314296875 0.71787634375 0.5808201562499999 0.7267483234375 0.5786554765624999 0.74156545 0.5652474171875
1 0.817373578125 0.5777615218750001 0.819416290625 0.554413209375 0.8022287578125 0.5382051031249999 0.77285621875 0.5336747546875 0.762668178125 0.5367045874999999 0.7504831765625 0.5483823421875 0.750732134375 0.5738917406249999 0.7657982249999999 0.585993071875 0.7940249234375 0.58944288125 0.8027266734375 0.5892238921875 0.817373578125 0.5777615218750001
1 0.8322694374999999 0.5918085484375 0.8417765734374999 0.5965614859375 0.865079484375 0.599580521875 0.8788752593750001 0.597846615625 0.890549584375 0.5920059359375001 0.8989566312499999 0.5809779421875 0.8999779875 0.5693037859375 0.8981969937500001 0.5613056265624999 0.8855928015625001 0.549419684375 0.8736237734375001 0.5444513578125 0.8539285984375 0.5427282531250001 0.8361846359375 0.547057615625 0.82680198125 0.5550593734375 0.8244188171875001 0.582299071875 0.8322694374999999 0.5918085484375
1 0.9134992796875 0.6557722218750001 0.9281461796875 0.6443098546875 0.9301888937499999 0.6209615421875 0.925775778125 0.6146936843749999 0.908247796875 0.602376965625 0.8836288265625001 0.6002230843749999 0.8658848640624999 0.6045524453125 0.8559915328125 0.618391284375 0.8565809421875 0.640009290625 0.8836160640624999 0.6570789515625 0.9046272984374999 0.6579369046875 0.9134992796875 0.6557722218750001
1 0.8439310062500001 0.6428237359375 0.849535703125 0.635471740625 0.8514081890625 0.6140691234375 0.841436121875 0.600452871875 0.8271754171874999 0.5933234656249999 0.8074802421875 0.5916003609375 0.7921981812500001 0.5961451109375 0.7828155265625 0.604146871875 0.7804323625 0.6313865703125 0.80025201875 0.6458643703125 0.8210930281250001 0.6486680140625001 0.8439310062500001 0.6428237359375
1 0.7242736609375 0.6352959546875 0.7526705921875 0.6368000734375 0.768122878125 0.6303096296875 0.7738978015625 0.6210119390625 0.775089384375 0.6073920937499999 0.7710167203125 0.5972328499999999 0.7629958703125 0.5896690687499999 0.7438113734375 0.5821088859375 0.733963784375 0.5812473328125 0.7162198328125 0.5855766953125 0.70420505 0.5953087578125 0.7023325625 0.61671138125 0.7088671234375 0.62708600625 0.7242736609375 0.6352959546875
1 0.666504196875 0.629261490625 0.6802999671875 0.6275275828125 0.6895124015625 0.6214715156249999 0.6951170984374999 0.6141195203125001 0.6966491328125 0.5966082890625 0.682093728125 0.5786698765625 0.672586590625 0.5739169390625001 0.6479676203125 0.5717630578125 0.625594571875 0.58647065 0.623551859375 0.6098189625 0.63369415625 0.6214895171875 0.643201290625 0.62624245625 0.666504196875 0.629261490625
1 0.59052584375 0.6186930734375 0.6018597156250001 0.6167437796875 0.61107215 0.6106877125 0.6160874375 0.5817177109375 0.6082368171875 0.572208234375 0.5964380046875 0.565294215625 0.56935714375 0.562924946875 0.5591691046875 0.5659547796875 0.5497864453125 0.5739565375 0.5474032796875 0.6011962359374999 0.5552539046875 0.6107057140625 0.569514609375 0.6178351203125 0.59052584375 0.6186930734375
1 0.5349235703125 0.6020649921875 0.5415496234375 0.583038840625 0.53993885625 0.5730949843750001 0.5227513234375001 0.5568868796875 0.49074666718750004 0.5540868359375 0.4764402125 0.5616578203125 0.470835515625 0.5690098156250001 0.46930348125 0.586521046875 0.47566781562499993 0.5988413671874999 0.48632079062500005 0.6046748484375 0.5145474890624999 0.6081246578124999 0.5349235703125 0.6020649921875
1 0.42231146875 0.5990747578125 0.43101321718749996 0.5988557671875 0.4448089875 0.5971218640625 0.45648331875 0.5912811875 0.46132837968749996 0.5642568765625 0.451356315625 0.5506406265625 0.439387278125 0.5456723 0.422154003125 0.544164584375 0.40704216875 0.5467636406249999 0.3978297359375 0.55281970625 0.39205481249999996 0.562117396875 0.3908632296875 0.5757372421875 0.40066506718749995 0.5912991859375001 0.42231146875 0.5990747578125
1 0.3818667734375 0.5651472296875 0.37601311718749997 0.546989828125 0.3679922703125 0.539426046875 0.35602323281250003 0.5344577203124999 0.3284316921875 0.5379255296875 0.3164169109375 0.5476575953125 0.31649564375 0.57511268125 0.3292700625 0.5850529328125 0.35995865781249997 0.588718128125 0.37838351875 0.5766059984374999 0.3818667734375 0.5651472296875
1 0.250659584375 0.5762148218750001 0.278886284375 0.57966463125 0.287758259375 0.5774999484375 0.2997730421875 0.567767884375 0.3041074265625 0.5465806546875001 0.29184368437499997 0.5308033234375 0.28233655 0.526050384375 0.265103275 0.52454266875 0.252453334375 0.5273571140625 0.2406087828125 0.5351434828125 0.2348338578125 0.5444411734375 0.2334720484375 0.5600067156249999 0.240006609375 0.570381340625 0.250659584375 0.5762148218750001
1 0.22167324375000003 0.55309269375 0.2210838328125 0.5314746890625 0.20618797500000002 0.5174276625 0.176474984375 0.5167886984375001 0.15919595625 0.5299813734375001 0.15715324375 0.5533296859375 0.1672955390625 0.565000240625 0.1841883609375 0.5703993421875 0.1953520140625 0.5703957421875 0.201591871875 0.5699613671875 0.22167324375000003 0.55309269375
1 0.14442457343749998 0.52868904375 0.1380602390625 0.5163687234375 0.1251155953125 0.5083741625 0.0954026046875 0.5077351984375 0.078293809375 0.51898218125 0.07625109687500001 0.54233049375 0.0863933859375 0.5540010484375 0.095900521875 0.5587539859375 0.12183555625 0.5600427140625001 0.14026041718749999 0.547930584375 0.14442457343749998 0.52868904375
1 0.09568455000000001 0.5754000703125 0.081129140625 0.5574616578125 0.0640660921875 0.5540082484375 0.0489542578125 0.55660730625 0.0395715984375 0.5646090640625 0.0345563109375 0.5935790703125 0.0387992015625 0.6017926171875 0.049281950000000005 0.6095717875 0.070293184375 0.6104297375 0.0911799421875 0.5985329953125 0.09568455000000001 0.5754000703125
1 0.1666476171875 0.6149384875 0.172422540625 0.605640803125 0.1759057953125 0.594182034375 0.17217358437500002 0.5801314046875 0.1571074984375 0.568030075 0.1324885296875 0.56587619375 0.11308805625 0.5749620921874999 0.10790254218749999 0.6058777875 0.1159233875 0.6134415718749999 0.1278924265625 0.6184098984374999 0.1538274546875 0.619698628125 0.1666476171875 0.6149384875
1 0.23358376406249998 0.629617278125 0.2506925671875 0.618370296875 0.254856725 0.5991287562500001 0.25095428750000004 0.5870238234375 0.23325607499999998 0.576652796875 0.203543084375 0.5760138328125 0.18872595781249998 0.5894218921875 0.186853471875 0.6108245171875 0.1992874328125 0.6246561515625 0.2137183625 0.6298398656249999 0.2273439109375 0.63005165625 0.23358376406249998 0.629617278125
1 0.32171414062500003 0.5863524609375 0.28970948281250003 0.583552415625 0.269968559375 0.5965296999999999 0.267925846875 0.6198780125 0.2780681359375 0.6315485703125 0.287575271875 0.6363015078125 0.31351030468749996 0.6375902390625 0.331594715625 0.6293694875 0.3343183328125 0.5982384046875 0.32171414062500003 0.5863524609375
1 0.4008225328125 0.646209359375 0.4128373140625 0.6364772953125 0.4152204796875 0.6092375953125 0.39786272500000003 0.594975184375 0.36831996093749997 0.5923905265625 0.358131921875 0.5954203609375 0.3459469125 0.607098115625 0.34407442499999996 0.6285007390625 0.3565083875 0.642332375 0.3660155234375 0.6470853125 0.389488659375 0.6481586546875 0.4008225328125 0.646209359375
1 0.47680089218750005 0.6567777765625 0.4860133203125 0.6507217078124999 0.49161801875 0.6433697125 0.49349050468750005 0.6219670953125 0.4787648671875 0.605974375 0.4469304375 0.6012286390625 0.4248978421875 0.61204484375 0.42039323125 0.63517776875 0.4301950703125 0.650739709375 0.446917675 0.6580845046875 0.46300511718750004 0.6585116828124999 0.47680089218750005 0.6567777765625
1 0.5391536968749999 0.6671344015625 0.547855446875 0.666915415625 0.5646237968750001 0.6595598218750001 0.569639084375 0.6305898156249999 0.5676878656250001 0.624537353125 0.55245155 0.6143817109375 0.52800280625 0.6102821375 0.515352875 0.6130965828125 0.50350831875 0.6208829515625001 0.49883348281249995 0.6459615734375 0.5110972234375 0.6617389015625 0.5230662500000001 0.666707228125 0.5391536968749999 0.6671344015625
1 0.6340218453124999 0.6744539984375 0.643234275 0.66839793125 0.6500305546875 0.6474260890625 0.643836446875 0.633160071875 0.6333537046875 0.625380903125 0.6015192640625 0.620635165625 0.5794866734374999 0.63145136875 0.5748118359375 0.6565299890625 0.580200565625 0.665824075 0.5992148359375 0.6753299515625 0.6151320515625 0.67770281875 0.6340218453124999 0.6744539984375
1 0.7243066484375 0.6774514328125 0.7266898125 0.650211734375 0.7095022796875 0.6340036265625 0.6850535343749999 0.629904053125 0.6646774546875001 0.63596371875 0.6577566984375001 0.6441808671875 0.6553735328125 0.6714205671875 0.6799467531250001 0.6882748359375 0.698496096875 0.6889173984375 0.7124620968750001 0.6852378031249999 0.7243066484375 0.6774514328125
1 0.7513417703124999 0.694521090625 0.76084890625 0.699274028125 0.7769363484375 0.699701203125 0.7933642390625 0.69623699375 0.8052087968749999 0.688450625 0.8074217359375 0.663156615625 0.7974496656250001 0.6495403671875 0.7831889609375 0.6424109609374999 0.7659556875 0.6409032453125 0.7508438546875 0.6435023015625 0.7416314203125001 0.6495583671875 0.735856496875 0.6588560578125 0.7343244624999999 0.6763672890625 0.73627568125 0.682419759375 0.7513417703124999 0.694521090625
1 0.829952246875 0.7033592015625 0.8557170515625 0.7065936203125001 0.8644188046875 0.706374634375 0.88118715 0.699019040625 0.8867918484375 0.6916670453125 0.8881536562499999 0.6761015031250001 0.8737684765625 0.6562173984374999 0.8642613406249999 0.6514644609375 0.839642371875 0.6493105796875 0.8217281828124999 0.6555856343750001 0.8148074265625 0.6638027796875 0.8129349390625 0.685205403125 0.8148861578125001 0.6912578671875 0.829952246875 0.7033592015625
1 0.8666977093750001 0.7653915812500001 0.8850768265625 0.7679798375 0.90150471875 0.7645156281250001 0.9135195015625 0.7547835640625 0.9155622140625 0.73143525 0.901006803125 0.713496840625 0.889037775 0.7085285156250001 0.871804490625 0.7070207984375 0.8540605390625 0.7113501609374999 0.8446778796875 0.7193519203125 0.840343496875 0.74053915 0.8421244890624999 0.748537309375 0.8524370046874999 0.758262175 0.8666977093750001 0.7653915812500001
1 0.7833336640625 0.7541770015625 0.7953027015624999 0.759145328125 0.80646635 0.759141728125 0.8228942421875001 0.7556775171875 0.832106675 0.749621453125 0.8378816 0.7403237625 0.8371219625 0.720651446875 0.8305874015624999 0.710276821875 0.8201046609375 0.7024976484375001 0.795655915625 0.698398075 0.7713316484375 0.707053196875 0.7657269515625 0.7144051921875 0.7638544640625 0.7358078156250001 0.768097353125 0.7440213625000001 0.7833336640625 0.7541770015625
1 0.74708611875 0.7431634093749999 0.7564687734375 0.7351616515625 0.7565602671875 0.70576086875 0.7392025062500001 0.69149845625 0.7170454390625001 0.6895599640625 0.6993014765625001 0.693889325 0.6899188234375 0.7018910859374999 0.6875356578125 0.7291307859375 0.6930946109375 0.7364791796875 0.7096469812499999 0.7457696656249999 0.735582015625 0.7470583937499999 0.74708611875 0.7431634093749999
1 0.666013740625 0.734109909375 0.6753964 0.7261081500000001 0.6777795656250001 0.69886845 0.6676372734375 0.6871978953125 0.6581301390625 0.6824449578125 0.631049265625 0.6800756890625 0.6208612265625 0.6831055218750001 0.6113083453125 0.693052971875 0.611216853125 0.7224537546875001 0.631036503125 0.7369315546874999 0.6520477437500001 0.737789509375 0.666013740625 0.734109909375
1 0.5813336359375 0.723760484375 0.5969561484375 0.7153243453125 0.5999287234375 0.7097026578125 0.60129053125 0.694137115625 0.5950964234375 0.6798710984375 0.582151778125 0.671876540625 0.5526090140625 0.669291884375 0.542420975 0.6723217171875 0.5302359703125 0.6839994765624999 0.53065515625 0.707563178125 0.5386760015625 0.715126959375 0.55539860625 0.722471753125 0.5813336359375 0.723760484375
1 0.515543321875 0.710162234375 0.52114801875 0.7028102390625001 0.5231907328125 0.6794619265625 0.50829486875 0.6654148984375 0.4764604390625 0.6606691625 0.4662724 0.6636989953125 0.4542576171875 0.6734310609375 0.4522149046875 0.6967793734375001 0.4598952984375 0.708234540625 0.47415600312499995 0.7153639468749999 0.48761132500000004 0.7175214265625 0.515543321875 0.710162234375
1 0.42789064374999997 0.7054344953125 0.43973519375 0.6976481234375 0.4445802546875 0.6706238124999999 0.43443796093750003 0.65895325625 0.405405875 0.650531521875 0.3876619234375 0.654860884375 0.378449490625 0.6609169484375 0.373774653125 0.68599556875 0.381455046875 0.6974507359375 0.3957157515625 0.70458014375 0.4140948671875 0.7071683984375 0.42789064374999997 0.7054344953125
1 0.363756840625 0.68707970625 0.36631023125 0.65789431875 0.3487822484375 0.645577596875 0.319239484375 0.6429929390625 0.2996687859375 0.6540245296875 0.297285621875 0.681264228125 0.3028445703125 0.688612625 0.3171052734375 0.69574203125 0.34057841093749996 0.6968153703125 0.351912284375 0.6948660796875 0.363756840625 0.68707970625
1 0.2593358109375 0.6897075640625 0.2706696890625 0.6877582734375001 0.279882115625 0.6817022078125 0.284727178125 0.654677896875 0.282775959375 0.648625428125 0.26770986875 0.636524096875 0.24309090000000003 0.634370215625 0.232902859375 0.6374000484375 0.2208880828125 0.6471321109375 0.216213246875 0.6722107328125 0.22177220156250002 0.6795591265625001 0.23603290625 0.6866885328125 0.2593358109375 0.6897075640625
1 0.1493685890625 0.6281311609375 0.139985934375 0.63613291875 0.13743254375 0.6653183140625 0.15266885937500002 0.675473953125 0.18335745625 0.6791391484375 0.20212276875000001 0.6631356328125 0.1992416875 0.6393565437500001 0.17942203125 0.624878740625 0.1493685890625 0.6281311609375
1 0.10491720625 0.6683553437499999 0.12351229374999999 0.65429751875 0.1252145546875 0.634840590625 0.11867999375 0.624465965625 0.105735346875 0.6164714046875 0.073560465625 0.615617053125 0.0590837875 0.625133728125 0.0533088640625 0.63443141875 0.052287506250000004 0.646105575 0.056530396875 0.654319121875 0.064551246875 0.661882903125 0.076520275 0.6668512296875 0.10491720625 0.6683553437499999
1 0.06191911875 0.6636132078125 0.03976205 0.661674715625 0.0295740109375 0.6647045484375 0.014756879687499998 0.6781126109375 0.0107629484375 0.69540845625 0.0272695734375 0.719399334375 0.055666503125 0.720903453125 0.08130683125 0.7113831765625 0.0842006734375 0.6783063968749999 0.06191911875 0.6636132078125
1 0.12179727031250001 0.730610315625 0.132960921875 0.7306067140625 0.1497292671875 0.72325111875 0.155333965625 0.7158991234375 0.156355321875 0.704224965625 0.1526231109375 0.6901743437500001 0.14231059375 0.6804494796875 0.13034155625 0.675481153125 0.1155701734375 0.6741888234375 0.09353758281249999 0.6850050296875 0.0862306234375 0.711813953125 0.098664590625 0.7256455890625 0.12179727031250001 0.730610315625
1 0.22158921406249998 0.7383606859375 0.23360399062499998 0.7286286234375 0.2354764765625 0.707226 0.22894191562500002 0.6968513749999999 0.21845916875000002 0.6890722015625 0.1913783078125 0.6867029328124999 0.17970397656249998 0.6925436125 0.17409927812499998 0.6998956078125 0.1697648953125 0.7210828375 0.1892440953125 0.7394520250000001 0.2127172328125 0.7405253640625 0.22158921406249998 0.7383606859375
1 0.286403915625 0.748932703125 0.29773778906250004 0.7469834078125 0.3095823453125 0.7391970390625 0.3142571796875 0.7141184171875 0.3018232140625 0.70028678125 0.292316078125 0.69553384375 0.2750828046875 0.694026128125 0.25980074375 0.698570878125 0.2530502078125 0.7048423296874999 0.24871582343749998 0.726029565625 0.25066704375 0.7320820296874999 0.2655629078125 0.74612905625 0.286403915625 0.748932703125
1 0.40025334843750004 0.723602696875 0.3961806859375 0.713443453125 0.378652703125 0.7011267343750001 0.354033734375 0.698972853125 0.3320011375 0.709789059375 0.3250346296875 0.7327065968750001 0.32698584999999997 0.738759059375 0.3418817078125 0.7528060859375 0.372570309375 0.7564712859375 0.393116615625 0.7484659234375 0.40025334843750004 0.723602696875
1 0.445916540625 0.768770003125 0.46497655625 0.763575490625 0.47699133906249996 0.7538434281249999 0.479204278125 0.72854941875 0.4620167484375 0.7123413140625 0.4375680046875 0.708241740625 0.42245617031249993 0.7108407984375 0.41324373750000004 0.716896865625 0.4076390390625 0.7242488609375 0.40559632656250005 0.7475971734375 0.40983921562500003 0.7558107203125 0.42507552656250003 0.765966359375 0.445916540625 0.768770003125
1 0.5269889156249999 0.7778235046875001 0.5383227875000001 0.7758742109375001 0.5529696921875 0.76441184375 0.55518263125 0.739117834375 0.5486480703125001 0.7287432093749999 0.53570343125 0.72074865 0.508622559375 0.7183793796875 0.49843451875 0.7214092125 0.48641974218749995 0.7311412796875 0.4819151328125 0.7542742046875001 0.49647054375 0.7722126140625 0.508439571875 0.7771809390625 0.5269889156249999 0.7778235046875001
1 0.5893417249999999 0.7881801312500001 0.60296726875 0.788391921875 0.6258052453125 0.7825476421875 0.6345527453125 0.767628265625 0.6354038765625 0.7578997984375 0.625942484375 0.738446471875 0.609390115625 0.729155984375 0.5970806234375 0.72807904375 0.5768747703125 0.7321930171875 0.5676623421875 0.7382490859375 0.56188741875 0.7475467703125 0.560525609375 0.7631123125 0.568035778125 0.776513175 0.5893417249999999 0.7881801312500001
1 0.69783541875 0.7957115140625 0.70967996875 0.7879251421875 0.712233359375 0.758739753125 0.6973375015625 0.7446927265625 0.67535065 0.740808540625 0.6627007171875 0.7436229859375 0.6506859359375 0.7533550515625 0.6449110109375 0.7626527359375 0.643719428125 0.7762725875 0.6607367328125 0.7944263859375 0.6865015390625 0.7976608046875 0.69783541875 0.7957115140625
1 0.7929652828125 0.771684634375 0.7757777515625001 0.7554765296875 0.74869688125 0.7531072609375 0.731758309375 0.7624085468749999 0.7261536125 0.7697605421875 0.724791803125 0.7853260843750001 0.7267430218750001 0.7913785546875001 0.7439305515625 0.8075866578124999 0.764941790625 0.808444609375 0.7881202203125001 0.7987089453125 0.7929652828125 0.771684634375
1 0.8497921249999999 0.8168483468750001 0.866560471875 0.8094927500000001 0.8721651687499999 0.8021407546875 0.8715757578125001 0.7805227484375 0.8650411984374999 0.7701481171875 0.8520965531250001 0.762153559375 0.8200918984375001 0.759353515625 0.803323546875 0.7667091125 0.8005999312500001 0.797840196875 0.817787459375 0.8140483 0.8410903703124999 0.8170673359375 0.8497921249999999 0.8168483468750001
1 0.884245921875 0.8767196453125001 0.9016951703125 0.86158128125 0.9011057609374999 0.83996326875 0.891133690625 0.826347021875 0.8768729875 0.8192176140624999 0.8496219 0.8187940390625 0.829880975 0.8317713250000001 0.8280084890625 0.8531739421875001 0.8473174625000001 0.8734888234374999 0.8592865 0.87845715 0.8753739406250001 0.878884328125 0.884245921875 0.8767196453125001
1 0.8229144671874999 0.8546888625 0.8246167281250001 0.8352319343750001 0.8184226203125 0.82096591875 0.8008946390625 0.8086491984374999 0.7836613546875 0.8071414828125001 0.7608233828125 0.8129857609375 0.7535621671875 0.8250942953125 0.7518599078125 0.8445512234375 0.7561027984375001 0.8527647703125 0.7759224546875 0.8672425703125001 0.8018574828125 0.8685313000000001 0.8229144671874999 0.8546888625
1 0.715861315625 0.8590470218749999 0.7221011734375 0.858612646875 0.74184209375 0.8456353609375 0.7461764765625001 0.8244481312499999 0.7421038140625 0.8142888875000001 0.7340829624999999 0.80672510625 0.7221139359375 0.8017567812499999 0.6999568578125 0.7998182875000001 0.6803861640625 0.81084988125 0.6778327734375 0.8400352703125 0.6927286359375 0.8540822968749999 0.7071595671875001 0.8592660109375 0.715861315625 0.8590470218749999
1 0.657967371875 0.8402578609375 0.66357206875 0.8329058671875 0.664933878125 0.817340325 0.6526701421875 0.8015629921875 0.640701103125 0.7965946671874999 0.6234678296875 0.79508695 0.6012650078124999 0.8078488484375 0.599392521875 0.8292514656250001 0.6036354109375 0.8374650140625001 0.6188717265625 0.8476206546875 0.642344859375 0.8486939937500001 0.657967371875 0.8402578609375
1 0.5427231421875 0.83899793125 0.561272484375 0.839640496875 0.570144465625 0.837475815625 0.5849615921875 0.8240677515625 0.5866638531249999 0.8046108249999999 0.5742298906250001 0.7907791890625 0.549951371875 0.784733921875 0.53730143125 0.7875483671875 0.52545688125 0.7953347374999999 0.51985218125 0.80268673125 0.518830825 0.8143608890625 0.5229034890625 0.8245201312500001 0.53321600625 0.8342449937499999 0.5427231421875 0.83899793125
1 0.45689720468750006 0.8275679640625 0.4779084390625 0.8284259171875 0.498624971875 0.8184748656249999 0.5068617921875 0.8093925625 0.510345046875 0.7979337937500001 0.5064426078125 0.7858288609375 0.49383841562499997 0.77394291875 0.48679318125000004 0.76940536875 0.4672682328125 0.765736571875 0.4429439640625 0.774391696875 0.43453691718750004 0.7854196890625 0.43283465625 0.804876615625 0.44492816562500004 0.8225996375 0.45689720468750006 0.8275679640625
1 0.37370338593749997 0.814407690625 0.39454439531249996 0.8172113375000001 0.41097228750000003 0.8137471265625 0.420354946875 0.8057453656250001 0.42502978281250003 0.7806667515625 0.4150577125 0.7670505000000001 0.403088684375 0.7620821734375001 0.388317303125 0.7607898453125 0.37320546875 0.763388903125 0.3639930375 0.7694449671875 0.3582181109375 0.7787426578125001 0.3566860765625 0.796253890625 0.36092896875 0.8044674374999999 0.37370338593749997 0.814407690625