1 0.1402260640625 0.10253906093750001 0.1291555828125 0.09375 0.11685505468749999 0.08984375 0.10455451874999999 0.08984375 0.0971742046875 0.091796875 0.08364361718749999 0.10253906093750001 0.08118351093750001 0.1259765609375 0.09471409374999999 0.140625 0.10947473125 0.14453125 0.11808510624999999 0.1435546890625 0.1291555828125 0.140625 0.1402260640625 0.1318359390625 0.1451462765625 0.11425781093750001 0.1402260640625 0.10253906093750001
1 0.24355053125 0.11230468906249999 0.24109042500000002 0.10644531093750001 0.222639625 0.09375 0.200498671875 0.091796875 0.179587765625 0.10253906093750001 0.172207446875 0.12011718906249999 0.17466755312499999 0.1298828109375 0.190658246875 0.14453125 0.205418884375 0.1484375 0.2140292546875 0.1474609390625 0.222639625 0.146484375 0.23617021249999998 0.1396484390625 0.24355053125 0.12402343906249999 0.24355053125 0.11230468906249999
1 0.31366356562500003 0.09765625 0.303823140625 0.09375 0.2841422890625 0.09375 0.2743018640625 0.09765625 0.2632313828125 0.10839843906249999 0.2632313828125 0.1298828109375 0.2681515953125 0.1376953109375 0.2841422890625 0.146484375 0.3075132984375 0.1455078109375 0.3247340421875 0.1337890609375 0.3296542546875 0.12402343906249999 0.3296542546875 0.11230468906249999 0.31366356562500003 0.09765625
1 0.4096077109375 0.1015625 0.39238697031249997 0.09375 0.37270611875 0.09375 0.36286569375 0.09765625 0.34933510624999997 0.11230468906249999 0.3517952125 0.1337890609375 0.37270611875 0.146484375 0.396077128125 0.1455078109375 0.41329787187499994 0.1337890609375 0.418218084375 0.12011718906249999 0.415757978125 0.11035156093750001 0.4096077109375 0.1015625
1 0.5043218078125 0.11425781093750001 0.5018617015625 0.10839843906249999 0.490791225 0.099609375 0.4784906890625 0.095703125 0.46126994843749997 0.095703125 0.4489694125 0.099609375 0.4403590421875 0.10644531093750001 0.43789893593749996 0.1298828109375 0.4440492 0.140625 0.4661901609375 0.1484375 0.47234042499999995 0.1474609390625 0.4834109015625 0.146484375 0.4969414890625 0.1396484390625 0.5043218078125 0.12402343906249999 0.5043218078125 0.11425781093750001
1 0.5695146296875 0.095703125 0.544913565625 0.095703125 0.5301529281249999 0.1015625 0.524002659375 0.10839843906249999 0.521542553125 0.11425781093750001 0.524002659375 0.1376953109375 0.544913565625 0.1484375 0.5682845750000001 0.1474609390625 0.5879654249999999 0.1318359390625 0.59042553125 0.12402343906249999 0.5879654249999999 0.11035156093750001 0.5695146296875 0.095703125
1 0.6691489359375 0.10644531093750001 0.6556183484375 0.09765625 0.6334773953124999 0.095703125 0.6162566468749999 0.1015625 0.6101063828125 0.10644531093750001 0.6051861703125 0.12207031093750001 0.6101063828125 0.1337890609375 0.6236369703125 0.146484375 0.6359374984375 0.150390625 0.649468084375 0.1494140609375 0.6691489359375 0.1396484390625 0.6740691484375 0.1318359390625 0.6740691484375 0.11425781093750001 0.6691489359375 0.10644531093750001
1 0.757712765625 0.11230468906249999 0.744182178125 0.099609375 0.734341753125 0.095703125 0.7171210125 0.095703125 0.7072805875 0.099609375 0.69375 0.11035156093750001 0.6912898937499999 0.1298828109375 0.7048204765625 0.14453125 0.7171210125 0.1484375 0.7355718078125 0.1474609390625 0.7417220765625 0.146484375 0.752792553125 0.1376953109375 0.757712765625 0.1298828109375 0.757712765625 0.11230468906249999
1 0.8438164890625 0.11425781093750001 0.8388962765624999 0.10644531093750001 0.82536569375 0.09765625 0.8032247312499999 0.095703125 0.7847739359375 0.10449218906249999 0.7749335109375 0.12207031093750001 0.7798537234375 0.1337890609375 0.7909242046875 0.14453125 0.79830451875 0.1484375 0.81183510625 0.1494140609375 0.8229055828125 0.1484375 0.8364361703125001 0.1396484390625 0.8438164890625 0.1279296890625 0.8438164890625 0.11425781093750001
1 0.925 0.10839843906249999 0.9163896250000001 0.1015625 0.9065492 0.09765625 0.8819481359375001 0.09765625 0.865957446875 0.10839843906249999 0.8610372343750001 0.12011718906249999 0.8634973406249999 0.1318359390625 0.8770279234375 0.146484375 0.8893284593749999 0.150390625 0.9028590421875 0.1494140609375 0.9139295234375 0.146484375 0.925 0.1376953109375 0.9299202125000001 0.11816406093750001 0.925 0.10839843906249999
1 0.1894281921875 0.1611328109375 0.1709773953125 0.1484375 0.143916221875 0.1484375 0.13284574531249999 0.1552734390625 0.125465425 0.1650390609375 0.12792553125 0.1884765609375 0.13653590625 0.197265625 0.14637633125 0.201171875 0.172207446875 0.2001953109375 0.186968084375 0.1904296890625 0.1918882984375 0.1826171890625 0.1943484046875 0.1728515609375 0.1894281921875 0.1611328109375
1 0.2644614390625 0.15234375 0.2374002640625 0.150390625 0.21648936093749999 0.1669921890625 0.21648936093749999 0.1865234390625 0.23248005156249998 0.201171875 0.24478058749999998 0.205078125 0.2533909578125 0.2041015609375 0.266921540625 0.201171875 0.277992021875 0.1923828109375 0.285372340625 0.1708984390625 0.2644614390625 0.15234375
1 0.3714760640625 0.1689453109375 0.3640957453125 0.1591796890625 0.35302526875 0.15234375 0.3284242046875 0.150390625 0.32104388125 0.15234375 0.3075132984375 0.1630859390625 0.30505319218750004 0.1865234390625 0.3099734046875 0.1962890609375 0.318583778125 0.201171875 0.33580451875 0.205078125 0.34441489375 0.2041015609375 0.3554853703125 0.201171875 0.3665558515625 0.1923828109375 0.3714760640625 0.1826171890625 0.3714760640625 0.1689453109375
1 0.46003989375 0.1708984390625 0.4575797875 0.1650390609375 0.4440492 0.154296875 0.431748671875 0.150390625 0.416988034375 0.150390625 0.396077128125 0.1630859390625 0.391156915625 0.1708984390625 0.391156915625 0.1865234390625 0.4046874984375 0.203125 0.43789893593749996 0.2041015609375 0.4440492 0.203125 0.45265957500000004 0.1962890609375 0.46003989375 0.1826171890625 0.46003989375 0.1708984390625
1 0.5412234046875 0.1650390609375 0.5276928171875 0.154296875 0.5178523921875 0.150390625 0.498171540625 0.15234375 0.4797207453125 0.1650390609375 0.47726063906249994 0.1708984390625 0.4797207453125 0.1943359390625 0.4858710125 0.201171875 0.5006316515625 0.205078125 0.521542553125 0.2041015609375 0.5276928171875 0.203125 0.5412234046875 0.1923828109375 0.5436835109375 0.1865234390625 0.5412234046875 0.1650390609375
1 0.632247340625 0.1728515609375 0.629787234375 0.1669921890625 0.6162566468749999 0.15625 0.606416221875 0.15234375 0.58919548125 0.15234375 0.5818151578124999 0.154296875 0.56582446875 0.1669921890625 0.5633643609375001 0.1748046890625 0.56582446875 0.1962890609375 0.57197473125 0.201171875 0.58919548125 0.20703125 0.6076462765625 0.2060546890625 0.6187167578125 0.203125 0.627327128125 0.1943359390625 0.632247340625 0.1865234390625 0.632247340625 0.1728515609375
1 0.7183510640625 0.1728515609375 0.702360375 0.15625 0.6900598390625 0.15234375 0.6752992 0.15234375 0.6568484046874999 0.1611328109375 0.649468084375 0.1708984390625 0.647007978125 0.1826171890625 0.6519281921875 0.1923828109375 0.662998671875 0.203125 0.6752992 0.20703125 0.6912898937499999 0.2060546890625 0.6999002640625 0.205078125 0.7134308515625001 0.1943359390625 0.7183510640625 0.1845703109375 0.7183510640625 0.1728515609375
1 0.781083778125 0.154296875 0.7589428171875 0.154296875 0.740492021875 0.1669921890625 0.7355718078125 0.1767578109375 0.7355718078125 0.1845703109375 0.742952128125 0.1982421890625 0.7491023921875 0.203125 0.761402928125 0.20703125 0.7798537234375 0.2060546890625 0.78846409375 0.203125 0.799534575 0.1943359390625 0.8019946812500001 0.1708984390625 0.781083778125 0.154296875
1 0.8856382984375 0.1689453109375 0.8647273953125 0.154296875 0.842586434375 0.154296875 0.8241356390625001 0.1669921890625 0.819215425 0.1748046890625 0.819215425 0.1865234390625 0.8241356390625001 0.1962890609375 0.8352061187500001 0.203125 0.8450465453125 0.20703125 0.8634973406249999 0.2060546890625 0.8745678218749999 0.203125 0.8856382984375 0.1904296890625 0.8880984046875 0.1845703109375 0.8856382984375 0.1689453109375
1 0.1451462765625 0.2255859390625 0.1377659578125 0.2138671890625 0.12669548125000002 0.20703125 0.09963430625 0.205078125 0.08118351093750001 0.2197265609375 0.0787234046875 0.2294921890625 0.08118351093750001 0.2431640609375 0.09471409374999999 0.255859375 0.10947473125 0.259765625 0.11808510624999999 0.2587890609375 0.1291555828125 0.255859375 0.1402260640625 0.2470703109375 0.1451462765625 0.2392578109375 0.1451462765625 0.2255859390625
1 0.23617021249999998 0.2275390609375 0.23371010625 0.2216796890625 0.2201795234375 0.2109375 0.21033909843749998 0.20703125 0.190658246875 0.20703125 0.16974734062500002 0.2197265609375 0.164827128125 0.2353515609375 0.1758976078125 0.25390625 0.1931183484375 0.26171875 0.20664893593749997 0.2607421890625 0.222639625 0.255859375 0.22878989375 0.2509765609375 0.23617021249999998 0.2392578109375 0.23617021249999998 0.2275390609375
1 0.3222739359375 0.2197265609375 0.3062832421875 0.208984375 0.2964428171875 0.20703125 0.2743018640625 0.208984375 0.2583111703125 0.2275390609375 0.2583111703125 0.2412109390625 0.27184175312500003 0.2578125 0.28168217812499996 0.26171875 0.30505319218750004 0.2607421890625 0.3222739359375 0.2490234390625 0.3271941484375 0.2412109390625 0.3271941484375 0.2275390609375 0.3222739359375 0.2197265609375
1 0.415757978125 0.2275390609375 0.410837765625 0.2197265609375 0.3973071828125 0.2109375 0.385006646875 0.20703125 0.375166221875 0.20703125 0.3554853703125 0.21484375 0.34933510624999997 0.2216796890625 0.346875 0.2431640609375 0.34933510624999997 0.2509765609375 0.3554853703125 0.255859375 0.36778590625 0.26171875 0.3813164890625 0.2626953109375 0.39976728437500003 0.2578125 0.410837765625 0.2490234390625 0.415757978125 0.2412109390625 0.415757978125 0.2275390609375
1 0.4969414890625 0.2216796890625 0.488331115625 0.21484375 0.4735704765625 0.208984375 0.46126994843749997 0.208984375 0.4465093109375 0.21484375 0.43789893593749996 0.2216796890625 0.4329787234375 0.2373046890625 0.43789893593749996 0.2509765609375 0.4489694125 0.259765625 0.46126994843749997 0.263671875 0.47480053125 0.2626953109375 0.4858710125 0.259765625 0.4969414890625 0.2509765609375 0.5018617015625 0.2314453109375 0.4969414890625 0.2216796890625
1 0.57197473125 0.212890625 0.56213430625 0.208984375 0.544913565625 0.208984375 0.535073140625 0.212890625 0.521542553125 0.2275390609375 0.521542553125 0.2470703109375 0.535073140625 0.259765625 0.5473736687499999 0.263671875 0.5609042546875 0.2626953109375 0.57197473125 0.259765625 0.58550531875 0.2470703109375 0.5879654249999999 0.2275390609375 0.57197473125 0.212890625
1 0.631017284375 0.2109375 0.621176859375 0.21484375 0.6076462765625 0.2275390609375 0.6076462765625 0.2451171890625 0.6101063828125 0.2509765609375 0.621176859375 0.259765625 0.631017284375 0.263671875 0.6519281921875 0.2626953109375 0.6716090421875001 0.2509765609375 0.6740691484375 0.2275390609375 0.6556183484375 0.212890625 0.631017284375 0.2109375
1 0.757712765625 0.2275390609375 0.7466422890625 0.216796875 0.7368018640625 0.212890625 0.724501328125 0.2109375 0.7122008 0.212890625 0.6912898937499999 0.2275390609375 0.69375 0.2529296890625 0.6974401609374999 0.2578125 0.7122008 0.263671875 0.7355718078125 0.2646484390625 0.7417220765625 0.263671875 0.757712765625 0.2490234390625 0.7601728718749999 0.2412109390625 0.757712765625 0.2275390609375
1 0.8388962765624999 0.2216796890625 0.8229055828125 0.212890625 0.79830451875 0.212890625 0.7823138296875001 0.2236328109375 0.7773936171875 0.2333984390625 0.7773936171875 0.2431640609375 0.7823138296875001 0.2529296890625 0.79830451875 0.263671875 0.819215425 0.2646484390625 0.8278257953124999 0.26171875 0.8413563828124999 0.2509765609375 0.8438164890625 0.2294921890625 0.8388962765624999 0.2216796890625
1 0.92253989375 0.2197265609375 0.9114694125 0.212890625 0.8819481359375001 0.2109375 0.865957446875 0.2255859390625 0.8634973406249999 0.2451171890625 0.8757978718749999 0.2587890609375 0.8844082468750001 0.263671875 0.9077792546874999 0.2626953109375 0.9188497359375001 0.2578125 0.9274601062500001 0.2490234390625 0.9299202125000001 0.2294921890625 0.92253989375 0.2197265609375
1 0.186968084375 0.2783203109375 0.1709773953125 0.265625 0.14145611875 0.263671875 0.125465425 0.2744140609375 0.12054521250000001 0.2822265609375 0.11808510624999999 0.2900390609375 0.12054521250000001 0.2998046890625 0.12300531875000001 0.3056640609375 0.13653590625 0.31640625 0.16236702187500002 0.3173828109375 0.1734374984375 0.314453125 0.184507978125 0.3056640609375 0.1894281921875 0.2841796890625 0.186968084375 0.2783203109375
1 0.280452128125 0.2861328109375 0.277992021875 0.2802734390625 0.262001328125 0.267578125 0.25216090156250004 0.263671875 0.2349401609375 0.263671875 0.2140292546875 0.2763671890625 0.2091090421875 0.2841796890625 0.2091090421875 0.2978515609375 0.21648936093749999 0.3095703109375 0.2275598390625 0.31640625 0.2533909578125 0.3173828109375 0.2644614390625 0.314453125 0.27307180781249996 0.3076171890625 0.277992021875 0.2998046890625 0.280452128125 0.2861328109375
1 0.36901595781249996 0.2861328109375 0.3665558515625 0.2802734390625 0.3554853703125 0.271484375 0.3431848421875 0.265625 0.33088430625 0.265625 0.3075132984375 0.2763671890625 0.300132978125 0.2939453109375 0.30505319218750004 0.3095703109375 0.31366356562500003 0.31640625 0.32596409375 0.3203125 0.34441489375 0.3193359390625 0.3554853703125 0.31640625 0.3640957453125 0.3095703109375 0.36901595781249996 0.3017578109375 0.36901595781249996 0.2861328109375
1 0.45511968124999996 0.2822265609375 0.43666888437500007 0.26953125 0.4145279234375 0.267578125 0.39976728437500003 0.2734375 0.391156915625 0.2802734390625 0.3862367015625 0.2939453109375 0.3886968078125 0.3056640609375 0.391156915625 0.3115234390625 0.39976728437500003 0.318359375 0.416988034375 0.32421875 0.43051861718750006 0.3232421890625 0.44158909843750005 0.3203125 0.45511968124999996 0.3095703109375 0.46003989375 0.2900390609375 0.45511968124999996 0.2822265609375
1 0.5436835109375 0.2880859390625 0.5412234046875 0.2822265609375 0.525232715625 0.26953125 0.498171540625 0.267578125 0.47726063906249994 0.2822265609375 0.47480053125 0.3017578109375 0.4858710125 0.31640625 0.503091753125 0.322265625 0.516622340625 0.3212890609375 0.5326130296875 0.31640625 0.5387632984375 0.3115234390625 0.5436835109375 0.3017578109375 0.5436835109375 0.2880859390625
1 0.627327128125 0.2802734390625 0.611336434375 0.26953125 0.58919548125 0.267578125 0.5793550546875 0.271484375 0.5633643609375001 0.2880859390625 0.56582446875 0.3115234390625 0.5818151578124999 0.3203125 0.6051861703125 0.3212890609375 0.6187167578125 0.318359375 0.629787234375 0.3076171890625 0.632247340625 0.2880859390625 0.627327128125 0.2802734390625
1 0.7048204765625 0.2734375 0.6949800515625 0.26953125 0.6728390984375 0.26953125 0.662998671875 0.2734375 0.649468084375 0.2880859390625 0.6519281921875 0.3076171890625 0.667918884375 0.3203125 0.6752992 0.322265625 0.69621010625 0.3212890609375 0.7134308515625001 0.3115234390625 0.7183510640625 0.3017578109375 0.7183510640625 0.2880859390625 0.7048204765625 0.2734375
1 0.79707446875 0.2783203109375 0.7860039921875 0.271484375 0.7589428171875 0.26953125 0.7466422890625 0.275390625 0.7380319156249999 0.2861328109375 0.740492021875 0.3115234390625 0.7589428171875 0.322265625 0.7847739359375 0.3212890609375 0.799534575 0.3115234390625 0.8044547874999999 0.2958984390625 0.8019946812500001 0.2861328109375 0.79707446875 0.2783203109375
1 0.8905585109375 0.2939453109375 0.8856382984375 0.2802734390625 0.879488034375 0.275390625 0.8622672843749999 0.271484375 0.8450465453125 0.271484375 0.8376662218750001 0.2734375 0.8241356390625001 0.2841796890625 0.819215425 0.2939453109375 0.82167553125 0.3076171890625 0.8376662218750001 0.322265625 0.8499667578125001 0.326171875 0.8610372343750001 0.3251953109375 0.8721077109375001 0.322265625 0.8856382984375 0.3115234390625 0.8905585109375 0.3017578109375 0.8905585109375 0.2939453109375
1 0.9299202125000001 0.3466796890625 0.9163896250000001 0.333984375 0.9065492 0.330078125 0.8868683484375 0.330078125 0.8770279234375 0.333984375 0.8634973406249999 0.3486328109375 0.8610372343750001 0.3564453109375 0.865957446875 0.3701171890625 0.8844082468750001 0.3828125 0.91269946875 0.3818359390625 0.92253989375 0.3759765609375 0.9299202125000001 0.3662109390625 0.9323803187499999 0.3603515609375 0.9299202125000001 0.3466796890625
1 0.83028590625 0.333984375 0.8204454812499999 0.330078125 0.8032247312499999 0.330078125 0.79338430625 0.333984375 0.7798537234375 0.3486328109375 0.7798537234375 0.3623046890625 0.7847739359375 0.3740234390625 0.8007646296875001 0.3828125 0.8265957453125001 0.3818359390625 0.8438164890625 0.3681640609375 0.8462765953125 0.3603515609375 0.8438164890625 0.3466796890625 0.83028590625 0.333984375
1 0.744182178125 0.33203125 0.734341753125 0.328125 0.7146609015625 0.328125 0.69621010625 0.3408203109375 0.6912898937499999 0.3505859390625 0.6912898937499999 0.3642578109375 0.69375 0.3701171890625 0.7072805875 0.37890625 0.7195811156249999 0.3828125 0.7355718078125 0.3818359390625 0.7491023921875 0.376953125 0.757712765625 0.3681640609375 0.7601728718749999 0.3486328109375 0.744182178125 0.33203125
1 0.81675531875 0.4111328109375 0.8032247312499999 0.3984375 0.781083778125 0.39453125 0.7687832421875 0.396484375 0.752792553125 0.4091796890625 0.750332446875 0.4150390609375 0.752792553125 0.4345703109375 0.761402928125 0.443359375 0.771243353125 0.447265625 0.7921542546875 0.4482421890625 0.8032247312499999 0.4453125 0.8142952125 0.4365234390625 0.819215425 0.4267578109375 0.81675531875 0.4111328109375
1 0.6716090421875001 0.3388671890625 0.6556183484375 0.328125 0.6457779234375 0.326171875 0.6260970718750001 0.328125 0.6125664890625 0.3369140609375 0.6076462765625 0.3447265609375 0.6051861703125 0.3525390609375 0.6076462765625 0.3681640609375 0.6187167578125 0.376953125 0.631017284375 0.380859375 0.6568484046874999 0.3798828109375 0.6666888296875 0.3740234390625 0.6740691484375 0.3642578109375 0.6765292546875 0.3466796890625 0.6716090421875001 0.3388671890625
1 0.7109707453125 0.3974609390625 0.6999002640625 0.390625 0.6703789875 0.388671875 0.6519281921875 0.3994140609375 0.649468084375 0.4248046890625 0.6654587750000001 0.44140625 0.6703789875 0.443359375 0.69375 0.4423828109375 0.7085106390625 0.4326171890625 0.7158909578125 0.4228515609375 0.7158909578125 0.4052734390625 0.7109707453125 0.3974609390625
1 0.58550531875 0.3388671890625 0.5695146296875 0.328125 0.5424534546875 0.326171875 0.525232715625 0.3359375 0.5190824468749999 0.3427734390625 0.516622340625 0.3564453109375 0.521542553125 0.3701171890625 0.5399933531250001 0.380859375 0.56582446875 0.3798828109375 0.5744348421875001 0.376953125 0.58550531875 0.3642578109375 0.5879654249999999 0.3583984390625 0.58550531875 0.3388671890625
1 0.6088763312500001 0.388671875 0.58427526875 0.388671875 0.5744348421875001 0.392578125 0.56582446875 0.4013671890625 0.5633643609375001 0.4267578109375 0.58427526875 0.443359375 0.6076462765625 0.4423828109375 0.629787234375 0.4248046890625 0.632247340625 0.4189453109375 0.629787234375 0.3994140609375 0.6088763312500001 0.388671875
1 0.488331115625 0.33203125 0.4735704765625 0.326171875 0.4489694125 0.328125 0.4329787234375 0.3408203109375 0.43051861718750006 0.3486328109375 0.4329787234375 0.3642578109375 0.4428191484375 0.3759765609375 0.45388962499999996 0.380859375 0.4797207453125 0.3798828109375 0.488331115625 0.376953125 0.49940159531250006 0.3662109390625 0.5018617015625 0.3427734390625 0.488331115625 0.33203125
1 0.41329787187499994 0.3447265609375 0.39238697031249997 0.328125 0.3825465453125 0.326171875 0.3653257953125 0.328125 0.346875 0.3408203109375 0.34441489375 0.3505859390625 0.346875 0.3681640609375 0.35302526875 0.375 0.3653257953125 0.380859375 0.3862367015625 0.3818359390625 0.39976728437500003 0.37890625 0.410837765625 0.3681640609375 0.415757978125 0.3564453109375 0.41329787187499994 0.3447265609375
1 0.45511968124999996 0.3994140609375 0.4465093109375 0.392578125 0.42436834843750004 0.38671875 0.3973071828125 0.390625 0.3862367015625 0.3994140609375 0.3813164890625 0.4111328109375 0.38377659531249997 0.4130859390625 0.38377659531249997 0.4267578109375 0.3886968078125 0.4345703109375 0.40714760781250003 0.4453125 0.4329787234375 0.4443359390625 0.44158909843750005 0.44140625 0.45019946875 0.4306640609375 0.45511968124999996 0.4169921890625 0.45511968124999996 0.3994140609375
1 0.5461436171875 0.4091796890625 0.5412234046875 0.3994140609375 0.5326130296875 0.392578125 0.5178523921875 0.38671875 0.508011965625 0.38671875 0.490791225 0.392578125 0.4821808515625 0.3994140609375 0.47726063906249994 0.4111328109375 0.47726063906249994 0.4248046890625 0.4797207453125 0.4306640609375 0.49325132812500005 0.44140625 0.508011965625 0.4453125 0.516622340625 0.4443359390625 0.5276928171875 0.44140625 0.5412234046875 0.4306640609375 0.5461436171875 0.4208984390625 0.5461436171875 0.4091796890625
1 0.2964428171875 0.322265625 0.2693816515625 0.32421875 0.2558510640625 0.3330078109375 0.2509308515625 0.3408203109375 0.2509308515625 0.3603515609375 0.266921540625 0.375 0.276761965625 0.37890625 0.297672871875 0.3779296890625 0.3173537234375 0.3662109390625 0.3198138296875 0.3369140609375 0.308743353125 0.326171875 0.2964428171875 0.322265625
1 0.35917553125 0.4013671890625 0.3456449453125 0.38671875 0.308743353125 0.384765625 0.292752659375 0.3974609390625 0.290292553125 0.4052734390625 0.292752659375 0.4228515609375 0.3112034546875 0.4375 0.33457446874999996 0.4384765609375 0.34072473125 0.4375 0.35425531875 0.4267578109375 0.35917553125 0.4169921890625 0.35917553125 0.4013671890625
1 0.23125 0.3427734390625 0.22632978750000002 0.3330078109375 0.2152593109375 0.32421875 0.1881981359375 0.322265625 0.16728723437499998 0.3349609390625 0.16236702187500002 0.3447265609375 0.16236702187500002 0.3544921890625 0.1734374984375 0.37109375 0.185738034375 0.376953125 0.20172872343749998 0.3779296890625 0.21033909843749998 0.376953125 0.22386968125 0.3701171890625 0.23125 0.3583984390625 0.23125 0.3427734390625
1 0.21894946875 0.4091796890625 0.21033909843749998 0.400390625 0.195578459375 0.392578125 0.1709773953125 0.392578125 0.1549867015625 0.4091796890625 0.15252659531249999 0.4287109390625 0.168517284375 0.4453125 0.180817821875 0.44921875 0.19680851093750001 0.4482421890625 0.202958775 0.447265625 0.21648936093749999 0.4384765609375 0.22140957499999997 0.4267578109375 0.21894946875 0.4091796890625
1 0.1377659578125 0.3330078109375 0.12669548125000002 0.32421875 0.11439494531250001 0.3203125 0.10455451874999999 0.3203125 0.0922539921875 0.32421875 0.08118351093750001 0.3330078109375 0.0762632984375 0.3427734390625 0.0762632984375 0.3525390609375 0.08118351093750001 0.3642578109375 0.0922539921875 0.373046875 0.10455451874999999 0.376953125 0.115625 0.3759765609375 0.12669548125000002 0.373046875 0.1402260640625 0.3642578109375 0.1426861703125 0.3447265609375 0.1377659578125 0.3330078109375