1 0.8521945000000001 0.025036878125000002 0.8251591109374999 0.027878410937499997 0.80784875 0.040499164062499995 0.8076367171875001 0.0621241625 0.8200236734375 0.073587484375 0.8315939984374999 0.0772811046875 0.855044828125 0.0757982625 0.8676438140625 0.0656365828125 0.8715385546875 0.05540780937499999 0.869905296875 0.0398684046875 0.8521945000000001 0.025036878125000002
1 0.7493767671875 0.039771223437499996 0.73432001875 0.05019122499999999 0.727967515625 0.0606783203125 0.729396615625 0.0742752953125 0.735332928125 0.083470784375 0.7495651718749999 0.0888485046875 0.7607271859375 0.08865727343749999 0.7815160953125 0.085490328125 0.79616453125 0.07118547187499999 0.7937146453125 0.047876365625 0.776412165625 0.0369296890625 0.7493767671875 0.039771223437499996
1 0.6733902796875 0.0497216078125 0.658333525 0.0601416140625 0.6519810203125 0.070628703125 0.6593464328125 0.0934211671875 0.6798251640624999 0.09912429843750001 0.70552959375 0.0954407140625 0.719973878125 0.07919343281249999 0.71772815 0.057826753125 0.703087590625 0.048564178125 0.6733902796875 0.0497216078125
1 0.6364178140625001 0.064408928125 0.6170658812500001 0.057605425 0.5998615468749999 0.0594136734375 0.5904388078125 0.06433180937500001 0.57619868125 0.0825215140625 0.5804938609375 0.0997450265625 0.5951344234375 0.1090075984375 0.606500590625 0.1107587890625 0.6201203671875 0.1103092359375 0.6295431046875 0.1053911 0.6439873828125 0.0891438203125 0.64214996875 0.0716619875 0.6364178140625001 0.064408928125
1 0.551318759375 0.07040737500000001 0.524079203125 0.071306484375 0.5121987078125 0.0764829421875 0.5022616375 0.0883287296875 0.5020496015625 0.10995372968749999 0.5195562375 0.12284283437500002 0.5258027265624999 0.1231682421875 0.5492535515625 0.1216854046875 0.5633876578125 0.1143082 0.568613359375 0.1049214828125 0.56636763125 0.0835547984375 0.551318759375 0.07040737500000001
1 0.47307865781249997 0.0825585078125 0.4435855015625 0.0856583640625 0.428528746875 0.09607836875 0.42442985 0.1043647140625 0.428929184375 0.12353064843749999 0.44356974843749997 0.13279322031250002 0.45227399375 0.1328603109375 0.47306290312500004 0.1296933640625 0.48945061093750003 0.1201154140625 0.492626865625 0.114871865625 0.487719215625 0.09182108125 0.47307865781249997 0.0825585078125
1 0.3870569484375 0.0915997546875 0.3628876328125 0.09806781875000001 0.3547958578125 0.10382800781249998 0.34864751250000003 0.116257525 0.3502807703125 0.1317969296875 0.3622594078125 0.1393753984375 0.3762874984375 0.14281069375 0.397076403125 0.1396437515625 0.41643621093750005 0.1228798265625 0.41828150468749997 0.11679423124999999 0.40886664375 0.0981449390625 0.3870569484375 0.0915997546875
1 0.2965280375 0.10504249375000001 0.28690114218749996 0.10801820312499999 0.2767599140625 0.11792156406250001 0.27347764531249996 0.1339776109375 0.2796181140625 0.14511552187500001 0.29159675625000003 0.1526939921875 0.297843240625 0.153019403125 0.323547671875 0.149335815625 0.34085803124999997 0.13671506718749998 0.3414783796875 0.1189749125 0.3237675828125 0.104143384375 0.2965280375 0.10504249375000001
1 0.217879621875 0.113308775 0.2050764734375 0.12152802968750001 0.1987239703125 0.132015125 0.2009696984375 0.153381803125 0.2102864171875 0.15927617031250002 0.2216525890625 0.1610273640625 0.24981478125 0.1570854546875 0.2663085125 0.136695003125 0.2597597296875 0.121672240625 0.24511916718750001 0.11240966562500002 0.217879621875 0.113308775
1 0.08311096875 0.131401296875 0.0634488640625 0.13346786718749998 0.048392114062500005 0.1438878734375 0.04224376875 0.156317390625 0.0432645546875 0.16602951562499998 0.052066943750000004 0.1788515328125 0.062714625 0.18558795 0.0959965046875 0.1830718234375 0.11351101718750001 0.1723935015625 0.1137230515625 0.1507684953125 0.0958081015625 0.1339945421875 0.08311096875 0.131401296875
1 0.0273833 0.19224724531249998 0.013143173437499999 0.21043695312500002 0.0149805875 0.22791877968750002 0.024705620312500003 0.2376979984375 0.033614028125 0.23970751406250002 0.059522615625 0.23796635156249998 0.0809318734375 0.2170592546875 0.073974775 0.198151640625 0.0542145296875 0.1874632859375 0.0273833 0.19224724531249998
1 0.1277432609375 0.177771221875 0.1058275578125 0.1820385390625 0.0891296671875 0.20048656406249998 0.09076292500000001 0.21602596875 0.0964950796875 0.22327902812499997 0.11226244375000001 0.23144123125 0.1332555046875 0.2302167125 0.1473896109375 0.2228395078125 0.15937613125 0.20685055000000002 0.15528511250000002 0.1915694671875 0.1277432609375 0.177771221875
1 0.17179459218749998 0.12404415625000001 0.16155522656250002 0.12119259062500001 0.1443508890625 0.12300083906249999 0.134928153125 0.127918975 0.1206880265625 0.14610867968750002 0.122321284375 0.161648084375 0.13091951562499998 0.1725276734375 0.146278565625 0.1768050265625 0.1672716265625 0.17558050625 0.17915213125 0.1704040484375 0.19113864687499998 0.1544150875 0.18663931250000002 0.13524915312500002 0.17179459218749998 0.12404415625000001
1 0.19144094218750002 0.1691124421875 0.17956044531249998 0.1742889 0.16532031875 0.1924786046875 0.16634110625 0.2021907359375 0.17514349375 0.215012746875 0.19050254375 0.2192901 0.21620697500000002 0.2156065109375 0.2331090203125 0.1991009109375 0.23127160624999998 0.181619078125 0.20618751875000002 0.1675625140625 0.19144094218750002 0.1691124421875
1 0.2795120953125 0.155928025 0.26005414843749997 0.15993702031249998 0.24745516250000002 0.1700987046875 0.241102659375 0.18058579218749998 0.2484680703125 0.2033782578125 0.25798895 0.2112150484375 0.264235434375 0.2115404609375 0.2973131578125 0.2070819078125 0.3097079875 0.1949778015625 0.30705394375 0.1697262671875 0.29487114375 0.16020537343750002 0.2795120953125 0.155928025
1 0.3581605109375 0.14766174375000002 0.3362448046875 0.151929059375 0.32589942031249997 0.15988999375 0.3195469171875 0.1703770890625 0.32138433125 0.18785891562499998 0.338686809375 0.1988055953125 0.3525107421875 0.20029846562500003 0.3587572265625 0.2006238765625 0.3753491015625 0.19298835 0.38528616875 0.1811425625 0.38037851875 0.1580917765625 0.3581605109375 0.14766174375000002
1 0.44418221874999997 0.138620496875 0.41448490624999995 0.13977792656250002 0.3973787015625 0.1543411046875 0.3998285875 0.1776502125 0.41446915312500004 0.18691278281249998 0.42071563593750005 0.18723819531250002 0.4392509390625 0.186271996875 0.46147682031250004 0.1731346015625 0.4616888546875 0.151509603125 0.4586186203125 0.14594064375 0.44418221874999997 0.138620496875
1 0.5099293421875 0.1258185453125 0.4951827640625 0.1273684734375 0.48576002812499997 0.132286609375 0.4711115921875 0.146591465625 0.47581508437500003 0.1676998234375 0.49045564218750004 0.1769623984375 0.4967021296875 0.17728780625 0.519948796875 0.1738625421875 0.53480139375 0.16150011250000001 0.5386961359375 0.15127134375 0.53194319375 0.134306153125 0.5099293421875 0.1258185453125
1 0.5959510515625001 0.1167773 0.580796159375 0.1144423765625 0.5662537390625 0.1179347296875 0.5470980859375 0.1366410765625 0.551597421875 0.1558070109375 0.5637802171875 0.1653279078125 0.5776041515625 0.16682078125 0.5959352984375 0.16391215625 0.6076116359375 0.1567932734375 0.6146826296875 0.14132095625000002 0.610591609375 0.12603987187500001 0.5959510515625001 0.1167773
1 0.6666137015625 0.10345870625 0.639782471875 0.108242665625 0.6253381874999999 0.12448994375 0.6271756015625 0.141971778125 0.6484709625 0.1554446125 0.6719217875 0.153961771875 0.6835981375 0.14684288750000002 0.691281596875 0.137197846875 0.6888317109375001 0.11388873906250001 0.6666137015625 0.10345870625
1 0.73748051875 0.09208253749999999 0.718022571875 0.0960915328125 0.7056277375 0.1081956390625 0.701732996875 0.11842441249999999 0.7058240171875 0.133705496875 0.720464575 0.14296806875 0.729168828125 0.1430351578125 0.74995773125 0.1398682125 0.767063934375 0.125305034375 0.7646140484374999 0.101995928125 0.755297325 0.096101565625 0.73748051875 0.09208253749999999
1 0.8377344671875001 0.088419015625 0.8259599859375 0.08278297031250001 0.79872043125 0.0836820796875 0.7814100749999999 0.09630282812499999 0.777311178125 0.1045891734375 0.7787402796875 0.1181861546875 0.784676590625 0.1273816375 0.8053594796875 0.1350271984375 0.8238947765625 0.134061 0.833317515625 0.1291428625 0.8455081921875 0.11509633125 0.8434666203125 0.095672075 0.8377344671875001 0.088419015625
1 0.8652684390625 0.1257846859375 0.8433527249999999 0.130052003125 0.8339299875 0.13497014062499998 0.826246525 0.14461518125 0.8286964109375001 0.1679242875 0.8459988953125 0.1788709640625 0.8622805890624999 0.180105515625 0.8756962078124999 0.17771353437499998 0.8897321734375 0.15758140468749998 0.8878947578125 0.1400995703125 0.8755078046874999 0.1286362515625 0.8652684390625 0.1257846859375
1 0.7921480203125 0.1393616015625 0.7675703921875 0.14194481406249998 0.7504641875 0.1565079921875 0.7529140734374999 0.1798170984375 0.7624349546875 0.1876538875 0.7789208046875 0.1908308625 0.7972519499999999 0.18792224062500001 0.8066746874999999 0.1830041046875 0.8141539921875 0.1714166375 0.81170410625 0.14810753125 0.7921480203125 0.1393616015625
1 0.7137037625 0.1495703078125 0.691583890625 0.1518952 0.67468185 0.168400803125 0.6763151078125 0.1839402078125 0.6822514187500001 0.193135690625 0.6915681375 0.1990300578125 0.7002723890625 0.19909714375 0.7210612937499999 0.19593020156250002 0.7381674968749999 0.1813670265625 0.7387878453125001 0.163626871875 0.7239431296875 0.15242187499999998 0.7137037625 0.1495703078125
1 0.6574775093749999 0.170209053125 0.6481607859375 0.1643146859375 0.6303439796875 0.1602956578125 0.618055159375 0.161587265625 0.606378821875 0.1687061484375 0.5943923 0.184695109375 0.5952089296875 0.1924648109375 0.6040113171875 0.2052868234375 0.619574525 0.211506596875 0.6381098234375 0.210540403125 0.654497540625 0.20096245000000001 0.6621810015625 0.191317409375 0.6636179796875 0.1813469640625 0.6574775093749999 0.170209053125
1 0.53264593125 0.1764557875 0.5182016484374999 0.19270306875 0.522700984375 0.21186900312499998 0.5322218640624999 0.2197057921875 0.5435880296875 0.22145698593750002 0.5621233343750001 0.2204907875 0.5820956078124999 0.20955414375 0.5847654062500001 0.18767081562500001 0.5670546140625 0.17283928906249998 0.53264593125 0.1764557875
1 0.4888145125 0.184990421875 0.476117378125 0.1823971765625 0.45911719843750004 0.1861478515625 0.444264603125 0.19851027968749999 0.44241931093750003 0.20459587968749998 0.44712280312499997 0.22570423750000002 0.4704676109375 0.2350338984375 0.48162962187499997 0.2348426671875 0.495763728125 0.22746546250000002 0.5057007984374999 0.21561967499999998 0.5034550703125 0.194252996875 0.4888145125 0.184990421875
1 0.3808771 0.198298984375 0.364179209375 0.2167470125 0.3686785453125 0.235912946875 0.3895655921875 0.24550093125 0.415270025 0.2418173421875 0.43196791093750003 0.2233693140625 0.42746857499999996 0.20420337968750002 0.405250571875 0.19377334531249998 0.3808771 0.198298984375
1 0.329264071875 0.20372373124999998 0.3048905984375 0.2082493703125 0.28819271562500004 0.2266973953125 0.2926920484375 0.2458633296875 0.3111213328125 0.255709634375 0.337029925 0.253968475 0.356185571875 0.235262125 0.3580308640625 0.2291765296875 0.35148208125 0.21415376875 0.329264071875 0.20372373124999998
1 0.226446340625 0.218458078125 0.2140515109375 0.23056218281250002 0.21036092812499999 0.24273337968750003 0.2197757890625 0.26138267187499997 0.2340080375 0.2667603953125 0.245170046875 0.2665691609375 0.2680084046875 0.2592590453125 0.28204436875 0.2391269125 0.272833665625 0.22242004999999998 0.24570012968750002 0.21250665624999998 0.226446340625 0.218458078125
1 0.2001215609375 0.2398818140625 0.18507268906250002 0.22673439062499998 0.162544503125 0.22517443125 0.1482062390625 0.23060921093750003 0.135607253125 0.24077089375 0.13539521875 0.26239589375 0.14112737343749998 0.26964895312500003 0.15423281718749998 0.27612704843749997 0.180141409375 0.2743858890625 0.189564146875 0.269467753125 0.1972476078125 0.2598227125 0.20134650468749998 0.2515363671875 0.2001215609375 0.2398818140625
1 0.0816424875 0.23564145937499997 0.0618743640625 0.24852053281250003 0.057775465625 0.256806878125 0.059612879687499995 0.2742887046875 0.0693379125 0.284067921875 0.078246321875 0.28607743750000003 0.1088662765625 0.2818772078125 0.1212611125 0.2697731015625 0.121473146875 0.2481480953125 0.10662843125000002 0.236943096875 0.0816424875 0.23564145937499997
1 0.0701545421875 0.291837625 0.0455769109375 0.29442083750000003 0.028470714062500003 0.30898401249999996 0.0280545234375 0.3286665890625 0.0368569125 0.3414886078125 0.047300434375 0.3462825953125 0.075462628125 0.342340690625 0.0921605171875 0.3238926640625 0.09298502187499999 0.3080949375 0.08725286875 0.300841878125 0.0701545421875 0.291837625
1 0.13119030781250002 0.281494740625 0.11234483125000001 0.2913310140625 0.10466136562499999 0.3009760515625 0.1095690140625 0.3240268375 0.125336378125 0.332189040625 0.151244971875 0.330447878125 0.1706047734375 0.3136839546875 0.168563203125 0.2942596984375 0.1537184828125 0.2830547015625 0.13119030781250002 0.281494740625
1 0.209430409375 0.2693436078125 0.19754990156250002 0.27452006562500003 0.18085201875 0.29296809218750003 0.185555509375 0.3140764546875 0.20644255781249998 0.3236644375 0.22968922812499998 0.3202391703125 0.248844875 0.301532821875 0.2443455421875 0.28236688593750003 0.22192337499999998 0.269994428125 0.209430409375 0.2693436078125
1 0.2759941609375 0.264311359375 0.26114156718750003 0.2766737859375 0.2570426703125 0.28496013124999997 0.26154200625 0.304126065625 0.28468265625 0.3115133046875 0.3079293296875 0.3080880375 0.32442305781249997 0.28769758749999996 0.3201278796875 0.270474075 0.29545210625 0.2603023625 0.2759941609375 0.264311359375
1 0.3985721375 0.260265371875 0.3714386078125 0.2503519765625 0.3591497875 0.251643584375 0.3497270484375 0.2565617203125 0.3350786140625 0.2708665765625 0.33712018593750004 0.29029083125 0.34930298125000003 0.299811725 0.3582113890625 0.3018212375 0.38166221875 0.3003384 0.3910849578125 0.29542026250000003 0.403275628125 0.281373728125 0.40471260625000005 0.27140328281250004 0.3985721375 0.260265371875
1 0.447220940625 0.238459165625 0.42796715 0.2444105875 0.4112692671875 0.262858615625 0.41556444375 0.280082121875 0.42508532499999996 0.2879189140625 0.4391134109375 0.29135421250000004 0.4574445515625 0.2884455890625 0.479262125 0.2714233453125 0.477220553125 0.2519990890625 0.462579990625 0.242736515625 0.447220940625 0.238459165625
1 0.523207440625 0.2285087796875 0.5039536499999999 0.2344602015625 0.4872557609375 0.2529082265625 0.49134678125000003 0.2681893109375 0.5035295828125 0.27771020625 0.5124379859375 0.279719721875 0.5406001781249999 0.2757778125 0.5550444625 0.259530534375 0.5503409703125001 0.23842217031250001 0.541024246875 0.23252780781250001 0.523207440625 0.2285087796875
1 0.616806590625 0.22063499531250003 0.596532015625 0.2168742890625 0.5821937515625 0.22230906875 0.5673411546875 0.2346715 0.5654958625 0.24075709375 0.5724529609375 0.2596647078125 0.59579776875 0.26899436875 0.6020442593750001 0.2693197796875 0.623347490625 0.2592251875 0.6332845625 0.2473794015625 0.6314471484374999 0.22989756875 0.616806590625 0.22063499531250003
1 0.6825537140625 0.2078330453125 0.6628916109375 0.209899615625 0.6512152718750001 0.2170184984375 0.6435318062500001 0.22666353906249997 0.645573378125 0.24608779531249997 0.657756171875 0.2556086890625 0.6742420265625 0.258785665625 0.70199590625 0.2509589046875 0.709679371875 0.24131386406250002 0.710299721875 0.223573715625 0.7043634078125 0.2143782265625 0.6825537140625 0.2078330453125
1 0.7558782890625 0.1961985546875 0.7411317109375 0.1977484828125 0.7193141437499999 0.21477072812500003 0.721559871875 0.23613740625 0.7375313921875 0.24624203125 0.76589774375 0.24424255156250002 0.78361641875 0.235506653125 0.7832159812499999 0.2080543734375 0.77369510625 0.20021758125 0.7558782890625 0.1961985546875
1 0.8645263171875 0.20147219375 0.8559280843750001 0.1905926046875 0.8365761578124999 0.18378909999999998 0.8144562875 0.1861139921875 0.794892325 0.2009354875 0.7930470328125 0.2070210890625 0.7942719765625 0.21867564218750002 0.8028702078125001 0.22955523125 0.8146446890625001 0.23519127499999998 0.8284686234375 0.23668414375000002 0.837172875 0.23675123281250002 0.8515111375 0.2313164546875 0.8616523624999999 0.2214130921875 0.865547103125 0.211184325 0.8645263171875 0.20147219375
1 0.8912436609375 0.2310681640625 0.8760887687500001 0.228733240625 0.8545813687500001 0.23688541093749999 0.84444014375 0.24678876875000003 0.8495519500000001 0.271781984375 0.8590728265625 0.2796187734375 0.870438996875 0.28136996718749996 0.8986011906250001 0.2774280578125 0.9064888124999999 0.2697254453125 0.9101793953125 0.2575542484375 0.9032222984375 0.2386466359375 0.8912436609375 0.2310681640625
1 0.8029683500000001 0.24231015625 0.7835104046875 0.24631915312500002 0.774087665625 0.2512372890625 0.7664042 0.26088233125000004 0.7715160062499999 0.28587553906249996 0.780832725 0.29176990625 0.7973185796875 0.2949468796875 0.820565246875 0.291521615625 0.8329600796875001 0.27941750625 0.8331721156249999 0.25779250625 0.8274399609374999 0.250539446875 0.8029683500000001 0.24231015625
1 0.7171507984375001 0.253293828125 0.705270303125 0.2584702859375 0.6904177046875 0.2708327140625 0.6924592765625001 0.29025696875 0.7048462343749999 0.301720290625 0.7287053734375 0.3041223046875 0.750416925 0.2979125609375 0.7567694281249999 0.2874254671875 0.7573897781250001 0.26968531875 0.7423409000000001 0.2565378921875 0.7171507984375001 0.253293828125
1 0.6587769578125 0.2653208171875 0.633995171875 0.265961603125 0.614839525 0.284667953125 0.616881096875 0.304092209375 0.629063890625 0.313613103125 0.6379723 0.315622615625 0.66859225625 0.3114223875 0.6803746203125 0.2934910046875 0.67894551875 0.279894021875 0.673213365625 0.27264096250000003 0.6587769578125 0.2653208171875
1 0.5881143093750001 0.2786394109375 0.5702974921874999 0.2746203828125 0.5557550703125 0.2781127359375 0.5440787328125001 0.28523161875 0.5368035812499999 0.298761509375 0.5437606781250001 0.31766912187499996 0.5595280421875 0.325831325 0.582978871875 0.324348484375 0.595782015625 0.31612922499999996 0.60213451875 0.3056421375 0.600092946875 0.28621788125 0.5881143093750001 0.2786394109375
1 0.5187826125 0.2928000546875 0.49697291562499996 0.2862548734375 0.47976858125 0.288063121875 0.47034584218750003 0.2929812578125 0.4559015609375 0.309228540625 0.45835144687499996 0.332537646875 0.4705342453125 0.34205854062499996 0.48210456874999996 0.34575215937500003 0.5055553984375 0.34426931875 0.5228657546875 0.3316485671875 0.5269646515625 0.32336222187499997 0.524514765625 0.30005311562500003 0.5187826125 0.2928000546875
1 0.42364834218749997 0.2978893625 0.40398623906250003 0.299955934375 0.39456349999999996 0.3048740703125 0.38011922187499997 0.3211213515625 0.38728047656250003 0.3419713875 0.40796336718750004 0.3496169484375 0.4287522703125 0.346450003125 0.44811207968750005 0.32968608125 0.44607050781249996 0.310261825 0.43388770781249997 0.3007409296875 0.42364834218749997 0.2978893625
1 0.345204084375 0.30809807031249997 0.3255419796875 0.310164640625 0.30597801874999997 0.3249861390625 0.3061742984375 0.350495990625 0.3246035828125 0.36034229375 0.3480544109375 0.35885945625 0.371921428125 0.337694040625 0.3702881703125 0.3221546359375 0.35544344843750003 0.3109496359375 0.345204084375 0.30809807031249997
1 0.256724615625 0.3173976375 0.24013275156249997 0.3250331625 0.22773791875 0.337137271875 0.2330538796875 0.36407290937500003 0.24749028125 0.37139305624999996 0.25619453281250004 0.3714601421875 0.2792370484375 0.366092453125 0.2934771703125 0.3479027453125 0.29163975625 0.33042091875 0.26921759375 0.31804845625 0.256724615625 0.3173976375
1 0.1907733359375 0.32825716250000003 0.1735689890625 0.3300654125 0.1538008703125 0.3429444828125 0.1497019734375 0.35123082656250004 0.1509269171875 0.36288538125 0.1570673859375 0.3740232921875 0.1677150671875 0.38075970937500003 0.196081421875 0.378760228125 0.2197442796875 0.355652384375 0.2156532609375 0.3403713015625 0.20101270312500003 0.331108728125 0.1907733359375 0.32825716250000003
1 0.114786834375 0.3382075484375 0.0975825 0.34001579843749996 0.08119478125 0.34959375000000004 0.07351132187500001 0.3592387875 0.07555289375 0.37866304375 0.085277925 0.3884422609375 0.094186334375 0.3904517765625 0.12234853125 0.38650986718749997 0.13248975624999998 0.3766065046875 0.138638103125 0.3641769875 0.137209003125 0.3505800109375 0.114786834375 0.3382075484375
1 0.0592633234375 0.40099592343749996 0.042361278125 0.4175015234375 0.0448111640625 0.4408106296875 0.059655884375 0.45201562968750003 0.0685642875 0.4540251421875 0.0918109546875 0.4505998796875 0.1109666078125 0.4318935328125 0.108720878125 0.41052684843750004 0.0887564796875 0.3978960671875 0.0592633234375 0.40099592343749996
1 0.1399611828125 0.38858646874999997 0.12039722187499999 0.40340796718750005 0.1230512640625 0.42865949687500005 0.1350299015625 0.43623796875 0.1461919171875 0.4360467359375 0.16943858437499998 0.43262147031250003 0.18634063125 0.4161158703125 0.184503215625 0.3986340359375 0.1645388125 0.38600325625 0.1399611828125 0.38858646874999997
1 0.23540562812500002 0.3746270875 0.223116809375 0.37591869375 0.204271334375 0.3857549671875 0.19474258125 0.401485603125 0.1957633671875 0.41119773437499996 0.20456575625 0.4240197453125 0.22238256875 0.4280387765625 0.23354457812499999 0.4278475421875 0.24788284218749998 0.42241276250000004 0.262327125 0.40616548124999996 0.260285553125 0.386741225 0.23540562812500002 0.3746270875
1 0.316511803125 0.366102484375 0.294391940625 0.3684273765625 0.27708158125 0.381048125 0.27298268281250004 0.3893344703125 0.2744117828125 0.4029314515625 0.27768617500000004 0.41044283281249994 0.29099577499999996 0.4188633515625 0.3193621296875 0.41686387031249994 0.34158801250000004 0.40372647968750003 0.341800046875 0.3821014734375 0.32675116875 0.36895405000000003 0.316511803125 0.366102484375
1 0.3679206734375 0.3587353109375 0.3510186265625 0.37524091406250004 0.35592627656250003 0.3982917 0.3741514015625 0.4061955765625 0.39985583281250003 0.402511990625 0.4163495640625 0.3821215375 0.4120543859375 0.36489803125 0.38983637656250003 0.3544679953125 0.3679206734375 0.3587353109375
1 0.46316095312499994 0.3428335046875 0.44636493125000004 0.3485266046875 0.43171649062500006 0.36283146093749996 0.4298711984375 0.36891705625000004 0.4341663765625 0.3861405671875 0.448806934375 0.395403140625 0.46263086875 0.39689600937499997 0.4760464890625 0.39450403125 0.49335684375 0.3818832796875 0.49643495781249997 0.363884809375 0.486301609375 0.350220740625 0.46316095312499994 0.3428335046875
1 0.5491826609375 0.3337922578125 0.52460503125 0.336375471875 0.5077029859375 0.352881071875 0.50974455625 0.372305328125 0.5310399171875 0.38577816249999997 0.554490746875 0.3842953234375 0.57364639375 0.3655889734375 0.5716048234375 0.34616471875 0.5620839421875 0.33832792968750003 0.5491826609375 0.3337922578125
1 0.5981337640625 0.3266834078125 0.5879925359375 0.33658676718749997 0.5843019515625001 0.3487579625 0.5883929718750001 0.36403904531250003 0.6068222546875 0.37388535 0.6327308484375 0.372144190625 0.6496328890624999 0.35563859062500003 0.6447252421874999 0.33258780468750004 0.614929784375 0.3209903078125 0.5981337640625 0.3266834078125
1 0.703409253125 0.311690740625 0.6763738640625 0.31453227500000003 0.66397903125 0.32663638437500003 0.663971153125 0.3502038125 0.676153953125 0.3597247046875 0.68506235625 0.3617342171875 0.71097095 0.3599930578125 0.725823540625 0.34763063125000004 0.72583141875 0.32406320312500003 0.71364861875 0.31454230625 0.703409253125 0.311690740625
1 0.798543521875 0.3066014328125 0.7691563859375 0.29888878750000003 0.7523603546875 0.3045818890625 0.7422191312499999 0.31448525156249996 0.738528546875 0.326656446875 0.7395493328125 0.336368571875 0.7452814890624999 0.34362163125 0.7635066140625 0.3515255140625 0.7894152078125 0.3497843515625 0.8042677984375001 0.3374219203125 0.8061130921874999 0.331336325 0.8042756765625001 0.3138544921875 0.798543521875 0.3066014328125
1 0.8676710625 0.2904983625 0.8330582234374999 0.29217243437499996 0.8204592328125001 0.30233411875 0.8171769624999999 0.318390165625 0.8206555124999999 0.32784396875 0.8419508718750001 0.341316803125 0.8701130656249999 0.337374896875 0.8825079 0.3252707875 0.8866067984375 0.31698444375 0.8853818562500001 0.30532988906249997 0.8676710625 0.2904983625
1 0.9147611140624999 0.336609965625 0.904521746875 0.3337584 0.8776905171875 0.338542359375 0.8630420765625001 0.352847215625 0.8681538828124999 0.3778404234375 0.8854563625 0.388787103125 0.89170285 0.38911251406249997 0.905322621875 0.3886629578125 0.9196608859375001 0.3832281796875 0.9293938 0.36943996874999996 0.9271480703125 0.34807328437499996 0.9147611140624999 0.336609965625
1 0.8066195437499999 0.347976103125 0.7895133453125001 0.3625392765625 0.7921673890625 0.38779081249999997 0.806807946875 0.39705338437500004 0.8130544343749999 0.3973787953125 0.8340474999999999 0.396154275 0.8515620125 0.385475953125 0.8511615765625 0.3580236734375 0.8338590968749999 0.34707699375 0.8066195437499999 0.347976103125
1 0.7634005953125 0.3623380140625 0.7431260203125001 0.35857730781249997 0.730837209375 0.3598689140625 0.71127324375 0.374690409375 0.70778681875 0.388804034375 0.7110612093750001 0.396315415625 0.7285678453125 0.4092045171875 0.734814334375 0.409529928125 0.75334963125 0.40856372968750004 0.77086415 0.39788540625 0.7749630468750001 0.3895990609375 0.7731256328125 0.372117228125 0.7634005953125 0.3623380140625
1 0.6722592125 0.36995347500000003 0.647681584375 0.37253668906250004 0.6328289859375 0.3848991203125 0.6356871859375001 0.412093078125 0.6541164703125 0.42193938124999997 0.6751095296875 0.4207148625 0.6946734984375 0.40589336718749996 0.6946813749999999 0.3823259390625 0.6824985796874999 0.3728050421875 0.6722592125 0.36995347500000003
1 0.5913571875 0.3804205046875 0.5741528515625001 0.38222875312500004 0.5572508046875 0.398734353125 0.5570387703125 0.420359359375 0.5718834859374999 0.4315643578125 0.588165184375 0.4327989078125 0.6040385671874999 0.43014860468749994 0.6186870015625 0.41584374999999996 0.61910319375 0.396161171875 0.604054321875 0.38301374843749997 0.5913571875 0.3804205046875
1 0.5307297453125 0.3946482390625 0.5153706984374999 0.39037089062499997 0.49345498125000004 0.39463820781250003 0.476552940625 0.41114380781250004 0.4790028265625 0.43445291406250003 0.49743211093750006 0.44429921875 0.525798465625 0.44229973749999996 0.535221203125 0.43738160156249994 0.5429046640624999 0.4277365609375 0.5402506218750001 0.40248503125 0.5307297453125 0.3946482390625
1 0.4522854890625 0.40485694531250005 0.4395883546875 0.4022637015625 0.4248417765625 0.4038136296875 0.4082499125 0.4114491546875 0.40077060312499996 0.42303661875 0.40281217500000005 0.442460875 0.420114653125 0.4534075546875 0.43373443125 0.4529580015625 0.4496078078125 0.4503076984375 0.4665098546875 0.43380209843750006 0.4677426765625 0.42188922343749996 0.46160220625 0.41075131249999997 0.4522854890625 0.40485694531250005
1 0.3513130453125 0.41350569375 0.34168615 0.41648140468749995 0.32929132031249997 0.4285855140625 0.3292834421875 0.4521529421875 0.3414662390625 0.4616738359375 0.3477127265625 0.46199924687499994 0.3687057921875 0.4607747265625 0.38867806875 0.4498380828125 0.388685946875 0.42627065468750003 0.3765031453125 0.4167497578125 0.3513130453125 0.41350569375
1 0.31003753125 0.4345369359375 0.2980588875 0.426958465625 0.2826998375 0.422681115625 0.263241890625 0.42669011250000005 0.24633984999999997 0.4431957125 0.25145165625 0.4681889265625 0.2583106109375 0.47434161093749994 0.27479646562500004 0.4775185875 0.2884162375 0.4770690328125 0.295177059375 0.470466790625 0.3095153234375 0.46503201250000004 0.3126915734375 0.459788465625 0.31003753125 0.4345369359375
1 0.21183303125 0.434057284375 0.1872554015625 0.43664049687500006 0.167691434375 0.45146199375 0.170345478125 0.476713528125 0.18519019375 0.4879185265625 0.19143668125 0.48824393437499997 0.21488750625000003 0.486761096875 0.234451471875 0.471939596875 0.23425519375 0.446429746875 0.2247343125 0.43859295468750004 0.21183303125 0.434057284375
1 0.11843803906249999 0.44387349374999996 0.0937543890625 0.457269209375 0.088626828125 0.4794108515625 0.0974292171875 0.4922328703125 0.11033050468750001 0.49676853750000005 0.140950459375 0.492568309375 0.1555989 0.47826345625 0.15560677812499998 0.454696028125 0.1409662140625 0.445433453125 0.11843803906249999 0.44387349374999996
1 0.07274556875 0.5056285828125 0.06014658125 0.5157902671875 0.056047684375 0.5240766109375 0.057885098437500004 0.5415584390625 0.063617253125 0.5488114984375 0.08071557968750001 0.5578157515625 0.089419825 0.5578828390624999 0.1145117890625 0.5483719765624999 0.1234280703125 0.5268140609375 0.11647097343749999 0.5079064484375 0.097119040625 0.5011029453125 0.07274556875 0.5056285828125
1 0.20023907031250002 0.501065953125 0.1882604328125 0.49348748125 0.16573224687500002 0.491927521875 0.1466826140625 0.49982137031249996 0.13879499687500002 0.507523984375 0.139399590625 0.5369186874999999 0.1489204703125 0.544755478125 0.15762471875 0.54482256875 0.1810755421875 0.5433397281250001 0.1954138046875 0.5379049484375 0.20104782187499998 0.5324030828125 0.20371762031250001 0.51051975625 0.20023907031250002 0.501065953125
1 0.2718243734375 0.4847045578125 0.256465325 0.4804272078125 0.23680322187499997 0.4824937796875 0.21478149218749998 0.49757359687499997 0.21497777187499997 0.523083453125 0.2298224859375 0.5342884515625 0.2360689765625 0.5346138593750001 0.25951979999999997 0.5331310203124999 0.277238475 0.5243951234375 0.28338682187500003 0.51196560625 0.2844154828125 0.4981103015625 0.2718243734375 0.4847045578125
1 0.3349095828125 0.4702185015625 0.305620584375 0.4752607828125 0.2952751984375 0.48322172031250005 0.289331009375 0.497593659375 0.29055595312500004 0.5092482125 0.29915418437499997 0.5201278031250001 0.30580898749999996 0.5243380640625 0.3196329171875 0.525830934375 0.3357104578125 0.525123059375 0.352302321875 0.5174875343750001 0.3618310796875 0.5017568953125 0.3571275875 0.48064853906250005 0.3349095828125 0.4702185015625
1 0.426050965625 0.4626030390625 0.41335384062499997 0.46000979375 0.39123396875 0.46233468593750005 0.37167000781250004 0.47715618125 0.3716621296875 0.5007236109375001 0.3840490890625 0.51218693125 0.3954152546875 0.5139381234375 0.418866084375 0.512455284375 0.43300019062499995 0.5050780796875001 0.4384300453125 0.49763378593749996 0.438437921875 0.4740663578125 0.426050965625 0.4626030390625
1 0.5020374640624999 0.452652653125 0.48667841562499997 0.4483753046875 0.4670163109375 0.450441875 0.45759357500000003 0.4553600109375 0.445607053125 0.471348971875 0.45051470312499997 0.4943997578125 0.460035578125 0.5022365468750001 0.47140174999999995 0.503987740625 0.492394815625 0.5027632203125 0.506528921875 0.495386015625 0.5140082265625 0.48379855312500003 0.5117624968750001 0.46243186875 0.5020374640624999 0.452652653125
1 0.5651226734375 0.43816659687500004 0.5430028015625 0.4404914890625 0.533580065625 0.44540962500000003 0.5254882890625 0.45116981562499997 0.52159355 0.4613985828125 0.5232268062500001 0.47693798750000005 0.52916311875 0.4861334765625 0.5520996140625 0.49157828593749997 0.5632616234375 0.49138705156249995 0.584564865625 0.4812924578125 0.5920441703125 0.46970499062500004 0.587340678125 0.448596634375 0.5651226734375 0.43816659687500004
1 0.6411091625 0.4282162125 0.618989303125 0.43054110312500005 0.6016789421875 0.44316185468749997 0.6047412984375 0.4722982359375 0.614058021875 0.47819260156250004 0.6254241875 0.47994379687500005 0.6439594921875 0.47897759687499997 0.6661853718749999 0.46584020312499996 0.66619325 0.442272775 0.6538062984375 0.43080945625 0.6411091625 0.4282162125
1 0.7295886312500001 0.4189166453125 0.7193492640625 0.4160650796875 0.690060265625 0.4211073609375 0.6752076734375 0.4334697875 0.68072779375 0.462347853125 0.6927064374999999 0.4699263203125 0.6989529203125 0.47025172812499993 0.72240375 0.468768890625 0.73653785625 0.4613916859375 0.7442213171875001 0.4517466484375 0.74177143125 0.42843754062499995 0.7295886312500001 0.4189166453125
1 0.8104906578125 0.40844961562500004 0.8002512906250001 0.40559805000000004 0.7779272625 0.40598051718750006 0.7559055375 0.421060334375 0.7556935046875 0.4426853390625 0.777193021875 0.45810059531249997 0.8006438515625 0.4566177578125 0.812524346875 0.45144130000000005 0.8204119703125 0.44373868749999995 0.8200115312499999 0.41628640937499994 0.8104906578125 0.40844961562500004
1 0.85862513125 0.3935710625 0.846744625 0.3987475203125 0.837011715625 0.41253573125000004 0.8392574453125 0.433902415625 0.8567640796875 0.4467915171875 0.86301056875 0.447116928125 0.888715003125 0.44343334062500006 0.9033634390625 0.42912848437499995 0.9007093968750001 0.40387695468749996 0.8860688328125 0.3946143796875 0.85862513125 0.3935710625
1 0.918208159375 0.440333484375 0.8962924453125 0.4446008015625 0.8884048265625 0.45230341718749995 0.8845100859375 0.462532184375 0.8859391875 0.4761291671875 0.8918754984374999 0.48532465 0.9127625437500001 0.4949126328125 0.9360092124999999 0.49148736875 0.94799573125 0.4754984078125 0.9428839265625 0.4505052 0.9282433687499999 0.441242625 0.918208159375 0.440333484375
1 0.8373061328125001 0.45080051406250005 0.8250173234375 0.45209211875 0.8155945859375 0.45701025624999997 0.8077069640625 0.46471287187500004 0.8040163796875 0.4768840671875 0.805037165625 0.4865961921875 0.8138395546874999 0.4994182109375 0.8256140406249999 0.505054253125 0.8343182875 0.5051213421875 0.8575649546875 0.5016960765625 0.8722133937500001 0.48739122031250004 0.86689743125 0.4604555828125 0.8549187937499999 0.45287711562500005 0.8373061328125001 0.45080051406250005
1 0.785791253125 0.46898018593749996 0.7615238 0.46269332343749997 0.7467772218750001 0.4642432515625 0.7348967171874999 0.469419709375 0.7270090984375 0.477122325 0.725367965625 0.4851503484375 0.7278178515625 0.50845945625 0.7397964890625001 0.5160379234375 0.7560781875 0.5172724750000001 0.7721557265625 0.516564596875 0.7862898328125 0.50918739375 0.7937691359375 0.4975999296875 0.7915234078125 0.47623324531250005 0.785791253125 0.46898018593749996
1 0.7132833062499999 0.488384378125 0.703558275 0.47860516249999996 0.6881992265625 0.47432781406249996 0.6660793546875 0.47665270625 0.656656615625 0.48157084218749996 0.64671955 0.49341663125 0.648965278125 0.514783309375 0.6611480734375 0.52430420625 0.6727184015625001 0.527997821875 0.69596506875 0.5245725578125 0.7004722796875 0.5201710640625 0.707845575 0.5193961 0.7155290359375 0.5097510625 0.7132833062499999 0.488384378125
1 0.6224520921875001 0.4871297671875 0.592550621875 0.4863447703125 0.5806701265624999 0.491521228125 0.5682752921875001 0.503625334375 0.5709293343749999 0.5288768703125 0.5831121296874999 0.5383977640625 0.5944783015625 0.5401489546875 0.62264049375 0.5362070484375 0.637493090625 0.5238446171875 0.6377051265625 0.50221961875 0.6317688140625 0.4930241296875 0.6224520921875001 0.4871297671875
1 0.531310709375 0.49474522812500005 0.5093949953125 0.49901254687499996 0.492492953125 0.5155181453125001 0.49494283906250003 0.538827253125 0.50067499375 0.5460803125 0.5211537265625 0.5517834453125 0.5444003937499999 0.54835818125 0.559252990625 0.53599575 0.5631477312500001 0.5257669828125 0.555986475 0.504916940625 0.531310709375 0.49474522812500005
1 0.4407817875 0.5081879687499999 0.4289012921875 0.513364425 0.4187600640625 0.523267784375 0.4216182640625 0.55046174375 0.43113914062500003 0.5582985359375 0.4425053109375 0.5600497265625 0.47312527187500003 0.5558494984375 0.48552010156250003 0.5437453890625 0.4857321375 0.5221203890624999 0.4706832578125 0.5089729640625 0.4407817875 0.5081879687499999
1 0.392239 0.5191816703125001 0.37954187500000003 0.516588425 0.36479529843749997 0.518138353125 0.348203425 0.5257738796875 0.34031580625 0.5334764953125 0.3366252234375 0.545647690625 0.34624424062500003 0.56623940625 0.36918073749999997 0.571684215625 0.3899696453125 0.5685172734374999 0.3993923828125 0.5635991375 0.40932945 0.55175335 0.40421764375 0.5267601421875 0.392239 0.5191816703125001
1 0.2986398515625 0.5270554546875 0.28389327343750004 0.5286053828124999 0.261667390625 0.5417427765625 0.259610065625 0.5694533765625 0.27465893750000003 0.5826008 0.283567346875 0.5846103125 0.309475934375 0.582869153125 0.3290399 0.5680476546875 0.3286394625 0.540595375 0.3164566671875 0.53107448125 0.2986398515625 0.5270554546875
1 0.22777304375 0.5384316234375001 0.1984840453125 0.5434739046875 0.1815819984375 0.5599795046875 0.184031884375 0.5832886109375 0.19887660468749999 0.5944936109375 0.2075808515625 0.5945607015625 0.23574304375000002 0.5906187921875 0.2505956421875 0.5782563656249999 0.2503993625 0.5527465078125 0.2380124109375 0.5412831890625001 0.22777304375 0.5384316234375001
1 0.164687834375 0.5529176796875 0.1468710171875 0.5488986515625001 0.12720891406249998 0.5509652218750001 0.11532841875 0.5561416796875001 0.102933584375 0.5682457859375 0.1012924484375 0.5762738093750001 0.1025173921875 0.5879283625 0.1111156234375 0.598807953125 0.12289010468749999 0.6044439984375 0.1367140390625 0.6059368703125 0.1599607109375 0.602511603125 0.16938345 0.5975934671875 0.1770669109375 0.5879484265625 0.1742087109375 0.56075446875 0.164687834375 0.5529176796875
1 0.11817873593749999 0.606903065625 0.09360110625 0.6094862796875 0.07629074999999999 0.6221070281250001 0.07198769687499999 0.6284509500000001 0.0744375828125 0.6517600578125 0.08928229843749999 0.6629650546875 0.09819070625000001 0.6649745703125001 0.11918376875 0.66375005 0.145916865625 0.6462111625 0.1461289 0.6245861625 0.135995553125 0.61092209375 0.11817873593749999 0.606903065625
1 0.19416523593749999 0.5969526796875 0.17450313125 0.59901925 0.160369025 0.6063964546875 0.1506361125 0.62018466875 0.15288184062500002 0.641551346875 0.1586139953125 0.64880440625 0.181550490625 0.6542492171875 0.20233939531249998 0.651082275 0.2219033609375 0.6362607796875 0.2190451609375 0.609066821875 0.20952428437499998 0.601230028125 0.19416523593749999 0.5969526796875
1 0.2853066171875 0.5893372171875 0.2674898109375 0.5853181890625 0.25765875781249997 0.5863514750000001 0.23860912656250002 0.594245321875 0.230721503125 0.6019479343749999 0.2268267640625 0.6121767078125 0.2282558640625 0.625773684375 0.234192175 0.6349691734375 0.24975538125000002 0.641188946875 0.2781217375 0.6391894640625 0.29338264375 0.6307118843749999 0.29973514687499997 0.6202247953125 0.29748941875 0.5988581109375 0.2853066171875 0.5893372171875
1 0.353307353125 0.57433451875 0.3287297234375 0.5769177328125 0.319306984375 0.58183586875 0.305066865625 0.600025575 0.3069042796875 0.6175074031250001 0.31263643281250003 0.6247604625000001 0.32195315625 0.6306548281250001 0.3357770859375 0.6321477015625 0.359023753125 0.6287224359375 0.368446490625 0.6238042984375001 0.3783835625 0.6119585140625 0.3759336765625 0.58864940625 0.353307353125 0.57433451875
1 0.4419909765625 0.566977378125 0.43175161093750003 0.5641258125 0.40471622343749997 0.5669673453125 0.39303987500000004 0.5740862296875 0.3853564140625 0.5837312703124999 0.390876534375 0.6126093296875 0.40019325781250004 0.6185036953124999 0.4115594234375 0.6202548906249999 0.43255248437500005 0.6190303703125 0.44668659218749995 0.611653165625 0.45437005781249995 0.602008125 0.4515118578125 0.5748141671875 0.4419909765625 0.566977378125
1 0.5246322765625 0.5612372546875 0.51019586875 0.5539171046875 0.4782449546875 0.55727528125 0.461342909375 0.57378088125 0.4599059328125 0.583751334375 0.46686302968750004 0.602658946875 0.4873417625 0.6083620796875 0.5155039546875 0.6044201703125001 0.5260534984375 0.5984016578125 0.53220184375 0.585972140625 0.5303644296875001 0.5684903140625 0.5246322765625 0.5612372546875
1 0.603076534375 0.55102854375 0.5937598109375 0.54513418125 0.57860491875 0.5427992578125 0.56140058125 0.54460750625 0.5495200765625 0.5497839640625 0.53978716875 0.563572178125 0.5451031296875 0.5905078140625 0.5568776171875001 0.59614385625 0.570701546875 0.5976367265625 0.5794057921875 0.597703815625 0.6009131937500001 0.5895516468750001 0.6104419453125 0.5738210078125 0.6090128453125 0.5602240328125 0.603076534375 0.55102854375
1 0.644556209375 0.5319397312499999 0.632675703125 0.5371161890625 0.624788084375 0.5448188015625 0.6192522109375 0.5630755984375 0.6229349171874999 0.57447183125 0.6415683578125 0.5862605578125 0.6721883140625 0.5820603296875 0.6847873046874999 0.57189865 0.68438686875 0.5444463703125 0.6722040687499999 0.5349254734375 0.644556209375 0.5319397312499999
1 0.7599650484375 0.5306111296875 0.7479864109375 0.5230326625 0.735289278125 0.5204394171875 0.7180849406250001 0.5222476656249999 0.7086622046875 0.527165803125 0.6966756828125 0.5431547640625001 0.701379175 0.5642631203125 0.7135619765625 0.573784015625 0.7224703781249999 0.5757935328125 0.750632571875 0.5718516234375 0.761182115625 0.5658331109375 0.76753461875 0.5553460234375 0.7659013609375 0.5398066187499999 0.7599650484375 0.5306111296875
1 0.82376874375 0.5111398515625 0.79407143125 0.51229728125 0.7794229968749999 0.5266021375000001 0.7792109609375 0.5482271359374999 0.7995836734374999 0.564742771875 0.8058301625000001 0.5650681796875 0.816992178125 0.564876946875 0.8337881984375001 0.5591838484375 0.8437252703125001 0.5473380624999999 0.841275384375 0.52402895625 0.82376874375 0.5111398515625
1 0.9046707703125 0.5006728218750001 0.8749734578125 0.5018302515624999 0.8621703093749999 0.5100495109375001 0.8560219625000001 0.522479028125 0.8605212968749999 0.5416449625 0.8791547375000001 0.5534336890625 0.90506333125 0.5516925296874999 0.9144860671874999 0.54677439375 0.924423134375 0.534928609375 0.9219732484375 0.5116195015625 0.9046707703125 0.5006728218750001
1 0.9519649796874999 0.5487268515625 0.9368100874999999 0.546391928125 0.9198099078125 0.5501426015625 0.9055697828125 0.568332309375 0.91047743125 0.5913830953125 0.931568634375 0.6029135 0.9525616953125 0.601688984375 0.9629070828125 0.59372805 0.9670059796875 0.5854417046875 0.961485859375 0.5565636390625001 0.9519649796874999 0.5487268515625
1 0.86860519375 0.5594522015625001 0.844027565625 0.5620354140625 0.8291749718749999 0.574397840625 0.8256885468749999 0.588511465625 0.8293712531249999 0.5999076984375 0.8353075640625001 0.6091031796874999 0.84820885 0.613638853125 0.8741174375 0.6118976921875 0.88599794375 0.6067212328125 0.8938855625000001 0.5990186171875 0.888161284375 0.5681981296874999 0.86860519375 0.5594522015625001
1 0.7977383875 0.57082836875 0.768041075 0.5719857984375001 0.75052655625 0.5826641234375 0.7468359734375001 0.5948353187500001 0.751335309375 0.614001253125 0.7686377921875 0.6249479328125 0.7748842765624999 0.62527334375 0.7885040531249999 0.6248237875 0.8028423171875 0.6193890078125001 0.8150329890625001 0.6053424765625001 0.8127872609375 0.5839757921875 0.7977383875 0.57082836875
1 0.7117166796875 0.5798696156250001 0.6797657640625 0.5832277921875 0.6673709296875 0.5953318984375 0.6706374453125 0.6264107078125 0.688862571875 0.6343145890625 0.7147711640625001 0.6325734265625 0.7241939015625001 0.627655290625 0.7341309671875 0.6158095015625 0.73168108125 0.5925003953125 0.7117166796875 0.5798696156250001
1 0.6435117859374999 0.5929298875 0.6332724203125 0.590078321875 0.603779265625 0.593178178125 0.5866730671875 0.6077413515625001 0.5895312671874999 0.634935309375 0.6017140671875 0.64445620625 0.613080234375 0.6462074 0.6365310625 0.644724559375 0.6459538 0.6398064234375 0.6581444734375 0.625759890625 0.65589874375 0.6043932062499999 0.6435117859374999 0.5929298875
1 0.5548281625 0.6002870296875 0.52308140625 0.6055876312499999 0.5086371234375 0.6218349125 0.5108828515625 0.6432015921875001 0.51661500625 0.6504546515625 0.525931725 0.6563490171875 0.539755659375 0.657841890625 0.5558331953125 0.6571340140624999 0.57242506875 0.6494984875 0.581953821875 0.6337678515625 0.577046171875 0.610717065625 0.5548281625 0.6002870296875
1 0.486623271875 0.6133473015625001 0.47392614687499995 0.6107540578124999 0.4495526734375 0.6152796953124999 0.43449591875 0.6256997015625 0.43265062812500005 0.6317852953124999 0.43817074843750003 0.6606633609375 0.45506491718750003 0.6677251859375 0.4637691640625 0.6677922734374999 0.4798467046875 0.6670843984375 0.4917272 0.6619079421875 0.5037137203125 0.645918984375 0.49860191406250004 0.6209257703125 0.486623271875 0.6133473015625001
1 0.40060157187499995 0.622388546875 0.3688548046875 0.6276891499999999 0.358509425 0.635650084375 0.3525652359375 0.6500220296875 0.3597264890625 0.670872065625 0.3690432078125 0.6767664328125 0.387986825 0.679685084375 0.4038602046875 0.6770347859375 0.422705678125 0.6671985125 0.4279313828125 0.6578117953125 0.4228195765625 0.63281858125 0.40060157187499995 0.622388546875
1 0.3172417875 0.6331138968750001 0.2928683140625 0.6376395359375 0.2759662703125 0.6541451390625 0.2788244703125 0.681339096875 0.2908031078125 0.688917565625 0.3048311984375 0.692352859375 0.32336650312500004 0.6913866640624999 0.3476418328125 0.6741061 0.3447836328125 0.6469121421875 0.3377205203125 0.638817028125 0.3172417875 0.6331138968750001
1 0.2669518453125 0.6629481265625 0.26101553437499997 0.6537526375 0.2516988109375 0.647858275 0.23654391874999997 0.6455233515625001 0.21933958437499998 0.6473316 0.2052054765625 0.6547088046875 0.1954725625 0.6684970156250001 0.1981266046875 0.6937485515625 0.21010524843749998 0.70132701875 0.226591096875 0.7045039921875 0.2426686328125 0.7037961187499999 0.252091371875 0.6988779828125 0.26694396875000004 0.6865155546875 0.268789259375 0.680429953125 0.2669518453125 0.6629481265625
1 0.1810361609375 0.6611768687499999 0.1630151859375 0.6552154156250001 0.1384375578125 0.6577986296875 0.12901481875 0.662716765625 0.11497885625 0.6828488984375001 0.11661211406250001 0.698388303125 0.1223442671875 0.7056413625 0.13923843281249998 0.7127031875000001 0.14794268125 0.7127702734375 0.1736471140625 0.7090866890624999 0.1884997109375 0.6967242578125 0.1903450015625 0.6906386640625 0.1880992734375 0.6692719796875 0.1810361609375 0.6611768687499999
1 0.159202834375 0.7253339703125 0.1496819546875 0.7174971796875 0.1318651484375 0.7134781515624999 0.1146608015625 0.7152864 0.10278030625000001 0.7204628578125 0.0885401796875 0.7386525625 0.090990065625 0.7619616687499999 0.1031728671875 0.7714825656250001 0.119658715625 0.7746595390625 0.1379898625 0.77175091875 0.15212396875 0.7643737140625 0.1622651921875 0.7544703515625 0.16390632656249998 0.746442328125 0.159202834375 0.7253339703125
1 0.23805540781249998 0.7190101125 0.232323253125 0.7117570515625 0.2078516375 0.703527765625 0.1834781640625 0.7080534046875 0.173132784375 0.7160143406249999 0.16678028125 0.7265014296875 0.1663640890625 0.74618400625 0.17230040156249998 0.7553794953125 0.181617125 0.7612738578125 0.1981029734375 0.7644508359375 0.209264984375 0.7642596015625001 0.22114548906249998 0.7590831437500001 0.23620223906249999 0.748663140625 0.24030113593750002 0.740376796875 0.23805540781249998 0.7190101125
1 0.3041127140625 0.6973380859375 0.2862958953125 0.693319059375 0.26417603437500004 0.69564395 0.24706983125 0.7102071249999999 0.24767442499999998 0.7396018328125 0.2571953 0.747438621875 0.268765628125 0.7511322375 0.294674221875 0.749391078125 0.311061928125 0.739813128125 0.3164917875 0.7323688359375 0.3136335875 0.705174878125 0.3041127140625 0.6973380859375
1 0.3721134484375 0.6823353875 0.3450780484375 0.685176921875 0.3356553125 0.6900950578125 0.3257182453125 0.70194084375 0.3285764453125 0.7291348015625 0.338097325 0.7369715921875 0.3521254125 0.7404068921875 0.3731184796875 0.739182371875 0.3926824390625 0.7243608765625 0.3920778453125 0.6949661671875 0.3823528125 0.685186953125 0.3721134484375 0.6823353875
1 0.4605929140625 0.6730358203125 0.4503535484375 0.6701842546875 0.42086039218750004 0.673284109375 0.40805724374999996 0.681503365625 0.40211305625 0.6958753109375 0.40374631250000004 0.7114147156249999 0.4068165453125 0.71698366875 0.422583909375 0.725145871875 0.44849249843749994 0.723404709375 0.465084371875 0.7157691828125 0.47297199062499995 0.7080665703125 0.47297986718749996 0.6844991421875 0.4605929140625 0.6730358203125
1 0.5365794046875 0.6630854359375 0.5263400390624999 0.66023386875 0.4945932828125 0.6655344703125 0.4799448421875 0.679839328125 0.48239472812499995 0.703148434375 0.4881268828125 0.71040149375 0.5161830609375 0.717272084375 0.5295986796875 0.71488010625 0.5437327875 0.7075029015625 0.551212090625 0.6959154375 0.5487622046875 0.67260633125 0.5365794046875 0.6630854359375
1 0.6150236625 0.6528767281250001 0.5972068562499999 0.6488577 0.568326171875 0.6577848328125 0.5583891000000001 0.6696306171875 0.5637050625 0.6965662546875 0.5756837 0.704144725 0.5895076359375 0.7056375953125 0.60783878125 0.7027289734375 0.6219728875 0.6953517687499999 0.6294521921875 0.6837643046874999 0.6243403859375001 0.6587710906249999 0.6150236625 0.6528767281250001
1 0.6832285546875 0.6398164546875 0.6537354 0.6429163109375 0.6364250421875 0.6555370625 0.6394873999999999 0.6846734421875 0.65146604375 0.6922519140625 0.662832209375 0.6940031046875 0.6862830390625 0.692520265625 0.700417146875 0.6851430625 0.7058470015625 0.6776987671875 0.7029888 0.650504809375 0.6832285546875 0.6398164546875
1 0.769454421875 0.632717634375 0.7592150546875 0.62986606875 0.7346374250000001 0.63244928125 0.719784828125 0.644811709375 0.7179395359375 0.6508973109375 0.7232554999999999 0.677832946875 0.7325722171875 0.6837273109375 0.7439383890625 0.6854785015625 0.7671850546875 0.6820532390625 0.7813191609375 0.674676034375 0.7867490234375001 0.6672317421875 0.781637215625 0.642238528125 0.769454421875 0.632717634375
1 0.8227085781250001 0.6192648640625 0.8031446125 0.6340863625 0.8006789718749999 0.6579121125 0.8197207265625 0.6735856906250001 0.8503406828125 0.6693854625 0.8653974375000001 0.6589654609375 0.86233508125 0.6298290734374999 0.8528142046875 0.621992284375 0.8227085781250001 0.6192648640625
1 0.9489692546875 0.6266151078125 0.9430329437499999 0.6174196203125 0.9283923812499999 0.6081570484375 0.8962373109374999 0.6095727984375 0.8834341609375 0.6177920578125 0.87708165625 0.628279146875 0.879123228125 0.6477034015625 0.8979608265625 0.6614345578124999 0.9263271828124999 0.6594350765625 0.9382076781249999 0.6542586203125 0.9460953015625 0.64655600625 0.9501941984375 0.6382696625000001 0.9489692546875 0.6266151078125
1 0.962989465625 0.6536178328125 0.9408696031250001 0.6559427234374999 0.9188478734375 0.671022540625 0.9223185453125 0.704043778125 0.9481211187499999 0.71311511875 0.9764874734375001 0.711115634375 0.9925728859375 0.6868403296875 0.988277709375 0.6696168234375001 0.9732288312499999 0.6564693984375001 0.962989465625 0.6536178328125
1 0.8726647125 0.669002996875 0.86078420625 0.6741794546875 0.8506429828125001 0.6840828171875 0.8471565562500001 0.6981964359374999 0.8483815 0.7098509890625 0.854113653125 0.7171040484375 0.8710078187500001 0.7241658765625 0.8821698328125 0.7239746453125 0.9052123421875 0.718606953125 0.9174030203125 0.704560421875 0.9096292937499999 0.67788310625 0.887411290625 0.66745306875 0.8726647125 0.669002996875
1 0.8118331031249999 0.68128830625 0.784797715625 0.684129840625 0.77445233125 0.6920907765625001 0.7680998265625 0.702577865625 0.77034555625 0.72394455 0.7825283515625 0.73346544375 0.791436759375 0.73547495625 0.8148875890625 0.7339921171875 0.8340432359375001 0.7152857671875 0.82933974375 0.6941774109375001 0.8236075906250001 0.6869243515625 0.8118331031249999 0.68128830625
1 0.7436282125 0.6943485796875 0.7282691625 0.6900712296875 0.7110648265624999 0.691879478125 0.7016420890624999 0.696797615625 0.6894514125 0.710844146875 0.6945632171875 0.7358373609375 0.7065418609375 0.7434158296875 0.7179080265625 0.7451670234375001 0.73869693125 0.742000078125 0.753345371875 0.727695221875 0.7551906640625 0.7216096265624999 0.7504871718749999 0.7005012640625 0.7436282125 0.6943485796875
1 0.649416590625 0.6963950859375 0.6248389609375 0.6989782984375 0.6075286046875 0.7115990484375 0.603633865625 0.721827821875 0.6112034328125 0.7465627078125 0.631886325 0.75420826875 0.662506284375 0.7500080375 0.6771547203125 0.73570318125 0.6790000125 0.7296175875 0.6716346 0.7068251234375 0.649416590625 0.6963950859375
1 0.590528421875 0.715349725 0.5812116984375 0.7094553593749999 0.56605680625 0.7071204359375 0.5416833328124999 0.711646075 0.5247812921875 0.728151675 0.5274353359374999 0.7534032093749999 0.5396181359375001 0.762924103125 0.55876590625 0.7677851812500001 0.5795548140625 0.7646182390625 0.594611565625 0.7541982375 0.5987104624999999 0.7459118921875 0.5962605765625 0.7226027859374999 0.590528421875 0.715349725
1 0.505429365625 0.7213481703125 0.4951899984375 0.7184966046875 0.4681546015625 0.7213381390625 0.4553514578125 0.729557396875 0.4489989546875 0.7400444859374999 0.45165299843750006 0.765296021875 0.4664977171875 0.77650101875 0.47786388437499994 0.7782522125 0.49639918749999995 0.7772860140625 0.5082796843749999 0.77210955625 0.5225198093750001 0.753919853125 0.5176121609375001 0.7308690671875 0.505429365625 0.7213481703125
1 0.4365059828125 0.7393936703125 0.4271892640625 0.733499303125 0.40691468906250006 0.729738596875 0.39462586875 0.731030203125 0.37823816250000003 0.7406081546875 0.36911771875 0.7602236421875 0.3701385046875 0.7699357734375 0.3791450515625 0.7847002140625 0.40208154687500003 0.790145025 0.41570131874999994 0.78969546875 0.4368004046875 0.7776584484375 0.4440755515625 0.76412855625 0.44244229375 0.7485891515625 0.4365059828125 0.7393936703125
1 0.3415758703125 0.7464254 0.3288787453125 0.7438321546875 0.30696303125 0.748099471875 0.29231459531250004 0.7624043281249999 0.295376953125 0.791540709375 0.307355590625 0.7991191796875 0.3187217625 0.8008703703125001 0.344426196875 0.7971867859375 0.3611240828125 0.7787387609375 0.3596949828125 0.7651417781250001 0.3537586703125 0.755946296875 0.3415758703125 0.7464254
1 0.2728566484375 0.766413321875 0.255758328125 0.7574090703125 0.22872292968750002 0.7602506046874999 0.2118208875 0.7767562046875 0.2171368515625 0.8036918421875001 0.2404816609375 0.813021503125 0.261474728125 0.8117969859375 0.27837676875 0.7952913875000001 0.2802220609375 0.7892057859375 0.278588803125 0.77366638125 0.2728566484375 0.766413321875
1 0.1525322828125 0.768258565625 0.139729134375 0.7764778203125 0.13337663125000002 0.786964915625 0.13316459687499999 0.8085899140624999 0.13889674999999999 0.815842975 0.155790915625 0.822904803125 0.16449516718749999 0.8229718921875 0.1877418390625 0.8195466250000001 0.2046438796875 0.8030410265624999 0.20137736562500003 0.7719622171875 0.184483196875 0.7649003890625 0.1525322828125 0.768258565625
1 0.155995071875 0.8248472281250001 0.128755528125 0.8257463359375 0.11462142187499999 0.833123540625 0.10488850624999999 0.8469117515625 0.1046764734375 0.8685367578125 0.1223872640625 0.8833682859374999 0.13129567343749998 0.8853778 0.147373209375 0.8846699234375001 0.1592537140625 0.879493465625 0.178205203125 0.858844690625 0.175959475 0.8374780124999999 0.155995071875 0.8248472281250001
1 0.24467869531250003 0.8174900875000001 0.22174220625 0.8120452765625 0.2045378609375 0.8138535265625 0.1872275046875 0.826474275 0.1812833171875 0.8408462203125 0.1833248875 0.8602704765625001 0.2046202484375 0.8737433109375001 0.2305288359375 0.8720021484375 0.2500928015625 0.8571806531249999 0.2541917 0.8488943078125001 0.252150128125 0.8294700515625 0.24467869531250003 0.8174900875000001
1 0.305306146875 0.8032623515624999 0.2831862765625 0.80558724375 0.27130577968749997 0.8107637015625 0.2634181578125 0.8184663140625 0.2595234171875 0.8286950875000001 0.2642269078125 0.8498034453125 0.2841913078125 0.8624342281249999 0.2904377953125 0.8627596359374999 0.2991420421875 0.8628267265625 0.3134803046875 0.8573919468750001 0.3281287453125 0.843087090625 0.32506638906249996 0.8139507109374999 0.305306146875 0.8032623515624999
1 0.3817009515625 0.79719681875 0.36449661718750004 0.7990050671875 0.352616109375 0.8041815250000001 0.3406295953125 0.8201704843750001 0.3422628515625 0.8357098890625 0.34799500625 0.8429629500000001 0.3637623703125 0.8511251468750001 0.3872131953125 0.8496423078124999 0.40226995 0.8392223031249999 0.40636884687499997 0.8309359578125 0.40412311875 0.8095692796874999 0.3817009515625 0.79719681875
1 0.485433453125 0.8029871 0.4797012984375 0.795734040625 0.46772266093750003 0.788155571875 0.455025528125 0.7855623281249999 0.4308562109375 0.7920303921875 0.4186655390625 0.8060769234375 0.42070711093749996 0.8255011796874999 0.4357559828125 0.8386486062499999 0.44466439218750003 0.8406581203125001 0.46319969375000003 0.839691921875 0.47262243281250005 0.8347737859375 0.48276365625000006 0.8248704265625 0.48665839687499995 0.814641653125 0.485433453125 0.8029871
1 0.561836140625 0.773354140625 0.537364525 0.7651248500000001 0.5179065796875 0.769133846875 0.510941609375 0.7737936609375 0.498546775 0.7858977671875 0.494856190625 0.7980689640625 0.49853889687499997 0.8094651953125 0.506932971875 0.8184023625 0.5278200187500001 0.8279903453124999 0.5488130796874999 0.8267658265625 0.5606935859375 0.8215893671875 0.57247594375 0.8036579859374999 0.5704343734374999 0.7842337296874999 0.561836140625 0.773354140625
1 0.6406887109375 0.7670302812500001 0.631371990625 0.7611359171875 0.6162170984374999 0.75880099375 0.6014705203124999 0.760350921875 0.589590025 0.7655273796875 0.579857109375 0.77931559375 0.584968915625 0.8043088015625001 0.5944897953125 0.8121455937500001 0.6109756453124999 0.8153225703125001 0.6317645484375001 0.8121556249999999 0.644363540625 0.801993940625 0.6484624390625 0.793707596875 0.646625025 0.77622576875 0.6406887109375 0.7670302812500001