1 0.8853720875000001 0.0614233828125 0.8642845421875001 0.050524495312499994 0.852530975 0.051552798437500005 0.8411178500000001 0.0564724890625 0.8271149031249999 0.07240197968749999 0.82578554375 0.08428179687500001 0.831338103125 0.0935989421875 0.8428525656250001 0.1033747765625 0.851335403125 0.1055735015625 0.8735820750000001 0.102646878125 0.885744990625 0.0927601265625 0.891946003125 0.082414678125 0.8907544203125 0.06879483125 0.8853720875000001 0.0614233828125
1 0.8009165906250001 0.0707728625 0.78957235625 0.062942721875 0.7774783359375 0.0600796390625 0.7657247593750001 0.061107943750000004 0.7543116421875 0.066027634375 0.7423189531250001 0.07786008125 0.7364583921875 0.09209690937500001 0.7396602375 0.10161971562500001 0.7535254124999999 0.1111898890625 0.7692306203125 0.11471732812499999 0.779893946875 0.11476469843749999 0.7913070703125 0.10984500781249999 0.8032997546875 0.0980125625 0.8069798296874999 0.0859270828125 0.8009165906250001 0.0707728625
1 0.7072973515625 0.0701408515625 0.6975540421875001 0.067072109375 0.6832795296875 0.06636038125 0.6673352 0.0736370875 0.6535024796875 0.09151226875 0.65789590625 0.114654921875 0.666719196875 0.12074503437499999 0.6775527546875 0.12273810156250001 0.6999696515625 0.12175716875 0.7068515734374999 0.1191944921875 0.7226945578125 0.0972222609375 0.718811809375 0.0799166890625 0.7072973515625 0.0701408515625
1 0.6370474781250001 0.0929518953125 0.628973978125 0.08189472187499999 0.6082268890625 0.07488722187499999 0.5964733125 0.0759155265625 0.58052899375 0.08319223125 0.5710572453125 0.09676470937500001 0.5756208984375 0.1218530515625 0.581923246875 0.1262031328125 0.597628459375 0.12973057187499998 0.6082917906249999 0.1297779421875 0.622055625 0.124652590625 0.634048309375 0.1128201453125 0.637898609375 0.10268036250000001 0.6370474781250001 0.0929518953125
1 0.525951878125 0.08208535312500001 0.50479545 0.08393630156250001 0.49573304374999994 0.0886503296875 0.48391058124999997 0.10242846718750001 0.4852723890625 0.117994009375 0.49351611718750005 0.130996878125 0.5070408359374999 0.1366756671875 0.517704165625 0.13672304062500001 0.5374299015624999 0.1320563828125 0.548911909375 0.11438686093749999 0.5473798750000001 0.0968756234375 0.53317425 0.0834140640625 0.525951878125 0.08208535312500001
1 0.446197809375 0.091023515625 0.42252043749999996 0.09113443125000001 0.4134580328125 0.0958484609375 0.401635571875 0.10962659687500001 0.40282715468749997 0.12324645000000001 0.41124110781249995 0.138195009375 0.425856071875 0.14279811874999998 0.44827297499999996 0.14181718906250002 0.4609465640625 0.137767515625 0.46646667500000005 0.11963929531249999 0.46510486562500003 0.104073753125 0.446197809375 0.091023515625
1 0.361401859375 0.0964816140625 0.3447766359375 0.095975546875 0.33319328593750003 0.0989495453125 0.321030375 0.10883629531250001 0.31700985 0.1170303890625 0.31568049062500003 0.12891020625 0.32123305156250004 0.1382273515625 0.3327475078125 0.1480031859375 0.3435810640625 0.14999625 0.36582773749999997 0.1470696265625 0.3798306890625 0.1311401328125 0.38064936875 0.113423240625 0.37778797656249996 0.10779182031250001 0.361401859375 0.0964816140625
1 0.2695537703125 0.1025566953125 0.25544948437500004 0.1037906609375 0.24638707656249997 0.10850468906249999 0.232554353125 0.126379875 0.2335757109375 0.1380540328125 0.23912826874999998 0.14737117187499998 0.250472503125 0.155201315625 0.2636567703125 0.15698871875 0.28338250781249996 0.15232206406249998 0.29537519218749997 0.1404896203125 0.2988850375 0.12645844687500002 0.287950146875 0.1097698578125 0.2695537703125 0.1025566953125
1 0.206185815625 0.1228050640625 0.194671359375 0.113029228125 0.184928046875 0.10996048750000001 0.161420903125 0.1120170953125 0.1492579890625 0.12190385 0.1452374640625 0.13009794218749998 0.149460665625 0.1512948984375 0.15845418125 0.1593307046875 0.1718086765625 0.163063803125 0.187173434375 0.162699853125 0.1985865578125 0.1577801625 0.2080583015625 0.1442076875 0.2090472078125 0.128436484375 0.206185815625 0.1228050640625
1 0.1026530359375 0.11715861718750001 0.0813263828125 0.117063871875 0.0722639765625 0.12177790156249998 0.0604415140625 0.1355560375 0.06500516875 0.1606443859375 0.0823112984375 0.1689332203125 0.10237748437500001 0.1681579515625 0.10925940625 0.165595275 0.12309212656249999 0.14772009375 0.1215600921875 0.13020885468750001 0.1026530359375 0.11715861718750001
1 0.135798165625 0.171115778125 0.12421482343750001 0.174089775 0.10769093125 0.1882792359375 0.107212703125 0.2098875140625 0.118897390625 0.22160904375 0.127380228125 0.22380776875000002 0.15449855625 0.22241551718750002 0.1686717328125 0.2084317171875 0.1693201875 0.188769128125 0.157465278125 0.17510190781249999 0.135798165625 0.171115778125
1 0.2274760375 0.163095003125 0.2133717484375 0.16432896875 0.1944971421875 0.1787240875 0.1908170703125 0.190809565625 0.19418914062499998 0.20227806093749998 0.2058738234375 0.21399959218750003 0.214356665625 0.21619831718750002 0.2391242796875 0.2150117265625 0.2554779453125 0.198876575 0.256296625 0.1811596765625 0.24444171250000002 0.16749245625 0.2274760375 0.163095003125
1 0.3355400140625 0.16638443593750002 0.3218450703125 0.158759953125 0.300518409375 0.158665209375 0.2936364953125 0.161227884375 0.2814735796875 0.1711146359375 0.27745305625 0.179308728125 0.2784744125 0.190982884375 0.28671813749999997 0.2039857546875 0.3015033296875 0.2105345609375 0.32156951875 0.2097592875 0.326100721875 0.2074022734375 0.34228415624999997 0.1893214265625 0.3409223484375 0.173755884375 0.3355400140625 0.16638443593750002
1 0.40630056718749996 0.14941047031250002 0.38732462343749996 0.1491100640625 0.3804427015625 0.1516727390625 0.364089040625 0.16780789062499998 0.3631001359375 0.18357909375 0.365961528125 0.1892105140625 0.3825178703125 0.20246641250000003 0.3884797671875 0.2029251078125 0.40854595156249995 0.20214983593750002 0.42708010625000004 0.18386333125 0.42806901093749994 0.16809212812500002 0.42520761875 0.1624607078125 0.40630056718749996 0.14941047031250002
1 0.5118760546875001 0.1784052296875 0.512694734375 0.1606883359375 0.5098333421875 0.15505691562499999 0.49344722656249995 0.1437467109375 0.46758937031250003 0.14600897968749998 0.453075740625 0.15610139218750002 0.44905521718749997 0.164295484375 0.4532784171875 0.185492446875 0.464792875 0.19526828125 0.4732757171875 0.19746700625 0.4933419 0.1966917375 0.5002238218749999 0.1941290609375 0.5058452671875 0.19069636875 0.5055048156249999 0.1868049828125 0.5118760546875001 0.1784052296875
1 0.5780729484375 0.13634291875 0.5614477250000001 0.1358368515625 0.55221509375 0.1386051890625 0.5431526890625 0.14331921718750001 0.5335107140625001 0.154946003125 0.5320111296875 0.164880125 0.535212975 0.17440293125 0.549418596875 0.187864490625 0.557901440625 0.190063215625 0.5756169140625 0.18949360625 0.5846793203125 0.1847795765625 0.598512040625 0.1669043921875 0.594459065625 0.147653125 0.5780729484375 0.13634291875
1 0.665049390625 0.1287334671875 0.6391915265625 0.1309957359375 0.6206573765625001 0.149282240625 0.61932801875 0.16116205781249998 0.6277419703125 0.1761106171875 0.6340443203125 0.18046069843749998 0.644877878125 0.1824537625 0.6649440656250001 0.1816784921875 0.6740064718750001 0.1769644640625 0.685488478125 0.1592949390625 0.681435503125 0.140043671875 0.665049390625 0.1287334671875
1 0.72381725 0.12359194531249999 0.712574359375 0.130457328125 0.7029323859375001 0.142084109375 0.704634646875 0.16154103749999998 0.71614910625 0.17131687499999998 0.7295035999999999 0.175049971875 0.7495697890625 0.1742747015625 0.7702844265625 0.15383684375 0.7662314515624999 0.1345855765625 0.75219605 0.1230697078125 0.72381725 0.12359194531249999
1 0.850857175 0.1271817859375 0.8344710640624999 0.1158715765625 0.8107936921875 0.11598249218750001 0.8017312859375 0.12069652187499999 0.7899088234375 0.1344746578125 0.788579465625 0.146354475 0.7914408578125001 0.1519858953125 0.796823190625 0.1593573453125 0.8117786078125 0.167851840625 0.83184479375 0.167076571875 0.8387267156249999 0.1645138953125 0.8527296625 0.14858440312500001 0.8537185671874999 0.13281320000000002 0.850857175 0.1271817859375
1 0.8771892781249999 0.1709517859375 0.8560328437500001 0.172802734375 0.8374986921875 0.191089240625 0.8366800124999999 0.208806134375 0.8485349265625001 0.22247335625 0.859368478125 0.2244664234375 0.8817853812499999 0.22348549062499998 0.9003195312500001 0.2051989859375 0.9013084359375 0.1894277828125 0.895926103125 0.182056334375 0.8771892781249999 0.1709517859375
1 0.8109599281250001 0.1855687390625 0.7947440390625 0.1762042234375 0.766705690625 0.180617846875 0.7567232671874999 0.18835324375 0.7505222546875 0.19869869375 0.7518840640625 0.2142642359375 0.7601277890625 0.2272671 0.763909203125 0.2298771484375 0.779444184375 0.23145889375 0.7948089390625 0.23109494375 0.8038713453125 0.2263809140625 0.8177040718749999 0.20850573125 0.8163422625000001 0.1929401890625 0.8109599281250001 0.1855687390625
1 0.7320569921875 0.204235365625 0.72650443125 0.1949182203125 0.7200318515624999 0.18862245 0.7077676046875 0.183813675 0.68207996875 0.1880216390625 0.6680770203125 0.203951128125 0.6674285656250001 0.22361371718749998 0.670289959375 0.22924513750000003 0.6875960906249999 0.23753397187499997 0.712363709375 0.23634737968750003 0.7168949109375 0.23399036562500003 0.7288875953125 0.22215791875000002 0.732908121875 0.2139638265625 0.7320569921875 0.204235365625
1 0.62549259375 0.19101180625 0.5996347359375 0.1932740765625 0.5811005828125 0.21156057968750003 0.585494009375 0.2347032328125 0.5968382421875 0.242533378125 0.607671796875 0.24452644218750003 0.6322691890625001 0.2413941578125 0.644091646875 0.227616021875 0.6447401015625001 0.20795343281249998 0.6418787078125 0.20232201249999998 0.62549259375 0.19101180625
1 0.545738525 0.19994996874999998 0.5336445046875 0.1970868875 0.5195402171875 0.198320853125 0.5059466078125 0.205391896875 0.498314896875 0.2129216359375 0.496474859375 0.218964371875 0.5008682875 0.2421070234375 0.5170841734375 0.251471540625 0.5253967875 0.25172457187499997 0.5337094046875 0.25197760625 0.549653725 0.24470090312499998 0.5611357359375 0.22703138125 0.5572529859375 0.209725803125 0.545738525 0.19994996874999998
1 0.45624114687499995 0.20581938906250002 0.43021306406250004 0.206135965625 0.41569943593750003 0.21622838125000002 0.40949842187499996 0.22657382343750002 0.4079988375 0.2365079515625 0.4165830171875 0.25340220156250004 0.43119798125 0.25800531718749997 0.45596559531249997 0.2568187234375 0.47030899687499994 0.244780615625 0.4743295234375 0.236586521875 0.472967715625 0.2210209796875 0.45624114687499995 0.20581938906250002
1 0.382959659375 0.22105332187500001 0.36926471250000004 0.213428840625 0.3479380515625 0.213334096875 0.34105613749999997 0.215896771875 0.324702471875 0.2320319265625 0.328925675 0.2532288828125 0.337919190625 0.2612646890625 0.3489229734375 0.2652034484375 0.371339871875 0.26422251406249997 0.380402278125 0.2595084859375 0.3897038 0.2439903140625 0.3883419921875 0.22842477187500002 0.382959659375 0.22105332187500001
1 0.2959832203125 0.228662775 0.28463898906249996 0.2208326328125 0.27019424999999997 0.2181752125 0.2517289859375 0.22371188437499998 0.237555809375 0.2376956828125 0.23925806875000002 0.257152609375 0.24464040312500002 0.264524059375 0.25346369375 0.27061417187500003 0.26429725 0.2726072390625 0.27731129062500004 0.27244894999999997 0.2887244140625 0.267529259375 0.3025571375 0.2496540765625 0.30153578125 0.2379799203125 0.2959832203125 0.228662775
1 0.2169100578125 0.24538371093750003 0.2113574984375 0.236066565625 0.19026995625 0.2251676828125 0.1761656703125 0.226401646875 0.1647525453125 0.2313213375 0.1571208375 0.2388510765625 0.1514305015625 0.2550336015625 0.1573235140625 0.2682421265625 0.1711886890625 0.277812303125 0.17967152656250002 0.28001103125000004 0.19268556718750002 0.279852740625 0.2086298953125 0.2725760359375 0.21408111562499998 0.26719765 0.2177611875 0.255112171875 0.2169100578125 0.24538371093750003
1 0.12925271562500001 0.24521039218750001 0.11773825468750002 0.2354345546875 0.10799494375 0.23236581250000002 0.084658025 0.23636811406249997 0.070484853125 0.2503519140625 0.068644815625 0.25639465 0.0698363984375 0.27001450312499997 0.0753889578125 0.2793316421875 0.089083903125 0.28695612656249997 0.095045803125 0.287414821875 0.1127612734375 0.28684521093750004 0.1172924765625 0.28448819531249997 0.127274903125 0.2767527984375 0.133475915625 0.26640734843749997 0.12925271562500001 0.24521039218750001
1 0.1741514171875 0.29813924531249997 0.1579355328125 0.28877473125 0.1344283859375 0.290831340625 0.12427573437499999 0.2966210484375 0.1158942328125 0.3091178484375 0.1174262671875 0.3266290796875 0.1228086 0.3340005296875 0.1291109546875 0.33835061093749996 0.1448161625 0.3418780484375 0.16471211875 0.3391570828125 0.174694546875 0.3314216859375 0.1807253328125 0.319130546875 0.17953375 0.30551069375 0.1741514171875 0.29813924531249997
1 0.2425612546875 0.281370940625 0.22828674062499998 0.2806592125 0.216703390625 0.2836332109375 0.2003497296875 0.29976836093750003 0.199020371875 0.311648178125 0.2023924421875 0.3231166734375 0.213906903125 0.3328925125 0.22474045625 0.334885578125 0.24933784218750002 0.3317532921875 0.2631705671875 0.31387810625 0.26467015156249996 0.303943984375 0.2616385328125 0.2963668734375 0.2425612546875 0.281370940625
1 0.348785196875 0.2907031109375 0.3434028640625 0.2833316625 0.32231532343749997 0.272432778125 0.3082110359375 0.27366674375 0.29461742812499997 0.2807377875 0.2833056421875 0.3003530015625 0.292060046875 0.319192946875 0.2983624015625 0.323543028125 0.3140676078125 0.327070465625 0.3223802234375 0.327323496875 0.33614405937499997 0.32219814687500004 0.3459562546875 0.31251705625000004 0.349806553125 0.30237726875000004 0.348785196875 0.2907031109375
1 0.43610208593750005 0.2869850453125 0.43054952812499997 0.27766790625 0.42155601093749995 0.26963210000000004 0.41181270156250005 0.2665633578125 0.39300698437500003 0.2682086453125 0.3839445796875 0.2729226734375 0.3701118546875 0.29079785937499997 0.37113321093749996 0.302472015625 0.3766857703125 0.3117891546875 0.3880300046875 0.3196193 0.401214271875 0.32140670312499997 0.40952688281249994 0.3216597375 0.4254712109375 0.3143830328125 0.43092242968749994 0.3090046515625 0.436782990625 0.294767815625 0.43610208593750005 0.2869850453125
1 0.496438425 0.259159565625 0.4776327078125 0.260804853125 0.46857030312500003 0.2655188828125 0.45708829218749997 0.2831884078125 0.45827987343750004 0.296808253125 0.4663533734375 0.307865428125 0.4798780921875 0.31354421875 0.488190709375 0.31379725 0.5126178703125001 0.30871927499999996 0.5219193921875 0.29320110625 0.52021713125 0.27374417812499996 0.5061817343749999 0.2622283078125 0.496438425 0.259159565625
1 0.6021516890624999 0.2626546625 0.5810641484375 0.251755775 0.5624286578125 0.2553467546875 0.545904765625 0.2695362125 0.541884240625 0.27773030625 0.5482879296875 0.2967759109375 0.5657642890625 0.3070104421875 0.5881811875 0.3060295125 0.59724359375 0.3013154828125 0.6026948171875001 0.295937096875 0.6085553781249999 0.28170026875 0.6021516890624999 0.2626546625
1 0.6448738875 0.25009431718749997 0.632881203125 0.2619267609375 0.6290309046875 0.2720665484375 0.6330838796875 0.291317815625 0.6419071749999999 0.2974079265625 0.65761238125 0.3009353640625 0.6822097687500001 0.2978030765625 0.6958722671875 0.27798220156250003 0.6918192921874999 0.258730934375 0.6705615265625 0.2458863546875 0.6448738875 0.25009431718749997
1 0.7737538500000001 0.24764141875 0.7600589046875 0.240016934375 0.75048581875 0.238893884375 0.7410829609375 0.239716528125 0.7296698375 0.24463621875000002 0.7154966640625 0.258620015625 0.7138268531249999 0.26660844687499996 0.7175393765625 0.281968328125 0.7288836078125 0.2897984734375 0.7445888187499999 0.2933259109375 0.7668354921875 0.29039928593750003 0.7766476921875001 0.2807181921875 0.780497990625 0.270578409375 0.7791361828125 0.2550128671875 0.7737538500000001 0.24764141875
1 0.8610707390625001 0.24392335156249997 0.8472055624999999 0.234353175 0.8351115421875001 0.23149009375000001 0.81194485 0.2374380875 0.8001223875000001 0.2512162234375 0.7984525765625 0.25920465625 0.8019948734375 0.27261884687500004 0.8098981468750001 0.281730325 0.826863828125 0.28612778125 0.8422285828125 0.28576382968749997 0.8512909890625 0.2810498015625 0.8590929265625 0.2754657578125 0.8651237140625 0.26317461875000003 0.8610707390625001 0.24392335156249997
1 0.90849038125 0.2985922390625 0.8897535515625 0.287487690625 0.861715203125 0.29190131406250003 0.8478824812499999 0.309776496875 0.8521056828125 0.330973459375 0.8659708546875 0.340543634375 0.8815058390624999 0.342125375 0.8851170234374999 0.34278973281249997 0.90106135 0.335513028125 0.9086930578124999 0.32798328906249996 0.9142131687499999 0.30985507343749996 0.90849038125 0.2985922390625
1 0.8738052421875 0.362404946875 0.8599400718749999 0.352834771875 0.8503669875 0.3517117234375 0.8362627 0.3529456890625 0.824849575 0.35786537812499997 0.81319734375 0.37358921093749997 0.81742054375 0.39478616718750004 0.8312857203125 0.40435634374999996 0.8444699874999999 0.40614375 0.8527825984374999 0.40639678281249997 0.8687269265625 0.3991200765625 0.8761884078125 0.3896446453125 0.8798684796874999 0.3775591671875 0.8738052421875 0.362404946875
1 0.82941721875 0.31531316875000004 0.8238646578125 0.30599603124999997 0.809999484375 0.296425853125 0.8027771187500001 0.29509714374999996 0.7794401984375 0.2990994453125 0.763256759375 0.3171802890625 0.767309734375 0.33643155468749997 0.7813451328125 0.347947425 0.7921786875 0.3499404890625 0.80284201875 0.3499878625 0.8187863390624999 0.3427111578125 0.8242375609374999 0.33733277500000003 0.8300981234375 0.323095940625 0.82941721875 0.31531316875000004
1 0.7422705546875 0.3209769328125 0.73671799375 0.3116597875 0.7253737609375001 0.3038296453125 0.713279740625 0.3009665640625 0.6991754515624999 0.302200528125 0.690113046875 0.3069145578125 0.676280321875 0.324789740625 0.680503521875 0.345986703125 0.6943686984374999 0.3555568765625 0.7003305953125001 0.3560155734375 0.7203967796875 0.3552403 0.7272787015625 0.352677625 0.7392713859375 0.34084518125 0.7431216859374999 0.3307053921875 0.7422705546875 0.3209769328125
1 0.789519971875 0.37370012343750003 0.7816166984375 0.3645886453125 0.758518890625 0.3577868046875 0.7400536265625 0.363323478125 0.7280609421875 0.3751559203125 0.7240404171875 0.3833500140625 0.725232 0.396969865625 0.73044410625 0.40239561874999996 0.744309278125 0.411965796875 0.75749355 0.413753203125 0.7658061640625 0.41400623437500006 0.7772192812500001 0.40908654375 0.7892119703125 0.39725409843750004 0.7910520062499999 0.3912113609375 0.789519971875 0.37370012343750003
1 0.7048942484375 0.381103915625 0.694470034375 0.3702524015625 0.6762438859375 0.36498493593750003 0.6597888796875 0.3664245609375 0.650726475 0.371138590625 0.6390742421875 0.38686241875 0.640265825 0.40048227187499996 0.6458183843749999 0.40979941093749994 0.6571626187499999 0.41762955625 0.6703468859374999 0.419416959375 0.678659496875 0.41966999375 0.69242333125 0.41454464375000005 0.70005504375 0.40701490625 0.70608583125 0.3947237671875 0.7048942484375 0.381103915625
1 0.6551238921875 0.3266406890625 0.647050390625 0.31558351406249996 0.6310047265625001 0.30816469375 0.6121990109375 0.30980998125000003 0.60313660625 0.3145240109375 0.5893038828125 0.33239919218749997 0.590325240625 0.34407335 0.5958778 0.3533904953125 0.60722203125 0.3612206375 0.61318393125 0.3616793296875 0.6379515484375 0.3604927375 0.64701395625 0.355778709375 0.6522949484375 0.348454634375 0.655975021875 0.3363691546875 0.6551238921875 0.3266406890625
1 0.5512506593750001 0.31710285625 0.5252225765625 0.3174194328125 0.5085284609375 0.3296632015625 0.5045079343750001 0.3378572953125 0.50586974375 0.35342283750000003 0.511252078125 0.3607942859375 0.5262074937500001 0.36928878125 0.5509751078125 0.368102190625 0.5654887359375 0.3580097765625 0.5695092625 0.3498156828125 0.5703279421875 0.33209879062500003 0.5512506593750001 0.31710285625
1 0.6153968703125 0.3869733390625 0.607493596875 0.3778618546875 0.5916181640625 0.3723887265625 0.56828124375 0.37639102812499997 0.553937840625 0.3884291359375 0.55025776875 0.40051461406250005 0.559012171875 0.419354559375 0.572707121875 0.42697904062500003 0.5857211625 0.42682074999999997 0.600915696875 0.42451110937500003 0.6099781015625 0.41979708125000004 0.6152590953125 0.41247300156250005 0.6187689421875 0.39844183437499997 0.6153968703125 0.3869733390625
1 0.531281825 0.4002142046875 0.5230381000000001 0.3872113421875 0.5044714953125 0.37805248593749996 0.4811345765625 0.3820547875 0.468971665625 0.3919415421875 0.46294087812500007 0.40423268125 0.463792009375 0.4139611421875 0.46934456874999997 0.4232782859375 0.48682092499999996 0.43351281718749995 0.5115885437500001 0.4323262234375 0.5206509500000001 0.42761219375000004 0.52610216875 0.4222338109375 0.5319627296875 0.4079969765625 0.531281825 0.4002142046875
1 0.4806603390625 0.3360225171875 0.46175328125000004 0.3229722765625 0.4382461359375 0.3250288859375 0.4237325109375 0.33512129687500003 0.417531496875 0.345466746875 0.421584471875 0.36471801406250004 0.433098928125 0.3744938484375 0.44158177031249995 0.3766925734375 0.4639986734375 0.37571164218750003 0.4785122984375 0.36561922812500003 0.482532825 0.35742513593749997 0.48352173125000003 0.3416539328125 0.4806603390625 0.3360225171875
1 0.4362318890625 0.39676648281250004 0.42723837187499997 0.38873067968749997 0.4174950625 0.3856619375 0.3918074234375 0.3898699015625 0.3796445140625 0.3997566546875 0.3736137265625 0.41204779374999995 0.3771560234375 0.4254619796875 0.385059296875 0.4345734640625 0.39136164687499997 0.4389235421875 0.40219520312499996 0.44091660781249997 0.42444187656250004 0.43798998281249996 0.43878527968750003 0.42595187812499996 0.442635578125 0.4158120890625 0.441614221875 0.4041379328125 0.4362318890625 0.39676648281250004
1 0.3884717921875 0.33820621093750003 0.3796485015625 0.3321161 0.3675544734375 0.32925301875 0.34438778124999997 0.3352010140625 0.3303848328125 0.351130503125 0.33460803437500003 0.372327465625 0.3461224953125 0.3821033 0.3569560484375 0.38409636406250003 0.372320803125 0.3837324171875 0.38373392812499996 0.3788127265625 0.3953861609375 0.3630888984375 0.3938541265625 0.345577659375 0.3884717921875 0.33820621093750003
1 0.3595094390625 0.41328175937499995 0.3512657125 0.40027888906250003 0.33757076874999997 0.3926544078125 0.31406362187500003 0.3947110171875 0.3050012171875 0.3994250453125 0.2931787546875 0.4132031828125 0.29757218124999996 0.43634583437499996 0.3114373515625 0.44591601093750005 0.32227090937499997 0.447909078125 0.339816153125 0.4453937734375 0.3510590515625 0.438528390625 0.3565102703125 0.433150009375 0.36019034375 0.42106452968749997 0.3595094390625 0.41328175937499995
1 0.312089796875 0.358612871875 0.309058178125 0.3510357609375 0.28763018125 0.3362454890625 0.26194255 0.3404534515625 0.2499498625 0.3522858984375 0.24592933593750002 0.36047999062499997 0.2469506921875 0.372154146875 0.25519441875000004 0.3851570109375 0.261496771875 0.3895070921875 0.27468103906249997 0.3912944953125 0.2853443703125 0.39134186875 0.2991082046875 0.38621651875 0.30691013749999996 0.380632471875 0.3109306640625 0.37243837812499997 0.312089796875 0.358612871875
1 0.24102124218749998 0.3991408109375 0.218024775 0.40703449843749995 0.2063725421875 0.42275832968750005 0.21059574374999998 0.4439552875 0.22446091875000002 0.45352546406250005 0.235294471875 0.45551853124999997 0.2551904296875 0.45279756562499995 0.2715440953125 0.43666241406250006 0.26681021562499996 0.40962837656250006 0.25546598125000003 0.40179823125 0.24102124218749998 0.3991408109375
1 0.21039705625 0.3469236828125 0.1983030265625 0.34406060156249996 0.175136334375 0.350008596875 0.16733440156249998 0.35559264218750003 0.1613036125 0.3678837828125 0.1653565890625 0.3871350484375 0.1792217609375 0.39670522343750003 0.1924060296875 0.398492625 0.20071864687500002 0.3987456609375 0.21448248125 0.39362030937500003 0.22613471562499998 0.37789648124999997 0.2219115140625 0.3566995171875 0.21039705625 0.3469236828125
1 0.1399769578125 0.367789034375 0.13190345625 0.356731859375 0.1135070796875 0.3495187015625 0.0948715890625 0.35310968125 0.0858091828125 0.35782370937499997 0.07633743750000001 0.3713961875 0.080560640625 0.39259314375 0.0969467546875 0.40390335312500003 0.102908653125 0.4043620484375 0.1159226984375 0.40420375937499997 0.1296865328125 0.3990784078125 0.137318240625 0.39154866875 0.1411685390625 0.3814088859375 0.1399769578125 0.367789034375
1 0.165968603125 0.40766765156250007 0.14699266093750002 0.407367246875 0.137760028125 0.41013558281250007 0.12123614062500002 0.424325040625 0.1205876875 0.44398762812500003 0.1259700203125 0.451359078125 0.1373142515625 0.4591892234375 0.1481478078125 0.46118228749999995 0.1703944796875 0.45825566406249996 0.18439743125000002 0.4423261703125 0.1850458859375 0.42266358281249994 0.174621671875 0.41181206875000004 0.165968603125 0.40766765156250007
1 0.14010675781249998 0.47757047343750003 0.1264118125 0.46994599062500003 0.116838728125 0.4688229421875 0.10978658125 0.469439925 0.0961929734375 0.47651096875 0.08638077499999999 0.48619205781249997 0.0825304765625 0.496331846875 0.08893416562499999 0.5153774531249999 0.1002783984375 0.5232075953125 0.111111953125 0.5252006609375 0.1264767140625 0.5248367109375 0.13553911875 0.5201226812499999 0.149371840625 0.5022474984375 0.1480100328125 0.48668195625 0.14010675781249998 0.47757047343750003
1 0.22759387343749998 0.4757981015625 0.2065063328125 0.4648992140625 0.1853498984375 0.4667501625 0.1762874921875 0.47146419218749996 0.1648054859375 0.4891337171875 0.168688234375 0.5064392875 0.1776817546875 0.51447509375 0.1910362484375 0.5182081921874999 0.2111024359375 0.51743291875 0.2156336390625 0.5150759046875 0.2276263234375 0.5032434609374999 0.2316468484375 0.49504936875 0.22759387343749998 0.4757981015625
1 0.3145703109375 0.46818865 0.2933125390625 0.4553440703125 0.2768575421875 0.4567836953125 0.26779513593750004 0.46149772499999997 0.257812709375 0.469233125 0.251611696875 0.47957856874999993 0.25583489843749996 0.50077553125 0.27457172500000004 0.5118800765625 0.282884340625 0.5121331078125 0.29119695624999997 0.5123861421875 0.30949199374999997 0.5049037765625 0.316953475 0.4954283484375 0.3186232859375 0.487439915625 0.3145703109375 0.46818865
1 0.3990258078125 0.4588391625 0.3902025171875 0.4527490515625 0.370886125 0.4485572609375 0.35024036718749996 0.4562452875 0.3404281703125 0.4659263796875 0.338588134375 0.471969115625 0.3428113359375 0.49316607812499996 0.35180485625 0.50120188125 0.36515934843750003 0.5049349765625 0.380524109375 0.5045710296875 0.391937225 0.49965133906250003 0.4057699515625 0.48177615312500005 0.4044081421875 0.46621061093750005 0.3990258078125 0.4588391625
1 0.47969989531249996 0.44687963125 0.46743564062500004 0.4420708578125 0.455511846875 0.44115346874999994 0.4486299265625 0.44371614531250003 0.43956751875 0.4484301734375 0.425394346875 0.4624139734375 0.42709660625 0.4818709015625 0.441302234375 0.49533246093749994 0.44978507187499994 0.4975311859375 0.47220197031250005 0.49655025625000004 0.481264378125 0.49183622656250003 0.493086840625 0.4780580875 0.49121435468749997 0.45665546875 0.47969989531249996 0.44687963125
1 0.5754996234374999 0.44536029218750006 0.5497106546875 0.4348727265625 0.5356063671875 0.4361066921875 0.5265439609375 0.44082072187500004 0.5122005578125 0.45285882656250004 0.510530746875 0.4608472578125 0.5171046625 0.48183855937500003 0.5356712671875 0.4909974109375 0.5463345937499999 0.4910447859375 0.5591784125 0.48894080312500005 0.56824081875 0.4842267734375 0.5758725265625 0.4766970375 0.5795526 0.46461155937500004 0.5754996234374999 0.44536029218750006
1 0.6538229984374999 0.43360642031249996 0.6392080328125 0.42900330625 0.620402315625 0.43064859375 0.6091594171875 0.43751397656249996 0.601527709375 0.44504371249999997 0.5980178640625 0.45907488750000003 0.6012197078125 0.46859768749999997 0.6091229828125 0.47770917031250004 0.6251686453125 0.485127990625 0.6334812578125 0.48538102343749995 0.646325071875 0.48327704374999997 0.657567971875 0.4764116609375 0.666869490625 0.4608934921875 0.6626462875 0.4396965296875 0.6538229984374999 0.43360642031249996
1 0.7471017843750001 0.43034704843749993 0.7334068390625 0.4227225640625 0.70737875 0.4230391421875 0.6906846359375 0.43528290937499997 0.6848240750000001 0.4495197390625 0.685504978125 0.457302509375 0.6998808328125 0.472709765625 0.7121450796875 0.4775185390625 0.7204576953124999 0.47777157031249995 0.7264195921875001 0.47823026718749995 0.7378327171875 0.4733105765625 0.752005890625 0.4593267765625 0.75248411875 0.4377184984375 0.7471017843750001 0.43034704843749993
1 0.836769390625 0.42642332187500004 0.8229042171875 0.41685314375000004 0.8108101890625001 0.4139900640625 0.7899942140625 0.419732396875 0.7800117890625 0.427467796875 0.773981 0.4397589359375 0.7750023578125 0.45143309218749994 0.780384690625 0.4588045421875 0.7868572656249999 0.4651003125 0.802732703125 0.47057344062500006 0.8180974640625 0.4702094921875 0.8316910734375 0.4631384484375 0.8391525546875 0.4536630203125 0.8428326265624999 0.4415775421875 0.836769390625 0.42642332187500004
1 0.919044396875 0.419225190625 0.9077001671874999 0.4113950453125 0.8956061375000001 0.40853196406250003 0.8815018515625 0.40976592968750003 0.87243944375 0.41447995937500004 0.858436496875 0.43040944843749995 0.8626596984375 0.4516064109375 0.8716532156250001 0.4596422140625 0.8826569984375 0.4635809703125 0.9027231859375 0.4628057015625 0.9117855921875 0.458091671875 0.9256183140625 0.44021648593749996 0.92442673125 0.42659664062499997 0.919044396875 0.419225190625
1 0.89008204375 0.4943007328125 0.8818383187500001 0.48129787031250004 0.8632717140624999 0.47213901406250003 0.8444659968750001 0.47378430156249995 0.8354035906249999 0.47849833124999996 0.8215708703125 0.49637351250000006 0.822762453125 0.509993365625 0.8281447859375 0.5173648140625 0.8394890171875 0.52519495625 0.8479718593750001 0.527393684375 0.86803804375 0.5266184125 0.8771004484375 0.5219043828125 0.88691265 0.51222329375 0.8907629484375 0.5020835046875 0.89008204375 0.4943007328125
1 0.8027651546874999 0.4980188 0.7972125953125 0.4887016609375 0.7883893 0.48261154843750004 0.7667221953125 0.4786254171875 0.7484271578125 0.48610778281250006 0.740795446875 0.49363752187500004 0.7349348859375 0.5078743515624999 0.7435190625 0.52476860625 0.7523423578124999 0.530858715625 0.7656968515625 0.534591815625 0.778710890625 0.5344335250000001 0.7923045 0.52736248125 0.7999362125 0.5198327453125 0.8036162843750001 0.5077472671875001 0.8027651546874999 0.4980188
1 0.925646775 0.5353024 0.9108615828125 0.5287535953125 0.8920558671875 0.53039888125 0.882993459375 0.5351129109375 0.8713412281249999 0.5508367390625 0.8700118703124999 0.5627165578125 0.8730434890625001 0.5702936671875001 0.88959983125 0.58354956875 0.8955617281249999 0.5840082609375 0.9179786312499999 0.5830273312500001 0.9345025187499999 0.5688378703125 0.93835281875 0.5586980875 0.9346402953125 0.54333820625 0.925646775 0.5353024
1 0.8473234062499999 0.5470562734375 0.8359791703124999 0.5392261281249999 0.8215344296874999 0.5365687078125 0.8097808625 0.5375970125 0.796187253125 0.5446680546875 0.786545278125 0.556294840625 0.785896825 0.5759574296875 0.8049741078125001 0.590953359375 0.8109360046875 0.591412053125 0.8333529078125 0.590431121875 0.8478665328125 0.5803387078125 0.851887059375 0.572144615625 0.8528759640624999 0.5563734124999999 0.8473234062499999 0.5470562734375
1 0.7578260265625001 0.552925690625 0.74413108125 0.545301209375 0.7181029921875 0.5456177859375 0.7014088765625 0.5578615515625 0.697388353125 0.5660556437500001 0.6958887687499999 0.575989771875 0.701611553125 0.5872526062500001 0.7131260109374999 0.5970284421875001 0.721608853125 0.599227165625 0.74402575625 0.5982462359375 0.7530881609375 0.59353220625 0.764910621875 0.5797540671875 0.7632083609375 0.5602971390625 0.7578260265625001 0.552925690625
1 0.715788715625 0.5056282515625 0.7102361578124999 0.49631111250000004 0.7014128671875001 0.490221 0.684447184375 0.48582354843750003 0.6726936140625 0.48685185156250005 0.65910000625 0.4939228953125 0.65146829375 0.501452634375 0.6476179953125001 0.5115924171875 0.6486393515625 0.5232665734374999 0.654021684375 0.5306380234375 0.6678868609374999 0.5402082 0.6787204124999999 0.5422012671875 0.6893837390625001 0.5422486390625 0.7007968640625 0.5373289484375 0.7127895484375 0.5254965015625 0.7164696203124999 0.5134110234375 0.715788715625 0.5056282515625
1 0.607043834375 0.49455605 0.5833664625 0.494666965625 0.576484540625 0.49722964062499997 0.5601308796875 0.5133647953125 0.558801521875 0.5252446125 0.5620033671875 0.5347674125 0.578559709375 0.5480233140624999 0.5845216046874999 0.54848200625 0.606938509375 0.547501075 0.625642884375 0.5311602640624999 0.6261211125 0.5095519796875 0.6156968984375 0.4987004671875 0.607043834375 0.49455605
1 0.6618560687499999 0.5524993406250001 0.64489039375 0.5481018875 0.6240744109375 0.5538442203125 0.6099012375 0.567828021875 0.6080612000000001 0.5738707578125 0.60891233125 0.583599225 0.61715605625 0.5966020875 0.63085100625 0.6042265718750001 0.6368129031249999 0.6046852671875 0.6614102921875 0.60155298125 0.6734029796875001 0.5897205375000001 0.677083053125 0.577635059375 0.6706793625 0.558589453125 0.6618560687499999 0.5524993406250001
1 0.581181984375 0.5644588703125 0.574879634375 0.5601087921875 0.5506915859375 0.5543826296875001 0.5323965484375 0.5618649953125 0.5182233703125 0.5758487953125 0.522446571875 0.5970457515625001 0.539002909375 0.610301653125 0.55218718125 0.612089059375 0.569732428125 0.6095737546875 0.5818953390625 0.5996870015625 0.5880963515625 0.5893415578125001 0.5865643171875 0.5718303203125 0.581181984375 0.5644588703125
1 0.5335921156250001 0.5078442937500001 0.5150255109375 0.4986854375 0.49621979375 0.500330725 0.4826261859375 0.50740176875 0.47298421562500004 0.5190285515624999 0.4746864765625 0.5384854781249999 0.48006880937499996 0.545856928125 0.488892103125 0.551947040625 0.5069480265624999 0.5552688156250001 0.5197918406250001 0.5531648359375 0.5310347390625 0.546299453125 0.5403362578124999 0.5307812843749999 0.5389744484375 0.5152157421875 0.5335921156250001 0.5078442937500001
1 0.445184978125 0.5126380359375 0.4278788515625 0.504349196875 0.4114238453125 0.5057888234375 0.3978302375 0.5128598671875 0.388018040625 0.5225409562500001 0.38617800468749997 0.5285836984375 0.3902309796875 0.547834965625 0.40426638125 0.5593508328125 0.415099934375 0.5613439 0.43734661093750005 0.5584172734374999 0.453700271875 0.542282121875 0.45468917812500004 0.52651091875 0.45165755937499996 0.518933809375 0.445184978125 0.5126380359375
1 0.499247428125 0.5755483859375 0.48773296874999994 0.5657725515625 0.4754687203125 0.560963778125 0.459013715625 0.562403403125 0.440888903125 0.5718314624999999 0.433427421875 0.581306890625 0.43192783749999997 0.59124101875 0.43799107499999995 0.6063952390625 0.4543771859375 0.6177054453124999 0.46033908749999997 0.6181641375 0.48040527656250004 0.6173888671875 0.4894676828125 0.6126748390625 0.5011199140625 0.596951009375 0.5024492734375 0.5850711921875 0.499247428125 0.5755483859375
1 0.41210076406249996 0.5812121484375 0.40075653281249995 0.573382003125 0.38614156875 0.568778890625 0.367506078125 0.5723698703125 0.348631471875 0.5867649921875 0.3508444109375 0.6120589953125 0.3648798078125 0.623574865625 0.3757133640625 0.625567928125 0.395779553125 0.624792659375 0.40031075625 0.6224356453125 0.412303440625 0.6106031984375 0.4163239671875 0.6024091046875 0.41210076406249996 0.5812121484375
1 0.367712740625 0.534120371875 0.364681121875 0.5265432609375 0.345774065625 0.5134930203125 0.3244474125 0.513398275 0.3064928265625 0.5247720265625 0.30121182968750004 0.5320961046875 0.300052696875 0.5459216125 0.303084315625 0.553498721875 0.3232518390625 0.567418978125 0.3456687390625 0.566438046875 0.3525506609375 0.563875371875 0.3625330828125 0.556139971875 0.3665536078125 0.547945878125 0.367712740625 0.534120371875
1 0.32260338593750004 0.5870815656249999 0.30386655625 0.575977021875 0.2758282078125 0.5803906453125001 0.265845784375 0.5881260421875 0.26182526093749997 0.596320134375 0.260495903125 0.6081999515625001 0.2663889140625 0.6214084828125 0.27773314843749997 0.6292386249999999 0.2885667015625 0.6312316921875001 0.306282175 0.6306620796875 0.31534458125 0.62594805 0.32515677656249997 0.6162669609375 0.329007075 0.606127171875 0.32260338593750004 0.5870815656249999
1 0.2589678578125 0.523048165625 0.2468738296875 0.520185084375 0.2305890578125 0.523570403125 0.219346159375 0.5304357859375 0.2122251296875 0.543802603125 0.21644833125 0.5649995609375 0.22544185 0.573035365625 0.2339246875 0.575234090625 0.2586923046875 0.5740475 0.27722645625000003 0.5557609921875 0.2782153625 0.5399897890625 0.2753539703125 0.5343583749999999 0.2589678578125 0.523048165625
1 0.214539403125 0.583792134375 0.191202484375 0.5877944359375 0.1750190484375 0.6058752828125 0.17638085781249999 0.621440825 0.1819334171875 0.6307579640625 0.1932776515625 0.638588109375 0.19923955 0.6390468046875 0.22400716250000002 0.6378602109375 0.24036082812499998 0.6217250562500001 0.24100928124999998 0.6020624671875 0.22428271406250003 0.5868608765625 0.214539403125 0.583792134375
1 0.150831 0.6001491203125 0.13209417343750002 0.5890445718749999 0.1064065359375 0.593252534375 0.0902231 0.611333378125 0.088723515625 0.6212675062499999 0.0946165265625 0.63447603125 0.10848170312500001 0.6440462078125 0.1193152546875 0.6460392749999999 0.12997858125 0.6460866453125 0.14139170625 0.6411669546875001 0.155564878125 0.6271831578125 0.156213334375 0.6075205687499999 0.150831 0.6001491203125
1 0.1934194125 0.545447890625 0.1855161390625 0.53633640625 0.1718211890625 0.528711925 0.16224810625 0.5275888765625 0.14143213125 0.533331209375 0.12759940625 0.5512063953124999 0.12896121562500001 0.5667719375 0.13686448906249998 0.575883415625 0.15038921249999998 0.58156220625 0.16105253749999998 0.5816095781249999 0.1670144359375 0.5820682734375 0.1807782703125 0.5769429234375 0.18840998281250002 0.5694131859375 0.19427054375 0.5551763515625 0.1934194125 0.545447890625
1 0.1751528390625 0.6480161671875 0.15634712343749999 0.649661453125 0.1472847171875 0.6543754828125 0.13747251875 0.6640565765625001 0.1337924453125 0.6761420546875 0.14002590937499998 0.6932419640624999 0.1513701421875 0.701072109375 0.1645544109375 0.7028595125 0.18445037343749998 0.7001385499999999 0.20097426093749998 0.6859490921875 0.198761321875 0.6606550828125 0.18489614999999998 0.651084909375 0.1751528390625 0.6480161671875
1 0.274393528125 0.6452154890624999 0.2646502171875 0.6421467468750001 0.24349378281249998 0.6439976953125 0.232080665625 0.648917384375 0.2227791453125 0.6644355562500001 0.22700234687499998 0.6856325125 0.235995865625 0.6936683171875 0.249350359375 0.6974014171875 0.269416546875 0.69662614375 0.2784789546875 0.6919121140625 0.29030141249999997 0.678133978125 0.288428925 0.6567313546875 0.274393528125 0.6452154890624999
1 0.37271419687499996 0.645436178125 0.358849025 0.6358660046875 0.3444042859375 0.6332085843749999 0.335001428125 0.634031228125 0.3190571 0.6413079328125 0.30941513125000003 0.6529347171875 0.31397878437500004 0.678023059375 0.3303649 0.68933326875 0.3386775125 0.689586303125 0.3540422703125 0.689222353125 0.3631046765625 0.6845083234375 0.3709066109375 0.6789242796875 0.37710762343750004 0.66857883125 0.37271419687499996 0.645436178125
1 0.4595204078125 0.6358810359375 0.4337314375 0.6253934703125 0.41962715156249997 0.6266274359375 0.39915162187500003 0.6362611546875 0.39186036562500004 0.6476822765625 0.3930519484375 0.6613021296875 0.401636125 0.678196378125 0.4234734609375 0.6841282015625 0.44572013281249995 0.681201578125 0.45478253906250005 0.6764875499999999 0.4644245140625 0.6648607640625 0.46524319375 0.647143871875 0.4595204078125 0.6358810359375
1 0.5470075234375 0.634108659375 0.5380140078125 0.62607285625 0.525749753125 0.6212640828125 0.4977114046875 0.6256777062500001 0.48554849375 0.63556445625 0.48152797031250005 0.6437585484375 0.4857511703125 0.6649555125 0.4996163453125 0.6745256859375 0.5080991828125 0.6767244109375 0.528165371875 0.675949140625 0.537227778125 0.6712351109375 0.5490502359375 0.6574569718750001 0.5498689171875 0.6397400796875 0.5470075234375 0.634108659375
1 0.6314630218749999 0.6247591781249999 0.6103754765625 0.613860290625 0.58686833125 0.6159169 0.57252493125 0.6279550046875 0.5685044078125 0.636149096875 0.5700364421875 0.653660334375 0.5754187749999999 0.661031784375 0.59272490625 0.66932061875 0.6127910953125 0.66854535 0.619673009375 0.665982675 0.6318359234375001 0.6560959234375 0.6358564484375 0.64790183125 0.6314630218749999 0.6247591781249999
1 0.7213008515625 0.622781140625 0.713397578125 0.6136696625 0.6902997703125 0.606867821875 0.667303303125 0.6147615078124999 0.6556510703125 0.6304853406250001 0.6571831046875001 0.647996571875 0.6625654390625 0.655368021875 0.6762603828125 0.66299250625 0.682222284375 0.6634512015625 0.702288471875 0.6626759296875 0.7113508796875 0.6579619 0.7211630765625 0.6482808109375 0.7248431484375 0.6361953312499999 0.7213008515625 0.622781140625
1 0.8107982296875 0.6169117234375 0.7965926062500001 0.6034501609375 0.786849296875 0.60038141875 0.7703942890625 0.6018210453124999 0.7589811734375 0.606740734375 0.7491689734375 0.6164218234375001 0.745318675 0.6265616125 0.74634003125 0.63823576875 0.75441353125 0.64929294375 0.7691987234375001 0.65584175 0.7939663359375 0.6546551546875 0.8030287406250001 0.6499411265624999 0.8126707156249999 0.638314340625 0.8138298484375 0.6244888328125 0.8107982296875 0.6169117234375
1 0.9029867734374999 0.6147280234375 0.8974342156249999 0.605410884375 0.8835690390625001 0.5958407078125 0.8714750203125 0.5929776265625 0.8597214421875 0.59400593125 0.8483083265625 0.5989256203125 0.8405063875 0.6045096640625001 0.8344756015625 0.6168008031250001 0.835837409375 0.6323663453124999 0.8412197421875 0.6397377953125 0.858525875 0.6480266359375 0.8809427781249999 0.647045703125 0.887824690625 0.644483028125 0.895626628125 0.63889898125 0.9036676781249999 0.6225107953125 0.9029867734374999 0.6147280234375
1 0.9237663171875001 0.6491808859375 0.912012740625 0.650209190625 0.8937177015625 0.6576915546875 0.8820654703124999 0.6734153875 0.8835975046875 0.69092661875 0.8889798390625 0.69829806875 0.900324071875 0.7061282125 0.9062859703124999 0.706586909375 0.9287028734374999 0.705605975 0.9377652781249999 0.700891946875 0.9495877390624999 0.6871138109375 0.9451943109375 0.6639711578124999 0.9237663171875001 0.6491808859375
1 0.83914059375 0.6565846765625001 0.8203348781249999 0.6582299640625 0.8089217546875 0.663149653125 0.7972695203125 0.6788734828125 0.7988015546875 0.6963847203125 0.8067048296875001 0.7054961984375 0.81913930625 0.712250665625 0.8486083531249999 0.710652753125 0.862951753125 0.6986146484375 0.863089528125 0.673114978125 0.8488839046875001 0.6596534187499999 0.83914059375 0.6565846765625001
1 0.726306296875 0.6664563984375 0.7097824046875 0.680645859375 0.7057618796875 0.688839953125 0.7069534625 0.7024597984375001 0.712506021875 0.71177694375 0.7274614390624999 0.7202714390625 0.754579771875 0.7188791875 0.771273884375 0.706635421875 0.7712414359374999 0.6791900625 0.7546850968750001 0.6659341609375 0.726306296875 0.6664563984375
1 0.6819142828125 0.6870051765625 0.6727505375 0.6770236765625001 0.660486290625 0.672214903125 0.63697914375 0.6742715109375 0.6279167390625 0.678985540625 0.6182747640625 0.6906123234375 0.6172858578125 0.7063835265625 0.6203174765624999 0.7139606359374999 0.6320021640625 0.7256821671875 0.6404850015625 0.7278808921875 0.6629019 0.7268999609375 0.6697838218750001 0.7243372859375 0.6839569953125 0.7103534890625001 0.6849459015625 0.6945822859375 0.6819142828125 0.6870051765625
1 0.5830829328125 0.6809474046874999 0.5709889125000001 0.6780843234375 0.55453390625 0.67952395 0.540940296875 0.68659499375 0.5296285171874999 0.7062102078125 0.5331708140625 0.7196244 0.5410740875 0.728735878125 0.55820999375 0.7350790218750001 0.5735747484375 0.734715075 0.5849878734375 0.729795384375 0.59882059375 0.7119201984375 0.5945973921875 0.6907232421875 0.5830829328125 0.6809474046874999
1 0.4229952328125 0.7057364859375 0.41148077499999997 0.6959606484374999 0.401737465625 0.6928919062500001 0.37823032031250003 0.6949485156249999 0.3593557140625 0.7093436343749999 0.358537034375 0.7270605328124999 0.36156865312500003 0.73463764375 0.381736178125 0.7485578984375 0.40650379531249997 0.747371303125 0.4155662015625 0.742657275 0.42520817031249997 0.7310304890625 0.4258566265625 0.7113679 0.4229952328125 0.7057364859375
1 0.5101418953125 0.7000727234374999 0.498457209375 0.688351196875 0.4887138984375 0.6852824546875 0.458324840625 0.6899017375 0.44834241406249997 0.6976371359375 0.44432188906250003 0.705831228125 0.44602415000000006 0.72528815625 0.4514064828125 0.7326596046875 0.4602297734375 0.7387497187500001 0.4710633296875 0.740742784375 0.49112951875000005 0.7399675125 0.49801143281250004 0.7374048375 0.51184415625 0.7195296515625 0.5133437421875 0.7095955296875001 0.5101418953125 0.7000727234374999
1 0.333327628125 0.7096602140625 0.319462453125 0.7000900375 0.3122400875 0.6987613265625 0.2934343703125 0.7004066140625 0.2796705359375 0.7055319640625 0.2703690140625 0.7210501328125 0.274762440625 0.744192784375 0.2909783265625 0.7535573015625 0.3065133125 0.755139046875 0.31935712656250004 0.7530350640625 0.33060002499999996 0.7461696812499999 0.3380615078125 0.7366942515625 0.3397313171875 0.7287058203125001 0.333327628125 0.7096602140625
1 0.208638421875 0.7058647125 0.199405790625 0.7086330484375 0.1852326125 0.7226168484375 0.18492461093749998 0.7461708234375 0.20148094843750003 0.7594267218749999 0.20996379062499998 0.7616254453125 0.23456117812500002 0.7584931625 0.25091484375 0.7423580078125 0.2487019046875 0.7170640046875 0.2276143640625 0.7061651171875 0.208638421875 0.7058647125
1 0.1478602953125 0.7151032796875 0.1147800671875 0.7160368390625 0.1026171515625 0.7259235937499999 0.098596628125 0.7341176859375 0.0979481734375 0.753780275 0.114504515625 0.7670361734375 0.122987353125 0.7692348984375 0.1430535421875 0.768459628125 0.15211594687500002 0.7637456 0.1637681796875 0.7480217703125 0.16189569374999999 0.726619146875 0.1478602953125 0.7151032796875
1 0.195450165625 0.7717178609374999 0.18100542656250002 0.769060440625 0.16018944375 0.7748027734375 0.14819675937500001 0.7866352171875 0.1445166875 0.7987206953125 0.148058984375 0.8121348875000001 0.1534413171875 0.8195063359375 0.1707474484375 0.827795171875 0.18611220781249999 0.8274312234375 0.19987604375 0.822305871875 0.21605947812499998 0.8042250265625001 0.2093153375 0.7812880343749999 0.195450165625 0.7717178609374999
1 0.2872982546875 0.7656427796874999 0.272853515625 0.762985359375 0.258749228125 0.764219325 0.2428049078125 0.771496028125 0.23534342343749998 0.7809714609375 0.23755636249999998 0.8062654640625 0.25159176250000004 0.8177813328125 0.2600746 0.8199800578125 0.2824915 0.818999128125 0.29918561875 0.8067553625 0.30320614218749997 0.7985612703125 0.30150388125 0.7791043421875 0.2872982546875 0.7656427796874999
1 0.3832682125 0.7660691296875 0.36235089375 0.7571159390625 0.33666326406249997 0.7613239015625 0.3288613265625 0.7669079437499999 0.3226603125 0.77725339375 0.32150118125 0.7910789015625 0.327223965625 0.8023417359374999 0.3362174859375 0.8103775421874999 0.3495719796875 0.8141106406249999 0.36728744999999996 0.8135410296875 0.37634985468750004 0.808827 0.3901825796875 0.7909518171875 0.38882077187499997 0.775386275 0.3832682125 0.7660691296875
1 0.4680641625 0.760611034375 0.44697661718750004 0.749712146875 0.43052161875 0.7511517734375001 0.41457729218750006 0.758428478125 0.4051055484375 0.772000953125 0.40663758281250006 0.789512190625 0.412019915625 0.7968836406250001 0.4233641453125 0.8047137828125001 0.4365484171875 0.8065011890625 0.45644437499999996 0.8037802234375 0.46860729062499995 0.79389346875 0.474808303125 0.7835480265625 0.47344649531250005 0.7679824843749999 0.4680641625 0.760611034375
1 0.5525196593749999 0.751261546875 0.529251628125 0.7425140171875 0.5174980515625001 0.7435423218749999 0.5015537328125 0.750819025 0.49007172343749994 0.768488546875 0.490922853125 0.7782170140625 0.4966456390625 0.7894798484375001 0.50798986875 0.797309990625 0.518823425 0.7993030578125 0.5388896125 0.7985277859375 0.5479520203125 0.79381375625 0.5596042515625 0.7780899234375 0.5579019921875 0.7586329968750001 0.5525196593749999 0.751261546875
1 0.6283220921875 0.7377676453124999 0.62109971875 0.7364389359375 0.5999432921875 0.7382898828125 0.590880884375 0.7430039125000001 0.5832491734375 0.7505336515625001 0.579398875 0.760673434375 0.5805904578125001 0.7742932859375 0.5861430171875 0.783610425 0.597487246875 0.7914405703125 0.61067151875 0.7932279734375001 0.6213348453124999 0.7932753484374999 0.6327479687500001 0.7883556578124999 0.646750915625 0.7724261671875 0.64504865625 0.7529692406249999 0.6283220921875 0.7377676453124999
1 0.7325357718750001 0.7511968625 0.72412181875 0.736248303125 0.708076159375 0.7288294828125 0.6800378125 0.73324310625 0.6702256109375 0.7429242 0.664194825 0.7552153390624999 0.6650459546875 0.7649438 0.6705985140624999 0.7742609453125 0.6844636890625 0.78383111875 0.6952972421875 0.7858241828125 0.70596056875 0.7858715562499999 0.7197244031250001 0.78074620625 0.7297068296875 0.7730108078125 0.733557128125 0.7628710203125 0.7325357718750001 0.7511968625
1 0.82101179375 0.7336532890624999 0.8096675578125 0.72582314375 0.7975735375 0.7229600625 0.778767821875 0.72460535 0.7675249234375 0.7314707328125001 0.7622439296875 0.7387948109375 0.7582234046874999 0.746988903125 0.759925665625 0.76644583125 0.7799229640625 0.778420390625 0.807041296875 0.7770281390625 0.813923209375 0.7744654640624999 0.8259158984375 0.7626330171875 0.8238731859374999 0.7392847031249999 0.82101179375 0.7336532890624999
1 0.8894216265624999 0.71688498125 0.861383278125 0.7212986046875 0.8493905937499999 0.7331310484375 0.8455402953125001 0.7432708375 0.846391425 0.7529992984375 0.8546351515625 0.7660021671874999 0.8683301 0.7736266484375001 0.8789934265625 0.7736740203125 0.901069878125 0.7688017031250001 0.9108820734374999 0.7591206109375 0.914732371875 0.748980828125 0.9108496234375 0.7316752515625 0.8894216265624999 0.71688498125
1 0.953227384375 0.782864075 0.9344905593749999 0.7717595296875001 0.9227369828124999 0.772787834375 0.90444194375 0.7802702 0.8946297484375 0.7899512921875 0.8907794484375 0.8000910749999999 0.891460353125 0.8078738453125001 0.8998743062499999 0.8228224046875001 0.9171804375000001 0.831111246875 0.939597340625 0.8301303125 0.948659746875 0.825416284375 0.96048220625 0.8116381468749999 0.95860971875 0.7902355234375 0.953227384375 0.782864075
1 0.874154221875 0.7995850109375 0.8684314375 0.7883221765624999 0.84751411875 0.7793689828125 0.8310591203125 0.7808086078125 0.8196459953125 0.7857282984375 0.8100040249999999 0.797355084375 0.8066644046875 0.8133319484375001 0.8100364750000001 0.8248004437500001 0.8264225906249999 0.8361106484375 0.8396068578125 0.8378980546875001 0.8526209 0.8377397656250001 0.86168330625 0.8330257359375001 0.869315015625 0.8254959968750001 0.8753458046875 0.8132048578125 0.874154221875 0.7995850109375
1 0.7628883953125001 0.7867727734375001 0.7392110234375 0.7868836890625001 0.7225169078125 0.7991274546875 0.7184963843750001 0.807321546875 0.7173372515625001 0.8211470609375 0.7203688703125 0.828724171875 0.7369252125 0.8419800687500001 0.7428871109374999 0.842438765625 0.7653040140625 0.84145783125 0.7838381640625001 0.823171328125 0.7848270703125 0.807400125 0.7817954515625 0.7998230140625 0.7628883953125001 0.7867727734375001
1 0.649883871875 0.794698803125 0.6430019578125 0.797261478125 0.62899900625 0.8131909703125 0.6278398734375 0.8270164781249999 0.6310417187499999 0.8365392843749999 0.65120924375 0.8504595390624999 0.6759768609375 0.8492729453125 0.6945110109375 0.830986440625 0.6899473578124999 0.8058980921875 0.6735612421875 0.7945878875 0.649883871875 0.794698803125
1 0.581713153125 0.8006629671875001 0.56055671875 0.8025139156250001 0.5514943125 0.8072279453125001 0.54001230625 0.8248974703125 0.5442355078125 0.8460944265625001 0.56062161875 0.8574046359375 0.5665835203125 0.8578633312499999 0.584298990625 0.8572937187499999 0.593361396875 0.8525796906249999 0.6073643468750001 0.8366501968750001 0.6029709203125 0.8135075453124999 0.581713153125 0.8006629671875001
1 0.5210363625000001 0.8245970609375 0.5156540296875 0.8172256109375 0.49943814062499997 0.8078610984375001 0.485163628125 0.807149371875 0.473580284375 0.8101233671875001 0.45504613125000004 0.828409875 0.45708884375 0.8517581890624999 0.471124240625 0.8632740562500001 0.4796070828125 0.8654727828125001 0.4996732671875 0.8646975109374999 0.5065551890625 0.862134834375 0.5185478734375 0.8503023921875 0.5225683984375 0.8421082984374999 0.5210363625000001 0.8245970609375
1 0.4311985328125 0.8265750984375 0.41733336249999997 0.817004921875 0.40288862343750004 0.8143475015625 0.38660384375 0.8177328203125 0.3766214203125 0.8254682171875001 0.3704204078125 0.8358136671875 0.37498406093750003 0.860902009375 0.3913701734375 0.87221221875 0.402033503125 0.8722595921874999 0.421929465625 0.8695386265625 0.43610263906249996 0.8555548265624999 0.4379426765625 0.849512090625 0.43675109375 0.8358922375000001 0.4311985328125 0.8265750984375
1 0.348923525 0.8337732296875 0.33505835 0.824203053125 0.32531503906250003 0.8211343109374999 0.299627409375 0.8253422718750001 0.28528400625 0.8373803765625001 0.284805778125 0.8589886609375 0.287837396875 0.866565771875 0.2968309140625 0.874601575 0.3101854109375 0.8783346703125 0.33260231406249996 0.8773537390625 0.3371335171875 0.8749967249999999 0.3513066890625 0.861012928125 0.3531467265625 0.8549701859375001 0.348923525 0.8337732296875
1 0.24808191562499998 0.8318125046875 0.23833860625 0.8287437625 0.2193626640625 0.82844335625 0.2079495390625 0.833363046875 0.20048805781249998 0.8428384781249999 0.1964675328125 0.851032571875 0.1953084 0.864858078125 0.2035521265625 0.8778609484375 0.20985448125 0.8822110265625 0.22211872812500003 0.8870198015625 0.2304313421875 0.8872728359375 0.2340425296875 0.8879371890625001 0.24998684999999998 0.880660484375 0.26197953749999997 0.868828040625 0.2621173125 0.843328371875 0.24808191562499998 0.8318125046875
1 0.153745328125 0.8635929140625 0.12301581875 0.8643208124999999 0.10717283124999999 0.88629304375 0.10567324687499999 0.8962271656249999 0.1115662578125 0.909435696875 0.12291049375 0.9172658390624999 0.13139333125 0.919464565625 0.1561609484375 0.918277971875 0.1606921515625 0.9159209578124999 0.1788858484375 0.8937430640624999 0.16996121875 0.8729574296875 0.153745328125 0.8635929140625
1 0.3100476359375 0.903834340625 0.2960122375 0.8923184703124999 0.283918209375 0.8894553890625 0.2651124921875 0.8911006765625 0.25605008749999997 0.8958147046875 0.24422762968749998 0.9095928437499999 0.246100115625 0.9309954625 0.25417361562499996 0.9420526359375 0.26912903125 0.9505471375000001 0.296247365625 0.9491548828124999 0.30077856718749996 0.9467978671875 0.308410275 0.9392681312500001 0.3142708359375 0.9250312968750001 0.3100476359375 0.903834340625
1 0.4261526640625 0.8907355859375 0.4115376984375 0.8861324734375 0.3974334109375 0.8873664390625 0.38602029375 0.8922861281250001 0.37821835625 0.8978701750000001 0.37419783125 0.9060642671875 0.3744005078125 0.9354553171875001 0.3833940234375 0.9434911234375001 0.39187686718750003 0.9456898468749999 0.42604733906250003 0.9436806125 0.432929259375 0.9411179375 0.44056096718750004 0.9335881984375 0.440358290625 0.9041971484375001 0.4261526640625 0.8907355859375
1 0.6490612062500001 0.88005625 0.627633209375 0.8652659796875 0.6039558375 0.8653768968750001 0.5970739234375 0.8679395718749999 0.5872617250000001 0.8776206609375 0.5790504484375 0.8920631578125 0.5836140999999999 0.9171514999999999 0.5924373953125001 0.9232416125 0.6007500078125 0.92349464375 0.63475025625 0.9195397171874999 0.6439828890625 0.9167713796875001 0.651614596875 0.90924164375 0.652092825 0.8876333593749999 0.6490612062500001 0.88005625
1 0.5032155687500001 0.8781116984375 0.47735770468750005 0.8803739687500001 0.4650245671875 0.8883150265624999 0.45715374531249997 0.9066489078125001 0.4583453265625 0.9202687546874999 0.4640681125 0.9315315890625 0.4739816484375 0.9365460265625 0.5152042640625 0.9339198062499999 0.527367178125 0.9240330562500001 0.527334728125 0.8965876968750001 0.512958878125 0.8811804406249999 0.5032155687500001 0.8781116984375