0 0.0605831046875 0.117984134375 0.05580111250000001 0.12358699843750001 0.056888403125 0.131323465625 0.0630295078125 0.135391190625 0.0705397703125 0.1333495328125 0.0746371890625 0.1308013578125 0.0732780765625 0.12113077187500002 0.06713696875 0.11706304999999999 0.0605831046875 0.117984134375
0 0.0242499859375 0.1447859359375 0.019467990625 0.1503887984375 0.0202834578125 0.15619115156250002 0.026424565625 0.160258875 0.036119446875 0.15791018750000002 0.0402168640625 0.1553620140625 0.039129575 0.14762554375 0.032988467187499995 0.143557821875 0.0242499859375 0.1447859359375
0 0.06601955468750001 0.1566664828125 0.061237562499999995 0.16226934375 0.06450947343749999 0.1696987859375 0.068194134375 0.172139421875 0.07788901718749999 0.169790734375 0.07980181562500001 0.16754958749999999 0.0787145265625 0.159813115625 0.0725734171875 0.155745396875 0.06601955468750001 0.1566664828125
0 0.1072655625 0.1331188578125 0.10043987968750001 0.132105825 0.0934732640625 0.13801571875000002 0.0921041109375 0.14412509843750002 0.0985170390625 0.1501269375 0.103158103125 0.151447 0.10629912500000001 0.1500193984375 0.1142221359375 0.14298893125 0.11340666875000001 0.13718657812499999 0.1072655625 0.1331188578125
0 0.0294146125 0.1815341640625 0.026545417187499996 0.1848958828125 0.02763270625 0.1926323546875 0.033773810937499996 0.1967000734375 0.043468692187500005 0.1943513875 0.047294290625 0.1898690984375 0.046478821875 0.1840667453125 0.040337715625 0.179999021875 0.0294146125 0.1815341640625
0 0.06899956093750001 0.1937217390625 0.06613036718750001 0.19708345625 0.06721765625000001 0.204819928125 0.0733587609375 0.20888764843750002 0.08305364374999999 0.2065389609375 0.0868792375 0.2020566734375 0.08360733125 0.1946272296875 0.079922665625 0.192186596875 0.06899956093750001 0.1937217390625
0 0.10369170624999999 0.1710951984375 0.1008225125 0.17445691875 0.10218162500000001 0.18412750625000002 0.1105073515625 0.1878881984375 0.1136483703125 0.186460596875 0.1196585859375 0.18167127968750002 0.11857129531249999 0.173934809375 0.11461481093749999 0.16956005624999998 0.10369170624999999 0.1710951984375
0 0.13811203125 0.14653454531250001 0.1333300375 0.15213740625 0.13414550625 0.1579397609375 0.1402866109375 0.162007484375 0.1499814921875 0.1596587984375 0.1538070859375 0.1551765046875 0.15299161875 0.1493741515625 0.146850515625 0.1453064328125 0.13811203125 0.14653454531250001
0 0.132947403125 0.109786315625 0.1281654125 0.11538918125 0.128980878125 0.1211915296875 0.1373066046875 0.124952225 0.144816865625 0.1229105671875 0.148642459375 0.118428275 0.1478269921875 0.11262592499999999 0.1416858875 0.1085582015625 0.132947403125 0.109786315625
0 0.1790862171875 0.121052803125 0.170347734375 0.1222809171875 0.16583756249999998 0.129817896875 0.16638120781250001 0.1336861328125 0.1703376921875 0.138060884375 0.17497875624999998 0.1393809453125 0.180304396875 0.1376463140625 0.1863146125 0.1328569953125 0.18522732343749998 0.12512052812500002 0.1790862171875 0.121052803125
0 0.21569115781249998 0.09618511874999999 0.2025834359375 0.0980272890625 0.1999860609375 0.103323125 0.20080152812500002 0.1091254765625 0.2069426375 0.1131932 0.2115837015625 0.11451325937500001 0.2147247203125 0.113085659375 0.22073493593750002 0.1082963375 0.2193758234375 0.098625753125 0.21569115781249998 0.09618511874999999
0 0.2121173046875 0.1341614625 0.20515068749999998 0.14007135312500002 0.20623797812500003 0.1478078234375 0.21237908593750002 0.1518755484375 0.21988934843750002 0.1498338890625 0.2239867640625 0.1472857140625 0.2253559171875 0.141176334375 0.2189429890625 0.1351744953125 0.2121173046875 0.1341614625
0 0.1914792390625 0.169605225 0.1901201265625 0.15993463593749999 0.18397902187499998 0.1558669171875 0.1745559609375 0.16014971718749998 0.1734586296875 0.1681932171875 0.17741511875 0.17256796875 0.1914792390625 0.169605225
0 0.24216838593749998 0.11021486250000001 0.239299190625 0.11357658125 0.24065830156249998 0.12324716875 0.24898403125000002 0.1270078625 0.25430966875 0.1252732328125 0.258135265625 0.120790940625 0.257047975 0.1130544734375 0.25090687031250003 0.1089867484375 0.24216838593749998 0.11021486250000001
0 0.2731658265625 0.10092765625 0.2768504921875 0.10336829218750002 0.29091461406249997 0.1004055484375 0.291740121875 0.0904279328125 0.2855990140625 0.0863602109375 0.2746759125 0.08789535312499999 0.2718067140625 0.091257071875 0.2731658265625 0.10092765625
0 0.3186301046875 0.09946886875 0.31357628593750003 0.1031376171875 0.3127507765625 0.11311523125 0.3188918859375 0.117182953125 0.32640214375 0.11514129531249999 0.330227740625 0.1106590046875 0.3294122734375 0.10485665468750001 0.3254557859375 0.1004819015625 0.3186301046875 0.09946886875
0 0.2798405390625 0.12464358125 0.2769713421875 0.1280053015625 0.27833045312500004 0.13767588749999998 0.28201511875 0.1401165203125 0.29198182031250003 0.139701953125 0.2977202171875 0.1329785140625 0.29444830624999996 0.125549075 0.288579021875 0.12341546875 0.2798405390625 0.12464358125
0 0.24978945624999999 0.1485901796875 0.2450074625 0.1541930453125 0.2458229296875 0.159995396875 0.2519640359375 0.164063121875 0.2616589171875 0.161714434375 0.26521269062499997 0.155298025 0.26221260156250004 0.1498027 0.25852793749999997 0.147362065625 0.24978945624999999 0.1485901796875
0 0.210999890625 0.17376489374999998 0.20840251875 0.1790607296875 0.2116744265625 0.18649016875 0.2175437125 0.188623775 0.22723859218750003 0.1862750875 0.23270516562500002 0.177617534375 0.22997689999999998 0.174056328125 0.22383579375 0.1699886046875 0.210999890625 0.17376489374999998
0 0.1432766578125 0.1832827734375 0.13849466562499999 0.1888856375 0.1393101328125 0.194687990625 0.1454512375 0.1987557125 0.15514611875 0.1964070234375 0.1589717140625 0.19192473593749998 0.15569980156250002 0.18449529375 0.1520151421875 0.182054659375 0.1432766578125 0.1832827734375
0 0.033069156249999995 0.2313146984375 0.039210259375 0.23538242187499997 0.046720521875 0.23334076406249998 0.05218709375 0.2246832078125 0.049458828125 0.22112200468749998 0.0433177203125 0.21705428124999998 0.032666440625 0.220523540625 0.033069156249999995 0.2313146984375
0 0.041656662500000004 0.252789478125 0.0368746703125 0.258392340625 0.037961959375 0.2661288109375 0.0441030640625 0.2701965359375 0.05161332656249999 0.26815487656250003 0.055438921875000005 0.26367258437499996 0.054351632812499995 0.25593611250000003 0.0460259046875 0.2521754203125 0.041656662500000004 0.252789478125
0 0.0890437796875 0.233309578125 0.08535911406249999 0.2308689421875 0.07443601093749999 0.23240408437500001 0.0696540171875 0.238006946875 0.07265410624999999 0.243502271875 0.08097983125 0.24726296718750002 0.086305471875 0.2455283375 0.0904028921875 0.2429801625 0.091772040625 0.23687078125 0.0890437796875 0.233309578125
0 0.1066717125 0.20815045781250002 0.10380251874999999 0.21151217656250001 0.10488980781249999 0.21924864375 0.11103091406250001 0.22331636718749998 0.1229104171875 0.220660653125 0.12482321249999999 0.21841950781250002 0.12373592343749999 0.2106830390625 0.1197794375 0.20630828750000002 0.1066717125 0.20815045781250002
0 0.11593375937499999 0.2423505125 0.111151765625 0.24795337499999998 0.11196723281250001 0.25375572812499997 0.1181083390625 0.25782345156250003 0.12780322187499998 0.2554747640625 0.131628815625 0.25099247343750003 0.1308133484375 0.24519012031249998 0.12467224218749999 0.2411223984375 0.11593375937499999 0.2423505125
0 0.1608644296875 0.2212435234375 0.15717976875 0.2188028890625 0.1462566625 0.22033803125 0.1436592921875 0.22563386875 0.144474759375 0.23143621875 0.1506158640625 0.235503940625 0.1581261265625 0.2334622828125 0.16222354218749999 0.230914109375 0.1635926953125 0.2248047265625 0.1608644296875 0.2212435234375
0 0.1806769875 0.195777375 0.17807961249999998 0.20107321093750002 0.1813515234375 0.20850265 0.1872208078125 0.21063625625000001 0.1947310671875 0.2085945984375 0.19828484062500001 0.20217819218750002 0.1977411953125 0.19830995625 0.19160009218750002 0.1942422328125 0.1806769875 0.195777375
0 0.2527694625 0.1856454390625 0.2501720890625 0.190941275 0.25098755625 0.196743625 0.2571286640625 0.20081134843749998 0.26682354375 0.1984626625 0.26873634062499996 0.196221515625 0.26737722812500003 0.1865509296875 0.25905150312499997 0.1827902359375 0.2527694625 0.1856454390625
0 0.28540787968750003 0.172182971875 0.2915489859375 0.176250690625 0.2990592453125 0.1742090328125 0.30288484375 0.1697267453125 0.29934110937499997 0.160363184375 0.2871897875 0.16108478125 0.2843205890625 0.1644465015625 0.28540787968750003 0.172182971875
0 0.320371846875 0.1514905515625 0.3240565125 0.153931184375 0.3337513921875 0.1515824984375 0.33703334375 0.14323197031249998 0.33403325625 0.13773664531250002 0.32597935312500004 0.13591007187499998 0.3196973125 0.138765271875 0.320371846875 0.1514905515625
0 0.3252646515625 0.18630465937500001 0.3289493171875 0.1887452953125 0.3386441953125 0.18639660625 0.34246979375 0.18191431875 0.3416543265625 0.176111965625 0.3330567734375 0.170417153125 0.324590115625 0.173579384375 0.3252646515625 0.18630465937500001
0 0.2964518328125 0.1952848375 0.28948521562499996 0.2011947296875 0.29057250625000003 0.20893119843750002 0.298898234375 0.21269189375000003 0.3042238734375 0.2109572640625 0.3102340890625 0.2061679421875 0.309418621875 0.20036559375000002 0.3054621359375 0.19599084218750001 0.2964518328125 0.1952848375
0 0.2601187109375 0.22208663906249998 0.2572495125 0.225448359375 0.2583368015625 0.2331848265625 0.26202146718749997 0.2356254609375 0.2739009671875 0.2329697453125 0.2758137671875 0.2307286 0.27472647656250004 0.22299213281250002 0.2710418109375 0.22055149687500003 0.2601187109375 0.22208663906249998
0 0.22244655937500002 0.20765792031250002 0.2176645625 0.21326078593750003 0.2187518515625 0.22099725312500001 0.2270775828125 0.224757946875 0.23240321874999997 0.22302331875 0.23650063906250002 0.22047514375000002 0.23759797031250002 0.2124316484375 0.2290004203125 0.206736834375 0.22244655937500002 0.20765792031250002
0 0.183787884375 0.241689675 0.1902008140625 0.2476915140625 0.19989569375 0.245342828125 0.20372129062500002 0.2408605375 0.20263399999999998 0.23312406874999997 0.192123653125 0.22967040156250002 0.1832442390625 0.23782143906250003 0.183787884375 0.241689675
0 0.223513765625 0.24695432187500002 0.22091639062500001 0.252250159375 0.2239164796875 0.2577454828125 0.22760114531250003 0.2601861171875 0.23729602343749998 0.25783743124999997 0.2411216203125 0.2533551390625 0.240306153125 0.247552784375 0.2319804265625 0.24379209375 0.223513765625 0.24695432187500002
0 0.19510365937500002 0.2667256609375 0.1900498421875 0.2703944046875 0.1886806890625 0.2765037859375 0.1950936171875 0.282505625 0.20697312031249998 0.2798499125 0.2088859171875 0.2776087671875 0.20779862656249998 0.269872296875 0.20165752343749999 0.265804575 0.19510365937500002 0.2667256609375
0 0.1536059109375 0.2567792296875 0.14882391875 0.2623820953125 0.14963938593749998 0.268184446875 0.155780490625 0.272252171875 0.16547537343750002 0.2699034859375 0.1693009671875 0.2654211921875 0.1682136765625 0.25768472187499997 0.1645290140625 0.2552440875 0.1536059109375 0.2567792296875
0 0.12137020937500001 0.281032859375 0.11658821562499999 0.2866357234375 0.1174036828125 0.2924380765625 0.1235447890625 0.296505796875 0.1332396703125 0.294157109375 0.1367934421875 0.2877407046875 0.13379335312500001 0.2822453796875 0.1301086921875 0.2798047453125 0.12137020937500001 0.281032859375
0 0.0836980546875 0.26660413906249997 0.0767314421875 0.27251403281250003 0.0778187328125 0.280250503125 0.0815033953125 0.28269113749999997 0.0933828984375 0.28003542187499997 0.097208490625 0.2755531296875 0.0966648453125 0.2716848953125 0.090523740625 0.2676171703125 0.0836980546875 0.26660413906249997
0 0.0558315953125 0.2902437109375 0.0470931109375 0.291471825 0.04231111875 0.2970746875 0.0431265875 0.3028770421875 0.049267690625 0.3069447625 0.05390875625 0.3082648234375 0.0570497765625 0.306837221875 0.0630599921875 0.3020479 0.061972703124999994 0.2943114328125 0.0558315953125 0.2902437109375
0 0.0503449421875 0.3304611984375 0.047475746875 0.33382291875000003 0.051019478124999997 0.343186475 0.054704140624999995 0.34562710937499996 0.06439902187499999 0.34327842343750004 0.0682246203125 0.33879613124999997 0.0671373296875 0.3310596640625 0.0588116015625 0.32729896875 0.0503449421875 0.3304611984375
0 0.0866780609375 0.303659396875 0.08189606875 0.30926226093750003 0.0827115359375 0.3150646125 0.088852640625 0.3191323359375 0.096362903125 0.31709067812499997 0.1004603234375 0.31454250156249997 0.0993730328125 0.306806034375 0.0954165453125 0.302431284375 0.0866780609375 0.303659396875
0 0.12435021406249999 0.31808811718749996 0.12148102031250001 0.3214498359375 0.122568309375 0.3291863046875 0.128709415625 0.3332540265625 0.1362196765625 0.33121236875000004 0.1400452703125 0.326730078125 0.13895798125 0.318993609375 0.13527331874999998 0.316552975 0.12435021406249999 0.31808811718749996
0 0.09184268749999999 0.3404076265625 0.0870606953125 0.3460104890625 0.0878761640625 0.35181284218750003 0.0940172671875 0.35588056562500003 0.1037121515625 0.353531878125 0.10726592187499999 0.3471154703125 0.1067222765625 0.34324723437500004 0.100581171875 0.3391795125 0.09184268749999999 0.3404076265625
0 0.0593351640625 0.36272713749999996 0.0529121953125 0.3725052640625 0.055912282812500005 0.3780005890625 0.0595969453125 0.380441221875 0.07147644843749999 0.3777855078125 0.0753020421875 0.373303215625 0.074486575 0.36750086249999997 0.0658890265625 0.36180605312499997 0.0593351640625 0.36272713749999996
0 0.1587705375 0.2935274609375 0.1561731625 0.29882329687500003 0.1569886296875 0.304625646875 0.1631297390625 0.3086933703125 0.1728246171875 0.306344684375 0.1763783921875 0.299928278125 0.173378303125 0.294432953125 0.1696936421875 0.29199231875 0.1587705375 0.2935274609375
0 0.175532803125 0.341465825 0.1793583984375 0.33698353281250004 0.17485826875 0.3287405484375 0.1639351640625 0.330275690625 0.159153171875 0.3358785515625 0.165837921875 0.34381451093750004 0.175532803125 0.341465825
0 0.131427640625 0.3525952015625 0.1266456453125 0.35819806249999997 0.1274611140625 0.36400041562499996 0.1336022203125 0.36806814062500004 0.1432971015625 0.365719453125 0.1468508734375 0.35930304375 0.14630722812500002 0.3554348078125 0.14016612343749998 0.3513670875 0.131427640625 0.3525952015625
0 0.0924971453125 0.3846928375 0.09304079062500001 0.3885610734375 0.09576905625 0.3921222765625 0.1016383375 0.3942558828125 0.1091486 0.3922142234375 0.11461517031249999 0.3835566703125 0.1082022421875 0.37755483125 0.10137655625 0.376541796875 0.0924971453125 0.3846928375
0 0.062315168750000004 0.39978239375 0.057533176562499996 0.4053852578125 0.058620467187500004 0.41312172656249996 0.064761571875 0.41718944999999996 0.076641075 0.41453373437499996 0.080194846875 0.408117328125 0.0769229390625 0.4006878859375 0.0732382734375 0.3982472515625 0.062315168750000004 0.39978239375
0 0.065567 0.43877176875 0.0629696265625 0.444067603125 0.06378509375 0.44986995625 0.0699261984375 0.4539376796875 0.0818057015625 0.4512819640625 0.0837185 0.44904081875 0.0823593875 0.43937023281250004 0.074033659375 0.4356095375 0.065567 0.43877176875
0 0.10760839062500001 0.45258642968749996 0.10282639843750001 0.4581892953125 0.103641865625 0.463991646875 0.10978297031249999 0.468059371875 0.121662475 0.46540365625 0.12548806875000001 0.46092136406249995 0.1246726 0.4551190125 0.118531496875 0.4510512875 0.10760839062500001 0.45258642968749996
0 0.0729162453125 0.47521296875 0.0662214546875 0.48305697968750005 0.067036921875 0.48885933281250005 0.077819090625 0.4942471140625 0.0831447328125 0.492512484375 0.0891549484375 0.48772316406250005 0.0877958375 0.47805257812499996 0.0794701078125 0.4742918828125 0.0729162453125 0.47521296875
0 0.1009336828125 0.42887050625 0.106802965625 0.4310041125 0.114313228125 0.42896245468750005 0.1181388203125 0.4244801625 0.1145950921875 0.4151166046875 0.1024437640625 0.41583820156250006 0.097661771875 0.4214410671875 0.1009336828125 0.42887050625
0 0.1387768875 0.3890364 0.13372306875 0.39270514843750004 0.13508218125 0.4023757328125 0.13876684687500002 0.40481636718749997 0.150646346875 0.40216065156249997 0.1525591453125 0.39991950625 0.1514718546875 0.3921830375 0.14533075 0.388115315625 0.1387768875 0.3890364
0 0.17101259062500002 0.364782775 0.1659587703125 0.36845151875000004 0.16458962187499998 0.3745609 0.1710025484375 0.38056273906250004 0.1828820484375 0.3779070265625 0.1867076453125 0.373424734375 0.1861640015625 0.3695565 0.17975107343750002 0.3635546609375 0.17101259062500002 0.364782775
0 0.20092274062499998 0.347759096875 0.2044664734375 0.357122659375 0.21757419687500001 0.3552804890625 0.22112796875 0.348864078125 0.21812788125 0.343368753125 0.2144432171875 0.3409281234375 0.2057047359375 0.3421562359375 0.20092274062499998 0.347759096875
0 0.196845403125 0.3187473390625 0.20053006718750002 0.3211879734375 0.21240956875 0.3185322578125 0.2135068984375 0.3104887625 0.207093971875 0.3044869203125 0.20054010937500003 0.30540800625000003 0.195486290625 0.309076753125 0.196845403125 0.3187473390625
0 0.24151429218749998 0.279926265625 0.23277581249999998 0.281154378125 0.2285374609375 0.29062547968749997 0.23495039218749997 0.2966273171875 0.24246065 0.2945856578125 0.2456016703125 0.29315805625 0.248199046875 0.2878622234375 0.2451989578125 0.28236689843749996 0.24151429218749998 0.279926265625
0 0.2610449875 0.2683059671875 0.2674579171875 0.2743078046875 0.2749681765625 0.272266146875 0.27906559531249997 0.2697179765625 0.2804347484375 0.26360859531249997 0.27402181875 0.25760675312500003 0.2652833375 0.2588348671875 0.2610449875 0.2683059671875
0 0.2997036609375 0.23427421406249999 0.2951934875 0.24181119375 0.2981935765625 0.24730651718750002 0.3040628609375 0.249440125 0.3115731203125 0.24739846562499998 0.3153987171875 0.2429161734375 0.3143114265625 0.23517970312499997 0.3106267625 0.23273907187499998 0.2997036609375 0.23427421406249999
0 0.3293419890625 0.21531642343750002 0.332885721875 0.2246799796875 0.34599344374999996 0.222837809375 0.3479062421875 0.22059666249999998 0.34654713125000003 0.21092607812500003 0.342862465625 0.20848544375000003 0.3341239859375 0.20971355625000002 0.3293419890625 0.21531642343750002
0 0.3392886125 0.2464617875 0.334506615625 0.25206465 0.33559390625 0.2598011203125 0.33927857031249997 0.2622417515625 0.3511580703125 0.2595860390625 0.3530708703125 0.25734489374999997 0.3519835796875 0.2496084234375 0.3458424703125 0.245540703125 0.3392886125 0.2464617875
0 0.30090175937499997 0.28242765937500003 0.30704286718749996 0.2864953796875 0.316737746875 0.2841466921875 0.32056334375 0.2796644046875 0.31606321249999997 0.2714214171875 0.3070529078125 0.27071541250000003 0.3000862921875 0.27662530625000004 0.30090175937499997 0.28242765937500003
0 0.2723607625 0.2933419515625 0.267578765625 0.29894481562499997 0.268937878125 0.308615403125 0.2769917859375 0.3104419796875 0.280132803125 0.309014378125 0.2861430203125 0.30422505625 0.2850557296875 0.29648858906250003 0.2767300046875 0.2927278953125 0.2723607625 0.2933419515625
0 0.2382122625 0.319836725 0.2353430640625 0.32319844531249997 0.236430353125 0.33093491249999996 0.24011501875 0.3333755453125 0.25199451875 0.33071983125000004 0.25390731718750004 0.3284786859375 0.25282002812500004 0.32074221718749996 0.24913536249999998 0.3183015828125 0.2382122625 0.319836725
0 0.2413231578125 0.365749025 0.2452796453125 0.37012377343749997 0.25715914687499997 0.3674680625 0.2590719453125 0.365226915625 0.25648461093749997 0.3547427828125 0.24965892812499998 0.353729753125 0.24050769062500002 0.359946671875 0.2413231578125 0.365749025
0 0.2063591890625 0.3864414453125 0.20963110000000001 0.393870884375 0.222738821875 0.3920287140625 0.22656441875 0.3875464265625 0.2232925078125 0.38011698437499997 0.21742322500000003 0.377983378125 0.20895656406250002 0.38114560937499997 0.2063591890625 0.3864414453125
0 0.171938865625 0.41100210312499996 0.1752107765625 0.41843154218749995 0.18831849843749998 0.41658937187499995 0.190231296875 0.4143482265625 0.188872184375 0.40467763906250004 0.183002903125 0.40254403437499997 0.174536240625 0.405706265625 0.171938865625 0.41100210312499996
0 0.139431340625 0.43332160937499997 0.1429750734375 0.4426851703125 0.1560827953125 0.440843 0.1596365703125 0.43442659062500005 0.1566364828125 0.42893126875 0.15295182031250001 0.4264906328125 0.1442133375 0.427718746875 0.139431340625 0.43332160937499997
0 0.1471933421875 0.46477400312499995 0.1424113484375 0.47037686875 0.14295499375 0.474245103125 0.146911478125 0.478619853125 0.15687818281250002 0.47820528281249997 0.164801196875 0.4711748203125 0.164257553125 0.467306584375 0.1534753828125 0.461918803125 0.1471933421875 0.46477400312499995
0 0.1835264640625 0.437972203125 0.17874446718749998 0.443575065625 0.1801035796875 0.4532456546875 0.1859728671875 0.4553792609375 0.19129850625 0.45364463125 0.19730872187499998 0.448855309375 0.19622143125 0.4411188390625 0.1900803265625 0.4370511171875 0.1835264640625 0.437972203125
0 0.2160339890625 0.41565269374999997 0.21125199375 0.42125555937500003 0.2120674609375 0.42705790937500004 0.22039319062499999 0.430818603125 0.22353421093749998 0.42939100156250004 0.22667522812500002 0.42796340156249996 0.23118539999999999 0.42042641718749996 0.22477247031249997 0.4144245796875 0.2160339890625 0.41565269374999997
0 0.2482696921875 0.39139906562500004 0.24540049531250002 0.394760784375 0.24648778437500002 0.40249725156249994 0.25262889374999997 0.40656497500000005 0.2623237734375 0.40421628906249996 0.264236571875 0.4019751421875 0.262877459375 0.3923045578125 0.2545517328125 0.3885438625 0.2482696921875 0.39139906562500004
0 0.28269001562499996 0.3668384078125 0.2779080203125 0.372441275 0.2787234875 0.378243628125 0.2870492171875 0.38200431875 0.294559475 0.37996266093750003 0.29838507187499996 0.375480371875 0.2975696046875 0.36967801875 0.29142849531250004 0.3656102953125 0.28269001562499996 0.3668384078125
0 0.315197540625 0.3445189015625 0.3126001671875 0.3498147359375 0.313415634375 0.3556170875 0.31955674218749996 0.3596848078125 0.329251621875 0.357336125 0.33116442031250004 0.3550949796875 0.32980530625000004 0.34542439062499997 0.321479578125 0.3416636984375 0.315197540625 0.3445189015625
0 0.2775253890625 0.33009018125 0.2727433921875 0.33569304375 0.27355886093750004 0.34149539687499997 0.27969996875 0.34556311875 0.287210228125 0.3435214609375 0.291307646875 0.3409732875 0.2926768 0.3348639046875 0.28626386875 0.3288620671875 0.2775253890625 0.33009018125
0 0.3100329140625 0.3077706703125 0.3071637171875 0.311132390625 0.3085228296875 0.3208029765625 0.31220749375 0.323243609375 0.32190237499999996 0.3208949234375 0.3257279703125 0.31641263125 0.32491250312500003 0.31061028125 0.3187713953125 0.3065425578125 0.3100329140625 0.3077706703125
0 0.3444532390625 0.28321001562500003 0.339943065625 0.2907469984375 0.34048670937500003 0.2946152296875 0.34662781875 0.29868295312500004 0.35850731874999997 0.2960272390625 0.3604201171875 0.2937860921875 0.359332828125 0.28604962343749996 0.35319171875 0.28198190156249997 0.3444532390625 0.28321001562500003
0 0.37668894062499997 0.25895638593750003 0.3719069453125 0.26455925156250004 0.3729942359375 0.27229572343749997 0.37667890000000004 0.274736353125 0.38664560312499996 0.274321784375 0.392383996875 0.26759835 0.3915685296875 0.261795996875 0.385427421875 0.25772827187499997 0.37668894062499997 0.25895638593750003
0 0.3840381890625 0.2953975875 0.381168990625 0.29875930624999997 0.38252810312499996 0.30842989374999996 0.38621276875 0.31087052656249997 0.39590764843750004 0.308521840625 0.3997332453125 0.304039546875 0.398917778125 0.29823719843749996 0.39277666875 0.294169475 0.3840381890625 0.2953975875
0 0.35808452343749997 0.3167960140625 0.3515306640625 0.3177170984375 0.3464768453125 0.321385846875 0.3453795140625 0.32942934375 0.3515206234375 0.333497065625 0.3561616828125 0.3348171265625 0.359302703125 0.33338952499999996 0.36244372343750003 0.33196192343750003 0.3669538984375 0.324424940625 0.35808452343749997 0.3167960140625
0 0.391387434375 0.331838790625 0.386605440625 0.3374416515625 0.3876927296875 0.34517812187499997 0.3938338359375 0.34924584375 0.39915947812499997 0.3475112171875 0.4032568953125 0.34496304218749996 0.40408240468749995 0.334985425 0.3979412953125 0.33091770625 0.391387434375 0.331838790625
0 0.3588799078125 0.3541582984375 0.34972867343749997 0.3603752203125 0.35081596406250004 0.36811169062500004 0.35914169375 0.37187238125 0.36228270937499996 0.37044478125 0.3654237296875 0.3690171828125 0.369933903125 0.36148020000000003 0.366933815625 0.355984875 0.3588799078125 0.3541582984375
0 0.331013446875 0.3777978703125 0.322274965625 0.3790259828125 0.31776479375 0.3865629640625 0.3183084390625 0.3904312015625 0.3244495453125 0.394498921875 0.3290906078125 0.3958189828125 0.332231628125 0.39439138125 0.3382418453125 0.389602059375 0.3371545546875 0.3818655921875 0.331013446875 0.3777978703125
0 0.28594184375 0.405827784375 0.28334446875 0.411123621875 0.2866163796875 0.4185530609375 0.292485665625 0.4206866671875 0.299995925 0.41864500937500004 0.303821521875 0.41416271718750003 0.302462409375 0.40449213124999994 0.2965931234375 0.402358525 0.28594184375 0.405827784375
0 0.251924234375 0.4411796 0.25806534375 0.44524732343749995 0.26776022187500004 0.4428986375 0.271042175 0.434548109375 0.26462924375 0.428546271875 0.2558907640625 0.42977438437500004 0.25083694375 0.4334431296875 0.251924234375 0.4411796
0 0.2233832375 0.45209389531250005 0.21641662031250003 0.4580037859375 0.21750391093750002 0.46574025781249995 0.2258296390625 0.4695009484375 0.231155278125 0.46776631875 0.23716549531250003 0.4629770015625 0.23635002656249998 0.4571746484375 0.23020891875 0.453106925 0.2233832375 0.45209389531250005
0 0.30175775 0.43910675625 0.29520389062499997 0.440027840625 0.29015007187499997 0.44369658593750005 0.28905274062499997 0.451740084375 0.29300922812499997 0.4561148359375 0.2976502921875 0.45743489375 0.30297593125 0.4557002671875 0.30707334999999997 0.45315209375 0.30789885781250004 0.443174475 0.30175775 0.43910675625
0 0.327711415625 0.4177083296875 0.3229294203125 0.4233111921875 0.3237448875 0.4291135453125 0.3298859953125 0.43318126875 0.3395808765625 0.43083258124999996 0.343406471875 0.426350290625 0.3425910046875 0.4205479375 0.336449896875 0.41648021562500004 0.327711415625 0.4177083296875
0 0.364044534375 0.39090652812500004 0.357077921875 0.39681642031250003 0.3581652109375 0.40455288906250003 0.3618498765625 0.40699352343750006 0.3737293765625 0.404337809375 0.3775549734375 0.399855515625 0.3770113296875 0.39598728437499997 0.3708702203125 0.3919195609375 0.364044534375 0.39090652812500004
0 0.3943674421875 0.368894046875 0.3917700671875 0.3741898828125 0.39285735625 0.38192634999999997 0.396542021875 0.384366984375 0.40842152187499997 0.38171126875 0.4103343203125 0.37947012343750003 0.40924703124999995 0.37173365468749997 0.40310592187500005 0.3676659328125 0.3943674421875 0.368894046875
0 0.4017166875 0.405335246875 0.39693469375 0.41093811249999995 0.398021984375 0.41867458125 0.40634771093750005 0.42243527500000005 0.40948873125 0.4210076734375 0.4154989484375 0.416218353125 0.4141398359375 0.40654776875 0.40827054843750005 0.4044141625 0.4017166875 0.405335246875
0 0.365111746875 0.4302029328125 0.36032975 0.43580579375 0.3611452171875 0.44160814843749996 0.3651017046875 0.4459829 0.37916582656250003 0.44302015624999996 0.381078625 0.44077900937500003 0.3797195125 0.431108421875 0.376034846875 0.42866779062499993 0.365111746875 0.4302029328125
0 0.5586765734375 0.0479816625 0.5558073765625 0.05134338125 0.5571664875 0.0610139671875 0.560851153125 0.0634546015625 0.572730653125 0.060798887499999996 0.5762844281249999 0.0543824796875 0.573284340625 0.048887154687500003 0.569599675 0.046446521875 0.5586765734375 0.0479816625
0 0.523984428125 0.0706082015625 0.5211152296875 0.0739699203125 0.5222025203125 0.0817063875 0.5283436296875 0.08577411093750001 0.5380385078125001 0.083425425 0.5415922828124999 0.0770090140625 0.538320371875 0.069579575 0.5324510859375 0.0674459703125 0.523984428125 0.0706082015625
0 0.565754 0.08248874687499999 0.5609720031250001 0.0880916125 0.5620592921875 0.0958280796875 0.5679285796875 0.097961684375 0.5776234578125 0.0956129984375 0.5811772328125 0.08919658750000001 0.5781771453125 0.0837012671875 0.5744924796875 0.0812606328125 0.565754 0.08248874687499999
0 0.5979897015625 0.05823511875 0.5932077062500001 0.0638379828125 0.594294996875 0.0715744515625 0.602620725 0.07533514687500001 0.610130984375 0.0732934890625 0.6136847578125 0.066877078125 0.6128692906250001 0.061074728125 0.6067281828125 0.057007004687499994 0.5979897015625 0.05823511875
0 0.6265306984375 0.0473208265625 0.6326718078125 0.051388546874999996 0.6423666859375 0.049039859375 0.646192284375 0.044557571875 0.64264855 0.0351940109375 0.6304972281250001 0.035915609375000004 0.62571523125 0.041518473437499995 0.6265306984375 0.0473208265625
0 0.6788206578125 0.04687506875 0.670082178125 0.0481031828125 0.6655720046875 0.055640165625 0.6661156484374999 0.059508396875 0.6700721359374999 0.06388314843750001 0.6747131984375 0.065203209375 0.6778542187500001 0.063775609375 0.6857772343749999 0.0567451421875 0.6852335890625 0.052876909375 0.6788206578125 0.04687506875
0 0.702589703125 0.025783671875000004 0.6978077078125 0.0313865359375 0.698623175 0.037188890625 0.7072207234375 0.042883700000000004 0.7125463640625 0.0411490703125 0.71855658125 0.0363597484375 0.717469290625 0.02862328125 0.711328184375 0.024555559375 0.702589703125 0.025783671875000004
0 0.7421746515625001 0.0379712453125 0.7373926578125001 0.043574109374999996 0.738479946875 0.05131057812499999 0.744621053125 0.055378301562499996 0.7521313140625 0.05333664375 0.7559569109375001 0.048854350000000005 0.7545978 0.039183765625 0.750913134375 0.0367431328125 0.7421746515625001 0.0379712453125
0 0.7746821749999999 0.0156517359375 0.769900184375 0.021254600000000002 0.7709874734375 0.028991067187500004 0.7793131984375 0.032751762499999997 0.78245421875 0.0313241625 0.7884644359374999 0.026534840625 0.789833590625 0.0204254609375 0.7858771015625 0.0160507109375 0.7746821749999999 0.0156517359375
0 0.8078441578125 0.0376174375 0.8142570859375 0.043619276562499996 0.821767346875 0.0415776171875 0.8258647671875 0.0390294421875 0.8245056546875 0.0293588578125 0.8208209890625 0.0269182234375 0.81208250625 0.0281463375 0.8078441578125 0.0376174375
0 0.8465028296874999 0.0035856796875 0.8417208359374999 0.009188545312500001 0.8428081265625 0.0169250171875 0.84894923125 0.0209927375 0.8564594921875001 0.018951078125 0.8602850906249999 0.014468789062500001 0.8591977999999999 0.006732318750000001 0.8530566921875 0.0026645953125 0.8465028296874999 0.0035856796875
0 0.8497546578125 0.04257505625 0.8471572859375 0.04787089375 0.8479727531249999 0.05367324375 0.8541138578125 0.057740967187500006 0.8616241203125 0.05569930937499999 0.8657215390624999 0.053151134375 0.8668188703125 0.0451076375 0.8606777609374999 0.0410399140625 0.8497546578125 0.04257505625
0 0.8194317546875001 0.0645875375 0.8146497609375001 0.0701904 0.8157370500000001 0.077926871875 0.8240627765624999 0.0816875671875 0.827203796875 0.080259965625 0.8332140140625001 0.07547064375 0.8318549031250001 0.065800059375 0.8259856156250001 0.063666453125 0.8194317546875001 0.0645875375
0 0.779846803125 0.052399965625 0.7750648109375 0.0580028296875 0.775880278125 0.06380518125 0.7820213828125 0.067872903125 0.7895316453125 0.0658312453125 0.793357240625 0.06134895312500001 0.7925417734375 0.055546603125 0.786400665625 0.0514788796875 0.779846803125 0.052399965625
0 0.7077543296875 0.0625319015625 0.702972334375 0.0681347671875 0.7074724671875 0.0763777515625 0.7121135265625 0.07769781249999999 0.7218084109375 0.07534912499999999 0.7237212078125 0.0731079796875 0.7223620953125 0.06343739375 0.7186774312499999 0.060996759375 0.7077543296875 0.0625319015625
0 0.747339278125 0.07471947500000001 0.742557284375 0.0803223375 0.7433727515624999 0.086124690625 0.7495138578125 0.0901924140625 0.75702411875 0.0881507546875 0.760849715625 0.0836684640625 0.7600342484375 0.0778661109375 0.7538931390625 0.0737983890625 0.747339278125 0.07471947500000001
0 0.7126471343749999 0.0973460140625 0.7081369609375 0.1048829953125 0.711408871875 0.1123124375 0.717278153125 0.11444603906249999 0.7269730375 0.11209735624999999 0.728885834375 0.109856209375 0.727526721875 0.1001856203125 0.721385615625 0.0961179015625 0.7126471343749999 0.0973460140625
0 0.6752468046875 0.08485141093750001 0.6704648078125001 0.0904542734375 0.671280275 0.096256628125 0.677421384375 0.10032434999999999 0.6871162640625 0.0979756640625 0.6906700375 0.09155925468750001 0.68766995 0.0860639328125 0.681800665625 0.0839303265625 0.6752468046875 0.08485141093750001
0 0.63415176875 0.08569614375 0.640292878125 0.08976386562500001 0.6478031359374999 0.0877222078125 0.6516287328125 0.08323991562500001 0.650813265625 0.0774375625 0.64467215625 0.0733698421875 0.6340208781250001 0.076839103125 0.63415176875 0.08569614375
0 0.6053389499999999 0.09467632031249999 0.6002851328125 0.09834506875 0.5991877999999999 0.1063885640625 0.6077853515625 0.1120833765625 0.613110990625 0.110348746875 0.6172084078125 0.107800571875 0.6183057390625 0.0997570734375 0.614349253125 0.095382325 0.6053389499999999 0.09467632031249999
0 0.5332464734375 0.10480825625000001 0.5265516796874999 0.112652265625 0.527095325 0.1165205015625 0.535692875 0.1222153140625 0.543203134375 0.12017365625000001 0.546756909375 0.1137572453125 0.5462132640624999 0.10988900937499999 0.5422567765624999 0.1055142625 0.5332464734375 0.10480825625000001
0 0.5669520968749999 0.1306421921875 0.57309320625 0.1347099125 0.5849727062500001 0.1320542015625 0.585798215625 0.12207658437499999 0.57965710625 0.1180088640625 0.5731032468749999 0.1189299484375 0.5661366296875 0.1248398390625 0.5669520968749999 0.1306421921875
0 0.5384111 0.14155648437499999 0.5333572828124999 0.1452252328125 0.5325317734375 0.1552028484375 0.5386728828125 0.1592705703125 0.5442703421874999 0.1594700578125 0.550280559375 0.1546807359375 0.5513778921875 0.146637240625 0.5427803390625 0.140942428125 0.5384111 0.14155648437499999
0 0.537424578125 0.1900169578125 0.5435656875 0.19408468125 0.553260565625 0.19173599531250002 0.5570861625 0.1872537015625 0.553814253125 0.1798242625 0.5501295875000001 0.17738362968750002 0.539478309375 0.18085288906250002 0.537424578125 0.1900169578125
0 0.5782678734375 0.1556781765625 0.5732140546875 0.1593469234375 0.5721167234375 0.16739041875 0.5760732109375 0.171765171875 0.5860399125 0.171350603125 0.5901373328124999 0.168802428125 0.5912346640624999 0.1607589328125 0.5872781765624999 0.1563841796875 0.5782678734375 0.1556781765625
0 0.60640615625 0.1339727234375 0.6038087828125 0.139268559375 0.60462425 0.14507091249999998 0.6107653578125001 0.1491386328125 0.6204602375 0.1467899453125 0.6240140109375 0.1403735390625 0.623470365625 0.136505303125 0.614872815625 0.130810490625 0.60640615625 0.1339727234375
0 0.64082648125 0.10941206875000001 0.6379572828125 0.112773784375 0.6393163953125 0.1224443734375 0.64518568125 0.12457797500000001 0.6526959406249999 0.12253632031249999 0.656793359375 0.11998814687499999 0.655434246875 0.11031755624999999 0.6517495828125 0.1078769265625 0.64082648125 0.10941206875000001
0 0.6095170546875 0.1798850203125 0.6181146046875 0.185579834375 0.62344024375 0.1838452046875 0.6272658390625 0.1793629125 0.62617855 0.1716264453125 0.6178528203125 0.16786574999999998 0.608973409375 0.1760167890625 0.6095170546875 0.1798850203125
0 0.5812478796875 0.1927334328125 0.5764658828125 0.198336296875 0.57728135 0.20413865000000003 0.583422459375 0.20820637187500002 0.5909327171875 0.20616471406249998 0.5950301375 0.20361654062499998 0.59612746875 0.195573040625 0.589986359375 0.1915053203125 0.5812478796875 0.1927334328125
0 0.548740353125 0.2150529453125 0.542045559375 0.22289695312500002 0.5425892046875 0.22676518906249998 0.5487303140625001 0.23083291250000001 0.55842519375 0.2284842265625 0.562250790625 0.22400193281249997 0.5617071453125 0.22013369843750002 0.5577506578125 0.2157589484375 0.548740353125 0.2150529453125
0 0.5519921828125 0.25404231875 0.5491229859375 0.2574040375 0.550210275 0.2651405046875 0.5563513828125 0.269208228125 0.5638616421875 0.2671665703125 0.5679590609375 0.2646183953125 0.56659995 0.254947809375 0.562915284375 0.2525071765625 0.5519921828125 0.25404231875
0 0.5678080890625 0.2873212890625 0.5590696078125 0.2885494015625 0.5542876125 0.2941522671875 0.5551030796875 0.29995461875 0.5612441875 0.304022340625 0.5658852484375 0.30534240156250003 0.56902626875 0.3039148 0.5731236890625 0.301366625 0.57422101875 0.2933231265625 0.5678080890625 0.2873212890625
0 0.564234234375 0.3252976296875 0.5597240609374999 0.3328346125 0.56272415 0.3383299375 0.5664088140625 0.340770571875 0.57610369375 0.338421884375 0.579929290625 0.3339395921875 0.5791138218749999 0.328137240625 0.572972715625 0.324069515625 0.564234234375 0.3252976296875
0 0.5693988609375 0.362045859375 0.56434504375 0.3657146078125 0.5629758890625001 0.3718239890625 0.5693888203124999 0.37782582656249997 0.5771709015625001 0.3777182859375 0.58318111875 0.372928965625 0.5818220078125 0.3632583796875 0.5759527203125 0.361124775 0.5693988609375 0.362045859375
0 0.5745634875000001 0.3987940890625 0.5703251375 0.40826518749999996 0.5733252265625 0.41376051093750005 0.5770098906250001 0.41620114687500004 0.5867047703125 0.41385246093749994 0.5921713421875 0.4051949046875 0.5894430765625 0.401633696875 0.5833019687500001 0.39756597656250003 0.5745634875000001 0.3987940890625
0 0.6089838125 0.3742334328125 0.604201815625 0.3798363 0.60528910625 0.3875727671875 0.6114302140625 0.3916404890625 0.62112509375 0.389291803125 0.62467886875 0.3828753921875 0.6238634015625 0.37707304375 0.6177222921875 0.3730053203125 0.6089838125 0.3742334328125
0 0.6038191859375 0.337485203125 0.5990371890625 0.34308806875000003 0.6001244796874999 0.3508245390625 0.60845020625 0.3545852328125 0.611591225 0.3531576296875 0.61760144375 0.3483683125 0.618970596875 0.3422589296875 0.615014109375 0.3378841796875 0.6038191859375 0.337485203125
0 0.6008391765625001 0.300429946875 0.5957853609375 0.3040986953125 0.5949598515625001 0.314076309375 0.6011009609375 0.3181440328125 0.60861121875 0.316102375 0.6127086390625001 0.3135541984375 0.6138059703125001 0.3055107 0.6052084171875001 0.299815890625 0.6008391765625001 0.300429946875
0 0.5934899312499999 0.2639887453125 0.5887079359375 0.2695916109375 0.589795225 0.277328078125 0.5959363343749999 0.2813958015625 0.6034465921875001 0.27935414375 0.6072721890625 0.2748718515625 0.60864134375 0.2687624734375 0.600043790625 0.2630676609375 0.5934899312499999 0.2639887453125
0 0.5883253046875 0.227240515625 0.583543309375 0.23284338125 0.5821741546875 0.2389527625 0.5885870859375 0.24495459999999997 0.59609734375 0.24291294218749998 0.6001947640624999 0.24036477031249998 0.6012920953124999 0.23232127187499998 0.5973356078125 0.22794651875 0.5883253046875 0.227240515625
0 0.6157790125 0.2085897515625 0.61468168125 0.21663325156250002 0.6186381671875 0.22100800468749998 0.62327923125 0.22232806093750002 0.6286048703125 0.220593434375 0.6340714421875 0.21193587812499998 0.62520206875 0.2043069515625 0.6208328296875 0.20492100781249997 0.6157790125 0.2085897515625
0 0.62599745625 0.24166923593749998 0.6212154609375 0.2472721 0.6220309296875 0.253074453125 0.6281720359375 0.257142175 0.6337694968750001 0.2573416625 0.637866915625 0.2547934875 0.638692425 0.24481587343750003 0.6325513171875 0.24074815156249998 0.62599745625 0.24166923593749998
0 0.627467378125 0.2917567984375 0.6357931031249999 0.29551749374999997 0.6389341234375 0.29408989218750003 0.6449443406250001 0.289300571875 0.6438570515625 0.28156410468750004 0.6333467015625 0.2781104375 0.6266519109375001 0.28595444531249997 0.627467378125 0.2917567984375
0 0.636326709375 0.3151656921875 0.631544715625 0.3207685578125 0.6326320046875 0.3285050296875 0.6363166687499999 0.3309456625 0.64819616875 0.32828994843750003 0.6501089671875 0.326048803125 0.6487498546875 0.3163782125 0.6428805703125 0.31424460781249997 0.636326709375 0.3151656921875
0 0.6412195140625 0.34997980625 0.63643751875 0.3555826703125 0.63779663125 0.3652532546875 0.6414812953125 0.367693890625 0.6533607953125 0.36503817656250004 0.6552735937499999 0.36279702812500003 0.6539144828125 0.35312644375 0.647773375 0.3490587203125 0.6412195140625 0.34997980625
0 0.6426894359374999 0.40006736875 0.64883054375 0.40413509062499997 0.66071004375 0.4014793765625 0.6612637296874999 0.3895676453125 0.6575790640625 0.3871270109375 0.6466559640625 0.38866215312499997 0.6418739687499999 0.394265015625 0.6426894359374999 0.40006736875
0 0.67154241875 0.3279673234375 0.668673221875 0.33132904375 0.6722169546875 0.340692603125 0.6780862375 0.3428262046875 0.6855965 0.34078454687500004 0.68969391875 0.33823637500000003 0.68833480625 0.3285657875 0.6846501421875 0.326125153125 0.67154241875 0.3279673234375
0 0.67074703125 0.2906050390625 0.6659650375 0.2962079015625 0.6667805062500001 0.3020102546875 0.673193434375 0.30801209687500003 0.6807036953125001 0.30597043749999997 0.6845292921875 0.3014881453125 0.6834420031249999 0.29375167343749997 0.67730089375 0.289683953125 0.67074703125 0.2906050390625
0 0.6655824046875 0.253856809375 0.6608004109375 0.2594596734375 0.6618877015625 0.26719614062499997 0.6655723671875 0.26963677656249996 0.6752672453125 0.26728809062500003 0.6788210203125 0.2608716828125 0.6758209328125 0.2553763578125 0.6721362671875 0.252935725 0.6655824046875 0.253856809375
0 0.666971640625 0.21618749375 0.6582331609375001 0.21741560624999998 0.6537229859375 0.224952590625 0.65426663125 0.22882082499999998 0.65822311875 0.2331955765625 0.6628641796875 0.23451563437499998 0.6660051984375001 0.233088034375 0.67201541875 0.2282987171875 0.673384571875 0.22218933437500002 0.666971640625 0.21618749375
0 0.6501993359375 0.1840291 0.6491020046875 0.1920725953125 0.6530584921875 0.196447346875 0.657699553125 0.1977674078125 0.66302519375 0.196032778125 0.6684917671874999 0.187375221875 0.6596223921875 0.1797462953125 0.6552531515625 0.18036035156250002 0.6501993359375 0.1840291
0 0.64790390625 0.14391915 0.6431219109375 0.1495220140625 0.6442091999999999 0.1572584828125 0.6525349265625 0.161019178125 0.6578605671875 0.1592845484375 0.6619579859375 0.1567363734375 0.6603270515624999 0.14513167031250002 0.654457765625 0.142998065625 0.64790390625 0.14391915
0 0.68041143125 0.1215996390625 0.675629434375 0.1272025046875 0.6764449031249999 0.1330048578125 0.6825860109375 0.137072578125 0.692280890625 0.134723890625 0.6941936890625 0.13248274843750002 0.6928345765625 0.1228121609375 0.6891499109375 0.120371525 0.68041143125 0.1215996390625
0 0.6829786828125 0.16364370625 0.686522415625 0.1730072640625 0.6996301375 0.17116509375 0.7015429375 0.168923946875 0.700455646875 0.1611874796875 0.6943145375 0.15711975625000002 0.6877606765625 0.1580408421875 0.6829786828125 0.16364370625
0 0.692925303125 0.194789071875 0.688143309375 0.20039193281249998 0.68677415625 0.20650131562500001 0.6953717046875 0.212196125 0.7028819671875 0.2101544703125 0.7067075640625 0.20567217656249998 0.7056202734375 0.19793570625 0.6972945453125 0.194175015625 0.692925303125 0.194789071875
0 0.6959053125 0.231844328125 0.6930361140625 0.235206046875 0.6941234046875 0.2429425171875 0.700264509375 0.2470102375 0.7077747703124999 0.244968578125 0.71160036875 0.240486290625 0.710513078125 0.23274981874999998 0.7068284125 0.2303091859375 0.6959053125 0.231844328125
0 0.6992880312499999 0.27969074531250004 0.7076137578125 0.2834514390625 0.712939396875 0.281716809375 0.7184059703125001 0.273059253125 0.7119930390625 0.26705741562499996 0.7051673546874999 0.2660443828125 0.698200740625 0.2719542765625 0.6992880312499999 0.27969074531250004
0 0.706234565625 0.305340784375 0.7033653671875 0.308702503125 0.7044526578125 0.3164389734375 0.7105937640625 0.3205066984375 0.7202886453125 0.3181580109375 0.7238424203125 0.31174160156249997 0.7232987750000001 0.307873365625 0.712516603125 0.3024855859375 0.706234565625 0.305340784375
0 0.6810762859375 0.364101496875 0.6762942921875 0.3697043625 0.6773815812499999 0.3774408296875 0.6810662468750001 0.3798814640625 0.692945746875 0.3772257484375 0.6964995203125001 0.3708093390625 0.693499434375 0.3653140171875 0.687630146875 0.3631804125 0.6810762859375 0.364101496875
0 0.7113991921875 0.342089015625 0.7088018171875 0.3473848515625 0.7096172843749999 0.3531872015625 0.715758390625 0.357254925 0.725453271875 0.3549062390625 0.72927886875 0.3504239453125 0.7281915796875 0.342687478125 0.7198658499999999 0.338926784375 0.7113991921875 0.342089015625
0 0.7187484375000001 0.378530215625 0.71396644375 0.38413307812499997 0.7147819109375 0.3899354328125 0.72556408125 0.39532321718749996 0.730889721875 0.3935885875 0.73471531875 0.38910629375 0.7333562062500001 0.379435709375 0.729671540625 0.3769950734375 0.7187484375000001 0.378530215625
0 0.7597226234375001 0.353048475 0.7509841390625 0.35427658906250004 0.7464739703125 0.361813571875 0.7470176140625 0.365681803125 0.7509741015625 0.3700565546875 0.7556151625 0.371376615625 0.7609408046875 0.36964198593750003 0.765038221875 0.3670938125 0.76586373125 0.35711619843750003 0.7597226234375001 0.353048475
0 0.754557996875 0.31630024375 0.7458195125 0.3175283578125 0.7413093421875 0.32506534062500003 0.7418529875 0.3289335765625 0.7458094734375 0.333308325 0.7504505359375 0.3346283875 0.7557761765625 0.33289375625 0.7598735953125 0.33034558125 0.7606991046875 0.32036796875 0.754557996875 0.31630024375
0 0.7406548859375001 0.28078013125 0.73587289375 0.28638299218749996 0.7369601828125 0.2941194640625 0.7431012875 0.2981871875 0.752796171875 0.29583850156249997 0.7563499453125 0.289422090625 0.753078034375 0.28199265156250003 0.7493933703125 0.2795520171875 0.7406548859375001 0.28078013125
0 0.7398595015625 0.2434178453125 0.7309800890625 0.251568884375 0.73179555625 0.2573712328125 0.7379366609375 0.2614389578125 0.7476315453125 0.2590902703125 0.751457140625 0.254607978125 0.7506416734375 0.248805628125 0.7466851875 0.2444308765625 0.7398595015625 0.2434178453125
0 0.7415205593749999 0.20768264531249997 0.732510253125 0.20697664218749998 0.7277282609375 0.21257950781249998 0.7263591078125 0.2186888875 0.7290873734375001 0.2222500953125 0.7349566546874999 0.2243836984375 0.7424669171875 0.222342040625 0.746020690625 0.21592563281250002 0.7454770468749999 0.2120573984375 0.7415205593749999 0.20768264531249997
0 0.7251610046875 0.17053544375000002 0.7203790140625 0.176138309375 0.72119448125 0.18194065937499998 0.727335584375 0.18600838125000002 0.73703046875 0.18365969531249998 0.738943265625 0.18141855 0.7378559765625 0.17368208125 0.7317148687499999 0.1696143578125 0.7251610046875 0.17053544375000002
0 0.7199963781250001 0.1337872140625 0.7152143859375 0.13939007812499998 0.7163016765625 0.1471265453125 0.72244278125 0.1511942703125 0.7299530437499999 0.1491526125 0.7337786390625001 0.14467031875 0.7326913484375 0.1369338515625 0.7265502421875001 0.132866128125 0.7199963781250001 0.1337872140625
0 0.7527757265624999 0.113401821875 0.7479937328124999 0.1190046859375 0.7488092015625 0.12480703906249999 0.75495030625 0.12887475937499998 0.7646451890625 0.126526071875 0.7665579874999999 0.12428492656250001 0.7651988750000001 0.114614340625 0.761514209375 0.1121737078125 0.7527757265624999 0.113401821875
0 0.7850114296874999 0.0891481953125 0.782142234375 0.0925099109375 0.783229525 0.10024638125 0.7893706296875 0.104314103125 0.794696271875 0.1025794765625 0.7987936906249999 0.1000313015625 0.7974345765625 0.0903607125 0.7937499140625001 0.08792008125 0.7850114296874999 0.0891481953125
0 0.759853153125 0.1479089046875 0.7534301828125 0.15768702968749998 0.756430271875 0.1631823546875 0.7622995546875 0.1653159609375 0.7698098156250001 0.163274303125 0.773363590625 0.1568578921875 0.7728199453125 0.1529896609375 0.7688634578125 0.1486149078125 0.759853153125 0.1479089046875
0 0.7920888546875 0.12365527812499999 0.7870350390625 0.1273240234375 0.7883941515624999 0.13699460937500002 0.796719878125 0.1407553046875 0.7998608984375 0.139327703125 0.805871115625 0.13453838125 0.804512003125 0.124867796875 0.79864271875 0.1227341921875 0.7920888546875 0.12365527812499999
0 0.8202271421875 0.10194982187499999 0.817629765625 0.107245659375 0.820901678125 0.1146751015625 0.8245863390625001 0.11711573281250001 0.834281221875 0.11476704687499999 0.83810681875 0.1102847578125 0.8370195296875 0.1025482875 0.8286937984374999 0.0987875921875 0.8202271421875 0.10194982187499999
0 0.854919284375 0.07932328749999999 0.8520500890625 0.082685003125 0.8531373796875 0.0904214734375 0.859278484375 0.09448919375 0.866788746875 0.0924475390625 0.87061434375 0.087965246875 0.8695270531249999 0.080228775 0.861201325 0.076468084375 0.854919284375 0.07932328749999999
0 0.8600839109375 0.1160715140625 0.8572147156250001 0.1194332328125 0.85830200625 0.12716970156250001 0.8644431125 0.131237425 0.87413799375 0.1288887390625 0.8776917687499999 0.12247233125000001 0.8744198578125 0.1150428890625 0.8663659515625 0.1132163125 0.8600839109375 0.1160715140625
0 0.865379428125 0.16167678593749998 0.8715205375 0.1657445078125 0.8790307984375 0.16370285 0.8828563953125 0.1592205578125 0.8793126625 0.149857 0.8671613359375 0.15057859843750002 0.8642921390625 0.15394031875 0.865379428125 0.16167678593749998
0 0.8810644468750001 0.1860987125 0.8723259625 0.187326825 0.8678157921875 0.194863809375 0.8683594375 0.19873204375 0.87450054375 0.2027997671875 0.8791416078125 0.20411982499999998 0.8822826265625 0.2026922234375 0.886380046875 0.200144053125 0.8874773781249999 0.19210055312500002 0.8810644468750001 0.1860987125
0 0.8319456265625 0.13777696875 0.8249790140625001 0.1436868625 0.8260663046875001 0.1514233296875 0.829750965625 0.1538639640625 0.8416304703125 0.1512082484375 0.8435432687500001 0.148967103125 0.8424559781250001 0.141230634375 0.8387713124999999 0.13879 0.8319456265625 0.13777696875
0 0.8040791671875 0.1614165390625 0.7975253046875 0.1623376234375 0.7927433109375001 0.1679404859375 0.7932869546875 0.17180872187500001 0.797243440625 0.17618347343750002 0.8018845046875 0.177503534375 0.807210146875 0.1757689046875 0.8110357421875 0.1712866125 0.810220275 0.165484259375 0.8040791671875 0.1614165390625
0 0.83683843125 0.1725910796875 0.830143640625 0.18043508749999998 0.8309591078125 0.1862374421875 0.839284834375 0.1899981375 0.8424258546875001 0.1885705359375 0.848436071875 0.1837812140625 0.8473487828125 0.17604474375 0.8412076734375 0.17197702343750002 0.83683843125 0.1725910796875
0 0.8002334875000001 0.1974587625 0.7954514953125 0.203061628125 0.795995140625 0.2069298625 0.8024080671875 0.21293170468749997 0.8142875703125 0.21027598906249997 0.81620036875 0.20803484375 0.81484125625 0.198364253125 0.811156590625 0.1959236203125 0.8002334875000001 0.1974587625
0 0.7693870203125 0.184043078125 0.7628331578124999 0.1849641640625 0.7577793421875 0.1886329078125 0.7564101890625 0.1947422890625 0.7603666765625 0.199117040625 0.7650077375000001 0.2004371015625 0.7747026203125 0.19808841562499999 0.77661541875 0.19584726875 0.775528128125 0.188110796875 0.7693870203125 0.184043078125
0 0.7677259624999999 0.21977827187500001 0.7632157921875 0.2273152546875 0.7637594359375 0.2311834921875 0.7723569859375 0.2368783015625 0.777682625 0.2351436703125 0.7817800453125 0.2325954953125 0.7828773765625 0.224552 0.7789208890625 0.22017724843750003 0.7677259624999999 0.21977827187500001
0 0.77138050625 0.2695588078125 0.7797062343750001 0.27331950156249996 0.782847253125 0.2718919015625 0.786944671875 0.2693437265625 0.78777018125 0.2593661125 0.7772598312500001 0.255912446875 0.7702932171875 0.261822340625 0.77138050625 0.2695588078125
0 0.8097673562500001 0.23359293593750002 0.8028007421875 0.239502828125 0.80388803125 0.247239296875 0.8122137578125 0.2509999921875 0.8153547781249999 0.24957239062499997 0.8213649953125 0.24478306875000003 0.82027770625 0.2370466015625 0.8141365984375 0.2329788796875 0.8097673562500001 0.23359293593750002
0 0.8400902609375 0.21158045468750003 0.8353082671875001 0.21718331875 0.8361237359375 0.22298567187499999 0.842264840625 0.22705339375000003 0.8497751015624999 0.2250117328125 0.8536007 0.22052944531250002 0.852513409375 0.21279297343749998 0.8488287437500001 0.210352340625 0.8400902609375 0.21158045468750003
0 0.8430702671875 0.2486357125 0.8407447171875001 0.2558656640625 0.8434729796875 0.259426871875 0.8471576453124999 0.2618675046875 0.856852528125 0.25951881875 0.8587653265625 0.257277671875 0.8574062140625 0.2476070859375 0.851536928125 0.24547348125 0.8430702671875 0.2486357125
0 0.8127473625 0.27064819375 0.80796536875 0.27625105625 0.8087808359374999 0.282053409375 0.8151937640625 0.2880552515625 0.8227040265625 0.2860135921875 0.826529621875 0.28153130000000004 0.8251705109374999 0.271860715625 0.819301225 0.2697271078125 0.8127473625 0.27064819375
0 0.7783270390625 0.2952088484375 0.77545784375 0.298570565625 0.77681695625 0.30824115625 0.78050161875 0.3106817890625 0.7901965 0.308333103125 0.7940220984375 0.303850809375 0.7932066296875 0.2980484578125 0.787065521875 0.293980734375 0.7783270390625 0.2952088484375
0 0.7856762859375 0.33165005000000003 0.7808942937500001 0.3372529140625 0.7819815828125 0.34498938125 0.7856662453125 0.3474300171875 0.7975457484375 0.3447743015625 0.8013713453125 0.34029200937500004 0.8005558781250001 0.334489659375 0.79441476875 0.3304219359375 0.7856762859375 0.33165005000000003
0 0.7886562921875 0.3687053078125 0.785787096875 0.372067028125 0.787146209375 0.3817376125 0.793287315625 0.3858053375 0.8007975765625 0.383763678125 0.804894996875 0.381215503125 0.8057205046875 0.37123788593749996 0.799579396875 0.367170165625 0.7886562921875 0.3687053078125
0 0.83399971875 0.342609509375 0.8252612359375 0.3438376234375 0.820479240625 0.34944048906249997 0.8212947078124999 0.3552428390625 0.8252511953124999 0.359617590625 0.829892259375 0.3609376515625 0.8330332796875 0.35951005 0.839043496875 0.3547207296875 0.840140825 0.34667723437500003 0.83399971875 0.342609509375
0 0.8686918671875 0.319982971875 0.8577687609375 0.32151811406249997 0.852986765625 0.327120978125 0.8535304109374999 0.33098921406250004 0.859943340625 0.3369910515625 0.86458440625 0.3383111125 0.8677254265625001 0.3368835109375 0.8718228437500001 0.3343353375 0.8726483500000001 0.324357721875 0.8686918671875 0.319982971875
0 0.8919172640624999 0.29502334218750004 0.88686344375 0.2986920859375 0.8860379359375001 0.3086697046875 0.894363665625 0.3124303953125 0.89968930625 0.310695765625 0.905699521875 0.3059064484375 0.90461223125 0.298169978125 0.898471125 0.29410225625 0.8919172640624999 0.29502334218750004
0 0.8848398375000001 0.26051625624999997 0.8803296640625 0.2680532375 0.8833297531250001 0.2735485625 0.8870144171875 0.2759891953125 0.8967093 0.273640509375 0.9005348937500001 0.2691582171875 0.8994476046875001 0.26142175 0.8935783203125001 0.25928814375 0.8848398375000001 0.26051625624999997
0 0.84863760625 0.2961751 0.8545068921875 0.2983087078125 0.8620171546875 0.29626704843749996 0.86584275 0.29178475625 0.8650272828125001 0.285982403125 0.8545169328125001 0.282528740625 0.8475503171875 0.2884386296875 0.84863760625 0.2961751
0 0.8179119890625 0.307396421875 0.8131299953125 0.3129992875 0.8139454625000001 0.318801640625 0.8200865687500001 0.322869359375 0.8297814499999999 0.3205206734375 0.8336070484375 0.316038384375 0.8325197578125 0.30830191406249996 0.826650471875 0.30616830781250004 0.8179119890625 0.307396421875
0 0.8629333875 0.3582663421875 0.8581513921875 0.3638692046875 0.8589668609375 0.369671559375 0.8675644109375 0.375366371875 0.872890053125 0.3736317421875 0.8769874703125 0.371083565625 0.8778129765625 0.36110595 0.8716718718750001 0.357038228125 0.8629333875 0.3582663421875
0 0.89489726875 0.3320785984375 0.8903870953125 0.33961558125 0.8912025625 0.3454179296875 0.897343671875 0.349485653125 0.907038553125 0.3471369671875 0.910864146875 0.342654675 0.9097768578125001 0.33491820625 0.9036357515625 0.33085048437500003 0.89489726875 0.3320785984375
0 0.8884136937499999 0.2225399140625 0.877490590625 0.22407505625000002 0.8748932140625 0.2293708921875 0.8757086812500001 0.2351732421875 0.881849790625 0.2392409671875 0.88649085625 0.2405610265625 0.8896318750000001 0.23913342499999998 0.8956420890624999 0.23434410468750003 0.8945548000000001 0.2266076375 0.8884136937499999 0.2225399140625
0 0.6350888078125 0.5441287296875 0.628394015625 0.551972740625 0.6292094828125 0.5577750906250001 0.637535209375 0.5615357859375 0.640676228125 0.560108184375 0.6438172484375 0.5586805828125 0.648327421875 0.5511436 0.6394580484375 0.5435146734375 0.6350888078125 0.5441287296875
0 0.670576340625 0.5588644765625 0.6677071421874999 0.562226196875 0.6687944328125 0.5699626640625 0.6749355375 0.5740303875 0.6846304203125 0.5716817 0.68654321875 0.5694405546875 0.684912284375 0.5578358531250001 0.679043 0.5557022453125 0.670576340625 0.5588644765625
0 0.6072223453125 0.5677683 0.6006684859375 0.568689384375 0.59370186875 0.5745992765625 0.594789159375 0.582335746875 0.597517425 0.5858969546874999 0.6033867109375 0.588030559375 0.6108969703125 0.5859889015624999 0.6166353640625 0.5792654625 0.6155480734375 0.5715289921875 0.6072223453125 0.5677683
0 0.6212563453125 0.6121454578125001 0.6182562578125 0.6066501343749999 0.6102023515624999 0.6048235562500001 0.6039203140625 0.6076787593749999 0.59913831875 0.613281625 0.5999537859374999 0.619083978125 0.6039102734374999 0.6234587265625 0.6085513375 0.6247787875 0.6138769749999999 0.6230441578125 0.6198871921875 0.6182548359375 0.6212563453125 0.6121454578125001
0 0.6383406390624999 0.5831181062499999 0.6341022859375001 0.592589203125 0.638058775 0.5969639546875001 0.6426998359375 0.5982840125 0.6480254765625 0.5965493859375 0.6521228953125 0.5940012125 0.65349205 0.5878918296875 0.64707911875 0.5818899921875 0.6383406390624999 0.5831181062499999
0 0.6776537625 0.593371559375 0.67287176875 0.598974425 0.676415503125 0.6083379843750001 0.6801001640625 0.610778615625 0.6919796687499999 0.6081229 0.69553344375 0.6017064921874999 0.6925333546875 0.59621116875 0.6842076265625 0.5924504734375 0.6776537625 0.593371559375
0 0.7104331125 0.57298616875 0.7061947625 0.582457265625 0.7089230296875 0.5860184734375 0.7150641328125 0.59008619375 0.7225743953125 0.5880445359375 0.728312790625 0.5813211 0.7250408796875 0.5738916578125 0.721356215625 0.5714510265625 0.7104331125 0.57298616875
0 0.7403432640625 0.5559624921874999 0.7436151718749999 0.563391934375 0.756722896875 0.5615497640625 0.76054849375 0.557067471875 0.7594612046875 0.5493310046875 0.7557765390625 0.5468903703125 0.744853434375 0.5484255124999999 0.7403432640625 0.5559624921874999
0 0.7047248390624999 0.5323697046875 0.699942846875 0.53797256875 0.7037584015625 0.54927024375 0.709627684375 0.5514038484375 0.714953325 0.54966921875 0.722876340625 0.5426387515625 0.7220608734375 0.5368364031249999 0.7131915 0.5292074734375001 0.7047248390624999 0.5323697046875
0 0.7751763390625 0.5264130312499999 0.7723071453125 0.52977475 0.7758508734375 0.5391383078125 0.7795355390625 0.541578940625 0.7892304218749999 0.5392302546875001 0.7927841953125 0.53281384375 0.7897841078125001 0.5273185234375 0.7814583796875 0.523557828125 0.7751763390625 0.5264130312499999
0 0.7804718562499999 0.5720183015625 0.7844283437499999 0.5763930546875 0.79849246875 0.5734303109375001 0.7993179734375 0.5634526921874999 0.79317686875 0.5593849734375 0.784438384375 0.5606130874999999 0.7796563875 0.5662159484375 0.7804718562499999 0.5720183015625
0 0.747833440625 0.58548076875 0.7452360687499999 0.5907766046875 0.7463233578125 0.5985130765625 0.7500080203125 0.60095370625 0.7618875234375 0.5982979921875 0.763800321875 0.5960568484375 0.762441209375 0.5863862609375 0.75875654375 0.5839456265625 0.747833440625 0.58548076875
0 0.711359390625 0.619205496875 0.7202287593750001 0.626834425 0.7277390234375 0.624792765625 0.73156461875 0.6203104734375 0.730477328125 0.6125740046875 0.7265208421875 0.6081992546875 0.7177823578125 0.60942736875 0.711359390625 0.619205496875
0 0.6476026796875 0.617318159375 0.63872326875 0.625469196875 0.6398105578125 0.633205665625 0.6481362859375001 0.6369663609375 0.653461925 0.63523173125 0.65947214375 0.630442409375 0.6583848531250001 0.6227059421875001 0.651971921875 0.616704103125 0.6476026796875 0.617318159375
0 0.6178234218750001 0.6431988750000001 0.6090849406250001 0.6444269890625 0.6045747671874999 0.65196396875 0.6051184125 0.6558322046875 0.6112595203125 0.659899928125 0.61590058125 0.6612199890625 0.6190416015625 0.6597923875 0.6231390218749999 0.6572442125 0.6242363515625 0.6492007140625 0.6178234218750001 0.6431988750000001
0 0.6164341890625 0.680868190625 0.61165219375 0.6864710546875 0.6127394828125 0.694207525 0.6210652078125001 0.697968215625 0.62639085 0.6962335859375 0.63048826875 0.693685415625 0.6313137765625 0.6837077984375 0.6251726703125 0.679640078125 0.6164341890625 0.680868190625
0 0.6463443390625 0.6638445140625 0.649888071875 0.673208075 0.6629957937500001 0.6713659046875 0.6668213921875 0.6668836125000001 0.6660059234375 0.6610812578124999 0.657408371875 0.6553864484374999 0.6489417140625 0.65854868125 0.6463443390625 0.6638445140625
0 0.683362034375 0.6339880250000001 0.680492840625 0.63734974375 0.6818519515625 0.6470203296875 0.6855366140625 0.6494609625 0.6974161171875 0.6468052484375 0.7009698921874999 0.6403888375 0.6979698046875 0.6348935171875 0.6942851390625 0.6324528828125 0.683362034375 0.6339880250000001
0 0.720762365625 0.6464826265625 0.7178931703125 0.6498443453125 0.718980459375 0.6575808140625 0.7251215640625001 0.6616485359375 0.7348164484375 0.65929985 0.7367292453125 0.6570587031249999 0.7353701328125 0.64738811875 0.7270444046875 0.6436274234375 0.720762365625 0.6464826265625
0 0.7554545109374999 0.6238560875 0.7509443390625 0.6313930671875 0.753944425 0.6368883921874999 0.757629090625 0.6393290265625 0.7673239734374999 0.6369803390625 0.7711495703125 0.6324980484375 0.7678776593750001 0.625068609375 0.7641929937499999 0.6226279734375 0.7554545109374999 0.6238560875
0 0.7896030109375001 0.5973613140625 0.7848210156250001 0.6029641796874999 0.7859083046875 0.610700646875 0.7920494140625001 0.6147683703125 0.7973750546875 0.6130337406249999 0.8014724734374999 0.610485565625 0.8022979828125001 0.6005079515625 0.796156875 0.5964402296875 0.7896030109375001 0.5973613140625
0 0.8221105375000001 0.575041803125 0.817328540625 0.58064466875 0.81841583125 0.5883811390625 0.822100496875 0.5908217703124999 0.83398 0.5881660546874999 0.8358927984375001 0.5859249125 0.8348055078125001 0.578188440625 0.8286644000000001 0.5741207171875 0.8221105375000001 0.575041803125
0 0.814761290625 0.538600603125 0.8121639140625 0.5438964375 0.8129793812500001 0.5496987921875001 0.819120490625 0.5537665140625 0.8288153734374999 0.5514178265624999 0.832640965625 0.5469355359375 0.8318254984375001 0.5411331828125 0.8256843937499999 0.5370654609375001 0.814761290625 0.538600603125
0 0.8637893796875 0.5149454390625 0.8579200968749999 0.512811834375 0.8491816140624999 0.5140399484375 0.8449432609375 0.5235110453125 0.85135619375 0.5295128859375 0.8559972578125 0.530832946875 0.8591382765625 0.5294053453124999 0.8670612906249999 0.522374878125 0.8665176453125 0.5185066468749999 0.8637893796875 0.5149454390625
0 0.8565308609375 0.55048115 0.8517488640625 0.5560840109375 0.8531079765625 0.5657546015625 0.8589772625000001 0.567888203125 0.864302903125 0.5661535765625 0.8703131187500001 0.5613642546875 0.869225828125 0.5536277843749999 0.8630847234375001 0.5495600656249999 0.8565308609375 0.55048115
0 0.8868537640625 0.5284686671875 0.8842563906249999 0.5337645015625 0.8850718578125001 0.5395668546875 0.8912129656250001 0.5436345765625 0.9009078484374999 0.541285890625 0.9047334421875 0.5368036 0.9011897093749999 0.5274400421875 0.8953204265625001 0.5253064359375 0.8868537640625 0.5284686671875
0 0.9286233375 0.5403492140624999 0.923841340625 0.545952075 0.92492863125 0.5536885453125 0.9310697390625 0.5577562656249999 0.94076461875 0.5554075828125 0.9443183921875 0.5489911734375 0.9410464828125 0.5415617296875 0.9373618171875 0.5391211 0.9286233375 0.5403492140624999
0 0.8924211046874999 0.5760080578125 0.8985622125000001 0.5800757765625 0.906072475 0.57803411875 0.910169890625 0.575485946875 0.9088107781250001 0.5658153593749999 0.8983004328125 0.5623616921875 0.8913338140624999 0.5682715859374999 0.8924211046874999 0.5760080578125
0 0.8682493499999999 0.5863082921875 0.863880109375 0.5869223484375 0.8571853140625001 0.594766359375 0.857728959375 0.5986345953125001 0.861685446875 0.6030093453125 0.8663265109375 0.6043294046875001 0.8716521515625001 0.602594775 0.8776623656250001 0.5978054546875 0.8765750765625 0.5900689859375 0.8682493499999999 0.5863082921875
0 0.8275469875000001 0.61372415 0.8230368125 0.62126113125 0.8260369015625001 0.62675645625 0.8297215671875 0.6291970890624999 0.8394164484375001 0.626848403125 0.84297021875 0.6204319921875 0.8399701359374999 0.614936671875 0.8362854703125 0.6124960374999999 0.8275469875000001 0.61372415
0 0.792854840625 0.6363506890624999 0.7902574640625 0.6416465234375 0.79107293125 0.6474488765624999 0.797214040625 0.6515166 0.8069089234375 0.6491679125 0.8104626953125 0.6427515046875001 0.807462609375 0.6372561812499999 0.79913688125 0.6334954859375 0.792854840625 0.6363506890624999
0 0.762803759375 0.6602972890625 0.7577499390625 0.663966034375 0.7566526109375 0.6720095328125 0.7630655390625 0.6780113703125 0.7705758 0.6759697124999999 0.7746732203125 0.6734215421874999 0.7754987296875 0.6634439249999999 0.7693576203125 0.6593762046875 0.762803759375 0.6602972890625
0 0.724416909375 0.6962631609375001 0.7305580140625 0.7003308828125 0.7380682765625 0.6982892234375 0.741893871875 0.693806934375 0.7408065828125 0.6860704640625 0.7302962328125 0.682616796875 0.72332961875 0.688526690625 0.724416909375 0.6962631609375001
0 0.6885266609375 0.6707362546875 0.6834728453125 0.6744049984375 0.6848319578125001 0.6840755890625 0.6885166234375 0.68651621875 0.7003961234375 0.68386050625 0.702308921875 0.6816193609375001 0.7009498093750001 0.671948771875 0.6972651437499999 0.669508140625 0.6885266609375 0.6707362546875
0 0.6159913109375 0.7331968984375 0.6221324187499999 0.7372646203125 0.6318272984375 0.734915934375 0.63510925 0.72656540625 0.6321091625 0.721070084375 0.6237834328125 0.717309390625 0.6149040218749999 0.7254604312499999 0.6159913109375 0.7331968984375
0 0.6560191359374999 0.6930557625 0.6490525218750001 0.69896565625 0.6504116343749999 0.708636240625 0.659009184375 0.714331053125 0.6643348234374999 0.712596425 0.6703450421875 0.7078071031250001 0.6687141078125001 0.6962024 0.6625729984375 0.6921346765624999 0.6560191359374999 0.6930557625
0 0.6270352640625 0.7562987671875 0.6203404703125 0.764142775 0.62361238125 0.7715722171875 0.6272970453125 0.7740128515625 0.639176546875 0.7713571359375 0.6427303203125 0.7649407265625 0.639458409375 0.757511284375 0.6335891250000001 0.7553776812499999 0.6270352640625 0.7562987671875
0 0.659542790625 0.7339792546874999 0.65476079375 0.73958211875 0.6555762609375 0.745384471875 0.6641738109374999 0.751079284375 0.6673148296875 0.7496516828125 0.675237846875 0.742621215625 0.6741505562500001 0.7348847484375 0.670465890625 0.7324441140625 0.659542790625 0.7339792546874999
0 0.6915066703125 0.7077915109374999 0.6889092953125 0.713087346875 0.689996584375 0.7208238140625001 0.696137690625 0.7248915390625 0.7036479515625 0.7228498796875 0.709114525 0.7141923265625 0.7061144359375 0.7086970015625 0.7024297703125 0.70625636875 0.6915066703125 0.7077915109374999
0 0.7610017703125 0.702955409375 0.7648173234375 0.7142530859375 0.7779250484375 0.712410915625 0.7817506453124999 0.707928621875 0.78066335625 0.7001921546875 0.7723376265625 0.6964314609375 0.7657837640625 0.6973525453125 0.7610017703125 0.702955409375
0 0.731363440625 0.7219132015625 0.7265814484375 0.7275160671875 0.7276687374999999 0.735252534375 0.73380984375 0.7393202578125 0.745689346875 0.7366645421875 0.7492431203125001 0.730248134375 0.745971209375 0.7228186937500001 0.7422865453124999 0.720378059375 0.731363440625 0.7219132015625
0 0.698855915625 0.7442327109375 0.694073921875 0.7498355734375 0.6951612109374999 0.7575720453125 0.7013023171875 0.7616397687500001 0.7109972 0.7592910828125 0.7145509734375 0.752874671875 0.7112790640625 0.7454452328125 0.7075943984374999 0.7430045984375 0.698855915625 0.7442327109375
0 0.66319733125 0.783759790625 0.6693384375 0.7878275125 0.6768486984375001 0.7857858531249999 0.6806742953125 0.7813035640625 0.67958700625 0.77356709375 0.6690766546875 0.7701134265625 0.6621100421875 0.7760233203125 0.66319733125 0.783759790625
0 0.6302870921875 0.7952881406250001 0.6257769203125 0.8028251234375 0.6287770078125 0.8083204437499999 0.632461671875 0.8107610781249999 0.6443411734375 0.8081053640625001 0.6462539703125 0.8058642171875 0.644894859375 0.79619363125 0.6365691296875 0.7924329375 0.6302870921875 0.7952881406250001
0 0.633941634375 0.8450686749999999 0.6400827421875 0.8491363984375001 0.6497776234375 0.8467877125 0.653331396875 0.8403713015625 0.6525159281249999 0.8345689484375001 0.6420055796875 0.8311152843749999 0.6331261671874999 0.8392663203125 0.633941634375 0.8450686749999999
0 0.6396499062500001 0.8856851359375 0.6433345703125 0.888125771875 0.6530294515625 0.8857770859375 0.656583225 0.8793606781250001 0.6560395796875 0.8754924421875 0.6452574078125 0.870104659375 0.63829079375 0.8760145515625 0.6396499062500001 0.8856851359375
0 0.6485092390625 0.909094034375 0.64372724375 0.914696896875 0.644814534375 0.9224333671875 0.650955640625 0.926501090625 0.6565531015625 0.9267005796875001 0.6644761171875 0.9196701125000001 0.6633888265625 0.9119336406249999 0.6572477203125 0.9078659203124999 0.6485092390625 0.909094034375
0 0.6807449421875 0.88484040625 0.675962946875 0.8904432718749999 0.6767784125 0.8962456218750001 0.6853759625 0.901940434375 0.6907016031250001 0.9002058046875 0.694799021875 0.8976576296875001 0.69562453125 0.8876800171875001 0.689483421875 0.88361229375 0.6807449421875 0.88484040625
0 0.714893440625 0.8583456328124999 0.71038326875 0.8658826156250001 0.7111987375 0.87168496875 0.717611665625 0.8776868062500001 0.727306546875 0.8753381203125 0.73113214375 0.8708558265624999 0.7300448546875 0.863119359375 0.7214473031249999 0.857424546875 0.714893440625 0.8583456328124999
0 0.67530849375 0.8461580578125 0.670526496875 0.851760925 0.6710701421875 0.8556291593750001 0.6774830734374999 0.861631 0.6893625734375 0.8589752859375 0.691275371875 0.8567341390625 0.689916259375 0.84706355 0.6837751515625 0.84299583125 0.67530849375 0.8461580578125
0 0.666449159375 0.8227491640625001 0.670133825 0.8251897984375001 0.682013325 0.8225340828125001 0.6858389218750001 0.8180517921874999 0.6847516328125 0.8103153234375 0.6742412812499999 0.8068616578125001 0.6653618703124999 0.815012696875 0.666449159375 0.8227491640625001
0 0.7154872906249999 0.7833140328125 0.7064769859375 0.7826080296875 0.7016949921875 0.78821089375 0.7005976609375 0.7962543906249999 0.7067387671875001 0.8003221140625 0.71137983125 0.8016421749999999 0.71452085 0.8002145734375 0.72053106875 0.7954252515625 0.719443778125 0.787688784375 0.7154872906249999 0.7833140328125
0 0.711913434375 0.8212903765625 0.70685961875 0.824959125 0.7057622875 0.8330026203124999 0.714631659375 0.8406315484375 0.7199573 0.8388969218750001 0.7259675171875 0.8341076 0.7273366718750001 0.82799821875 0.718467296875 0.820369290625 0.711913434375 0.8212903765625
0 0.7441491375 0.7970367484375 0.7393671453125 0.8026396140625 0.7404544343749999 0.8103760812499999 0.7487801593750001 0.8141367765625 0.7541058015625001 0.812402146875 0.7598441953124999 0.8056787078125 0.756572284375 0.79824926875 0.752887621875 0.7958086343749999 0.7441491375 0.7970367484375
0 0.7387126875 0.758354403125 0.73420251875 0.7658913828125 0.7350179859375 0.7716937374999999 0.7411590890624999 0.7757614562499999 0.7530385921875 0.7731057421875 0.7549513921875 0.7708645984375 0.7535922796875 0.7611940109375 0.747451171875 0.757126290625 0.7387126875 0.758354403125
0 0.766981865625 0.745505990625 0.77339479375 0.7515078328125 0.7830896765625 0.7491591453125 0.7869152734375 0.744676853125 0.7858279828125 0.7369403812499999 0.77531763125 0.73348671875 0.768351015625 0.739396609375 0.766981865625 0.745505990625
0 0.8056405375000001 0.7114742359374999 0.8008585406250001 0.7170771031250001 0.8014021843749999 0.720945334375 0.8078151171875 0.7269471750000001 0.8196946203125 0.7242914593750001 0.8216074156250001 0.7220503140625001 0.8202483031250001 0.7123797296875 0.816563640625 0.70993909375 0.8056405375000001 0.7114742359374999
0 0.79650938125 0.686131225 0.802650490625 0.6901989453125 0.8101607515625 0.6881572859375 0.815627321875 0.6794997328125 0.8126272359375 0.674004409375 0.8067579515625001 0.671870803125 0.79610666875 0.6753400640625 0.79650938125 0.686131225
0 0.8411782750000001 0.64731015 0.8368090328125 0.6479242078125 0.8301142390624999 0.655768215625 0.8306578828125 0.65963645 0.834614371875 0.6640112031250001 0.8392554343749999 0.665331259375 0.8423964546875 0.6639036625 0.84840666875 0.659114340625 0.847319378125 0.6513778703125 0.8411782750000001 0.64731015
0 0.8668601140625001 0.62397760625 0.8639909171875001 0.6273393265625 0.8656218515624999 0.6389440296875 0.8714911375 0.641077634375 0.8790013984374999 0.6390359765625 0.88282699375 0.6345536843749999 0.8817397031249999 0.6268172171875 0.8734139765625001 0.6230565218749999 0.8668601140625001 0.62397760625
0 0.8993676390625 0.6016580968749999 0.8951292890625 0.61112919375 0.8978575531249999 0.6146904015625 0.9015422187500001 0.6171310359375 0.9112371015624999 0.6147823484375 0.9150626953125001 0.6103000562500001 0.914247228125 0.6044977078125 0.9081061234375 0.6004299828125 0.8993676390625 0.6016580968749999
0 0.9340597859375 0.5790315578125 0.9295496125 0.5865685421875 0.9328215234374999 0.59399798125 0.9408754296874999 0.5958245578125 0.94401645 0.59439695625 0.949754840625 0.5876735171874999 0.9489393734375 0.5818711671875 0.9449828874999999 0.5774964171875 0.9340597859375 0.5790315578125
0 0.9367679703125 0.6141526984375 0.9341705953125 0.6194485359375 0.9352578843750001 0.6271850031249999 0.94139899375 0.6312527265625001 0.9510938718749999 0.6289040390625 0.9571040890625 0.6241147203125 0.956288621875 0.618312365625 0.9476910703125 0.61261755625 0.9367679703125 0.6141526984375
0 0.9484864578125001 0.649979840625 0.943432640625 0.6536485875 0.9426071328125 0.66362620625 0.9487482390625 0.667693925 0.9562584984375 0.6656522671875 0.9603559171875 0.6631040968749999 0.9589968046875 0.6534335078125 0.9528556968749999 0.649365784375 0.9484864578125001 0.649979840625
0 0.9067168875 0.6380992984375 0.901934890625 0.6437021609375 0.903294003125 0.6533727500000001 0.9091632890625 0.6555063515625 0.9166735515625 0.653464696875 0.9204991453125 0.6489824046875 0.9194118546875 0.6412459328125 0.9132707515625 0.6371782140625 0.9067168875 0.6380992984375
0 0.8701119421874999 0.6629669796875 0.8675145671875001 0.6682628171875 0.8707864781250001 0.675692259375 0.8744711437499999 0.6781328906249999 0.88635064375 0.6754771749999999 0.8899044187499999 0.66906076875 0.8869043296875001 0.6635654453125001 0.8807632234374999 0.6594977203125 0.8701119421874999 0.6629669796875
0 0.8400608609375 0.68691358125 0.8358225109375 0.69638468125 0.8388225984375 0.701880003125 0.8425072625000001 0.7043206359374999 0.852202146875 0.70197195 0.8557559156250001 0.695555540625 0.8524840046875 0.6881261000000001 0.8487993453125 0.6856854671875 0.8400608609375 0.68691358125
0 0.8452254874999999 0.723661809375 0.8409871375 0.733132909375 0.843987225 0.7386282328125 0.8476718890624999 0.7410688671875 0.8573667734375 0.7387201796875 0.8611923656249999 0.7342378875 0.8601050750000001 0.7265014171875 0.853963971875 0.7224336953125 0.8452254874999999 0.723661809375
0 0.8108051640625 0.7482224671875 0.8060231671875 0.7538253296875 0.8071104578125 0.7615618015625001 0.8107951218749999 0.76400243125 0.8226746265625 0.76134671875 0.8262283968749999 0.7549303093749999 0.8256847531249999 0.751062075 0.8195436468749999 0.7469943531250001 0.8108051640625 0.7482224671875
0 0.776384840625 0.772783121875 0.7735156421875 0.776144840625 0.7748747546875 0.785815425 0.7785594203125 0.788256059375 0.7882543015625 0.785907371875 0.7920799 0.7814250828125 0.7912644328125 0.7756227296875 0.7851233234375 0.7715550078125 0.776384840625 0.772783121875
0 0.779908490625 0.813706615625 0.7773111187499999 0.819002446875 0.7805830265625 0.8264318906250001 0.7864523125 0.828565496875 0.7961471953125 0.8262168093750001 0.7997009671875001 0.8198003999999999 0.7964290593750001 0.8123709609375 0.7927443937499999 0.8099303250000001 0.779908490625 0.813706615625
0 0.747400965625 0.836026121875 0.74480359375 0.841321959375 0.7456190609375 0.8471243109375 0.751760165625 0.8511920359375 0.76145505 0.8488433484375 0.763367846875 0.846602203125 0.7620087343749999 0.8369316124999999 0.7558676265625001 0.8328638937499999 0.747400965625 0.836026121875
0 0.7550220359375001 0.8744014421875 0.7502400437500001 0.88000430625 0.7513273328125 0.8877407749999999 0.7574684375 0.891808496875 0.767163321875 0.8894598109375 0.7709889171875 0.8849775187500001 0.7696298046875001 0.8753069328124999 0.7659451390625 0.8728662999999999 0.7550220359375001 0.8744014421875
0 0.7227863328125 0.8986550687499999 0.7177325171875 0.9023238171875001 0.7163633640625 0.9084331953125 0.7252327359375 0.9160621265625 0.7308301984375001 0.9162616140625 0.7387532140624999 0.909231146875 0.7376659250000001 0.9014946765625 0.731524815625 0.8974269546875 0.7227863328125 0.8986550687499999
0 0.8073019578125 0.889735653125 0.8036172921875 0.88729501875 0.7907813906250001 0.8910713078124999 0.7884558390625 0.898301259375 0.791184103125 0.9018624656249999 0.7973252125 0.9059301890624999 0.8048354734375 0.90388853125 0.80797649375 0.9024609281249999 0.8105738656250001 0.8971650921875 0.8073019578125 0.889735653125
0 0.7913551562500001 0.8475996390624999 0.7846603640625001 0.85544365 0.78547583125 0.861246003125 0.7916169390625 0.865313725 0.8013118218749999 0.8629650359375001 0.8051374171875001 0.8584827484374999 0.8040501265625 0.8507462765625 0.7979090203125 0.8466785531250001 0.7913551562500001 0.8475996390624999
0 0.8235908609375 0.8233460140625001 0.8188088640625001 0.828948875 0.8198961546874999 0.836685346875 0.8260372640625 0.8407530703124999 0.8357321453125 0.8384043828125 0.8392859171874999 0.8319879734375 0.8360140062499999 0.8245585312499999 0.83232934375 0.8221179 0.8235908609375 0.8233460140625001
0 0.8560983859375 0.801026503125 0.851316390625 0.806629365625 0.8524036796875001 0.8143658359374999 0.860729409375 0.8181265312500001 0.8660550499999999 0.8163919015625 0.8701524656249999 0.8138437265625 0.8685215312500001 0.8022390250000001 0.8648368703125 0.7997983890625 0.8560983859375 0.801026503125
0 0.8249800953124999 0.7856766984375 0.8206108546875001 0.7862907546875 0.8136442374999999 0.7922006500000001 0.812275084375 0.7983100265624999 0.8150033499999999 0.801871234375 0.8208726359374999 0.8040048390625 0.8283828968750001 0.80196318125 0.8324803140625001 0.7994150078125 0.8311212015624999 0.7897444218749999 0.8249800953124999 0.7856766984375
0 0.8506619359375 0.76234415625 0.8458799406249999 0.7679470203125 0.8466954093749999 0.7737493734374999 0.8528365156250001 0.7778170953125 0.8625314 0.77546840625 0.86444419375 0.7732272609375 0.86308508125 0.7635566765624999 0.8594004203125 0.7611160421875 0.8506619359375 0.76234415625
0 0.8894515015625 0.7371694453125001 0.882897640625 0.7380905296875 0.8783874656249999 0.7456275109375 0.8789311109375 0.7494957453125 0.8828875984375 0.75387049375 0.8875286625 0.7551905546875 0.89066968125 0.7537629531250001 0.89886451875 0.7486666078125 0.8977772281249999 0.7409301375 0.8894515015625 0.7371694453125001
0 0.9173179640625 0.7135298734375 0.9128077890625 0.721066853125 0.915807878125 0.726562178125 0.91949254375 0.7290028109375 0.9291874218749999 0.726654125 0.9332848421875 0.7241059515625 0.9319257296875 0.714435365625 0.9282410640625001 0.71199473125 0.9173179640625 0.7135298734375
0 0.8777330140625 0.7013423000000001 0.8751356375 0.7066381374999999 0.8759511046874999 0.7124404875 0.8820922140624999 0.7165082093749999 0.89178709375 0.7141595234375 0.895612690625 0.7096772312499999 0.8947972234374999 0.70387488125 0.8886561140625 0.6998071578125 0.8777330140625 0.7013423000000001
0 0.909968715625 0.677088671875 0.9070995171874999 0.680450390625 0.9084586296875001 0.6901209765625 0.9121432953124999 0.6925616109375 0.921838178125 0.690212925 0.9256637718749999 0.68573063125 0.9245764812499999 0.6779941640625 0.920891815625 0.6755535312500001 0.909968715625 0.677088671875
0 0.9517382859374999 0.6889692171874999 0.945315315625 0.69874734375 0.9483154046875001 0.70424266875 0.95200006875 0.7066833015625 0.96387956875 0.7040275874999999 0.9657923671875001 0.7017864406250001 0.9644332546875001 0.6921158562499999 0.956107528125 0.6883551609375 0.9517382859374999 0.6889692171874999
0 0.9530773171875 0.7301997359375 0.9504799421874999 0.7354955734375 0.95348003125 0.7409908984375 0.961805759375 0.7447515890624999 0.967131396875 0.7430169609374999 0.9731416140625001 0.7382276437499999 0.972054325 0.730491171875 0.9659132171874999 0.7264234515625 0.9530773171875 0.7301997359375
0 0.9205697921875 0.7525192484375001 0.9182442390625001 0.7597492015625 0.9212443265625 0.7652445234374999 0.9271136140625 0.7673781296875 0.934623871875 0.7653364703125 0.9406340906249999 0.760547153125 0.9395467999999999 0.7528106828125 0.9312210703125 0.7490499875000001 0.9205697921875 0.7525192484375001
0 0.8905187109374999 0.7764658468750001 0.8857367140625 0.7820687125 0.886824003125 0.78980518125 0.8929651125 0.793872903125 0.9004753734375001 0.79183124375 0.9045727906250001 0.7892830703125 0.9053983000000001 0.7793054578125 0.899257190625 0.7752377328125 0.8905187109374999 0.7764658468750001
0 0.8271145109375 0.8642695046875 0.8223325156250001 0.8698723703125 0.8234198046874999 0.8776088390625001 0.8295609140625 0.8816765609375 0.8392557953124999 0.8793278734375001 0.843081390625 0.8748455828124999 0.841722278125 0.865174996875 0.838037615625 0.8627343625 0.8271145109375 0.8642695046875
0 0.861534834375 0.8397088484375 0.8586656390625 0.8430705671875 0.8575683078124999 0.8511140671874999 0.8661658578125 0.8568088765624999 0.8736761203125001 0.85476721875 0.8775017125 0.8502849250000001 0.8764144234375 0.8425484578125 0.87027331875 0.8384807359374999 0.861534834375 0.8397088484375
0 0.89786795625 0.8129070484375 0.890901340625 0.8188169390625 0.8919886312499999 0.826553409375 0.8981297390625 0.8306211328125 0.9100092390625001 0.8279654187500001 0.9119220390624999 0.8257242734375 0.910562925 0.8160536828125 0.9068782609375001 0.8136130500000001 0.89786795625 0.8129070484375
0 0.93665751875 0.7877323359374999 0.9301036609375 0.7886534203125 0.9250498421875 0.7923221687499999 0.9242243328124999 0.8022997828125 0.9303654421875001 0.8063675046875 0.93500650625 0.807687565625 0.938147525 0.806259965625 0.9460705390624999 0.7992294984375 0.9449832499999999 0.79149303125 0.93665751875 0.7877323359374999
0 0.9667086046875 0.7637857359375 0.9597419890625 0.769695628125 0.958372834375 0.7758050078125 0.9672422078125 0.7834339375 0.9747524671875001 0.7813922796874999 0.9788498859375 0.77884410625 0.9799472171874999 0.770800609375 0.9735342875 0.76479876875 0.9667086046875 0.7637857359375
0 0.9654502609375 0.8103120921875 0.9689939921875 0.8196756515624999 0.9821017140625001 0.8178334828124999 0.9853836671874999 0.8094829546875 0.9826554 0.805921746875 0.9789707359375001 0.8034811124999999 0.9702322546875 0.8047092265625 0.9654502609375 0.8103120921875
0 0.9313017578125 0.836806865625 0.9401711328125 0.84443579375 0.9454967703125 0.8427011625 0.9495941890624999 0.8401529890624999 0.9504196984375 0.8301753749999999 0.9442785890625001 0.8261076515625 0.935540109375 0.8273357656250001 0.9313017578125 0.836806865625
0 0.9123147093749999 0.8522953984375 0.901391609375 0.8538305390625001 0.8968814343749999 0.8613675234375 0.8974250796875 0.8652357546875 0.9035661890625001 0.8693034781250001 0.9082072515625 0.8706235390625 0.9113482718749999 0.8691959375 0.9173584874999999 0.8644066171875 0.915999375 0.8547360312500001 0.9123147093749999 0.8522953984375
0 0.8754379453125001 0.8752289640625 0.871068703125 0.875843021875 0.8641020875000001 0.881752915625 0.8627329343750001 0.8878622937499999 0.8691458640624999 0.893864134375 0.8737869281249999 0.8951841953124999 0.8791125703124999 0.893449565625 0.8832099843749999 0.890901390625 0.8840354937500001 0.880923775 0.8754379453125001 0.8752289640625
0 0.940976559375 0.8660181124999999 0.9361945625000001 0.8716209796875001 0.9372818515624999 0.8793574468750001 0.9456075828125 0.8831181406249999 0.9487486015625001 0.8816905390625 0.9547588171875001 0.8769012203125 0.9533997046874999 0.867230634375 0.9475304171875001 0.865097028125 0.940976559375 0.8660181124999999
0 0.9773096812500001 0.8392163109374999 0.9703430640624999 0.8451262046875 0.9689739109375 0.8512355859375 0.977843284375 0.8588645125 0.9875381640625 0.8565158265624999 0.9913637609375 0.8520335343750001 0.9902764703125 0.8442970656250001 0.9816789203124999 0.8386022546874999 0.9773096812500001 0.8392163109374999