1 0.1390842 0.07128906406249999 0.12349717812500001 0.0546875015625 0.11390516718749999 0.0507812484375 0.0971191390625 0.0507812484375 0.08752712812499999 0.0546875015625 0.07913411718749999 0.0654296875 0.07913411718749999 0.08300781406249999 0.0815321171875 0.09277343906249999 0.089925128125 0.10156249843750001 0.1103081609375 0.10449218593750001 0.12349717812500001 0.10156249843750001 0.1318901890625 0.09472656093750001 0.1390842 0.0810546875 0.1390842 0.07128906406249999
1 0.2002332890625 0.056640625 0.190641278125 0.052734375 0.17145725 0.052734375 0.153472221875 0.06347656093750001 0.1486762171875 0.07910156093750001 0.155870228125 0.0966796875 0.1642632390625 0.103515625 0.1846462671875 0.10449218593750001 0.1978352890625 0.10156249843750001 0.20622829999999998 0.09472656093750001 0.21342231093750003 0.07324218593750001 0.2002332890625 0.056640625
1 0.2877604171875 0.06738281406249999 0.2673773890625 0.052734375 0.23860134375 0.0546875015625 0.227810328125 0.06347656093750001 0.22301432187499998 0.07324218593750001 0.23020833281250003 0.09863281406249999 0.24099935 0.10546875156249999 0.2541883671875 0.1064453125 0.2745714 0.103515625 0.2841634109375 0.099609375 0.2877604171875 0.09277343906249999 0.2877604171875 0.06738281406249999
1 0.362098521875 0.0654296875 0.34171549375 0.052734375 0.3177354609375 0.052734375 0.29975043281249997 0.0654296875 0.29975043281249997 0.08300781406249999 0.31054145 0.09765624843750001 0.3333224828125 0.10253906406249999 0.3441135 0.10156249843750001 0.3573025171875 0.09277343906249999 0.364496528125 0.07128906406249999 0.362098521875 0.0654296875
1 0.4388346328125 0.06738281406249999 0.41845160625 0.052734375 0.3920735671875 0.052734375 0.38487955625 0.0546875015625 0.37408854375 0.0654296875 0.37408854375 0.08691406406249999 0.38487955625 0.099609375 0.4076605890625 0.10253906406249999 0.42564561718749994 0.099609375 0.431640621875 0.09472656093750001 0.4388346328125 0.08300781406249999 0.4388346328125 0.06738281406249999
1 0.5083767328125 0.0615234390625 0.4927897109375 0.052734375 0.4592176671875 0.056640625 0.44842665000000004 0.07128906406249999 0.44842665000000004 0.08300781406249999 0.4556206609375 0.09863281406249999 0.46641167812499995 0.103515625 0.4963867171875 0.10253906406249999 0.5047797328125 0.099609375 0.51317274375 0.08886718593750001 0.51557074375 0.0751953125 0.5083767328125 0.0615234390625
1 0.5623318171875 0.0507812484375 0.54794379375 0.0507812484375 0.5275607671875 0.0595703125 0.52036675625 0.08496093593750001 0.5287597671875 0.099609375 0.5527398 0.109375 0.5611328109375 0.10839843906249999 0.58511284375 0.09863281406249999 0.58990885625 0.07714843906249999 0.5767198328124999 0.056640625 0.5623318171875 0.0507812484375
1 0.6342719171875 0.0507812484375 0.6102918828125 0.052734375 0.5971028671874999 0.06738281406249999 0.5971028671874999 0.08691406406249999 0.607893878125 0.09570312656249999 0.6198839 0.099609375 0.6450629328125 0.09863281406249999 0.6594509562499999 0.08886718593750001 0.66184895625 0.07910156093750001 0.6546549500000001 0.0576171859375 0.6342719171875 0.0507812484375
1 0.6846299890624999 0.052734375 0.671440971875 0.0654296875 0.671440971875 0.0810546875 0.676236978125 0.08886718593750001 0.68702799375 0.09765624843750001 0.7170030390625 0.09863281406249999 0.7337890609375 0.08496093593750001 0.7313910609375001 0.0595703125 0.7134060328125 0.048828126562500004 0.6846299890624999 0.052734375
1 0.8057291671875 0.0595703125 0.79014214375 0.048828126562500004 0.7685601109375 0.048828126562500004 0.7589680999999999 0.052734375 0.745779078125 0.06738281406249999 0.7505750890625 0.08886718593750001 0.7661621109375 0.099609375 0.7937391500000001 0.09863281406249999 0.8057291671875 0.0908203125 0.8105251718750001 0.0810546875 0.8105251718750001 0.06738281406249999 0.8057291671875 0.0595703125
1 0.8716742609375 0.048828126562500004 0.8500922328125 0.044921873437499996 0.8249131937499999 0.0556640640625 0.8201171890625 0.07714843906249999 0.82611219375 0.09375 0.8476942281250001 0.10156249843750001 0.86088324375 0.10058593593750001 0.880067271875 0.0908203125 0.8872612828124999 0.06738281406249999 0.882465278125 0.0576171859375 0.8716742609375 0.048828126562500004
1 0.912440321875 0.10156249843750001 0.8908582890625001 0.09570312656249999 0.8764702671875 0.099609375 0.86328125 0.11035156093750001 0.86088324375 0.1318359359375 0.8788682718749999 0.1484375015625 0.9016493062500001 0.1494140640625 0.9184353281250001 0.1435546875 0.9256293390625 0.12011718593750001 0.9232313390625 0.11035156093750001 0.912440321875 0.10156249843750001
1 0.83330620625 0.10156249843750001 0.8165201828124999 0.09765624843750001 0.79733615625 0.10546875156249999 0.7865451390625 0.11425781406249999 0.7841471328125 0.1298828140625 0.79973415625 0.146484375 0.809326171875 0.150390625 0.8273111999999999 0.1494140640625 0.8357042109374999 0.1484375015625 0.8488932281249999 0.1376953125 0.8512912328125 0.11816406406249999 0.83330620625 0.10156249843750001
1 0.72779405625 0.10156249843750001 0.7122070328125 0.11425781406249999 0.7122070328125 0.1376953125 0.72779405625 0.1484375015625 0.7601671 0.1474609359375 0.7721571171875 0.1396484390625 0.7721571171875 0.1123046875 0.7517740890625 0.099609375 0.72779405625 0.10156249843750001
1 0.691824 0.10742187343750001 0.6654459609375001 0.099609375 0.6510579437499999 0.103515625 0.640266928125 0.1123046875 0.635470921875 0.1279296875 0.637868921875 0.1376953125 0.6510579437499999 0.1484375015625 0.671440971875 0.1513671859375 0.6822319890624999 0.150390625 0.6978190109375 0.1416015609375 0.7002170109375 0.12011718593750001 0.691824 0.10742187343750001
1 0.5911078562500001 0.10156249843750001 0.568326821875 0.1123046875 0.5611328109375 0.1220703125 0.5611328109375 0.1357421859375 0.5743218328124999 0.150390625 0.58391384375 0.1542968734375 0.601898871875 0.1533203125 0.6210829 0.1416015609375 0.6234809 0.11816406406249999 0.607893878125 0.103515625 0.5911078562500001 0.10156249843750001
1 0.5311577671875 0.103515625 0.5071777328125 0.103515625 0.48679470625 0.11816406406249999 0.48679470625 0.1396484390625 0.49998372187499995 0.150390625 0.5251627609375 0.1533203125 0.535953778125 0.150390625 0.5467447890625 0.1416015609375 0.54914279375 0.11816406406249999 0.5311577671875 0.103515625
1 0.45202365625 0.103515625 0.42564561718749994 0.10742187343750001 0.41245659999999995 0.11816406406249999 0.41245659999999995 0.1416015609375 0.42324761093749996 0.150390625 0.435237628125 0.1542968734375 0.4580186609375 0.1533203125 0.47240668281250003 0.1435546875 0.47720268906249996 0.1337890640625 0.47240668281250003 0.11621093593750001 0.45202365625 0.103515625
1 0.360899521875 0.103515625 0.3465115 0.109375 0.3381184890625 0.11816406406249999 0.3381184890625 0.1376953125 0.3453125 0.1474609359375 0.3585015171875 0.1542968734375 0.38128255 0.1533203125 0.398068578125 0.1435546875 0.4028645828125 0.1220703125 0.38248155625 0.10546875156249999 0.360899521875 0.103515625
1 0.30094943281250003 0.103515625 0.2769694 0.10546875156249999 0.261382378125 0.11621093593750001 0.261382378125 0.1416015609375 0.27217339375 0.150390625 0.2865614171875 0.1542968734375 0.3021484390625 0.1533203125 0.3189344609375 0.1455078140625 0.3237304671875 0.1376953125 0.3237304671875 0.12011718593750001 0.30094943281250003 0.103515625
1 0.23620334375000002 0.10742187343750001 0.226611328125 0.103515625 0.20982530625 0.103515625 0.189442271875 0.11425781406249999 0.189442271875 0.1416015609375 0.20502929375 0.1542968734375 0.225412328125 0.1552734390625 0.24459635624999998 0.1455078140625 0.2493923609375 0.12402343906249999 0.24699435625000002 0.11621093593750001 0.23620334375000002 0.10742187343750001
1 0.17505425624999998 0.1259765609375 0.17025824375 0.11425781406249999 0.1618652328125 0.10742187343750001 0.13308919375 0.103515625 0.11270616093750001 0.11621093593750001 0.1103081609375 0.1376953125 0.1258951828125 0.1542968734375 0.1462782109375 0.1572265609375 0.154671221875 0.15625 0.17025824375 0.1455078140625 0.17505425624999998 0.1376953125 0.17505425624999998 0.1259765609375
1 0.0923231328125 0.15625 0.07913411718749999 0.1650390640625 0.0767361109375 0.1728515609375 0.0815321171875 0.2001953125 0.0923231328125 0.208984375 0.117502171875 0.2080078140625 0.1366862 0.1923828140625 0.13428819375 0.1669921859375 0.1163031671875 0.15625 0.0923231328125 0.15625
1 0.190641278125 0.15625 0.16905924375 0.15625 0.1510742171875 0.1689453125 0.1510742171875 0.1904296875 0.1594672328125 0.203125 0.16905924375 0.2070312484375 0.189442271875 0.2060546875 0.20263129375000002 0.203125 0.21102430625 0.1943359359375 0.21102430625 0.1689453125 0.190641278125 0.15625
1 0.2649793828125 0.15625 0.24579535625 0.15625 0.23620334375000002 0.1601562484375 0.22301432187499998 0.1728515609375 0.225412328125 0.1904296875 0.2326063390625 0.2001953125 0.24339735 0.2050781265625 0.2661783828125 0.2041015609375 0.27217339375 0.203125 0.28536241093750003 0.1884765609375 0.2829644109375 0.1689453125 0.2649793828125 0.15625
1 0.3441135 0.15625 0.324929471875 0.1542968734375 0.3021484390625 0.1669921859375 0.29975043281249997 0.1884765609375 0.3177354609375 0.203125 0.34051649375 0.2041015609375 0.34890950625 0.203125 0.362098521875 0.1884765609375 0.359700521875 0.1689453125 0.3441135 0.15625
1 0.42324761093749996 0.1582031265625 0.41365559999999996 0.1542968734375 0.399267578125 0.1542968734375 0.37648654375 0.1689453125 0.37408854375 0.1845703125 0.3872775609375 0.2011718734375 0.396869571875 0.2050781265625 0.41725260625000005 0.2041015609375 0.431640621875 0.1962890640625 0.4388346328125 0.1845703125 0.4388346328125 0.1748046875 0.42324761093749996 0.1582031265625
1 0.47120768281250003 0.15625 0.45322265625 0.1689453125 0.45082465625 0.1865234390625 0.46641167812499995 0.203125 0.49398871718750004 0.2041015609375 0.5107747390624999 0.1923828140625 0.51317274375 0.1728515609375 0.4927897109375 0.15625 0.47120768281250003 0.15625
1 0.571923828125 0.1582031265625 0.55034179375 0.1542968734375 0.532356771875 0.1630859359375 0.5251627609375 0.1748046875 0.5251627609375 0.1845703125 0.5299587671875 0.1943359359375 0.5407497828125 0.2011718734375 0.5527398 0.2050781265625 0.565928821875 0.2041015609375 0.5743218328124999 0.203125 0.58511284375 0.1943359359375 0.5875108499999999 0.1708984390625 0.571923828125 0.1582031265625
1 0.6222819 0.1542968734375 0.6126898890625 0.1582031265625 0.601898871875 0.1689453125 0.601898871875 0.1904296875 0.6198839 0.203125 0.6474609390625 0.2021484390625 0.66184895625 0.1904296875 0.66184895625 0.1689453125 0.6414659281249999 0.1542968734375 0.6222819 0.1542968734375
1 0.711008028125 0.1523437515625 0.689426 0.15625 0.676236978125 0.1689453125 0.6786349828125 0.1923828140625 0.69422200625 0.203125 0.72179904375 0.2021484390625 0.7385850671874999 0.1884765609375 0.7361870671874999 0.1650390640625 0.72539605 0.15625 0.711008028125 0.1523437515625
1 0.79733615625 0.1523437515625 0.778152128125 0.1484375015625 0.7529730890625 0.1650390640625 0.7505750890625 0.1884765609375 0.75537109375 0.1982421859375 0.76376410625 0.203125 0.79613715625 0.2041015609375 0.8021321609375001 0.203125 0.815321178125 0.1884765609375 0.815321178125 0.1650390640625 0.79733615625 0.1523437515625
1 0.8524902328125 0.1484375015625 0.8381022109374999 0.1542968734375 0.8273111999999999 0.1650390640625 0.8249131937499999 0.1865234390625 0.8321072062500001 0.1962890640625 0.8428982218750001 0.2011718734375 0.8728732671874999 0.2021484390625 0.8872612828124999 0.1904296875 0.8896592890624999 0.1669921859375 0.8764702671875 0.1542968734375 0.8524902328125 0.1484375015625
1 0.8836642781249999 0.203125 0.86328125 0.2197265609375 0.86567925625 0.2373046875 0.8812662781249999 0.2519531265625 0.911241321875 0.2529296875 0.9256293390625 0.2412109359375 0.92802734375 0.2197265609375 0.9076443171875 0.203125 0.8836642781249999 0.203125
1 0.814122178125 0.2011718734375 0.78894314375 0.2177734390625 0.7865451390625 0.2353515609375 0.79613715625 0.2470703125 0.809326171875 0.2539062484375 0.8345052109375001 0.2529296875 0.8488932281249999 0.2431640640625 0.8512912328125 0.2177734390625 0.8357042109374999 0.2050781265625 0.814122178125 0.2011718734375
1 0.75417209375 0.203125 0.7373860671875 0.203125 0.7146050328125 0.2177734390625 0.7122070328125 0.2373046875 0.7325900609375 0.2539062484375 0.7601671 0.2529296875 0.776953121875 0.2392578140625 0.776953121875 0.2216796875 0.7697591171875 0.2119140640625 0.75417209375 0.203125
1 0.6630479609375 0.2050781265625 0.640266928125 0.2197265609375 0.640266928125 0.2392578140625 0.65825195625 0.2539062484375 0.6810329890625 0.2548828140625 0.7002170109375 0.2431640640625 0.7026150171875 0.2236328140625 0.6798339828125 0.2050781265625 0.6630479609375 0.2050781265625
1 0.6054958781249999 0.2070312484375 0.58631185 0.2070312484375 0.565928821875 0.2197265609375 0.5635308171875 0.2392578140625 0.58151584375 0.255859375 0.604296878125 0.2568359359375 0.6210829 0.2490234390625 0.6282769109374999 0.2314453125 0.62587890625 0.2236328140625 0.6054958781249999 0.2070312484375
1 0.5263617609375 0.2070312484375 0.5119737390625 0.2070312484375 0.48919271093749994 0.2197265609375 0.48679470625 0.2392578140625 0.48919271093749994 0.2451171859375 0.5047797328125 0.255859375 0.5275607671875 0.2568359359375 0.535953778125 0.2539062484375 0.54914279375 0.2412109359375 0.54914279375 0.2197265609375 0.5263617609375 0.2070312484375
1 0.44722765000000003 0.2070312484375 0.432839628125 0.208984375 0.41245659999999995 0.2236328140625 0.41485459999999996 0.2451171859375 0.430441621875 0.2578124984375 0.4580186609375 0.2568359359375 0.4748046890625 0.2451171859375 0.47720268906249996 0.2275390640625 0.464013671875 0.212890625 0.44722765000000003 0.2070312484375
1 0.38487955625 0.2109375015625 0.363297528125 0.2070312484375 0.3513075109375 0.2109375015625 0.3381184890625 0.2216796875 0.33572048906249996 0.2373046875 0.34890950625 0.2539062484375 0.3585015171875 0.2578124984375 0.37888455 0.2568359359375 0.39327256718750003 0.2490234390625 0.400466578125 0.2294921859375 0.395670571875 0.2197265609375 0.38487955625 0.2109375015625
1 0.3189344609375 0.2177734390625 0.3033474390625 0.208984375 0.28176540625 0.208984375 0.261382378125 0.2216796875 0.261382378125 0.2392578140625 0.2697753890625 0.2539062484375 0.294954428125 0.2587890640625 0.30814344375 0.2578124984375 0.3189344609375 0.2490234390625 0.3237304671875 0.2255859359375 0.3189344609375 0.2177734390625
1 0.23860134375 0.212890625 0.20982530625 0.208984375 0.189442271875 0.2216796875 0.187044271875 0.2392578140625 0.193039278125 0.2519531265625 0.20502929375 0.2578124984375 0.220616321875 0.2587890640625 0.23980034374999998 0.2548828140625 0.2493923609375 0.2431640640625 0.2493923609375 0.2294921859375 0.23860134375 0.212890625
1 0.1642632390625 0.212890625 0.152273221875 0.208984375 0.1258951828125 0.2109375015625 0.1103081609375 0.2236328140625 0.1103081609375 0.2451171859375 0.1282931828125 0.259765625 0.1510742171875 0.2587890640625 0.1594672328125 0.2578124984375 0.17265625 0.2470703125 0.17265625 0.2216796875 0.1642632390625 0.212890625
1 0.1318901890625 0.2685546875 0.118701171875 0.2617187515625 0.08752712812499999 0.2617187515625 0.0767361109375 0.2783203125 0.07913411718749999 0.3017578140625 0.0947211390625 0.3144531265625 0.117502171875 0.3134765609375 0.1318901890625 0.3037109359375 0.1366862 0.2958984390625 0.1366862 0.2763671859375 0.1318901890625 0.2685546875
1 0.17145725 0.2617187515625 0.1594672328125 0.265625 0.1510742171875 0.2724609359375 0.1486762171875 0.2802734390625 0.155870228125 0.3037109359375 0.16666123906250002 0.3125 0.1966362828125 0.3115234390625 0.21102430625 0.2978515609375 0.21102430625 0.2744140640625 0.193039278125 0.2617187515625 0.17145725 0.2617187515625
1 0.28536241093750003 0.2763671859375 0.2697753890625 0.2617187515625 0.255387371875 0.259765625 0.225412328125 0.2724609359375 0.22301432187499998 0.2880859359375 0.22900933281250002 0.3007812484375 0.2505913609375 0.3085937515625 0.25898437812499997 0.3076171859375 0.27217339375 0.306640625 0.28056640625 0.3017578140625 0.28536241093750003 0.2958984390625 0.28536241093750003 0.2763671859375
1 0.3441135 0.2617187515625 0.32972547812499997 0.259765625 0.31533745625 0.2636718734375 0.29975043281249997 0.2744140640625 0.29975043281249997 0.2919921859375 0.30574544375 0.3046875015625 0.324929471875 0.3125 0.3333224828125 0.3115234390625 0.3513075109375 0.306640625 0.362098521875 0.2978515609375 0.362098521875 0.2763671859375 0.3441135 0.2617187515625
1 0.399267578125 0.259765625 0.37648654375 0.2724609359375 0.37648654375 0.2978515609375 0.38487955625 0.306640625 0.396869571875 0.3105468734375 0.41725260625000005 0.3095703125 0.431640621875 0.3017578140625 0.4388346328125 0.2763671859375 0.4208496109375 0.2617187515625 0.399267578125 0.259765625
1 0.5647298171874999 0.259765625 0.55034179375 0.259765625 0.5299587671875 0.2724609359375 0.5275607671875 0.2958984390625 0.54794379375 0.3085937515625 0.573122828125 0.3076171859375 0.58511284375 0.2998046875 0.58990885625 0.2763671859375 0.5791178390625 0.265625 0.5647298171874999 0.259765625
1 0.66064995625 0.2675781265625 0.6438639328125 0.259765625 0.62467990625 0.259765625 0.607893878125 0.2675781265625 0.601898871875 0.2744140640625 0.601898871875 0.2998046875 0.6150878890625 0.3085937515625 0.6474609390625 0.3095703125 0.65585395 0.3085937515625 0.6666449671875 0.2978515609375 0.6666449671875 0.2763671859375 0.66064995625 0.2675781265625
1 0.7134060328125 0.2578124984375 0.689426 0.2617187515625 0.673838978125 0.2802734390625 0.6786349828125 0.2958984390625 0.691824 0.306640625 0.72179904375 0.3076171859375 0.73019205625 0.306640625 0.7385850671874999 0.2978515609375 0.7385850671874999 0.2705078140625 0.7134060328125 0.2578124984375
1 0.815321178125 0.2705078140625 0.79973415625 0.259765625 0.7853461390625001 0.255859375 0.7709581171875 0.2578124984375 0.7613660999999999 0.2617187515625 0.7505750890625 0.2744140640625 0.7505750890625 0.2978515609375 0.7685601109375 0.3125 0.7937391500000001 0.3134765609375 0.8045301671875 0.3105468734375 0.815321178125 0.2998046875 0.8177191828125 0.2763671859375 0.815321178125 0.2705078140625
1 0.8788682718749999 0.259765625 0.8620822499999999 0.2539062484375 0.8476942281250001 0.255859375 0.8297091999999999 0.2685546875 0.8273111999999999 0.2841796875 0.8428982218750001 0.302734375 0.8548882390625 0.306640625 0.8728732671874999 0.3056640640625 0.8788682718749999 0.3046875015625 0.8896592890624999 0.2939453125 0.8896592890624999 0.2705078140625 0.8788682718749999 0.259765625
1 0.914838321875 0.3105468734375 0.8884602890625001 0.3085937515625 0.8716742609375 0.3164062484375 0.86328125 0.3251953125 0.86328125 0.3505859359375 0.8812662781249999 0.3632812484375 0.911241321875 0.3642578140625 0.9256293390625 0.3544921859375 0.93042534375 0.3466796875 0.93042534375 0.3251953125 0.914838321875 0.3105468734375
1 0.8357042109374999 0.3105468734375 0.814122178125 0.3085937515625 0.79134114375 0.3251953125 0.7937391500000001 0.3447265609375 0.809326171875 0.3574218734375 0.8416992171875 0.3583984390625 0.8512912328125 0.3525390640625 0.8560872390625001 0.3427734390625 0.8536892328125001 0.3212890640625 0.8357042109374999 0.3105468734375
1 0.7661621109375 0.3144531265625 0.75657009375 0.3105468734375 0.7373860671875 0.3105468734375 0.7170030390625 0.3251953125 0.7170030390625 0.3427734390625 0.73019205625 0.3574218734375 0.7397840718750001 0.3613281265625 0.7601671 0.3603515609375 0.7685601109375 0.359375 0.779351128125 0.3466796875 0.779351128125 0.3271484390625 0.7661621109375 0.3144531265625
1 0.691824 0.3164062484375 0.6822319890624999 0.3125 0.66064995625 0.3125 0.640266928125 0.3271484390625 0.640266928125 0.3466796875 0.6534559437499999 0.3613281265625 0.6882269937500001 0.3623046875 0.69422200625 0.3613281265625 0.7050130218749999 0.3486328140625 0.7050130218749999 0.3291015609375 0.691824 0.3164062484375
1 0.6306749109374999 0.3349609359375 0.62587890625 0.3232421859375 0.6126898890625 0.3144531265625 0.58631185 0.3125 0.565928821875 0.3251953125 0.5635308171875 0.3447265609375 0.5743218328124999 0.359375 0.5995008671875001 0.3642578140625 0.6126898890625 0.3632812484375 0.6234809 0.3564453125 0.6306749109374999 0.3447265609375 0.6306749109374999 0.3349609359375
1 0.5515407999999999 0.3291015609375 0.5335557718749999 0.3144531265625 0.5119737390625 0.3125 0.48919271093749994 0.3271484390625 0.48919271093749994 0.3544921859375 0.5047797328125 0.365234375 0.5275607671875 0.3662109359375 0.5431477890624999 0.3613281265625 0.54914279375 0.3544921859375 0.5539388 0.3427734390625 0.5515407999999999 0.3291015609375
1 0.46880967812499996 0.318359375 0.45442165625 0.3125 0.43763563281250006 0.3125 0.41485459999999996 0.3251953125 0.41005859375 0.3349609359375 0.41245659999999995 0.3505859359375 0.432839628125 0.365234375 0.4556206609375 0.3642578140625 0.464013671875 0.3613281265625 0.47720268906249996 0.3486328140625 0.47720268906249996 0.3271484390625 0.46880967812499996 0.318359375
1 0.38248155625 0.3144531265625 0.360899521875 0.3144531265625 0.34051649375 0.3251953125 0.3381184890625 0.3505859359375 0.34291449375 0.3583984390625 0.3585015171875 0.3671875015625 0.38368055624999997 0.3662109359375 0.4028645828125 0.3544921859375 0.4052625890625 0.3330078140625 0.400466578125 0.3251953125 0.38248155625 0.3144531265625
1 0.30574544375 0.3144531265625 0.291357421875 0.3125 0.2769694 0.3164062484375 0.2637803828125 0.3251953125 0.261382378125 0.3466796875 0.27217339375 0.3613281265625 0.28176540625 0.365234375 0.3021484390625 0.3642578140625 0.31293945624999997 0.3613281265625 0.326128471875 0.3447265609375 0.3237304671875 0.3271484390625 0.30574544375 0.3144531265625
1 0.24699435625000002 0.3271484390625 0.22900933281250002 0.3144531265625 0.20742729999999998 0.3144531265625 0.187044271875 0.3291015609375 0.187044271875 0.3486328140625 0.189442271875 0.3564453125 0.2002332890625 0.365234375 0.22301432187499998 0.3662109359375 0.23620334375000002 0.3632812484375 0.24459635624999998 0.3564453125 0.2493923609375 0.3466796875 0.24699435625000002 0.3271484390625
1 0.157069228125 0.3144531265625 0.12349717812500001 0.3164062484375 0.10791015625 0.3310546875 0.10791015625 0.3486328140625 0.121099178125 0.3632812484375 0.13548719375 0.3671875015625 0.1486762171875 0.3662109359375 0.1618652328125 0.3613281265625 0.17025824375 0.3525390640625 0.17265625 0.3271484390625 0.157069228125 0.3144531265625
1 0.089925128125 0.3671875015625 0.07913411718749999 0.3759765609375 0.07913411718749999 0.4072265609375 0.083930121875 0.4150390640625 0.0947211390625 0.4199218734375 0.11510416718750001 0.4189453125 0.13428819375 0.4033203125 0.13428819375 0.3818359359375 0.118701171875 0.3671875015625 0.089925128125 0.3671875015625
1 0.193039278125 0.3671875015625 0.17145725 0.3671875015625 0.154671221875 0.3730468734375 0.1462782109375 0.3837890640625 0.1510742171875 0.4072265609375 0.16666123906250002 0.4179687515625 0.189442271875 0.4169921859375 0.1954372828125 0.416015625 0.21102430625 0.4013671859375 0.20862630000000001 0.3759765609375 0.193039278125 0.3671875015625
1 0.27217339375 0.3671875015625 0.24579535625 0.3671875015625 0.227810328125 0.3759765609375 0.227810328125 0.4072265609375 0.24339735 0.4199218734375 0.26857638906250003 0.4208984390625 0.292556421875 0.4111328140625 0.294954428125 0.3857421859375 0.290158421875 0.3779296875 0.27217339375 0.3671875015625
1 0.34171549375 0.3671875015625 0.31054145 0.3710937515625 0.29975043281249997 0.3818359359375 0.3021484390625 0.4072265609375 0.3177354609375 0.4179687515625 0.35010850625 0.4169921859375 0.364496528125 0.4033203125 0.364496528125 0.3837890640625 0.359700521875 0.3759765609375 0.34171549375 0.3671875015625
1 0.41845160625 0.3671875015625 0.399267578125 0.3671875015625 0.3872775609375 0.3710937515625 0.37408854375 0.3857421859375 0.37888455 0.4091796875 0.396869571875 0.4179687515625 0.41965060625 0.4169921859375 0.430441621875 0.4140624984375 0.4412326390625 0.4013671859375 0.4388346328125 0.3779296875 0.41845160625 0.3671875015625
1 0.5071777328125 0.3710937515625 0.4951877171875 0.3671875015625 0.47120768281250003 0.3671875015625 0.45082465625 0.3818359359375 0.45082465625 0.4072265609375 0.4592176671875 0.416015625 0.48079969375 0.4238281265625 0.48919271093749994 0.4228515609375 0.51317274375 0.4130859359375 0.52036675625 0.4013671859375 0.52036675625 0.3876953125 0.5071777328125 0.3710937515625
1 0.5791178390625 0.3710937515625 0.569525821875 0.3671875015625 0.54794379375 0.3671875015625 0.5299587671875 0.3779296875 0.5275607671875 0.4072265609375 0.5335557718749999 0.4140624984375 0.5455457890625001 0.4179687515625 0.573122828125 0.4169921859375 0.58391384375 0.4140624984375 0.59230685625 0.4033203125 0.59230685625 0.3837890640625 0.5791178390625 0.3710937515625
1 0.6534559437499999 0.369140625 0.6294759109375 0.3632812484375 0.604296878125 0.3759765609375 0.5995008671875001 0.3837890640625 0.5995008671875001 0.4013671859375 0.607893878125 0.4140624984375 0.62467990625 0.4199218734375 0.637868921875 0.4189453125 0.6486599390625 0.4179687515625 0.6642469609375 0.4091796875 0.6666449671875 0.3837890640625 0.6534559437499999 0.369140625
1 0.7014160171875 0.3632812484375 0.68702799375 0.369140625 0.673838978125 0.3818359359375 0.673838978125 0.4033203125 0.69422200625 0.4179687515625 0.72419705 0.4169921859375 0.740983071875 0.4052734390625 0.740983071875 0.3798828140625 0.72539605 0.3671875015625 0.7014160171875 0.3632812484375
1 0.79493815 0.3632812484375 0.773356121875 0.3632812484375 0.76376410625 0.3671875015625 0.7505750890625 0.3818359359375 0.7505750890625 0.3935546875 0.7577691 0.4072265609375 0.773356121875 0.4140624984375 0.8033311609375 0.4130859359375 0.8177191828125 0.4013671859375 0.8177191828125 0.3798828140625 0.812923178125 0.3720703125 0.79493815 0.3632812484375
1 0.8788682718749999 0.365234375 0.8548882390625 0.3613281265625 0.8297091999999999 0.3720703125 0.8225151890625 0.3916015609375 0.8273111999999999 0.4052734390625 0.8381022109374999 0.4140624984375 0.86328125 0.4150390640625 0.8764702671875 0.4140624984375 0.8896592890624999 0.4052734390625 0.8944552937499999 0.3818359359375 0.8788682718749999 0.365234375
1 0.8884602890625001 0.4140624984375 0.8788682718749999 0.4179687515625 0.86328125 0.4326171859375 0.86567925625 0.4521484390625 0.8704752609374999 0.4599609359375 0.8836642781249999 0.4667968734375 0.913639321875 0.4677734390625 0.9328233499999999 0.4541015609375 0.9328233499999999 0.4287109359375 0.912440321875 0.4140624984375 0.8884602890625001 0.4140624984375
1 0.8488932281249999 0.4228515609375 0.8405002171874999 0.4179687515625 0.814122178125 0.416015625 0.8021321609375001 0.4199218734375 0.79134114375 0.4306640640625 0.79134114375 0.4541015609375 0.79973415625 0.4648437515625 0.809326171875 0.46875 0.8297091999999999 0.4697265609375 0.8452962218750001 0.4667968734375 0.8536892328125001 0.4599609359375 0.85848524375 0.4384765609375 0.8488932281249999 0.4228515609375
1 0.75657009375 0.416015625 0.7373860671875 0.416015625 0.72779405625 0.4199218734375 0.7122070328125 0.4365234390625 0.7170030390625 0.4599609359375 0.7325900609375 0.4707031265625 0.7625651062500001 0.4697265609375 0.7817491328124999 0.4580078140625 0.7841471328125 0.4365234390625 0.7685601109375 0.4199218734375 0.75657009375 0.416015625
1 0.6822319890624999 0.4179687515625 0.66064995625 0.4179687515625 0.640266928125 0.4306640640625 0.640266928125 0.4599609359375 0.6534559437499999 0.4707031265625 0.6834309890625 0.4716796875 0.7050130218749999 0.4599609359375 0.7074110218749999 0.4365234390625 0.6966200109375 0.4238281265625 0.6822319890624999 0.4179687515625
1 0.61748589375 0.4238281265625 0.5983018671875 0.4179687515625 0.571923828125 0.4238281265625 0.5611328109375 0.4365234390625 0.5611328109375 0.4541015609375 0.565928821875 0.4638671859375 0.5743218328124999 0.4707031265625 0.58391384375 0.4726562484375 0.6090928828125 0.4716796875 0.6198839 0.46875 0.6282769109374999 0.4599609359375 0.6282769109374999 0.4326171859375 0.61748589375 0.4238281265625
1 0.5431477890624999 0.4238281265625 0.51916775 0.4179687515625 0.49159071093750006 0.4306640640625 0.48919271093749994 0.4541015609375 0.49998372187499995 0.46875 0.5119737390625 0.4726562484375 0.532356771875 0.4716796875 0.5455457890625001 0.46875 0.5539388 0.4599609359375 0.5539388 0.4345703125 0.5431477890624999 0.4238281265625
1 0.46880967812499996 0.4238281265625 0.45202365625 0.4179687515625 0.44003363906250004 0.4179687515625 0.41485459999999996 0.4326171859375 0.41005859375 0.4423828140625 0.41245659999999995 0.4580078140625 0.42564561718749994 0.4707031265625 0.4604166671875 0.4716796875 0.47120768281250003 0.46875 0.47960069375 0.4580078140625 0.47960069375 0.4345703125 0.46880967812499996 0.4238281265625
1 0.394471571875 0.4257812484375 0.37528754375 0.4199218734375 0.34890950625 0.4257812484375 0.3381184890625 0.4365234390625 0.3381184890625 0.4580078140625 0.34291449375 0.4658203125 0.3561035171875 0.4726562484375 0.38607856093750004 0.4716796875 0.3920735671875 0.4707031265625 0.4028645828125 0.4599609359375 0.4028645828125 0.4326171859375 0.394471571875 0.4257812484375
1 0.3177354609375 0.4238281265625 0.3033474390625 0.4199218734375 0.2865614171875 0.4199218734375 0.27217339375 0.4257812484375 0.261382378125 0.4384765609375 0.261382378125 0.4560546875 0.2661783828125 0.4658203125 0.28176540625 0.4726562484375 0.31413845625 0.4716796875 0.3201334609375 0.4707031265625 0.330924478125 0.4580078140625 0.328526478125 0.4326171859375 0.3177354609375 0.4238281265625
1 0.226611328125 0.4199218734375 0.1954372828125 0.4257812484375 0.187044271875 0.4345703125 0.187044271875 0.4560546875 0.19184027812499999 0.4658203125 0.20742729999999998 0.4726562484375 0.23740234375 0.4716796875 0.2481933609375 0.46875 0.2541883671875 0.4599609359375 0.25179036718750003 0.4306640640625 0.226611328125 0.4199218734375
1 0.157069228125 0.421875 0.1282931828125 0.421875 0.11150716093749999 0.4296875015625 0.10551215625000002 0.4384765609375 0.10791015625 0.4599609359375 0.121099178125 0.4707031265625 0.1510742171875 0.4716796875 0.1618652328125 0.46875 0.17265625 0.4580078140625 0.17265625 0.4345703125 0.157069228125 0.421875
1 0.0923231328125 0.474609375 0.08273112187500001 0.478515625 0.0767361109375 0.4873046875 0.0767361109375 0.5146484390625 0.0815321171875 0.5224609359375 0.0923231328125 0.5273437515625 0.11510416718750001 0.5263671859375 0.1318901890625 0.5126953125 0.1318901890625 0.4853515609375 0.1163031671875 0.474609375 0.0923231328125 0.474609375
1 0.20862630000000001 0.4814453125 0.1954372828125 0.474609375 0.16905924375 0.474609375 0.157069228125 0.478515625 0.1462782109375 0.4931640640625 0.1486762171875 0.5126953125 0.1618652328125 0.5234375015625 0.189442271875 0.5244140640625 0.2002332890625 0.521484375 0.21102430625 0.5126953125 0.21342231093750003 0.4951171859375 0.20862630000000001 0.4814453125
1 0.2673773890625 0.474609375 0.24579535625 0.474609375 0.23380533906249998 0.478515625 0.225412328125 0.4853515609375 0.227810328125 0.5146484390625 0.24099935 0.5234375015625 0.27097439375 0.5224609359375 0.2769694 0.521484375 0.2877604171875 0.5107421859375 0.2877604171875 0.4853515609375 0.2673773890625 0.474609375
1 0.35370551093749997 0.4765624984375 0.3369194890625 0.4726562484375 0.31293945624999997 0.4765624984375 0.29975043281249997 0.4892578140625 0.3021484390625 0.5146484390625 0.32253146718750003 0.525390625 0.3453125 0.5244140640625 0.3561035171875 0.521484375 0.364496528125 0.5126953125 0.364496528125 0.4853515609375 0.35370551093749997 0.4765624984375
1 0.4016655828125 0.4726562484375 0.38487955625 0.478515625 0.37648654375 0.4892578140625 0.37888455 0.5146484390625 0.396869571875 0.525390625 0.4244466171875 0.5244140640625 0.4412326390625 0.5126953125 0.4388346328125 0.4833984390625 0.41845160625 0.4726562484375 0.4016655828125 0.4726562484375
1 0.4760036890625 0.4726562484375 0.4616156671875 0.478515625 0.4556206609375 0.4853515609375 0.4556206609375 0.5126953125 0.47120768281250003 0.5234375015625 0.498784721875 0.5224609359375 0.51557074375 0.5146484390625 0.51557074375 0.4833984390625 0.4951877171875 0.4726562484375 0.4760036890625 0.4726562484375
1 0.5875108499999999 0.4814453125 0.569525821875 0.4726562484375 0.54794379375 0.4726562484375 0.535953778125 0.4765624984375 0.5275607671875 0.4833984390625 0.5251627609375 0.4912109359375 0.5299587671875 0.5166015609375 0.5431477890624999 0.5234375015625 0.573122828125 0.5224609359375 0.5791178390625 0.521484375 0.59230685625 0.5087890640625 0.59230685625 0.4912109359375 0.5875108499999999 0.4814453125
1 0.65585395 0.4765624984375 0.636669921875 0.4707031265625 0.6102918828125 0.4765624984375 0.601898871875 0.4873046875 0.601898871875 0.5087890640625 0.606694878125 0.5166015609375 0.62707790625 0.5234375015625 0.6450629328125 0.5224609359375 0.66184895625 0.5146484390625 0.6666449671875 0.5048828140625 0.6642469609375 0.4833984390625 0.65585395 0.4765624984375
1 0.6990180109375 0.4707031265625 0.6810329890625 0.4814453125 0.6786349828125 0.5087890640625 0.6846299890624999 0.5175781265625 0.6990180109375 0.5234375015625 0.72419705 0.5224609359375 0.743381078125 0.5126953125 0.743381078125 0.4833984390625 0.72779405625 0.4726562484375 0.6990180109375 0.4707031265625
1 0.79733615625 0.46875 0.775754121875 0.46875 0.7661621109375 0.4726562484375 0.75537109375 0.4814453125 0.7505750890625 0.4912109359375 0.7505750890625 0.5009765609375 0.7577691 0.5146484390625 0.773356121875 0.521484375 0.8033311609375 0.5205078140625 0.8177191828125 0.5126953125 0.8225151890625 0.5029296875 0.8177191828125 0.4814453125 0.79733615625 0.46875
1 0.8812662781249999 0.4707031265625 0.8500922328125 0.46875 0.8297091999999999 0.4814453125 0.8297091999999999 0.5087890640625 0.8381022109374999 0.5175781265625 0.8452962218750001 0.5195312484375 0.8752712671875 0.5205078140625 0.8860622828125001 0.5175781265625 0.8968533000000001 0.5068359359375 0.8968533000000001 0.4833984390625 0.8812662781249999 0.4707031265625
1 0.92802734375 0.5283203125 0.914838321875 0.521484375 0.8860622828125001 0.521484375 0.86807725625 0.5341796875 0.86567925625 0.5576171859375 0.8788682718749999 0.572265625 0.89565429375 0.578125 0.9088433171875 0.5771484390625 0.9244303390624999 0.572265625 0.9328233499999999 0.5654296875 0.9352213562499999 0.5380859359375 0.92802734375 0.5283203125
1 0.8452962218750001 0.525390625 0.8165201828124999 0.5234375015625 0.8069281671875 0.5273437515625 0.79613715625 0.5400390640625 0.79613715625 0.5634765609375 0.809326171875 0.5742187515625 0.8393012171875001 0.5751953125 0.8500922328125 0.572265625 0.86088324375 0.5595703125 0.85848524375 0.5380859359375 0.8452962218750001 0.525390625
1 0.7817491328124999 0.5341796875 0.76376410625 0.5234375015625 0.7349880671875 0.5234375015625 0.72539605 0.5273437515625 0.7170030390625 0.5419921859375 0.7170030390625 0.5595703125 0.72179904375 0.5693359359375 0.7349880671875 0.5761718734375 0.7673611109375 0.5751953125 0.775754121875 0.572265625 0.7865451390625 0.5595703125 0.7865451390625 0.5439453125 0.7817491328124999 0.5341796875
1 0.7014160171875 0.53125 0.6822319890624999 0.5234375015625 0.65585395 0.525390625 0.640266928125 0.5380859359375 0.640266928125 0.5634765609375 0.65585395 0.5761718734375 0.6834309890625 0.5771484390625 0.6966200109375 0.5742187515625 0.7050130218749999 0.5673828140625 0.7074110218749999 0.5400390640625 0.7014160171875 0.53125
1 0.6222819 0.5292968734375 0.607893878125 0.5234375015625 0.58870985 0.5234375015625 0.5767198328124999 0.5273437515625 0.565928821875 0.5361328140625 0.5635308171875 0.5615234390625 0.568326821875 0.5693359359375 0.58151584375 0.5761718734375 0.606694878125 0.5771484390625 0.6282769109374999 0.5693359359375 0.6330729171875 0.5595703125 0.6330729171875 0.5419921859375 0.6222819 0.5292968734375
1 0.5455457890625001 0.5292968734375 0.5287597671875 0.5234375015625 0.51437174375 0.5234375015625 0.49159071093750006 0.5361328140625 0.48919271093749994 0.5634765609375 0.5095757390625 0.578125 0.532356771875 0.5771484390625 0.5455457890625001 0.5742187515625 0.5539388 0.5673828140625 0.55633680625 0.5439453125 0.5455457890625001 0.5292968734375
1 0.47360568281250004 0.53125 0.44722765000000003 0.5234375015625 0.42564561718749994 0.5292968734375 0.41725260625000005 0.5361328140625 0.41245659999999995 0.5537109359375 0.41725260625000005 0.5673828140625 0.428043621875 0.5761718734375 0.44003363906250004 0.5800781265625 0.45322265625 0.5791015609375 0.47720268906249996 0.5693359359375 0.4819987 0.5615234390625 0.4819987 0.5439453125 0.47360568281250004 0.53125
1 0.3561035171875 0.5273437515625 0.3465115 0.53125 0.3381184890625 0.5419921859375 0.3381184890625 0.5634765609375 0.34291449375 0.5712890640625 0.3561035171875 0.578125 0.38128255 0.5791015609375 0.4028645828125 0.5693359359375 0.4052625890625 0.5400390640625 0.38967556718749996 0.5273437515625 0.3561035171875 0.5273437515625
1 0.30814344375 0.5292968734375 0.2745714 0.5292968734375 0.261382378125 0.5400390640625 0.261382378125 0.5673828140625 0.2769694 0.578125 0.3021484390625 0.5791015609375 0.31054145 0.5761718734375 0.3237304671875 0.5615234390625 0.3213324671875 0.5419921859375 0.30814344375 0.5292968734375
1 0.24339735 0.5292968734375 0.23620334375000002 0.5273437515625 0.1978352890625 0.5292968734375 0.1846462671875 0.5419921859375 0.1846462671875 0.5654296875 0.1954372828125 0.578125 0.20742729999999998 0.5820312484375 0.22301432187499998 0.5810546875 0.2493923609375 0.5751953125 0.2541883671875 0.5673828140625 0.2541883671875 0.5400390640625 0.24339735 0.5292968734375
1 0.1654622390625 0.5322265609375 0.152273221875 0.5273437515625 0.12349717812500001 0.5292968734375 0.10551215625000002 0.5419921859375 0.10551215625000002 0.5654296875 0.121099178125 0.578125 0.1510742171875 0.5791015609375 0.157069228125 0.578125 0.17265625 0.5615234390625 0.17265625 0.5498046875 0.1654622390625 0.5322265609375
1 0.13548719375 0.587890625 0.118701171875 0.5820312484375 0.0923231328125 0.5820312484375 0.07913411718749999 0.5888671859375 0.07433810625000001 0.5986328140625 0.0767361109375 0.6240234390625 0.0923231328125 0.6367187515625 0.11510416718750001 0.6357421859375 0.13308919375 0.630859375 0.1390842 0.6240234390625 0.1390842 0.5927734390625 0.13548719375 0.587890625
1 0.1954372828125 0.583984375 0.1642632390625 0.583984375 0.1462782109375 0.5966796875 0.1438802109375 0.6201171859375 0.157069228125 0.6328124984375 0.19184027812499999 0.6337890640625 0.20263129375000002 0.630859375 0.20862630000000001 0.6240234390625 0.21102430625 0.6005859359375 0.1954372828125 0.583984375
1 0.2481933609375 0.5800781265625 0.2314073328125 0.5859375015625 0.22301432187499998 0.5966796875 0.225412328125 0.6240234390625 0.23860134375 0.6328124984375 0.27097439375 0.6318359359375 0.28536241093750003 0.6201171859375 0.28536241093750003 0.5908203125 0.2649793828125 0.5800781265625 0.2481933609375 0.5800781265625
1 0.3465115 0.5800781265625 0.3177354609375 0.5820312484375 0.29975043281249997 0.5966796875 0.3021484390625 0.6201171859375 0.31533745625 0.630859375 0.34291449375 0.6318359359375 0.3561035171875 0.6269531265625 0.3668945328125 0.6142578140625 0.364496528125 0.5908203125 0.3465115 0.5800781265625
1 0.4412326390625 0.5927734390625 0.428043621875 0.5820312484375 0.4064615890625 0.578125 0.38128255 0.5869140640625 0.37648654375 0.5947265609375 0.37648654375 0.6181640640625 0.394471571875 0.630859375 0.41245659999999995 0.6318359359375 0.430441621875 0.6289062484375 0.43643663281249995 0.6240234390625 0.4412326390625 0.6142578140625 0.4412326390625 0.5927734390625
1 0.4951877171875 0.578125 0.47360568281250004 0.578125 0.4616156671875 0.5820312484375 0.45322265625 0.5888671859375 0.44842665000000004 0.6005859359375 0.45082465625 0.6181640640625 0.47120768281250003 0.630859375 0.498784721875 0.6298828140625 0.5119737390625 0.625 0.51557074375 0.6201171859375 0.51557074375 0.5908203125 0.4951877171875 0.578125
1 0.5947048609375 0.5966796875 0.58391384375 0.5820312484375 0.569525821875 0.5761718734375 0.5527398 0.5761718734375 0.5407497828125 0.5800781265625 0.5299587671875 0.5888671859375 0.5275607671875 0.6162109359375 0.535953778125 0.6269531265625 0.5527398 0.6328124984375 0.565928821875 0.6318359359375 0.58151584375 0.6289062484375 0.58990885625 0.6220703125 0.5947048609375 0.6123046875 0.5947048609375 0.5966796875
1 0.6666449671875 0.5888671859375 0.65585395 0.5800781265625 0.6414659281249999 0.5761718734375 0.62707790625 0.5761718734375 0.6102918828125 0.5820312484375 0.5995008671875001 0.5966796875 0.5995008671875001 0.6123046875 0.606694878125 0.6240234390625 0.62467990625 0.630859375 0.6498589390625 0.6298828140625 0.66064995625 0.6269531265625 0.671440971875 0.6142578140625 0.671440971875 0.5966796875 0.6666449671875 0.5888671859375
1 0.72779405625 0.578125 0.6966200109375 0.578125 0.6786349828125 0.5908203125 0.6786349828125 0.6162109359375 0.691824 0.6289062484375 0.7038140171875 0.6328124984375 0.71940104375 0.6318359359375 0.743381078125 0.6220703125 0.7481770828125 0.6103515609375 0.743381078125 0.5888671859375 0.72779405625 0.578125
1 0.8069281671875 0.578125 0.775754121875 0.578125 0.7577691 0.5908203125 0.7577691 0.6181640640625 0.76376410625 0.625 0.778152128125 0.630859375 0.79613715625 0.6318359359375 0.814122178125 0.6269531265625 0.8225151890625 0.6201171859375 0.8249131937499999 0.5947265609375 0.8069281671875 0.578125
1 0.9016493062500001 0.5927734390625 0.8860622828125001 0.578125 0.8716742609375 0.5742187515625 0.8500922328125 0.5761718734375 0.8369032109375001 0.5830078140625 0.8297091999999999 0.5947265609375 0.8297091999999999 0.6083984390625 0.8345052109375001 0.6201171859375 0.8428982218750001 0.6269531265625 0.8704752609374999 0.6298828140625 0.8884602890625001 0.6269531265625 0.8992513000000001 0.6181640640625 0.9040473109375 0.6025390640625 0.9016493062500001 0.5927734390625
1 0.9328233499999999 0.6396484390625 0.917236328125 0.6289062484375 0.8836642781249999 0.630859375 0.86567925625 0.6474609359375 0.86807725625 0.6689453125 0.8788682718749999 0.6796875015625 0.8980523 0.6875 0.911241321875 0.6865234390625 0.9292263437500001 0.6796875015625 0.9376193562499999 0.6708984390625 0.9376193562499999 0.6474609359375 0.9328233499999999 0.6396484390625
1 0.8428982218750001 0.630859375 0.811724178125 0.630859375 0.8009331609375 0.6357421859375 0.7937391500000001 0.6494140640625 0.79613715625 0.6748046875 0.8189181828125 0.6875 0.8393012171875001 0.6865234390625 0.8548882390625 0.6796875015625 0.86328125 0.6689453125 0.86088324375 0.6455078140625 0.8428982218750001 0.630859375
1 0.775754121875 0.634765625 0.7493760828125 0.6289062484375 0.7349880671875 0.630859375 0.72179904375 0.6396484390625 0.7170030390625 0.6494140640625 0.7170030390625 0.6689453125 0.7325900609375 0.6835937515625 0.7529730890625 0.6865234390625 0.7817491328124999 0.6787109359375 0.78894314375 0.6689453125 0.78894314375 0.6494140640625 0.775754121875 0.634765625
1 0.6990180109375 0.634765625 0.68702799375 0.630859375 0.6534559437499999 0.6328124984375 0.637868921875 0.6494140640625 0.637868921875 0.6708984390625 0.66064995625 0.6855468734375 0.6834309890625 0.6865234390625 0.6966200109375 0.6835937515625 0.709809028125 0.6689453125 0.7074110218749999 0.6435546875 0.6990180109375 0.634765625
1 0.6102918828125 0.630859375 0.5767198328124999 0.6328124984375 0.5635308171875 0.6474609359375 0.5635308171875 0.6689453125 0.568326821875 0.6767578140625 0.58631185 0.6855468734375 0.61628689375 0.6845703125 0.6330729171875 0.6708984390625 0.6330729171875 0.6474609359375 0.6282769109374999 0.6396484390625 0.6102918828125 0.630859375
1 0.538351778125 0.6328124984375 0.5071777328125 0.6328124984375 0.49398871718750004 0.6396484390625 0.48679470625 0.6513671859375 0.48679470625 0.6708984390625 0.49998372187499995 0.6835937515625 0.51437174375 0.6875 0.5299587671875 0.6865234390625 0.5431477890624999 0.6835937515625 0.5539388 0.6748046875 0.5539388 0.6455078140625 0.538351778125 0.6328124984375
1 0.46880967812499996 0.634765625 0.45202365625 0.630859375 0.432839628125 0.6328124984375 0.41725260625000005 0.6416015609375 0.41005859375 0.6533203125 0.41005859375 0.6689453125 0.41725260625000005 0.6787109359375 0.430441621875 0.6855468734375 0.4580186609375 0.6865234390625 0.46880967812499996 0.6835937515625 0.4819987 0.6689453125 0.47960069375 0.6455078140625 0.46880967812499996 0.634765625
1 0.38248155625 0.6328124984375 0.3513075109375 0.634765625 0.3381184890625 0.6494140640625 0.33572048906249996 0.6650390640625 0.34051649375 0.6787109359375 0.3561035171875 0.6875 0.38368055624999997 0.6865234390625 0.4028645828125 0.6767578140625 0.4028645828125 0.6455078140625 0.394471571875 0.6367187515625 0.38248155625 0.6328124984375
1 0.30814344375 0.634765625 0.28176540625 0.634765625 0.27217339375 0.6386718734375 0.261382378125 0.6513671859375 0.25898437812499997 0.6787109359375 0.2841634109375 0.6914062484375 0.3021484390625 0.6904296875 0.326128471875 0.6806640640625 0.328526478125 0.6513671859375 0.3213324671875 0.6416015609375 0.30814344375 0.634765625
1 0.22900933281250002 0.634765625 0.193039278125 0.6386718734375 0.1822482671875 0.6494140640625 0.1798502609375 0.6787109359375 0.193039278125 0.6894531265625 0.227810328125 0.6904296875 0.2493923609375 0.6826171859375 0.2541883671875 0.6630859359375 0.2493923609375 0.6455078140625 0.22900933281250002 0.634765625
1 0.17265625 0.6474609359375 0.1618652328125 0.6386718734375 0.14987521718750002 0.634765625 0.118701171875 0.6386718734375 0.10791015625 0.6455078140625 0.09831814375 0.6611328140625 0.10311414999999999 0.6787109359375 0.1163031671875 0.6894531265625 0.1390842 0.6923828140625 0.1642632390625 0.6875 0.17265625 0.6806640640625 0.17505425624999998 0.6728515609375 0.17265625 0.6474609359375
1 0.2014322890625 0.7119140640625 0.190641278125 0.7011718734375 0.17385525 0.6953124984375 0.1594672328125 0.697265625 0.1438802109375 0.7060546875 0.1366862 0.7158203125 0.1366862 0.7353515609375 0.1594672328125 0.75 0.17505425624999998 0.7490234390625 0.188243271875 0.7460937515625 0.1966362828125 0.7392578140625 0.2014322890625 0.7314453125 0.2014322890625 0.7119140640625
1 0.24579535625 0.6914062484375 0.227810328125 0.7021484390625 0.22301432187499998 0.7099609359375 0.22301432187499998 0.7275390640625 0.227810328125 0.7353515609375 0.24339735 0.7460937515625 0.2661783828125 0.7451171859375 0.28536241093750003 0.7314453125 0.28536241093750003 0.7080078140625 0.2697753890625 0.693359375 0.24579535625 0.6914062484375
1 0.364496528125 0.6982421859375 0.3513075109375 0.6894531265625 0.32253146718750003 0.6875 0.31054145 0.6914062484375 0.29975043281249997 0.7041015609375 0.29975043281249997 0.7275390640625 0.31533745625 0.7421875015625 0.34051649375 0.7431640640625 0.364496528125 0.7314453125 0.36929253281249996 0.7236328140625 0.36929253281249996 0.7080078140625 0.364496528125 0.6982421859375
1 0.4388346328125 0.6962890640625 0.42324761093749996 0.6875 0.3920735671875 0.6875 0.37408854375 0.7041015609375 0.37408854375 0.7216796875 0.38967556718749996 0.7382812484375 0.41965060625 0.7392578140625 0.4388346328125 0.7314453125 0.44363064375 0.7236328140625 0.44363064375 0.7041015609375 0.4388346328125 0.6962890640625
1 0.51557074375 0.6962890640625 0.49039171093749995 0.6855468734375 0.4592176671875 0.693359375 0.45322265625 0.7021484390625 0.4556206609375 0.7314453125 0.47120768281250003 0.740234375 0.498784721875 0.7392578140625 0.5095757390625 0.7363281265625 0.52036675625 0.7216796875 0.52036675625 0.7060546875 0.51557074375 0.6962890640625
1 0.59230685625 0.6962890640625 0.5743218328124999 0.6855468734375 0.55034179375 0.6855468734375 0.538351778125 0.6894531265625 0.5275607671875 0.7001953125 0.5275607671875 0.7255859359375 0.5455457890625001 0.740234375 0.568326821875 0.7412109359375 0.5791178390625 0.740234375 0.59230685625 0.7314453125 0.5971028671874999 0.7041015609375 0.59230685625 0.6962890640625
1 0.6198839 0.6875 0.6090928828125 0.6943359359375 0.604296878125 0.7041015609375 0.606694878125 0.7294921859375 0.62467990625 0.740234375 0.65705295 0.7392578140625 0.671440971875 0.7275390640625 0.6690429671875 0.6962890640625 0.6510579437499999 0.6855468734375 0.6198839 0.6875
1 0.7505750890625 0.7021484390625 0.7349880671875 0.6875 0.7038140171875 0.6855468734375 0.689426 0.6914062484375 0.6810329890625 0.7021484390625 0.6834309890625 0.7275390640625 0.7014160171875 0.740234375 0.71940104375 0.7412109359375 0.73019205625 0.740234375 0.745779078125 0.7314453125 0.7505750890625 0.7236328140625 0.7505750890625 0.7021484390625
1 0.809326171875 0.6875 0.778152128125 0.6875 0.7601671 0.7001953125 0.7601671 0.7255859359375 0.780550128125 0.740234375 0.8057291671875 0.7392578140625 0.814122178125 0.7363281265625 0.8273111999999999 0.7216796875 0.8249131937499999 0.7001953125 0.809326171875 0.6875
1 0.9040473109375 0.7021484390625 0.8860622828125001 0.6855468734375 0.8476942281250001 0.6855468734375 0.8345052109375001 0.6982421859375 0.8345052109375001 0.7255859359375 0.8572862390625 0.740234375 0.8776692718750001 0.7392578140625 0.8908582890625001 0.7363281265625 0.8992513000000001 0.7294921859375 0.9040473109375 0.7216796875 0.9040473109375 0.7021484390625
1 0.9196343328125 0.7382812484375 0.89325629375 0.7382812484375 0.8812662781249999 0.744140625 0.8728732671874999 0.7548828140625 0.8752712671875 0.7783203125 0.8884602890625001 0.791015625 0.8980523 0.7949218734375 0.9208333328125 0.7939453125 0.9424153671875001 0.7763671859375 0.9400173609375001 0.7548828140625 0.9352213562499999 0.7470703125 0.9196343328125 0.7382812484375
1 0.86088324375 0.7509765609375 0.8500922328125 0.7421875015625 0.82611219375 0.7382812484375 0.8009331609375 0.7509765609375 0.79853515625 0.7705078140625 0.811724178125 0.791015625 0.82611219375 0.796875 0.8416992171875 0.7958984390625 0.86088324375 0.7841796875 0.86567925625 0.7763671859375 0.86567925625 0.7607421859375 0.86088324375 0.7509765609375
1 0.7841471328125 0.7490234390625 0.7685601109375 0.740234375 0.7349880671875 0.7421875015625 0.72419705 0.7529296875 0.72419705 0.7802734390625 0.7421820718750001 0.7949218734375 0.7625651062500001 0.7958984390625 0.773356121875 0.7929687515625 0.78894314375 0.7802734390625 0.78894314375 0.7568359359375 0.7841471328125 0.7490234390625
1 0.670241971875 0.744140625 0.65825195625 0.7480468734375 0.6474609390625 0.7607421859375 0.6474609390625 0.7783203125 0.65225694375 0.7880859359375 0.6678439671875 0.796875 0.69302300625 0.7958984390625 0.709809028125 0.7802734390625 0.709809028125 0.7587890640625 0.6966200109375 0.7460937515625 0.670241971875 0.744140625
1 0.6306749109374999 0.7509765609375 0.6222819 0.744140625 0.5911078562500001 0.7421875015625 0.5743218328124999 0.7480468734375 0.568326821875 0.7548828140625 0.568326821875 0.7783203125 0.58151584375 0.7929687515625 0.58870985 0.796875 0.604296878125 0.7978515609375 0.6198839 0.7949218734375 0.6306749109374999 0.7861328140625 0.635470921875 0.7646484390625 0.6306749109374999 0.7509765609375
1 0.5335557718749999 0.7421875015625 0.5119737390625 0.7421875015625 0.49998372187499995 0.7460937515625 0.48919271093749994 0.7568359359375 0.48679470625 0.7705078140625 0.49159071093750006 0.7841796875 0.5071777328125 0.796875 0.534754771875 0.7958984390625 0.5515407999999999 0.7822265609375 0.5539388 0.7548828140625 0.54794379375 0.7480468734375 0.5335557718749999 0.7421875015625
1 0.464013671875 0.7421875015625 0.43763563281250006 0.740234375 0.41725260625000005 0.7529296875 0.41245659999999995 0.7607421859375 0.41245659999999995 0.7783203125 0.41965060625 0.7880859359375 0.435237628125 0.796875 0.4580186609375 0.7958984390625 0.4748046890625 0.7841796875 0.47960069375 0.7763671859375 0.47960069375 0.7548828140625 0.464013671875 0.7421875015625