1 0.9769980437499999 0.16534710625 0.9744379546875 0.155495521875 0.967206090625 0.143800890625 0.9617307734375 0.140658434375 0.946257834375 0.1384838546875 0.9378672921875 0.1420505359375 0.9247768765625001 0.1580079 0.9221605859374999 0.1766237796875 0.9247206718750001 0.18647536250000002 0.9335596171875 0.2007688015625 0.9401655109375 0.20288367499999999 0.9467714046875001 0.20499854687500002 0.9609642953125 0.20224733281249999 0.9688783359375 0.19505426406249998 0.9747087890625 0.1816359984375 0.9769980437499999 0.16534710625
1 0.9121348625 0.1918253828125 0.907967690625 0.1793749921875 0.9020158687500001 0.1726061515625 0.8830017328125 0.1675609390625 0.8723500390625001 0.17318278125 0.8618478078124999 0.18475799843750002 0.8579514734375 0.19844808593750002 0.85857744375 0.208027846875 0.862744615625 0.22047824062500002 0.8694999765625001 0.22854648437499997 0.8896446890625 0.23256411093749998 0.9002963875000001 0.2269422703125 0.9085374609375 0.21742221874999998 0.9124337953125 0.2037321296875 0.9121348625 0.1918253828125
1 0.8613061406250001 0.13247704062500001 0.8466648421875 0.117368134375 0.8350601390625 0.11573720000000001 0.8247354828125 0.1190320546875 0.81682144375 0.126225125 0.8113180265625 0.1373164046875 0.809028771875 0.15360529843749998 0.8112618234375001 0.16578386875 0.8184936875 0.1774785 0.8286407796875 0.1824640015625 0.833312553125 0.18430705 0.8500936359375 0.177173690625 0.861249940625 0.1609445046875 0.86386623125 0.1423286265625 0.8613061406250001 0.13247704062500001
1 0.7954618499999999 0.16593627187499999 0.7814746265625 0.146173396875 0.759872296875 0.1455103328125 0.7448477625 0.1611958734375 0.740951428125 0.1748859625 0.742857440625 0.189391515625 0.749762271875 0.20341313125 0.75797524375 0.2081268109375 0.7665152515625 0.2105135078125 0.776839915625 0.207218646875 0.7892762578125 0.19591525468749998 0.794452640625 0.18715095937499998 0.7954618499999999 0.16593627187499999
1 0.7455861374999999 0.1138407078125 0.7315989125 0.09407783125 0.7099965890625 0.0934147671875 0.697887278125 0.10239117812500001 0.6927108984375 0.11115547343750001 0.689113496875 0.13675230625 0.6960183234375 0.150773925 0.70229718125 0.1552157796875 0.7205077796875 0.1589615859375 0.728898321875 0.15539490625000002 0.7390735109375 0.146146675 0.7442498921875 0.13738238125 0.7455861374999999 0.1138407078125
1 0.6749487046875 0.1252697859375 0.672388615625 0.1154182015625 0.665156753125 0.10372356875 0.6561402359375 0.09771048593750001 0.6403402609375 0.09786289375 0.623054575 0.1156035953125 0.6191582375 0.1292936828125 0.619457175 0.141200428125 0.6220172609375 0.1510520125 0.6319867859375 0.16431787343749998 0.6482632640625 0.16779185624999998 0.65439265 0.166280340625 0.666828996875 0.15497694687500002 0.6720053765625 0.14621265156250002 0.6749487046875 0.1252697859375
1 0.7299445953125 0.1970685203125 0.724973884375 0.1833187234375 0.716284403125 0.17497865937499998 0.692747959375 0.1740437734375 0.68063865 0.18302018125 0.6751352374999999 0.1941114625 0.6725189453125 0.212727340625 0.67507903125 0.222578925 0.6823108999999999 0.2342735578125 0.6885897515625 0.2387154140625 0.7029321140625 0.241917575 0.7090615046875001 0.240406059375 0.7263471953125 0.22266535312500002 0.730570565625 0.20664828281249997 0.7299445953125 0.1970685203125
1 0.8472716765625 0.21830366093750003 0.8368256531249999 0.2014114140625 0.8313503343749999 0.198268959375 0.82167975 0.196909846875 0.8113550875 0.2002047046875 0.8011798984375 0.2094529359375 0.7960035171875 0.21821723125 0.7940413000000001 0.2321791390625 0.7975543953125 0.24928350312499997 0.803179178125 0.258379325 0.80785095625 0.26022237812500004 0.8221933140625 0.2634245375 0.82832270625 0.26191301875 0.8407590515625 0.2506096265625 0.8459354296875 0.24184533125000002 0.8472716765625 0.21830366093750003
1 0.96361765 0.246519753125 0.9610575640624999 0.23666817031249998 0.9464162640625 0.22155926093749997 0.9264210171875 0.22349500937500003 0.9113964843750001 0.23918054687499998 0.909733203125 0.26504920625 0.9229168859374999 0.28351267812500003 0.939193365625 0.28698666093749997 0.9433886359375 0.28520332187499997 0.9558249828125 0.27389992812499997 0.9613283953125 0.26280865000000003 0.96361765 0.246519753125
1 0.9473501359375 0.32016780312500004 0.9401182718750001 0.3084731703125 0.9330358765625 0.3027319125 0.91530178125 0.3026124921875 0.903192475 0.3115889046875 0.8980160906249999 0.3203531984375 0.8960257734375 0.3485488390625 0.901323521875 0.3599716484375 0.9095364937499999 0.364685328125 0.9258129703125 0.3681593109375 0.9300082421875 0.3663759734375 0.93792228125 0.359182903125 0.945686853125 0.3460364625 0.9473501359375 0.32016780312500004
1 0.8937837562500001 0.2592482359375 0.8796189640625001 0.24776571718749998 0.8738166156249999 0.24695024999999998 0.85929668125 0.2520284484375 0.8462062671874999 0.267985809375 0.8435899750000001 0.2866016890625 0.8461500609374999 0.2964532734375 0.8580537015624999 0.30999095625 0.872396065625 0.3131931171875 0.87852545 0.3116816015625 0.895811140625 0.2939408953125 0.8974744234375001 0.2680722390625 0.8937837562500001 0.2592482359375
1 0.8274629640625 0.28908107968749996 0.8195770234375 0.2820404171875 0.8021699703125 0.27959401562499997 0.793779428125 0.28316069375 0.780689009375 0.2991180578125 0.7793527609375 0.3226597296875 0.7878646687499999 0.3392801546875 0.7925364453125 0.341123203125 0.8088129265624999 0.34459718437500003 0.8130081984374999 0.342813846875 0.8302938875000001 0.32507314374999996 0.8329101781249999 0.30645726406249996 0.8274629640625 0.28908107968749996
1 0.7787178265625 0.23595793125000003 0.7700283531250001 0.2276178671875 0.7506871796875 0.22489964218749997 0.73857786875 0.23387604999999997 0.7311403359375 0.2446955078125 0.72885108125 0.26098440156249997 0.73108413125 0.273162971875 0.74105365625 0.28642883124999996 0.7573301359375 0.2899028125 0.7634595203125001 0.288391296875 0.780418175 0.272977578125 0.7836885390624999 0.24970772812500003 0.7787178265625 0.23595793125000003
1 0.7136770765625 0.27071657031249996 0.7080522921875 0.26162074375 0.7025769796875 0.25847829375 0.6851699203125 0.256031890625 0.676779378125 0.25959856718749996 0.668865340625 0.2667916375 0.660773734375 0.282265065625 0.662025678125 0.30142458906249997 0.670864625 0.315718028125 0.681011715625 0.3207035296875 0.6876176046875 0.322818403125 0.6979422671875 0.3195235421875 0.710378609375 0.30822015 0.716209065625 0.29480188749999997 0.7136770765625 0.27071657031249996
1 0.66028826875 0.20151664375 0.6530564062499999 0.1898220078125 0.6440398890625 0.1838089296875 0.6282399140625 0.1839613328125 0.6217834921875001 0.1877998359375 0.613869453125 0.1949929046875 0.6083660359375 0.20608418281250002 0.6064038187499999 0.22004609375 0.6079827984375 0.23687863281250002 0.61714878125 0.24884508906249997 0.625361753125 0.25355876718750003 0.63583588125 0.2562172828125 0.6442264234375 0.252650603125 0.6521404609375 0.245457534375 0.657643875 0.2343662546875 0.66028826875 0.20151664375
1 0.6468797765625001 0.2969230234375 0.6393208765625 0.287555378125 0.6222408546875 0.2827819875 0.61611146875 0.284293509375 0.599152815625 0.2997072234375 0.5946024078125001 0.31805128125 0.5952283781250001 0.3276310421875 0.6021332046875 0.3416526609375 0.6084120625 0.34609451875 0.626622659375 0.349840325 0.6372743515625 0.3442184828125 0.645515428125 0.33469842656250004 0.649439865625 0.3067746078125 0.6468797765625001 0.2969230234375
1 0.6911307046874999 0.3399227640625 0.6698554109375 0.3369327171875 0.65063560625 0.35440159531250004 0.6476922796875 0.37534446093749996 0.65025236875 0.38519604531249996 0.65748423125 0.396890678125 0.6676313234375 0.40187618125 0.672303096875 0.40371922656250003 0.6845618734375 0.40069619218749997 0.6995864093749999 0.3850106515625 0.7015767296875 0.3568150109375 0.6911307046874999 0.3399227640625
1 0.7601891562499999 0.311661146875 0.7392409062499999 0.30634411250000004 0.7266550921875 0.31169413437500004 0.718414015625 0.32121418749999997 0.7135365703125001 0.3418852296875 0.7144895796874999 0.34913800625 0.7246085671875 0.3683572390625 0.7292803453125 0.3702002875 0.7436227046874999 0.373402446875 0.7520132453125 0.36983577031250003 0.76703778125 0.354150228125 0.769981109375 0.3332073625 0.7601891562499999 0.311661146875
1 0.8843929671874999 0.3611516359375 0.8808798718749999 0.3440472734375 0.8717138875 0.33208081875 0.8643044546875001 0.3286665453125 0.84591629375 0.33320109531250003 0.833152909375 0.346831475 0.8311625921875001 0.375027115625 0.8416086171874999 0.391919365625 0.8482145078125001 0.39403423437499996 0.8548204 0.39614910625 0.8670791765624999 0.3931260703125 0.8772543703125001 0.38387784062499997 0.8824307484375 0.375113546875 0.8843929671874999 0.3611516359375
1 0.9342686796875 0.4132472 0.9307555828125 0.39614283906250003 0.9177213671875 0.383632740625 0.9041825421875 0.3817299828125 0.8957920015624999 0.385296659375 0.8856168109375 0.3945448921875 0.8797863578125 0.40796315625 0.88231834375 0.4320484734375 0.887943128125 0.441144296875 0.8961561 0.44585797656250004 0.9085643484375 0.44878831718749995 0.9188890046875 0.44549345625000003 0.9245418921875 0.44035555156250006 0.9329605328125 0.42255513906250003 0.9342686796875 0.4132472
1 0.9183282 0.484568265625 0.9114233687500001 0.47054664687500003 0.9043409734375001 0.46480538749999994 0.8908021546875 0.46290263125 0.8824116125 0.46646931093750005 0.869975265625 0.47777270468750005 0.8670600374999999 0.4844818359375 0.8657237921875 0.50802350625 0.87262861875 0.522045125 0.8789074765624999 0.5264869828125 0.8971180734375 0.5302327859375 0.9032474593750001 0.5287212671875 0.9140767265624999 0.5148190687499999 0.91928120625 0.4918210421875 0.9183282 0.484568265625
1 0.8596135421875 0.4181792578125 0.8505970296875001 0.4121661796875 0.8325358984375001 0.41437374374999997 0.8226877453125001 0.42129499218750005 0.8175113640625 0.4300592859375 0.8148950734374999 0.448675165625 0.818408171875 0.465779528125 0.8290317640625 0.474391415625 0.8453082453125 0.4778654015625 0.8536987890625 0.47429871874999996 0.86678920625 0.45834135781249996 0.8684524874999999 0.43247270000000004 0.8596135421875 0.4181792578125
1 0.816969696875 0.377778328125 0.8132790312499999 0.368954328125 0.8045895515625 0.3606142578125 0.7910507328125 0.3587115015625 0.7826601906249999 0.3622781796875 0.7728120328125 0.369199428125 0.76763565625 0.3779637234375 0.7650193640625 0.3965796015625 0.768532459375 0.41368396250000006 0.7791560546875 0.42229585312499995 0.7915642968750001 0.425226190625 0.8018889609375 0.42193133281249995 0.8169134937500001 0.40624579218749995 0.8195297859374999 0.3876299125 0.816969696875 0.377778328125
1 0.7504994328125 0.4016577984375 0.742940534375 0.3922901484375 0.7258605109375 0.3875167625 0.71746996875 0.3910834421875 0.7050336234375 0.4023868359375 0.6995021078125 0.427711846875 0.702062196875 0.43756343124999997 0.71203171875 0.4508292921875 0.7321764296875 0.4548469203125 0.7510692031249999 0.439705025 0.7556196109375 0.4213609671875 0.754666603125 0.4141081921875 0.7504994328125 0.4016577984375
1 0.6220722484375 0.36818438124999997 0.6046651953125 0.3657379796875 0.5835112703124999 0.3829350359375 0.5799138687500001 0.408531871875 0.5900328578125 0.42775110156249996 0.5947046359375 0.42959415312499993 0.610981115625 0.433068134375 0.6171105 0.43155661562500003 0.6295468468750001 0.420253225 0.6357324359375001 0.3902742421875 0.6220722484375 0.36818438124999997
1 0.6809644718750001 0.42629302812500003 0.6719479625 0.42027994375000005 0.66421149375 0.419192653125 0.6477574453125 0.4239990296875 0.6398434046875 0.4311920984375 0.6343399890625 0.44228337812499996 0.6333307765625 0.46349806562499996 0.6445803453125001 0.48168971562499996 0.666659178125 0.485979165625 0.6810296390625 0.474947596875 0.68620601875 0.4661833015625 0.6884952734375 0.44989440625 0.6809644718750001 0.42629302812500003
1 0.73807205 0.4900832234375 0.7256919046875 0.47291915468749995 0.7121530859375 0.47101639687499997 0.7018284234375 0.4743112546875 0.6868038890625 0.48999679687500003 0.684813571875 0.5181924375 0.6936525140625001 0.5324858796874999 0.7018654875 0.5371995546874999 0.7204031203125 0.5386183765625 0.7328394671875 0.5273149828125 0.738015846875 0.5185506875 0.7406321390625 0.4999348078125 0.73807205 0.4900832234375
1 0.8019822234375 0.45635217031249997 0.792816240625 0.4443857140625 0.777343303125 0.44221113437500004 0.7689527609375 0.44577781562499996 0.75910460625 0.45269906249999997 0.7539282265625 0.46146335625 0.7519379078124999 0.4896589984375 0.763514509375 0.5055236640625 0.7817251078125 0.5092694703125 0.7957685328124999 0.500564884375 0.803206065625 0.489745425 0.8061493921875 0.46880256249999996 0.8019822234375 0.45635217031249997
1 0.8404307984375 0.49853644218750004 0.8268919796875001 0.496633684375 0.812045009375 0.5040388671875 0.8005616734375 0.5225950375 0.7992535281250001 0.5319029765625001 0.8030936609375001 0.546680353125 0.8087184437499999 0.555776178125 0.8169314171875 0.5604898578124999 0.8293396640624999 0.563420196875 0.83773020625 0.559853515625 0.8527547406249999 0.5441679749999999 0.854418021875 0.51829931875 0.8404307984375 0.49853644218750004
1 0.8922406265625 0.5509038312500001 0.8706383015625001 0.5502407671875 0.8514184953124999 0.567709646875 0.8488022046875001 0.5863255265625 0.8526423359375 0.6011029031249999 0.8613318156249999 0.609442971875 0.8814765296875 0.6134606 0.8876059140624999 0.6119490796875 0.8981081421875 0.6003738656250001 0.9026866515625 0.567796078125 0.8922406265625 0.5509038312500001
1 0.8889792249999999 0.6512957109374999 0.8788602375 0.6320764796875 0.8572579078125001 0.6314134171875 0.842887446875 0.6424449859375 0.837711065625 0.65120928125 0.835094775 0.6698251609375 0.8392619437500001 0.682275553125 0.8487549609375 0.6919150203125 0.8553608546874999 0.6940298953124999 0.8600326296875 0.6958729421875 0.8764866765624999 0.6910665703125 0.8847277531250001 0.6815465140625 0.889278159375 0.66320245625 0.8889792249999999 0.6512957109374999
1 0.8711046281250001 0.722344953125 0.8616116093749999 0.7127054796875 0.8419434000000001 0.7123142421875001 0.8253117828125 0.725400975 0.8204343390625001 0.74607201875 0.8226673921875 0.7582505859374999 0.8298992546875 0.769945221875 0.83811223125 0.7746588984375 0.8485863546875001 0.7773174125 0.8589110171875 0.774022559375 0.8720014359375 0.75806519375 0.8749447640625 0.7371223296875 0.8711046281250001 0.722344953125
1 0.8267233734375001 0.5820360765625 0.8093163140625 0.5795896734375 0.800925771875 0.5831563546874999 0.7881623906249999 0.59678673125 0.7849201296875 0.6058228484375 0.7845649906250001 0.6223835656250001 0.78745211875 0.6299081640625 0.7930768984375 0.6390039921875 0.8070922250000001 0.6445331375000001 0.820154540625 0.64280950625 0.8325908875 0.6315061125 0.8377672687500001 0.6227418171875 0.8387764796875 0.60152713125 0.8267233734375001 0.5820360765625
1 0.789853778125 0.55668434375 0.7872936859374999 0.546832759375 0.776847659375 0.529940509375 0.7533112156249999 0.529005625 0.73828668125 0.54469116875 0.7340633109375 0.5607082390625 0.73468928125 0.5702880015625 0.7415941078125 0.58430961875 0.7478729640624999 0.588751475 0.7641494421874999 0.5922254578125 0.772539984375 0.588658778125 0.7827151765625 0.5794105484375 0.787891559375 0.5706462546875 0.789853778125 0.55668434375
1 0.7719791796875 0.627733584375 0.759272 0.6128964984375 0.7437990625 0.61072191875 0.73540851875 0.614288603125 0.7223181000000001 0.6302459625 0.719701809375 0.6488618421875 0.7222618984375 0.6587134265625 0.7278866828125 0.6678092546875 0.7380337703125 0.6727947546874999 0.7504420171875 0.6757250921875 0.7588325593749999 0.6721584140625 0.7667465984375 0.6649653437499999 0.7751652390625 0.6471649312500001 0.7719791796875 0.627733584375
1 0.7214493953125001 0.5802919921874999 0.7145445687499999 0.5662703734375001 0.7055280515625 0.560257290625 0.6939233484375 0.5586263546875 0.6835986921874999 0.5619212140625 0.673423496875 0.57116944375 0.667593046875 0.5845877078124999 0.6666119375 0.591568665625 0.6701250328125 0.608673025 0.68122513125 0.6209113015625001 0.6897651406249999 0.6232979984375 0.69443691875 0.6251410468749999 0.704761575 0.6218461875 0.7149367671875 0.6125979578125 0.7204401859375 0.6015066765625 0.7214493953125001 0.5802919921874999
1 0.6735078015625 0.5284682484375 0.6696676687500001 0.513690871875 0.6601746515625 0.5040514 0.6427675921875 0.501604996875 0.63437705 0.50517168125 0.6216136718749999 0.518802059375 0.6192963140625001 0.5493246828125 0.626201140625 0.5633463015625 0.6398894312500001 0.5712024312499999 0.6484294390625001 0.573589128125 0.6526247109375001 0.571805784375 0.6650610578125 0.5605023921875001 0.6702374375 0.5517380984375 0.6735078015625 0.5284682484375
1 0.619436821875 0.478156025 0.617203765625 0.4659774546875 0.6115789859375 0.4568816296875 0.5990212703125 0.44799791562499997 0.5806331078125 0.45253247031250005 0.5704579140625 0.4617807 0.5652815359375001 0.4705449953125 0.5645993609375 0.48943269687499996 0.56715945 0.49928428125 0.5763254328125 0.5112507359375 0.58099720625 0.5130937875 0.591471334375 0.515752303125 0.601795990625 0.51245744375 0.6093829937499999 0.5075913609375 0.6168205296875 0.49677190312499997 0.619436821875 0.478156025
1 0.607336475 0.5642544671875 0.60510341875 0.5520758953125 0.5978715546875 0.5403812625 0.5907891578125 0.5346400046875 0.57531621875 0.532465425 0.5669256781249999 0.5360321031249999 0.5567504875 0.545280334375 0.5538352625 0.5519894671875 0.552171978125 0.5778581218750001 0.5610109249999999 0.5921515640624999 0.5692238953125 0.59686524375 0.58743449375 0.600611046875 0.591629765625 0.59882770625 0.5972826484375 0.5936898015625001 0.6057012921875 0.5758893890625 0.607336475 0.5642544671875
1 0.6559321406249999 0.6114242375 0.6530450125 0.6038996390625 0.638076678125 0.5911177171875 0.6264719750000001 0.5894867828125 0.6161473187500001 0.5927816359375 0.6082332796875 0.59997470625 0.6027298625 0.6110659875 0.60076764375 0.6250278953125 0.604607778125 0.6398052734374999 0.6137737578125 0.6517717281250001 0.6184455359375 0.6536147765625 0.63278789375 0.6568169390625 0.6411784359375 0.65325025625 0.6494195125 0.6437302046875 0.655249965625 0.6303119390624999 0.6559321406249999 0.6114242375
1 0.7011641734375 0.6474430234375 0.6940817781249999 0.6417017609375 0.6786088390625 0.63952718125 0.670218296875 0.6430938640625 0.6597160703125 0.654669078125 0.654212653125 0.665760359375 0.6541845546875 0.6799940906249999 0.6583517234375 0.69244448125 0.670582396875 0.703655178125 0.6849247593750001 0.7068573375 0.6933153 0.7032906609375 0.70673275625 0.6850063109375 0.7080690015625 0.6614646390625001 0.7011641734375 0.6474430234375
1 0.8250690515624999 0.685026765625 0.8114088640625001 0.6629369046875 0.7959359265625 0.660762325 0.787545384375 0.6643290015625001 0.7751090375 0.6756323953125001 0.7721938125000001 0.6823415296875 0.7702315937499999 0.6963034375 0.77246464375 0.70848200625 0.7780894265625 0.7175778328125 0.7863024000000001 0.7222915125 0.8006447609375 0.725493671875 0.806774153125 0.7239821531249999 0.8217986875 0.708296615625 0.8260220609375001 0.6922795421875 0.8250690515624999 0.685026765625
1 0.8586772453125 0.8107703781250001 0.8514453828124999 0.799075746875 0.8424288656250001 0.7930626640625 0.8243677390625 0.7952702328125001 0.8141925453125 0.8045184609374999 0.80901616875 0.8132827562499999 0.8063998765625 0.8318986359375 0.8089599625 0.8417502203125 0.8181259437499999 0.8537166781250001 0.8227977187500001 0.855559725 0.83714008125 0.8587618859375 0.8455306234375 0.85519520625 0.8586210421875 0.8392378421875 0.861237334375 0.8206219625 0.8586772453125 0.8107703781250001
1 0.8110345859375 0.770853384375 0.8084745 0.7610018000000001 0.8012426328125001 0.749307165625 0.792226121875 0.743294084375 0.78255553125 0.7419349703125 0.76996971875 0.7472849890625 0.762055684375 0.7544780609374999 0.7565522640625 0.765569340625 0.7545900453125001 0.77953125 0.7571501375 0.789382834375 0.7643820015625 0.8010774671875 0.7706608578125 0.805519325 0.785003215625 0.8087214843750001 0.7933937578125 0.805154803125 0.803568953125 0.7959065734374999 0.8090723671875001 0.7848152921875 0.8110345859375 0.770853384375
1 0.7439574921875 0.6937973265624999 0.7304186671874999 0.6918945703125 0.722028125 0.6954612484375 0.7070035906250001 0.7111467921875 0.7043872999999999 0.7297626703125 0.7069473890625 0.7396142546875 0.7125721734375 0.748710078125 0.722392228125 0.756022565625 0.73899574375 0.7571695671875001 0.758869621875 0.7350467140625 0.7582717515625 0.71123321875 0.7510398875 0.6995385859375001 0.7439574921875 0.6937973265624999
1 0.641897675 0.6972508578125 0.6346658125 0.6855562265625 0.6201739828124999 0.6764006890625 0.6101763578125 0.677368559375 0.5995246640625 0.6829904046874999 0.5938717765625 0.6881283093749999 0.5880413265625 0.701546575 0.58673318125 0.7108545140625 0.5889662312499999 0.723033084375 0.5961980984374999 0.7347277171875 0.6024769515624999 0.7391695734375 0.6187534328125001 0.74264355625 0.62488281875 0.7411320406249999 0.6350580109374999 0.73188380625 0.64023439375 0.7231195125000001 0.641897675 0.6972508578125
1 0.5926479359375 0.6547350546875 0.590087846875 0.6448834703124999 0.582855984375 0.6331888375 0.5683641546875 0.6240333 0.5499759875 0.6285678546875 0.5394737593750001 0.6401430718750001 0.535876359375 0.6657399046875 0.53715640625 0.670665696875 0.5443882703125 0.6823603328125001 0.5542083203125 0.6896728171875 0.570484803125 0.6931467984374999 0.5746800750000001 0.6913634578125001 0.5848552640625 0.682115228125 0.591012753125 0.6663699796875 0.5926479359375 0.6547350546875
1 0.54626618125 0.7110996187499999 0.53400740625 0.71412265 0.5260933671875 0.72131571875 0.5202348140625 0.748967715625 0.5244019859375 0.761418109375 0.532764425 0.7720851609375 0.5529091375 0.7761027890625 0.56921371875 0.7653430390625 0.5753993109375 0.7353640593749999 0.56528031875 0.716144825 0.54626618125 0.7110996187499999
1 0.6868026765625 0.735596625 0.6797202796875 0.72985536875 0.6703767265625 0.72616926875 0.6623132203125001 0.727408965625 0.643093415625 0.7448778453125 0.6401500890625 0.765820709375 0.642710178125 0.77567229375 0.6526797 0.7889381531249999 0.6728244109375 0.79295578125 0.689783065625 0.7775420625 0.694660509375 0.756871021875 0.693707503125 0.74961824375 0.6868026765625 0.735596625
1 0.7467973765625 0.8069114234375 0.7458443671875 0.7996586453125001 0.733791259375 0.7801675890624999 0.7205794765625 0.7759378484375 0.7144500859375 0.7774493640625 0.702667815625 0.784098790625 0.69523028125 0.7949182484375 0.691006909375 0.81093531875 0.6932399593749999 0.8231138890624999 0.7020789046875 0.83740733125 0.7067506796874999 0.8392503781249999 0.7210930421875 0.8424525375 0.7272224328125 0.8409410234375001 0.734809434375 0.8360749375 0.7422469671874999 0.8252554796875 0.7467973765625 0.8069114234375
1 0.843988709375 0.90125096875 0.8367568421874999 0.8895563328125 0.8258062109375001 0.8832714312500001 0.8074180484375001 0.887805984375 0.7972428578125 0.8970542125 0.7914124015625 0.9104724781250001 0.7926643484375 0.9296320031249999 0.7998962125 0.941326634375 0.8100433 0.9463121359375 0.8185833125 0.9486988328124999 0.8308420890624999 0.9456757937500001 0.8439325046875 0.9297184328125001 0.8465487953125 0.911102553125 0.843988709375 0.90125096875
1 0.797327159375 0.8543530171875 0.7931599874999999 0.8419026265625 0.780125775 0.8293925281250001 0.770455184375 0.828033415625 0.760130528125 0.8313282687499999 0.7499553359375 0.8405765031250001 0.744778953125 0.8493407968750001 0.7434427078125 0.87288246875 0.74874045625 0.884305278125 0.7566263921874999 0.891345940625 0.7709687546875 0.8945481046875001 0.78355456875 0.8891980828125 0.7917956421875 0.8796780296875 0.7976260921875 0.866259765625 0.797327159375 0.8543530171875
1 0.7308568953125001 0.8782324875 0.7142814796875 0.8628517546875001 0.6942862328125 0.8647875046875001 0.6815228546875 0.8784178828125 0.678252490625 0.90168773125 0.6808125765625 0.9115393140625001 0.68483028125 0.9180363328125001 0.693043253125 0.9227500109375001 0.7073856171874999 0.9259521718749999 0.7177102734374999 0.9226573140625 0.73080069375 0.9066999499999999 0.733416984375 0.8880840718749999 0.7308568953125001 0.8782324875
1 0.6750293671875001 0.81936808125 0.6663398859375 0.811028015625 0.6528010671875 0.8091252593749999 0.644410525 0.8126919390625 0.631974178125 0.8239953328125 0.62905895 0.8307044640625 0.6277227062499999 0.8542461343750001 0.6365616515625 0.8685395765624999 0.6467087390625 0.873525078125 0.6533146328125 0.875639946875 0.6636392953125 0.8723450906249999 0.678663828125 0.85665955 0.6803271125 0.83079089375 0.6750293671875001 0.81936808125
1 0.62881621875 0.7903302531249999 0.6281902453125 0.780750490625 0.6228925015625 0.7693276828125 0.608727709375 0.7578451625 0.590666578125 0.7600527265625 0.5804913875 0.7693009609375 0.57531500625 0.7780652546875 0.5730257515625 0.7943541484375001 0.5752588046875 0.80653271875 0.5871624453125001 0.8200703984375 0.6034389234375 0.8235443859375 0.609568309375 0.822032865625 0.6216776203125 0.8130564578125 0.6245928453125 0.8063473234374999 0.62881621875 0.7903302531249999
1 0.6008226328124999 0.8421602640625 0.587283809375 0.8402575062500001 0.5788932671875 0.8438241828124999 0.5687180765625001 0.8530724171875 0.5628876234375 0.86649068125 0.5641395671875 0.8856502046875001 0.5713714296875 0.8973448375 0.5795844031249999 0.9020585171875 0.5981220359375 0.903477334375 0.6150806906249999 0.8880636203125001 0.616743971875 0.8621949609374999 0.6079050296874999 0.8479015203125 0.6008226328124999 0.8421602640625
1 0.5451164671875001 0.8034829609375 0.52577529375 0.8007647375 0.5173847515625 0.8043314171875 0.506882525 0.815906634375 0.5023321140625 0.834250690625 0.5029580874999999 0.8438304531249999 0.5114699984375 0.8604508781250001 0.5216170859375 0.8654363796875 0.528222978125 0.86755125 0.5427429109374999 0.8624730546875 0.5532451375 0.8508978375 0.557169575 0.8229740187499999 0.5451164671875001 0.8034829609375
1 0.47930027500000005 0.8227084625 0.4702837640625 0.81669538125 0.45254966874999997 0.8165759609375 0.44270151562500004 0.823497209375 0.43526398281249995 0.8343166671875 0.4326476921875 0.8529325468750001 0.43648782343750003 0.867709921875 0.45065261718749994 0.8791924421875 0.46112674531250003 0.8818509578124999 0.47564667343749994 0.8767727578125 0.486475940625 0.8628705578125 0.48846625781249997 0.8346749171875001 0.47930027500000005 0.8227084625