1 0.0962537421875 0.15306359375 0.0804324890625 0.13827996250000002 0.0699215046875 0.1356349625 0.042325434375 0.13902333281249998 0.027565835937499998 0.15362623749999998 0.030184121874999997 0.17495046875 0.0334069375 0.18045813593749999 0.054007628125 0.192687134375 0.0706714375 0.1935927625 0.0966013234375 0.17663442812500002 0.0962537421875 0.15306359375
1 0.1611690875 0.17362598125 0.1727058765625 0.1535154140625 0.16853095625 0.14025348124999998 0.158679271875 0.13260804843750001 0.145421528125 0.128332515625 0.12284292968749999 0.13110481875 0.11328404843749999 0.136214090625 0.10354191718750001 0.1502009234375 0.10890696250000001 0.1731556890625 0.12903160625 0.18150755624999998 0.14043991875 0.18109068749999999 0.1611690875 0.17362598125
1 0.2489199796875 0.15202866875 0.24677774531250002 0.1345815703125 0.225939021875 0.12041400625000001 0.195834221875 0.1241104109375 0.1810746234375 0.13871331250000002 0.183692909375 0.160037546875 0.18966248125000001 0.16717574531249998 0.20453163124999998 0.1742051109375 0.23075432031249998 0.1700014734375 0.23690714375000002 0.16826210625 0.2489199796875 0.15202866875
1 0.3237059265625 0.13891052343750002 0.3222777703125 0.1272791234375 0.31630820000000004 0.120140925 0.301439053125 0.11311156093750001 0.2713342515625 0.116807965625 0.256812678125 0.13334943593749998 0.2589549125 0.150796534375 0.28230236875000003 0.1646560640625 0.3035075875 0.1610684953125 0.3198785921875 0.1492194265625 0.3237059265625 0.13891052343750002
1 0.3977777984375 0.11997667812499999 0.39180823125 0.1128384796875 0.3847033046875 0.10682357812500001 0.3716835875 0.1044866171875 0.3468342765625 0.10950552031250001 0.334583415625 0.12380038906249999 0.3401864859375 0.14869372187500002 0.35505563281249997 0.1557230875 0.38378705625 0.151211415625 0.39968200781249996 0.1354852125 0.3977777984375 0.11997667812499999
1 0.47494401249999996 0.1262442 0.4732778296875 0.11267423125 0.46707022968749995 0.1035974671875 0.457456571875 0.09789060000000001 0.44718361250000005 0.0971841703125 0.41982556875 0.10251110625 0.4118780984375 0.110374209375 0.409478915625 0.1323145109375 0.41819524843749994 0.14108324218749999 0.4303176390625 0.146482075 0.45904906093750003 0.141970403125 0.47494401249999996 0.1262442
1 0.5450789921875 0.0959869875 0.5302098390625 0.0889576234375 0.49759630625 0.09296206093750001 0.4853454421875 0.10725693124999999 0.48748767812500005 0.12470403125 0.5030709046874999 0.137549096875 0.52451415 0.13590009375 0.54046388125 0.130990025 0.5506820640625001 0.12088032343749999 0.5450789921875 0.0959869875
1 0.6235638015625 0.09225364375 0.602963109375 0.08002464375 0.5705875984375 0.08596764999999999 0.5606074421875 0.0980159203125 0.563225728125 0.1193401546875 0.581079665625 0.129938615625 0.6025229125 0.12828961249999998 0.6239113828125 0.115824478125 0.627738721875 0.10551557656249999 0.6235638015625 0.09225364375
1 0.653375803125 0.0758025359375 0.63909225625 0.0942825765625 0.640996465625 0.109791109375 0.6615971609375 0.122020103125 0.688057871875 0.1197550359375 0.7044288765625 0.1079059640625 0.7038432703125 0.0823965640625 0.6884980671875 0.0714900640625 0.653375803125 0.0758025359375
1 0.7763585156249999 0.07152501875 0.758742603125 0.0628651203125 0.733655271875 0.0659454578125 0.7143542593750001 0.08504156406249999 0.71649649375 0.1024886625 0.7343504281250001 0.1130871265625 0.7633198765625 0.110514025 0.7742521359375 0.10622001875 0.7794528546875 0.0967263859375 0.7763585156249999 0.07152501875
1 0.833564409375 0.10188907968750001 0.844734696875 0.09953364218750001 0.8529201984375 0.09360910781250001 0.85878021875 0.079115040625 0.8575900875 0.06942220625 0.8417688296874999 0.0546385765625 0.8287491125 0.052301609375 0.8136967140625 0.0541498109375 0.7914109140625001 0.06967681718749999 0.7912824421875 0.08937051562500001 0.8068656687500001 0.10221558125 0.8198853921874999 0.10455254843749999 0.833564409375 0.10188907968750001
1 0.891063109375 0.1450078375 0.9005672125 0.1290824359375 0.898663003125 0.113573903125 0.8926934359375001 0.10643570312499999 0.87782428125 0.0994063390625 0.8502282187500001 0.10279470937499999 0.8352305921875001 0.11545904375 0.8311652281249999 0.12382937812499999 0.836054225 0.14290701249999999 0.8484146421875 0.15024441093750002 0.8700959140625001 0.1505339734375 0.891063109375 0.1450078375
1 0.810783640625 0.1548649171875 0.8210018218749999 0.144755215625 0.8236390312499999 0.12475347968749999 0.8146846734375 0.11404618124999999 0.8025622828125 0.10864735 0.7797456578124999 0.1094810875 0.7701867765625 0.11459035312500002 0.758173934375 0.130823790625 0.7605541953125 0.15020945937500002 0.7678971484375 0.158162925 0.7996133546874999 0.1572203515625 0.810783640625 0.1548649171875
1 0.7479009750000001 0.130117359375 0.7325557734375 0.119210859375 0.7220447890624999 0.1165658640625 0.701974921875 0.11903013437500001 0.690145334375 0.12638600312499998 0.682435884375 0.1361876703125 0.685292196875 0.159450471875 0.705416840625 0.1678023328125 0.72913079375 0.1639067296875 0.7457398234375 0.1539962265625 0.7479009750000001 0.130117359375
1 0.6264748906250001 0.12633257656250002 0.6066978265625 0.1415515484375 0.60656935625 0.16124525 0.624899346875 0.175720846875 0.6561395 0.17090114218750002 0.6697637421875 0.1574215390625 0.6669074296875 0.1341587390625 0.6440360265625 0.124176340625 0.6264748906250001 0.12633257656250002
1 0.54643345 0.138128225 0.5316738546875001 0.152731125 0.5315453781249999 0.1724248265625 0.54963734375 0.184961859375 0.580877496875 0.1801421546875 0.59450174375 0.16666255000000002 0.594868240625 0.1489074171875 0.5715207859375 0.13504788750000002 0.54643345 0.138128225
1 0.5144603015625 0.1784581953125 0.518287634375 0.1681492953125 0.516859478125 0.156517896875 0.49602075625 0.1423503296875 0.4757128625 0.1428760328125 0.45569777343749995 0.1561564390625 0.4525845171875 0.172281040625 0.4562833796875 0.1816658390625 0.46087956874999997 0.1879887734375 0.4793928078125 0.1935868046875 0.4980892953125 0.1903072671875 0.5144603015625 0.1784581953125
1 0.39065395625 0.155287746875 0.37589435625 0.16989065 0.38125940625 0.19284541718749998 0.4013840453125 0.20119727968749998 0.42760673593750004 0.19699364218749998 0.4412309828125 0.183514040625 0.43837466875000003 0.160251240625 0.41801199999999994 0.1499608078125 0.39065395625 0.155287746875
1 0.35324206406249997 0.2031727890625 0.3611895390625 0.1953096875 0.3650168734375 0.1850007859375 0.3606039328125 0.16980028593750002 0.34024126250000003 0.1595098546875 0.31766266249999997 0.1622821578125 0.2978856 0.1775011296875 0.3002658609375 0.19688679375 0.30623542812500004 0.20402499375 0.31835781875 0.2094238265625 0.342309803125 0.2074667890625 0.35324206406249997 0.2031727890625
1 0.2622325 0.167120334375 0.242162634375 0.1695846046875 0.23009501875 0.17500190468750002 0.2201148640625 0.187050175 0.22524188281250002 0.20806637656250002 0.2456045515625 0.21835680468750002 0.2693185046875 0.21446120156249998 0.2874841640625 0.1964883984375 0.282595171875 0.17741076718749998 0.2622325 0.167120334375
1 0.1892412078125 0.174114746875 0.164153871875 0.177195084375 0.15459499062499998 0.18230435 0.144852859375 0.19629118750000002 0.149741853125 0.21536881874999997 0.16759579062500002 0.22596728437500002 0.1938184796875 0.221763646875 0.212222165625 0.205729409375 0.20984190468750002 0.18634374375 0.1892412078125 0.174114746875
1 0.1318331421875 0.1939542203125 0.1192347 0.18467825625 0.10872371249999999 0.18203325937499998 0.083874403125 0.1870521640625 0.0691148078125 0.20165506406249997 0.07149506875 0.22104073125 0.0774646375 0.22817893125 0.089587028125 0.233577765625 0.11580971874999998 0.2293741265625 0.1339753765625 0.2114013234375 0.1318331421875 0.1939542203125
1 0.072061753125 0.28787609999999997 0.088011484375 0.28296603125 0.09822966718750001 0.2728563296875 0.099072215625 0.2589783296875 0.095135328125 0.2476549640625 0.082536884375 0.2383789953125 0.0720258984375 0.23573400000000003 0.0569734953125 0.23758220312499997 0.03695840625 0.2508626046875 0.032893040624999995 0.2592329390625 0.034559223437499995 0.27280290625000003 0.053127240625 0.28921706875000003 0.072061753125 0.28787609999999997
1 0.1605456421875 0.23076851718750002 0.139999721875 0.22935565625 0.12064393437500001 0.2376356265625 0.1126964578125 0.245498728125 0.112567984375 0.265192428125 0.1308979765625 0.2796680234375 0.15735868749999998 0.277402953125 0.176000396875 0.263307284375 0.1763669 0.24555215156250002 0.1605456421875 0.23076851718750002
1 0.249467746875 0.2601900078125 0.2535331078125 0.2518196734375 0.2516288984375 0.23631114062499997 0.24565932968749998 0.229172940625 0.22828144374999998 0.22245160625 0.20821157656249997 0.22491587656249998 0.1961439625 0.23033317968749997 0.186401834375 0.24432001718750002 0.1915288515625 0.2653362140625 0.20914476406250002 0.2739961140625 0.23787618125 0.26948444375 0.249467746875 0.2601900078125
1 0.31313818437499996 0.26024343125 0.322697065625 0.2551341625 0.33106581562500004 0.24033205781250003 0.3298756859375 0.2306392265625 0.31817457031249996 0.21830139375000002 0.3010347109375 0.21351862968750002 0.2859823125 0.21536683124999997 0.26686455 0.2255853703125 0.2616638328125 0.23507900468749998 0.26285396250000004 0.2447718375 0.272284371875 0.25935627031249997 0.2869154953125 0.26444706875 0.31313818437499996 0.26024343125
1 0.40978865625000005 0.2385372796875 0.4041855859375 0.213643946875 0.38406094375 0.20529208593749998 0.363991075 0.2077563546875 0.3473820453125 0.2176668578125 0.3403866734375 0.2332842265625 0.3475463765625 0.2501152578125 0.3674329890625 0.2565285546875 0.39365567968750004 0.2523249171875 0.40207920625 0.24833894843749998 0.40978865625000005 0.2385372796875
1 0.445203725 0.24697950937500002 0.46390021406250004 0.2436999734375 0.4748324734375 0.2394059703125 0.48505065625 0.22929626875000003 0.485655184375 0.2134797 0.48243236874999995 0.20797203749999998 0.45932294218749997 0.1960510734375 0.4392530734375 0.19851534375 0.42742348750000003 0.2058712125 0.4197140375 0.21567287968749999 0.41910951250000006 0.2314894484375 0.4253171078125 0.24056621250000002 0.4346927390625 0.244334509375 0.445203725 0.24697950937500002
1 0.554947609375 0.1971004890625 0.5400784625 0.190071125 0.5124823921874999 0.1934594953125 0.4954520875 0.2103090015625 0.497594321875 0.2277561 0.512939528125 0.2386625984375 0.541908975 0.23608949375 0.5607887125000001 0.223932390625 0.560917184375 0.2042386890625 0.554947609375 0.1971004890625
1 0.6039680078125 0.2333890859375 0.6126295625 0.23134168437499997 0.6283412609375 0.2244930484375 0.6362887374999999 0.216629946875 0.6361791828125 0.1949976765625 0.62083398125 0.1840911828125 0.6103229953125 0.18144618125 0.5927618609375 0.1836024171875 0.5752555046875 0.1965747890625 0.57119014375 0.20494512343750002 0.5723802734375 0.21463795624999998 0.575841109375 0.2220841890625 0.5909482890625 0.23105211875 0.6039680078125 0.2333890859375
1 0.714059471875 0.2070809 0.71371189375 0.18351006718750001 0.70111345 0.174234103125 0.6906024640624999 0.1715891015625 0.6680238640625 0.1743614046875 0.648722853125 0.19345750781249998 0.6508650890625 0.2109046109375 0.668719021875 0.2215030734375 0.6901622734374999 0.21985406875 0.701332559375 0.217498634375 0.714059471875 0.2070809
1 0.789211921875 0.17620762031249998 0.7686112265625 0.163978625 0.7460326265624999 0.166750928125 0.726731615625 0.18584703281249998 0.72887385 0.20329413125 0.749474540625 0.21552313125000003 0.77569723125 0.21131949218749999 0.784120759375 0.207333521875 0.7915921828125 0.1955932875 0.789211921875 0.17620762031249998
1 0.8642358953124999 0.1650280421875 0.8441112515625001 0.15667618125 0.8190239203124999 0.1597565171875 0.8042643203125 0.1743594171875 0.8098673953125 0.199252753125 0.8247365453125 0.20628211875 0.8559767 0.2014624140625 0.8652975546875 0.1944145765625 0.8693629203125001 0.1860442421875 0.8642358953124999 0.1650280421875
1 0.911040359375 0.2143793703125 0.8929484000000001 0.20184233749999997 0.8628436 0.20553874218749998 0.8453372421875001 0.218511115625 0.8481935546875 0.241773915625 0.8660474875 0.252372378125 0.8950169359375 0.2497992734375 0.9011697578125 0.2480599046875 0.91318259375 0.2318264703125 0.911040359375 0.2143793703125
1 0.8331411515625 0.24362211875 0.8300468125 0.21842074843749998 0.8074134374999999 0.21037692031250002 0.7898523015625 0.21253315625 0.7802934203125 0.2176424234375 0.7703132640625 0.2296906921875 0.7731695765625 0.25295349375 0.7932942203125 0.26130535625 0.8170081781249999 0.25740975312500003 0.8256697265625 0.2553623515625 0.8331411515625 0.24362211875
1 0.753337734375 0.2573563296875 0.7574031 0.24898599531249999 0.7587217015625 0.238985128125 0.75227608125 0.22796979374999998 0.7296427000000001 0.21992596562500002 0.7120815703125001 0.2220822015625 0.7025226890625 0.2271914671875 0.692542534375 0.2392397375 0.6951608203124999 0.2605639734375 0.7127767265625 0.2692238703125 0.7440168796875 0.264404165625 0.753337734375 0.2573563296875
1 0.6390902734374999 0.22907661406250002 0.6193132078125 0.24429558125 0.6194227640625 0.26592785 0.6400234593749999 0.2781568484375 0.6712636125 0.2733371421875 0.68261715 0.2621041421875 0.6797608375 0.23884134218750003 0.6541426765625 0.2272284125 0.6390902734374999 0.22907661406250002
1 0.6019901 0.24839038750000003 0.581389409375 0.2361613890625 0.5660989796875 0.236071025 0.5540313671875 0.2414883265625 0.5392717671875 0.25609123125 0.541175975 0.27159976406249997 0.5498923062500001 0.28036849531249997 0.5620146984375001 0.285767328125 0.5882373875 0.281563690625 0.6043703609375 0.267776053125 0.6019901 0.24839038750000003
1 0.4858195109375 0.2459281046875 0.46377174062500004 0.26339367187499996 0.4629291875 0.277271675 0.4814972046875 0.29368584062499997 0.51046665 0.2911127359375 0.52683765625 0.2792636625 0.5267281015624999 0.2576313984375 0.50612740625 0.24540240156249998 0.4858195109375 0.2459281046875
1 0.448957365625 0.2671804453125 0.42811864374999997 0.25301288125 0.4078107484375 0.25353858125 0.3957431359375 0.25895588593749996 0.383254246875 0.2713121859375 0.385872534375 0.2926364203125 0.3957242203125 0.3002818515625 0.40623520468749996 0.3029268515625 0.4299491578125 0.2990312453125 0.4485908671875 0.2849355765625 0.448957365625 0.2671804453125
1 0.37309084375 0.2922380234375 0.37321931406250003 0.272544321875 0.3498718609375 0.258684790625 0.32729325625 0.2614570953125 0.30799224375 0.2805531984375 0.31311926875 0.30156939843749997 0.3202241890625 0.3075842984375 0.3332439078125 0.3099212609375 0.3544491328125 0.3063336921875 0.3606019484375 0.304594325 0.37309084375 0.2922380234375
1 0.2691521953125 0.31680683906249996 0.28032248125 0.3144514046875 0.2885079828125 0.3085268671875 0.2961626578125 0.2879090671875 0.2897170359375 0.27689373281249996 0.2746098546875 0.267925803125 0.2568106953125 0.2681434734375 0.23996364374999998 0.276115409375 0.22974546093749998 0.28622511093749997 0.228426853125 0.29622597812499996 0.23534853125000002 0.31111844375 0.244962190625 0.3168253109375 0.2691521953125 0.31680683906249996
1 0.16924305625 0.28086321875000003 0.15221275 0.29771272187500003 0.15733976875 0.318728925 0.1724469453125 0.3276968546875 0.201178365625 0.32318518281249997 0.21707331875000002 0.30745897968749997 0.214693059375 0.2880733140625 0.19934785625 0.2771668140625 0.16924305625 0.28086321875000003
1 0.1410972359375 0.310884290625 0.13943105312499998 0.2973143265625 0.1334614859375 0.29017612656249997 0.11883036250000001 0.285085328125 0.0937430265625 0.288165665625 0.07623666875 0.301138034375 0.0763462234375 0.3227703015625 0.0944381890625 0.33530733437500004 0.118390165625 0.3333502953125 0.137269903125 0.32119319375 0.1410972359375 0.310884290625
1 0.1052419703125 0.35070703281250004 0.0846412796875 0.338478034375 0.059553943750000005 0.34155837187500004 0.0425236390625 0.35840787500000004 0.0449038984375 0.37779354062500003 0.06299586406249999 0.390330571875 0.08670981562499999 0.38643496875 0.103318846875 0.376524465625 0.1087028125 0.3581532640625 0.1052419703125 0.35070703281250004
1 0.261259496875 0.335486071875 0.24340555625000002 0.32488761093749996 0.2133007578125 0.328584015625 0.19627045781250002 0.34543351875 0.20163550156249999 0.3683882859375 0.21650465156249998 0.37541765 0.240456634375 0.3734606109375 0.2559303046875 0.36467340937500003 0.26363975625 0.35487174062500004 0.261259496875 0.335486071875
1 0.1708714 0.37708512031249997 0.1833602890625 0.3647288203125 0.183250734375 0.343096553125 0.1706522921875 0.3338205890625 0.14986834531249998 0.33046915781249997 0.12824185 0.340995728125 0.1202943734375 0.34885882968750004 0.11968985000000001 0.364675396875 0.1261354703125 0.37569072812500004 0.1357491296875 0.38139759375 0.1647185765625 0.3788244890625 0.1708714 0.37708512031249997
1 0.33675952656249997 0.3281836296875 0.3136500921875 0.3162626671875 0.2960889625 0.318418903125 0.2738031609375 0.3339459046875 0.2771355265625 0.36108583906249997 0.29976890312500004 0.36912966875 0.318465390625 0.3658501328125 0.3271269453125 0.36380273125 0.3373451265625 0.3536930296875 0.33675952656249997 0.3281836296875
1 0.3713509609375 0.3091778921875 0.351573896875 0.3243968578125 0.3544302109375 0.347659659375 0.3747928796875 0.357950090625 0.3959981015625 0.3543625203125 0.4146398109375 0.34026685 0.4147682828125 0.32057315000000003 0.3941675859375 0.308344153125 0.3713509609375 0.3091778921875
1 0.4902683125 0.31327070468749996 0.47492310625 0.30236420625 0.4541391609375 0.299012778125 0.4293446328125 0.3148478125 0.42646940000000005 0.332910984375 0.44252868437500004 0.34963317968749996 0.4667186859375 0.3496147078125 0.47765094843749994 0.3453207078125 0.49013983593750005 0.3329644078125 0.4902683125 0.31327070468749996
1 0.5604391484375 0.3351555953125 0.5704193046875 0.323107328125 0.56803904375 0.303721659375 0.550185109375 0.29312319375 0.5296391921875 0.29171033125 0.510759453125 0.3038674328125 0.5053207093750001 0.311422503125 0.5077009703125 0.330808171875 0.5202994140625 0.34008413437499996 0.5308104 0.3427291328125 0.5520156203125001 0.3391415625 0.5604391484375 0.3351555953125
1 0.6254471078125 0.2838821828125 0.6051392156250001 0.2844078859375 0.5830914468749999 0.3018734578125 0.582248896875 0.31575145781249997 0.5884564906249999 0.3248282234375 0.6008169078125001 0.33216562031249997 0.6297863546875 0.3295925171875 0.643886653125 0.319990046875 0.64604780625 0.2961111796875 0.6254471078125 0.2838821828125
1 0.72429459375 0.29043926875000003 0.7183250250000001 0.28330106875 0.7034558718749999 0.27627170625 0.6806392453125001 0.27710544062500003 0.6608621828125 0.2923244109375 0.65703484375 0.3026333109375 0.6609717374999999 0.313956678125 0.6815724296875 0.326185678125 0.7055244125 0.3242286390625 0.7218954171874999 0.312379571875 0.72429459375 0.29043926875000003
1 0.80146080625 0.296706790625 0.7988425203125 0.27538255624999997 0.7759711125 0.2654001578125 0.7511218078125 0.270419065625 0.736600234375 0.286960534375 0.738266415625 0.3005304984375 0.7469827484375 0.309299234375 0.7618518953125 0.3163285984375 0.783057121875 0.312741028125 0.7939893828125 0.30844702343749997 0.80146080625 0.296706790625
1 0.8819783015624999 0.288788278125 0.8798360671875001 0.2713411765625 0.8738664921874999 0.26420297812500004 0.85923536875 0.2591121796875 0.8314012749999999 0.2605619859375 0.816641675 0.2751648859375 0.8194979890624999 0.2984276859375 0.8373519265624999 0.3090261515625 0.8663213750000001 0.306453046875 0.8779129359375 0.2971586125 0.8819783015624999 0.288788278125
1 0.9260360015625 0.3365090734375 0.9206709562500001 0.31355430625 0.90556378125 0.3045863765625 0.86817080625 0.31114544843749997 0.8584286750000001 0.32513228125000004 0.8603328828125001 0.340640815625 0.866540478125 0.349717584375 0.886665121875 0.358069446875 0.9103790796875 0.3541738421875 0.9219706421874999 0.34487940781250004 0.9260360015625 0.3365090734375
1 0.8170798874999999 0.36169395625 0.8307589109375 0.35903048593750003 0.8412151203124999 0.3508593515625 0.843376271875 0.326980484375 0.828031071875 0.3160739890625 0.817520084375 0.3134289875 0.79995895 0.3155852234375 0.78245259375 0.32855759687499997 0.7783872328125 0.33692792968749996 0.7798153890624999 0.3485593296875 0.7953986171875 0.36140439375 0.808418334375 0.3637413609375 0.8170798874999999 0.36169395625
1 0.76750975 0.3520380625 0.765605540625 0.3365295296875 0.7502603359375 0.325623034375 0.7397493500000001 0.3229780328125 0.71967948125 0.325442303125 0.7024111515625 0.340353240625 0.7047914109375 0.35973890625 0.7253921078125 0.371967903125 0.7541235296875 0.36745623437499997 0.763444384375 0.360408396875 0.76750975 0.3520380625
1 0.6905815625 0.3477091109375 0.67750706875 0.3345560125 0.6589938296875 0.32895798125 0.651467628125 0.32988208281250003 0.6394000140625 0.33529938125 0.6246404203125 0.3499022859375 0.6267826546874999 0.3673493859375 0.650130109375 0.381208915625 0.6713353296875 0.377621346875 0.687706334375 0.3657722765625 0.6905815625 0.3477091109375
1 0.5689174546875 0.3419857609375 0.549378415625 0.3591432984375 0.552234728125 0.3824060984375 0.569850640625 0.39106599375 0.5985820578125 0.386554325 0.6124443312500001 0.37501328906250003 0.61209675 0.3514424546875 0.58396985625 0.3401375578125 0.5689174546875 0.3419857609375
1 0.4886379859375 0.351842840625 0.4711316265625 0.364815209375 0.47470201718749994 0.3938937109375 0.49207990468749996 0.40061503906249996 0.5183025890625 0.39641140468749997 0.5351496453125 0.388439465625 0.5343260125 0.3609915 0.5112165859375 0.3490705375 0.4886379859375 0.351842840625
1 0.45415609999999995 0.39248084843750003 0.4597780921875 0.3760482140625 0.45631725625 0.3686019796875 0.43846331875000005 0.35800351406250003 0.4204261296875 0.35628261562499997 0.4035790796875 0.36425455156250003 0.3933608921875 0.3743642546875 0.3932324203125 0.39405795625 0.39920199375 0.40119615625 0.41657987500000004 0.40791748749999995 0.4377850953125 0.4043299171875 0.45415609999999995 0.39248084843750003
1 0.3761473359375 0.400091325 0.3760377890625 0.378459059375 0.3632013203125 0.3672445265625 0.3526903328125 0.3645995265625 0.3401466625 0.3661396953125 0.3155901609375 0.3839133 0.3186845 0.40911466875 0.3310449171875 0.41645206874999996 0.3549968953125 0.41449502968749996 0.36365845 0.4124476296875 0.3761473359375 0.400091325
1 0.30029973125 0.3838229375 0.28770128906250003 0.3745469734375 0.2696641015625 0.3728260734375 0.25030831249999996 0.38110604375 0.24009013124999998 0.391215746875 0.23900955625 0.40315518125 0.2525601015625 0.42018541249999997 0.2683265828125 0.42415291093749996 0.284514334375 0.42118140937500004 0.3006473125 0.4073937703125 0.30029973125 0.3838229375
1 0.22443320937500003 0.40888051562500005 0.221814921875 0.3875562796875 0.20419901093749998 0.378896384375 0.18412914375 0.3813606546875 0.1672820859375 0.3893325921875 0.1598106625 0.40107282499999997 0.16768444531249999 0.42371955781250004 0.177298103125 0.42942642343750004 0.2062675515625 0.42685331875 0.21242036718750001 0.4251139515625 0.22443320937500003 0.40888051562500005
1 0.12963216718749998 0.4352790640625 0.14212105625 0.4229227640625 0.14129742812499999 0.39547479375 0.12391954218750001 0.3887534640625 0.10134094375 0.3915257671875 0.0867645921875 0.3972511015625 0.0770224625 0.41123793906249995 0.0819114546875 0.43031557343750004 0.0917631390625 0.43796100468750004 0.10227412656249998 0.440606 0.1234793453125 0.4370184328125 0.12963216718749998 0.4352790640625
1 0.19119623125000001 0.4700274875 0.19156272968750002 0.45227235625000006 0.1762175234375 0.441365859375 0.143603990625 0.4453702984375 0.136315815625 0.44823296562500003 0.1263356578125 0.4602812328125 0.1321767609375 0.48711313437500003 0.147045909375 0.49414249843749997 0.1609629546875 0.4934175953125 0.17691268437500002 0.488507528125 0.19119623125000001 0.4700274875
1 0.26788638593749997 0.472417878125 0.271713725 0.462108978125 0.26753880625000004 0.44884704375 0.24944684687500002 0.4363100125 0.22686824218749999 0.43908231718749996 0.207091178125 0.45430128906249995 0.2101855171875 0.47950265468750003 0.22529269687500003 0.4884705828125 0.24673594375 0.4868215796875 0.2553974984375 0.484774178125 0.26788638593749997 0.472417878125
1 0.344576540625 0.474808265625 0.355216003125 0.4577595625 0.3500889859375 0.43674336562500005 0.34298405781249997 0.4307284671875 0.3244708203125 0.4251304359375 0.2971127765625 0.43045737187500005 0.28665656875 0.43862850781249996 0.2805585234375 0.4511840078125 0.2886703328125 0.47576930937500006 0.3113037078125 0.48381313906249995 0.335017665625 0.479917534375 0.344576540625 0.474808265625
1 0.4214499515625 0.46832108906250003 0.428921375 0.4565808515625 0.42582703593750004 0.43137948593750003 0.407973096875 0.4207810203125 0.382647740625 0.42192279062500004 0.37058012812499996 0.4273400953125 0.3603619390625 0.437449796875 0.361185571875 0.4648977625 0.37653077968750004 0.4758042609375 0.3870417640625 0.47844926093750006 0.40573824687500004 0.4751697234375 0.4214499515625 0.46832108906250003
1 0.49488144062500006 0.41306170781249996 0.47475679531250004 0.4047098453125 0.4499074921875 0.40972875000000003 0.4349098640625 0.422393084375 0.43776617812499996 0.445655884375 0.46087560625 0.45757684843749996 0.48208082656249995 0.453989278125 0.5004845109375 0.4379550421875 0.5008510078125 0.42019990781249994 0.49488144062500006 0.41306170781249996
1 0.5555123156249999 0.3987298984375 0.530424984375 0.4018102359375 0.51859539375 0.40916610625 0.5108859484375 0.41896777187499995 0.51648901875 0.44386110624999997 0.5366136625 0.45221296874999994 0.562836346875 0.44800933125000003 0.5787313000000001 0.43228313125 0.5761130140625 0.41095889531249996 0.5555123156249999 0.3987298984375
1 0.653993303125 0.42304211875000003 0.6543598 0.40528698125 0.636029809375 0.39081138437499996 0.625518825 0.3881663890625 0.612975159375 0.38970655781249997 0.5906893640625 0.4052335578125 0.5910369390625 0.42880439218750005 0.6063821453125 0.4397108921875 0.6280634171874999 0.44000045312499997 0.641504409375 0.4353984203125 0.653993303125 0.42304211875000003
1 0.8113294234374999 0.39782029375 0.8096632406250001 0.3842503265625 0.8023202953125 0.376296859375 0.781060296875 0.3690682984375 0.76122845625 0.3734711328125 0.74623083125 0.3861354671875 0.74908714375 0.40939826718749994 0.772196571875 0.42131923125000004 0.7934017921875001 0.41773166249999993 0.807502090625 0.40812919374999995 0.8113294234374999 0.39782029375
1 0.8920849437499999 0.3918403453125 0.8869579265624999 0.3708241484375 0.879853 0.36480925000000003 0.8613397656249999 0.35921121875 0.8412698984375 0.3616754875 0.8244776187499999 0.38046355625 0.8296046390624999 0.4014797578125 0.8524760390624999 0.4114621515625 0.8736812609375001 0.407874584375 0.8798340828125 0.406135215625 0.8920849437499999 0.3918403453125
1 0.722021903125 0.42747990625 0.7299693796875 0.4196168046875 0.7323685640625001 0.39767650625 0.71678533125 0.3848314421875 0.7062743453125 0.382186440625 0.686204478125 0.384650709375 0.6686981203125 0.3976230828125 0.66856965 0.41731678125 0.6868996390625 0.43179237812500004 0.69991935625 0.4341293453125 0.7085809125 0.43208194375 0.722021903125 0.42747990625