1 0.7580086046875001 0.0028940234374999997 0.7422516375 0.0048097578125 0.7339901609374999 0.008882493750000001 0.722396215625 0.02284423125 0.7199192375 0.0315134796875 0.7232267640625001 0.0447792453125 0.729483771875 0.0512708671875 0.7449472562499999 0.057479970312499996 0.7681102078125 0.052711256250000005 0.77970415625 0.03874951875 0.782181128125 0.030080271874999998 0.77792859375 0.013024290625 0.7580086046875001 0.0028940234374999997
1 0.645884378125 0.0368884828125 0.636205390625 0.035275893749999995 0.61873743125 0.0396311453125 0.6109484593750001 0.045598985937499996 0.6049599890625 0.054137290625 0.60295551875 0.06470164687499999 0.6093915453125 0.08121322187499999 0.6191600484374999 0.0878357890625 0.63016703125 0.09012373125 0.6467795 0.0869882375 0.6545684703125 0.08102039062500001 0.6630339125 0.0638128421875 0.658781378125 0.0467568609375 0.645884378125 0.0368884828125
1 0.7407094015625 0.11489826875 0.7313238953125001 0.1051608359375 0.7176609093749999 0.10152219375 0.7084544265625 0.10180470781249999 0.68974798125 0.11049458125 0.6842320140625 0.12092799375 0.6827000453125 0.1333874625 0.6877185625 0.14421370625000002 0.6966315671875 0.1520560328125 0.713333540625 0.1539305140625 0.721212025 0.15297264531250002 0.7333679890625 0.1459159921875 0.7410674515625 0.13493817187499998 0.7435444234374999 0.1262689234375 0.7407094015625 0.11489826875
1 0.6072476734375 0.13307713593749998 0.5927291953125 0.1306582484375 0.5718392515625 0.1398925296875 0.5633738078125 0.157100084375 0.5671538375 0.1722609546875 0.573410840625 0.178752578125 0.58621833125 0.18361098125 0.609381278125 0.178842265625 0.6214477328125 0.1667756359375 0.6239247046874999 0.1581063875 0.619672171875 0.14105040625 0.6072476734375 0.13307713593749998
1 0.54134515625 0.07804991875 0.53508815 0.07155829687500001 0.51611316875 0.065218246875 0.49864520937499995 0.0695734984375 0.4908562359375 0.075541340625 0.483156775 0.086519159375 0.48882681874999995 0.109260465625 0.491955321875 0.11250627499999999 0.5039073171874999 0.11858443593750001 0.5144418 0.118977271875 0.52450378125 0.1174749984375 0.5344762453125 0.11096274531250001 0.5421757046875 0.09998492656249999 0.5441801796875 0.0894205734375 0.54134515625 0.07804991875
1 0.49863494062499997 0.1672025421875 0.4844994515625 0.1616687875 0.46655898906250004 0.16412893281250002 0.4582975109375 0.168201665625 0.44888705937499995 0.181619 0.45190110624999996 0.20300960156249998 0.4621421109375 0.21152727968749999 0.473149096875 0.21381522187500002 0.49194505624999996 0.210135321875 0.49802303593749997 0.20660699375 0.5074334859375 0.1931896609375 0.5048919453125 0.1736941640625 0.49863494062499997 0.1672025421875
1 0.3701917296875 0.1962076578125 0.35614575312499996 0.1956838765625 0.341806296875 0.20328494218749998 0.33239584375 0.2167022734375 0.331629859375 0.22293200937500002 0.33446488125 0.2343026609375 0.3411943921875 0.24268939218750002 0.358841375 0.2483540921875 0.3754538375 0.2452185984375 0.3832428109375 0.23925075312500002 0.39170825625 0.22204320156250001 0.384799721875 0.20363651875 0.3701917296875 0.1962076578125
1 0.4674937296875 0.26554819531249996 0.45288573593750003 0.258119334375 0.4262112921875 0.262757103125 0.413378859375 0.281053465625 0.41450288906250005 0.294863634375 0.41810389531250003 0.3000045515625 0.428344896875 0.3085222296875 0.439351884375 0.310810171875 0.45814784375000006 0.307130271875 0.4702142921875 0.295063640625 0.47269127031249997 0.286394390625 0.47156723749999996 0.272584225 0.4674937296875 0.26554819531249996
1 0.4067535390625 0.3521509859375 0.39489105625 0.35108280468749997 0.386157078125 0.35326042968750004 0.3761846078125 0.3597726765625 0.3684851484375 0.370750496875 0.36648067812499996 0.3813148546875 0.3751002 0.397282021875 0.38439619375 0.40200948125 0.39274718124999997 0.40294671875 0.41154314062499997 0.39926681875000003 0.42360959375 0.3872001859375 0.4260865671875 0.3785309390625 0.41870553125 0.35822915 0.4067535390625 0.3521509859375
1 0.544109753125 0.3309882015625 0.5273182656250001 0.32410374218750004 0.505483315625 0.3295478078125 0.5015888296875 0.3325317296875 0.4956003625 0.34107003125 0.49235740000000006 0.3559690140625 0.500504421875 0.370041071875 0.512456415625 0.3761192328125 0.520807403125 0.377056475 0.537419865625 0.373920978125 0.5452088390625 0.3679531359375 0.553674284375 0.350745584375 0.550366759375 0.3374798234375 0.544109753125 0.3309882015625
1 0.5800904609375 0.23344884531250001 0.5707944656249999 0.2287213859375 0.5519089953125 0.2273913078125 0.537569534375 0.23499237499999998 0.529870078125 0.2459701921875 0.527865603125 0.256534546875 0.5338291296875 0.2711510109375 0.5510931203125 0.2799305796875 0.5567881109374999 0.2795171171875 0.571217078125 0.27692603125000004 0.577295059375 0.273397703125 0.5867055125 0.2599803671875 0.588237478125 0.247520903125 0.5800904609375 0.23344884531250001
1 0.41812443125 0.1047464625 0.4061724375 0.0986683015625 0.394309953125 0.09760011406249999 0.383392478125 0.10032214531250001 0.37560350625 0.10628999218749999 0.3671380625 0.1234975421875 0.3745191 0.14379933281249999 0.389127090625 0.1512281984375 0.39482208124999996 0.1508147359375 0.4153290296875 0.14469532031250001 0.42350099375 0.13561261093750002 0.42597797187499997 0.1269433625 0.4257989453125 0.1169234109375 0.41812443125 0.1047464625
1 0.3067661859375 0.13251119218750002 0.2974701890625 0.12778372968750001 0.28560771093750004 0.1267155453125 0.274690234375 0.129437578125 0.26300677499999997 0.13838934218750001 0.2587292984375 0.1444881328125 0.2567248234375 0.1550524875 0.263160853125 0.1715640625 0.280424846875 0.180343625 0.286119834375 0.1799301640625 0.2983653109375 0.1778834828125 0.308337775 0.1713712359375 0.316803221875 0.154163684375 0.3130231921875 0.13900281406249998 0.3067661859375 0.13251119218750002
1 0.2632899890625 0.227893546875 0.24602599687499999 0.219113984375 0.230269028125 0.22102971875000002 0.22419104843749998 0.2245580484375 0.21640207500000003 0.2305258890625 0.21088611093749998 0.2409593015625 0.21248264374999998 0.2566645796875 0.21608365156249998 0.261805496875 0.234675640625 0.2712604171875 0.25565509531249997 0.2670361078125 0.26344406875000004 0.26106826562499996 0.2689600328125 0.250634853125 0.2668909953125 0.233034465625 0.2632899890625 0.227893546875
1 0.19635295 0.1640661359375 0.186494940625 0.15243359375 0.1679924625 0.14798865156250002 0.15489149062500002 0.151255090625 0.1449190265625 0.157767340625 0.1376920671875 0.1706402671875 0.1373985859375 0.178765109375 0.1460181109375 0.1947322765625 0.1579701046875 0.20081043906249998 0.1685045859375 0.20120327031250002 0.178566565625 0.19970099531250002 0.188539034375 0.1931887484375 0.19623849531249998 0.182210928125 0.1982429640625 0.17164657187500001 0.19635295 0.1640661359375
1 0.077320190625 0.179653915625 0.065840703125 0.1754708640625 0.0517947234375 0.1749470828125 0.035271771875 0.18309255468750002 0.0275723109375 0.1940703734375 0.025567840624999998 0.204634728125 0.0315313625 0.2192511921875 0.04613935625 0.22668005624999998 0.0544903453125 0.2276172984375 0.068919315625 0.2250262109375 0.0728138 0.2220422890625 0.08564623437499999 0.203745925 0.0804486921875 0.182899725 0.077320190625 0.179653915625
1 0.1438742375 0.2465961921875 0.12280527031249999 0.2458105234375 0.112360303125 0.250427665625 0.100766353125 0.26438940781250003 0.10017939375 0.2806390921875 0.1100374046875 0.2922716328125 0.12284489531250001 0.2971300359375 0.14600784218750001 0.292361325 0.1576017875 0.2783995828125 0.15818875 0.26214989843750003 0.1541152390625 0.2551138703125 0.1438742375 0.2465961921875
1 0.3417960265625 0.3009139890625 0.33241052187500003 0.291176553125 0.32358702968749997 0.2883442046875 0.30735755781249996 0.2883648296875 0.29301809843750004 0.2959658953125 0.2840801515625 0.3112783359375 0.28880518906249997 0.3302294265625 0.3065416828125 0.3409041015625 0.31223667499999996 0.3404906390625 0.3288491375 0.3373551453125 0.33492711875 0.33382681718749996 0.3426265796875 0.322848996875 0.345103553125 0.3141797484375 0.3417960265625 0.3009139890625
1 0.22730928125 0.3254329046875 0.22152478125 0.32083639062499997 0.20254979999999997 0.3144963375 0.1833708484375 0.32129110625 0.17396039375 0.3347084421875 0.1724284296875 0.34716790625 0.1805754453125 0.361239965625 0.19518344062499998 0.3686688296875 0.2008784296875 0.3682553671875 0.2153074 0.3656642796875 0.2230963734375 0.359696434375 0.2295573453125 0.3530532421875 0.23280030312500002 0.33815425781249997 0.22730928125 0.3254329046875
1 0.11766202968749999 0.35075811562500003 0.095086040625 0.3392771453125 0.07761808125 0.343632396875 0.06982911093750001 0.3496002421875 0.063840640625 0.3581385453125 0.0618361671875 0.368702903125 0.0646711890625 0.3800735546875 0.0775681921875 0.3899419359375 0.088575178125 0.39222987656249997 0.10518764218750001 0.38909438281250003 0.111265621875 0.385566053125 0.12191456406250001 0.367814096875 0.12173553749999999 0.3577941453125 0.11766202968749999 0.35075811562500003
1 0.796932934375 0.168312896875 0.776808975 0.17131744531249998 0.769020003125 0.177285290625 0.760082053125 0.1925977328125 0.7616785921875 0.20830300937500001 0.76527959375 0.21344392812500002 0.7777040921875 0.2214172 0.7860550796875 0.22235444218749997 0.8070345359375001 0.218130134375 0.8215779624999999 0.1973942546875 0.8213989343750001 0.187374303125 0.8168529250000001 0.178443165625 0.796932934375 0.168312896875
1 0.702072696875 0.2110869265625 0.6953431875 0.20270019375 0.6833911968749999 0.19662203125 0.6715287140624999 0.1955538453125 0.6528222640625 0.2042437234375 0.6451228046875 0.21522154062499999 0.643118334375 0.22578589999999998 0.64908185625 0.2404023640625 0.66368985 0.24783122500000002 0.6720408375 0.24876846718749998 0.6864698109375 0.24617737968750003 0.6925477890625 0.24264904999999998 0.7019582390625 0.22923171562500003 0.704435215625 0.2205624671875 0.702072696875 0.2110869265625
1 0.7822897265625001 0.281667846875 0.772904221875 0.27193041406249996 0.7539292390625 0.2655903625 0.732566790625 0.2729295375 0.7231563421875 0.2863468734375 0.7206793640625 0.295016121875 0.7230418828125 0.3044916625 0.72977139375 0.3128783953125 0.7417233875 0.31895655624999997 0.752257871875 0.3193493921875 0.762319846875 0.3178471140625 0.772292315625 0.311334865625 0.7834137625 0.2954780171875 0.7841797421875001 0.2892482828125 0.7822897265625001 0.281667846875
1 0.65177748125 0.293072575 0.64209849375 0.291459984375 0.6185525484375 0.2993435625 0.6091421 0.312760896875 0.611683640625 0.332256390625 0.61794064375 0.3387480140625 0.633404134375 0.34495712031250003 0.6543835890625 0.3407328140625 0.6621725625 0.334764971875 0.669399515625 0.32189204375 0.664674478125 0.30294095312499997 0.65177748125 0.293072575
1 0.7395795125 0.37082047500000004 0.7201320265625 0.3625853125 0.6987695828125 0.3699244875 0.6859371453125 0.388220853125 0.687061178125 0.40203101874999997 0.6937906859375 0.41041775156250004 0.7083986796875 0.4178466171875 0.7140936671875 0.4174331546875 0.7307061312500001 0.41429766093750003 0.736784115625 0.41076933281250005 0.7461945640625001 0.397351996875 0.7469605484375 0.3911222640625 0.7395795125 0.37082047500000004
1 0.8380407562500001 0.3331873640625 0.8244672812499999 0.33455869531250004 0.810127825 0.342159759375 0.7994788875000001 0.35991171718750004 0.8037314203125 0.376967696875 0.8249794093749999 0.387773315625 0.8459588625000001 0.3835490109375 0.8537478328124999 0.37758116406250003 0.864396771875 0.3598292078125 0.8553047484375 0.3419669328125 0.8380407562500001 0.3331873640625
1 0.8188515390625 0.43761117968749996 0.7976930609374999 0.431815534375 0.7824085921874999 0.4356263796875 0.7746196203125 0.44159422656249997 0.765681675 0.45690666718750006 0.7694617046875 0.47206753749999997 0.7757187078125 0.47855916093750006 0.791182196875 0.48476826562499997 0.81216165 0.4805439609375 0.8160561375000001 0.4775600375 0.8242281031250001 0.4684773265625 0.8279435625 0.45547345312500004 0.8188515390625 0.43761117968749996
1 0.9021970687499999 0.511437915625 0.887116575 0.50211394375 0.862153121875 0.5043121937499999 0.8482861671874999 0.51380836875 0.8422976984374999 0.5223466734375 0.8410592140625001 0.5266812953125 0.8457842515625 0.545632384375 0.86352074375 0.556307059375 0.86921573125 0.5558935984375 0.8858281968749999 0.5527581046875001 0.8919061781250001 0.5492297749999999 0.9052111171874999 0.5328285171875 0.9064496015625 0.5284938953125 0.9021970687499999 0.511437915625
1 0.7821048453125 0.54138026875 0.765313359375 0.5344958140625 0.7434784078125001 0.539939878125 0.7318844624999999 0.5539016171875 0.7298799890625001 0.564465975 0.7317700046875 0.5720464093750001 0.7384995156249999 0.5804331421875 0.7531075078125 0.5878620031249999 0.758802496875 0.5874485421875 0.775414959375 0.5843130484375 0.7832039328125 0.5783452062500001 0.791669378125 0.5611376515625001 0.7883618515624999 0.547871890625 0.7821048453125 0.54138026875
1 0.68946331875 0.46282607656249997 0.6676283703125 0.46827014062499994 0.66373388125 0.4712540609375 0.656034421875 0.482231878125 0.6540299515625 0.4927962375 0.6626494734375 0.5087634046875 0.6746014671875 0.5148415671875 0.68513595 0.5152343968750001 0.70345940625 0.5096593875 0.7145808484375 0.49380254062500006 0.7129843140625 0.4780972640625 0.7093833078125 0.47295634375000006 0.68946331875 0.46282607656249997
1 0.5755385859375 0.49425007499999996 0.5587471015625 0.487365621875 0.5390956453125 0.4922652796875 0.52959568125 0.5006726375 0.524079715625 0.51110605 0.5283322484374999 0.5281620296875 0.53458925625 0.5346536515625 0.5438852515625 0.5393811109375 0.5522362375000001 0.5403183484375 0.5666652046875 0.5377272609375 0.576637675 0.5312150140624999 0.58510311875 0.5140074625 0.5817955921875 0.5007416984375 0.5755385859375 0.49425007499999996
1 0.6574666078125 0.562391484375 0.6406751234375 0.5555070296875 0.6210236671875 0.5604066890625 0.60895721875 0.5724733203125 0.6064802421875 0.58114256875 0.6107327734375 0.5981985453124999 0.6319807625 0.6090041640625 0.65296021875 0.60477985625 0.663315675 0.5951527421875 0.6675036453125001 0.5840439765625 0.663723615625 0.56888310625 0.6574666078125 0.562391484375
1 0.623381778125 0.39777890625 0.6044067921875 0.3914388546875 0.591305825 0.3947052921875 0.58133335625 0.4012175453125 0.573633896875 0.41219536406249996 0.5721019296875001 0.424654828125 0.5802489484375 0.43872688593750003 0.592200940625 0.444805046875 0.602735425 0.4451978828125 0.6127974046875 0.4436956078125 0.6266643562499999 0.43419943437499997 0.6329463078125 0.41753629062500003 0.6301112859375 0.40616563906250003 0.623381778125 0.39777890625
1 0.48431457031249997 0.4213812078125 0.4746355828125 0.41976861875000004 0.4532731390625 0.4271077890625 0.4438626859375 0.440525125 0.4418582125 0.4510894828125 0.450005234375 0.46516154062500004 0.46195722968749997 0.4712397015625 0.47249171093750003 0.47163253281250006 0.482553690625 0.47013025781250006 0.49470965156249996 0.46307360624999994 0.50270259375 0.44397094375 0.4967390671875 0.42935447968749996 0.48431457031249997 0.4213812078125
1 0.38319732968750003 0.4576636140625 0.3747568328125 0.4517163984375 0.3610938453125 0.4480777546875 0.3518873609375 0.44836027031250003 0.3358369109375 0.45840084687499993 0.32984844375 0.46693914999999997 0.328316478125 0.4793986171875 0.333807496875 0.49211997187499995 0.3395919984375 0.496716484375 0.34623199375 0.5000932437500001 0.3567664765625 0.500486075 0.3690119515625 0.49843939375 0.37898441875 0.491927146875 0.386683878125 0.4809493265625 0.38868835156250003 0.47038496875 0.38319732968750003 0.4576636140625
1 0.2973748203125 0.3925061296875 0.284950325 0.3845328578125 0.277927334375 0.3842709671875 0.264826365625 0.38753740468750003 0.2548538984375 0.3940496578125 0.24544344375 0.40746698906249995 0.2429664703125 0.41613623750000006 0.2590814890625 0.43426040468749993 0.270560978125 0.4384434578125 0.2762559671875 0.43802999531250003 0.2863179453125 0.43652771875 0.2962904140625 0.43001546875 0.303989871875 0.4190376515625 0.30599434531249997 0.4084732921875 0.2973748203125 0.3925061296875
1 0.18336058125000002 0.418920153125 0.1665690921875 0.41203569531250006 0.1469176359375 0.41693535312499996 0.1391286640625 0.42290320000000003 0.13314019375 0.43144150156250005 0.13113572499999998 0.44200585937500003 0.13255323593749999 0.447691184375 0.1424112453125 0.45932372812500005 0.15170724062500002 0.464051184375 0.1600582296875 0.46498842656250006 0.17667069375 0.46185293437499997 0.1844596640625 0.4558850890625 0.1929251109375 0.4386775375 0.189617584375 0.425411775 0.18336058125000002 0.418920153125
1 0.2446026296875 0.4831610265625 0.22495117343749998 0.488060684375 0.2210566859375 0.49104460781250003 0.21335722499999998 0.502022428125 0.21135275468749998 0.51258678125 0.2132427703125 0.520167215625 0.219972275 0.5285539499999999 0.2319242703125 0.5346321109375001 0.24464225156250002 0.5344805390625 0.258598715625 0.52999434375 0.2714311484375 0.5116979781250001 0.2667061109375 0.49274688906249997 0.25162561875 0.4834229171875 0.2446026296875 0.4831610265625
1 0.3462716171875 0.5514127515625 0.3272966328125 0.5450727046875 0.31201216875000004 0.54888355 0.30422319531249997 0.5548513890625 0.296523734375 0.5658292109375 0.295757753125 0.5720589406250001 0.29906528125 0.58532470625 0.3053222828125 0.591816328125 0.32078577343750003 0.59802543125 0.3395817296875 0.59434553125 0.3473707015625 0.588377690625 0.3558361484375 0.5711701390624999 0.352528621875 0.5579043734375 0.3462716171875 0.5514127515625
1 0.151746865625 0.515370696875 0.13542787812499998 0.5103813484375 0.11359293125 0.5158254125 0.100760496875 0.5341217781250001 0.10814152968749999 0.5544235671875 0.125405525 0.5632031359375 0.13546750000000002 0.5617008609374999 0.15113495937500002 0.5547751484375001 0.1610179125 0.5432529234375 0.161783896875 0.537023190625 0.15800386718749998 0.52186231875 0.151746865625 0.515370696875
1 0.45981335312500005 0.5231036171875 0.4478613625 0.5170254578125 0.4233704125 0.5211188203125 0.4088269859375 0.5418547015625 0.412607015625 0.557015571875 0.418864021875 0.56350719375 0.42816001562499995 0.568234653125 0.436511003125 0.5691718906250001 0.45312346718749996 0.566036396875 0.46091244062500003 0.56006855625 0.46937788593749996 0.5428610046875 0.466070359375 0.5295952390625 0.45981335312500005 0.5231036171875
1 0.42743365625 0.6257838953125 0.40969715781250005 0.61510921875 0.389573203125 0.6181137703124999 0.38349521875 0.6216420968749999 0.37408476875 0.63505943125 0.3770988140625 0.6564500328125 0.387339815625 0.6649677109375001 0.39834680312500004 0.667255653125 0.4171427625 0.6635757531250001 0.42493173593750005 0.6576079125 0.4321586921875 0.6447349828125 0.431034659375 0.630924815625 0.42743365625 0.6257838953125
1 0.208621921875 0.5807003828124999 0.188970465625 0.5856000421875 0.1772870078125 0.5945518046875 0.17177104375000002 0.60498521875 0.17147756249999999 0.6131100609375 0.181335571875 0.6247426015624999 0.19727156562499998 0.6328468171875 0.2226180109375 0.6275336984375001 0.23373945156249998 0.611676846875 0.23119791093750003 0.592181353125 0.2209569078125 0.5836636765625001 0.208621921875 0.5807003828124999
1 0.31123591875 0.6527423265625 0.30412341875000004 0.6474704640625 0.28476544375 0.6442452796875 0.2682424921875 0.6523907453125 0.2605430296875 0.663368565625 0.258066053125 0.672037815625 0.260901075 0.6834084687499999 0.26715808281250003 0.6899000921875 0.2817660734375 0.6973289515625 0.2874610640625 0.6969154921875 0.2997065375 0.6948688109375001 0.3096790046875 0.6883565593750001 0.3186169546875 0.6730441171875 0.3143644203125 0.6559881359374999 0.31123591875 0.6527423265625
1 0.19834570468749999 0.6929665203125001 0.1916162 0.684579790625 0.1726412171875 0.6782397390625 0.1551732578125 0.682594990625 0.147384284375 0.6885628359375 0.1401573265625 0.7014357625 0.140808853125 0.7133508234375 0.1448823640625 0.7203868515625 0.16613035468749998 0.7311924703125 0.18492631406249999 0.7275125703125 0.188820796875 0.72452865 0.19823125156250002 0.7111113140625 0.2007082234375 0.702442065625 0.19834570468749999 0.6929665203125001
1 0.5373743859375 0.5923338375 0.5254223921875 0.586255678125 0.49874794843750003 0.5908934484375 0.49057598437500005 0.5999761578125 0.48638801875000004 0.6110849218750001 0.49064055156249997 0.6281408984375 0.511888540625 0.63894651875 0.5306845 0.6352666171875 0.5384734734375 0.6292987765625 0.54693891875 0.612091225 0.5436313921875 0.5988254609375 0.5373743859375 0.5923338375
1 0.8494248765625001 0.6020928125 0.8271174234374999 0.605641771875 0.8193284484375001 0.6116096125 0.8121014921875 0.6244825406250001 0.8136980296875 0.6401878171875001 0.8172990328124999 0.6453287390625 0.8323795296875 0.654652709375 0.83807451875 0.654239246875 0.8568704781250001 0.6505593468749999 0.8646594515625001 0.6445915062500001 0.8735974000000001 0.6292790609375001 0.8698173703125001 0.6141181890625 0.8494248765625001 0.6020928125
1 0.7359726515625 0.635411925 0.716525165625 0.6271767671874999 0.6946902140625 0.63262083125 0.6830962671874999 0.6465825703125 0.68233028125 0.6528123015625 0.6897113187499999 0.6731140953125 0.7016633140625 0.67919225625 0.7100143 0.6801294953125 0.7266267656250001 0.6769940015625 0.7344157375 0.671026159375 0.7421152 0.6600483406250001 0.7428811828125 0.6538186046875001 0.7359726515625 0.635411925
1 0.6082954218750001 0.6581873046875 0.598616434375 0.6565747156249999 0.5833319703125001 0.660385559375 0.5755429984375 0.6663534015625 0.5670775515625001 0.683560953125 0.570385078125 0.6968267140625 0.576642084375 0.7033183359375 0.5921055703125 0.70952744375 0.615268521875 0.7047587296875 0.6281009562500001 0.686462365625 0.62337591875 0.6675112750000001 0.620247415625 0.664265465625 0.6082954218750001 0.6581873046875
1 0.5081231890625 0.6982599281249999 0.501393678125 0.6898731953125 0.48241869687500005 0.683533146875 0.46105625312500004 0.6908723203125 0.45288428906249995 0.6999550296875 0.45040731093749997 0.7086242796875 0.45465984375 0.72568025625 0.45778834843749994 0.72892606875 0.46974034218750005 0.7350042296875 0.4780913296875 0.73594146875 0.49470379218750005 0.732805975 0.500781778125 0.7292776484375 0.508481234375 0.71829983125 0.5109582109375 0.70963058125 0.5081231890625 0.6982599281249999
1 0.39363644375 0.7227788453125 0.3737164546875 0.712648578125 0.355775990625 0.7151087203125 0.345803521875 0.7216209671875 0.3381040609375 0.7325987875 0.34064560625 0.752094284375 0.3442466078125 0.757235203125 0.3623660984375 0.764795009375 0.38334555 0.760570703125 0.395412003125 0.7485040703125 0.3978889765625 0.7398348218749999 0.3977099546875 0.729814875 0.39363644375 0.7227788453125
1 0.272126709375 0.7470358703125 0.2579912203125 0.7415021203125 0.2361562734375 0.7469461828124999 0.23226178437499997 0.749930103125 0.22285132968750002 0.7633474390625 0.2220853484375 0.7695771703125 0.228521375 0.7860887437499999 0.23563387812499997 0.7913606093750001 0.25148035625 0.7944548484375 0.265909328125 0.791863759375 0.2736983 0.78589591875 0.2826362453125 0.770583475 0.2783837125 0.7535274937499999 0.272126709375 0.7470358703125
1 0.1895515703125 0.8390827312500001 0.185657084375 0.8420666484374999 0.17624663125 0.8554839843750001 0.1737696546875 0.8641532328125001 0.18286168125 0.8820155078124999 0.19832517031250002 0.8882246140625 0.221488121875 0.8834559000000001 0.236031546875 0.8627200203125 0.2317790140625 0.8456640390624999 0.20920302500000001 0.834183071875 0.1895515703125 0.8390827312500001
1 0.35983923125 0.819773796875 0.339919240625 0.809643525 0.329001765625 0.8123655578125 0.3263457703125 0.8110148578124999 0.3180842921875 0.8150875890625 0.31029532187500003 0.821055434375 0.3047793546875 0.831488846875 0.30684839375 0.849089234375 0.3104494 0.8542301531250001 0.3228738953125 0.8622034203125001 0.3312248859375 0.8631406625 0.34783735 0.8600051687500001 0.3539153296875 0.8564768390624999 0.3620872953125 0.84739413125 0.3645642671875 0.8387248828124999 0.35983923125 0.819773796875
1 0.31199604375 0.916244965625 0.3026105375 0.9065075328125 0.28192456250000003 0.9026069984375 0.273190584375 0.9047846234374999 0.2632181140625 0.9112968703125001 0.255518653125 0.9222746921875 0.254752671875 0.928504421875 0.25900520625 0.9455604031249999 0.2652622078125 0.9520520265625001 0.2824366875 0.9558216156249999 0.296865659375 0.953230528125 0.3029436390625 0.9497021984374999 0.3128265953125 0.9381799734375 0.3148310671875 0.9276156203125 0.31199604375 0.916244965625
1 0.5923139515625 0.86849595 0.5860569453125 0.862004328125 0.5648984671874999 0.8562086859375 0.5539809921875001 0.8589307187499999 0.5440085265625 0.865442965625 0.535070578125 0.8807554109375 0.5393231109375 0.8978113875 0.5424516140625 0.9010572 0.5522201140624999 0.9076797687499999 0.5654105953124999 0.9094233046875001 0.5776560671875 0.9073766234375 0.5837340484375 0.90384829375 0.5901950203124999 0.8972051015625 0.59609398125 0.8836568203124999 0.5923139515625 0.86849595
1 0.5869227078125 0.7631555265625 0.5696587171874999 0.7543759578125 0.5626357296875 0.7541140671875 0.5495347578125 0.75738050625 0.537851303125 0.766332275 0.5323353359375 0.7767656875 0.53204185625 0.784890528125 0.5406613765625 0.8008576921874999 0.5526133703125 0.8069358531249999 0.5631478546875 0.8073286890625001 0.5710263375 0.8063708234375 0.583182303125 0.7993141625 0.592592753125 0.7858968328125 0.592886234375 0.777771990625 0.5869227078125 0.7631555265625
1 0.6788334640625 0.7271556359375 0.6635489999999999 0.7309664812500001 0.6557600296875 0.7369343265625 0.649771559375 0.7454726296875 0.6477670859375 0.7560369875 0.6542031140625 0.7725485578125 0.6723226015625 0.7801083671875 0.6954855531249999 0.77533965625 0.7083179859375 0.757043290625 0.704065453125 0.739987309375 0.6978084453125 0.7334956874999999 0.6788334640625 0.7271556359375
1 0.7077457015624999 0.8477672515625001 0.7041446984374999 0.84262633125 0.6978876921875 0.836134709375 0.6837522046875 0.830600953125 0.667995234375 0.8325166921875 0.65973375625 0.836589425 0.6481398109375001 0.850551165625 0.65115385625 0.8719417703125 0.6667068578124999 0.8831608484375 0.6750578453125 0.8840980921874999 0.6916703109375 0.8809625984375 0.6977482890625 0.8774342703125001 0.7042092656250001 0.8707910765625 0.7083972328125 0.8596823109375 0.7077457015624999 0.8477672515625001
1 0.826813675 0.711395659375 0.8200841640625001 0.703008928125 0.8081321734375001 0.696930765625 0.7984531875 0.695318171875 0.78316871875 0.69912901875 0.775379746875 0.7050968625 0.7676802859375 0.7160746812500001 0.7669143046875 0.7223044140625 0.7702218296875001 0.735570175 0.7769513375 0.7439569078125 0.7884308265625 0.7481399578125 0.7989653109375 0.74853279375 0.8112107875 0.7464861140625 0.8228942437500001 0.737534346875 0.8284102093750001 0.7271009375 0.828703690625 0.7189760953125 0.826813675 0.711395659375
1 0.824709425 0.8145790859375 0.8153239171875001 0.8048416515625 0.8086839187500001 0.801464896875 0.7919819453125 0.7995904171875 0.7832479640625001 0.8017680421875 0.7732754953125001 0.8082802890625 0.7655760390624999 0.819258109375 0.764810053125 0.825487840625 0.7685900828125 0.8406487109375 0.7748470859375 0.8471403343749999 0.78414308125 0.8518677953125 0.792494071875 0.852805034375 0.8091065359374999 0.849669540625 0.8151845156249999 0.8461412109375 0.8245949703125 0.8327238796875 0.8265994390625 0.822159521875 0.824709425 0.8145790859375
1 0.9192761796875001 0.7799299000000001 0.8947852328125 0.7840232609375 0.8814802921875 0.8004245187500001 0.884494340625 0.821815121875 0.9000473375 0.833034203125 0.9083983265625 0.8339714453125 0.9271942859375001 0.8302915453124999 0.9388777453125 0.8213397765625 0.9456322 0.8065717421875 0.9423246734375 0.7933059796874999 0.9192761796875001 0.7799299000000001
1 0.9442498968749999 0.6801026015625 0.9327704109375 0.6759195515624999 0.9160684328125 0.6740450703125 0.9073344531249999 0.6762226953125 0.8973619875000001 0.68273494375 0.889190021875 0.691817653125 0.8867130453125001 0.7004869015625 0.890493075 0.7156477734375 0.8967500812500001 0.7221393953125 0.9060460765625 0.7268668515625001 0.9143970640625 0.72780409375 0.9331930249999999 0.7241241953124999 0.9465874734374999 0.712732915625 0.9521034374999999 0.7022995015625 0.9473784000000001 0.6833484109375 0.9442498968749999 0.6801026015625
1 0.444727 0.7835120156250001 0.43162603125 0.7867784546875 0.42336455468749995 0.7908511890625001 0.4156650953125 0.801829009375 0.41318811875000006 0.8104982578125 0.41649564375 0.82376401875 0.42275264999999995 0.830255640625 0.43470464375000006 0.8363338015625 0.44039963281250005 0.835920340625 0.46356258125 0.831151628125 0.47686751875000005 0.8147503734375 0.47479848125 0.7971499859375 0.461428975 0.7853865 0.444727 0.7835120156250001