0 0.127500790625 0.08203125156249999 0.10831925625000001 0.09472656093750001 0.1105759046875 0.1142578125 0.127500790625 0.1289062515625 0.146682325 0.1298828125 0.1557089328125 0.10058593593750001 0.153452284375 0.0888671875 0.14104069531250002 0.08203125156249999 0.127500790625 0.08203125156249999
0 0.1963286546875 0.0888671875 0.1963286546875 0.10253906406249999 0.20648358125000002 0.11132812343750001 0.225665121875 0.11035156093750001 0.232435075 0.0986328125 0.2279217703125 0.0830078125 0.20648358125000002 0.08007812343750001 0.1963286546875 0.0888671875
0 0.27869641875 0.07617187656249999 0.26854149375 0.08496093593750001 0.2707981421875 0.1044921875 0.2764397703125 0.109375 0.2956213046875 0.10839843906249999 0.3046479125 0.10058593593750001 0.30239125625 0.0830078125 0.2944929796875 0.07617187656249999 0.27869641875 0.07617187656249999
0 0.165863865625 0.1367187484375 0.1602222359375 0.1455078125 0.162478884375 0.15917969062499998 0.1681205140625 0.16406250312499998 0.18730204687500002 0.1630859359375 0.194072 0.1552734390625 0.194072 0.14355469062499998 0.17940377031250002 0.134765625 0.165863865625 0.1367187484375
0 0.2042269328125 0.1855468765625 0.1963286546875 0.1943359359375 0.1963286546875 0.2080078125 0.20197028437500003 0.2148437484375 0.21889516250000002 0.2177734390625 0.232435075 0.2099609359375 0.232435075 0.1923828125 0.22453679062499998 0.1855468765625 0.2042269328125 0.1855468765625
0 0.24484665468750003 0.130859375 0.23469172343750003 0.1396484390625 0.232435075 0.1513671875 0.2403333515625 0.162109375 0.2572582359375 0.1630859359375 0.26854149375 0.1552734390625 0.26854149375 0.1416015609375 0.260643209375 0.13281250312499998 0.24484665468750003 0.130859375
0 0.3260860953125 0.1289062515625 0.311417865625 0.13769530937500002 0.30916120937499997 0.1513671875 0.3148028375 0.1601562515625 0.3317277234375 0.1630859359375 0.3430109796875 0.1572265609375 0.345267628125 0.1416015609375 0.33511270312499997 0.130859375 0.3260860953125 0.1289062515625
0 0.35090925624999997 0.07617187656249999 0.345267628125 0.0830078125 0.345267628125 0.10058593593750001 0.357679209375 0.10742187656249999 0.370090796875 0.106445309375 0.3791173984375 0.09667969062500001 0.37686074999999997 0.07910156093750001 0.36444916875 0.07421874843750001 0.35090925624999997 0.07617187656249999
0 0.3915289796875 0.1289062515625 0.381374046875 0.13769530937500002 0.381374046875 0.1494140640625 0.38927233125 0.1601562515625 0.40619721562500005 0.15917969062499998 0.417480465625 0.1513671875 0.419737121875 0.1396484390625 0.40958218906250005 0.1289062515625 0.3915289796875 0.1289062515625
0 0.43214870312500003 0.07421874843750001 0.42199377031249996 0.08105469062500001 0.419737121875 0.09472656093750001 0.42989204687499993 0.10546874843750001 0.44456028437499995 0.106445309375 0.45358688437500005 0.10058593593750001 0.45358688437500005 0.08105469062500001 0.44343195937499996 0.07421874843750001 0.43214870312500003 0.07421874843750001
0 0.46374181718749996 0.1289062515625 0.45358688437500005 0.1396484390625 0.45358688437500005 0.1474609359375 0.4592285140625 0.15625 0.47389675000000003 0.15917969062499998 0.48743665468749997 0.15332030937500002 0.48969330468749994 0.1396484390625 0.4817950265625 0.1289062515625 0.46374181718749996 0.1289062515625
0 0.4953349328125 0.07617187656249999 0.49420660781250003 0.10058593593750001 0.502104884375 0.10546874843750001 0.5190297703125 0.1044921875 0.528056378125 0.09277343906249999 0.523543075 0.07714843906249999 0.5043615406249999 0.072265625 0.4953349328125 0.07617187656249999
0 0.576574378125 0.07031250312500001 0.5664194453125 0.07910156093750001 0.5664194453125 0.09472656093750001 0.5743177234375 0.103515625 0.5867293109375 0.1044921875 0.600269215625 0.09277343906249999 0.600269215625 0.07714843906249999 0.5923709328125 0.07031250312500001 0.576574378125 0.07031250312500001
0 0.648787215625 0.07421874843750001 0.6408889328125 0.0830078125 0.6408889328125 0.09472656093750001 0.6510438656249999 0.10546874843750001 0.6657121015625 0.1044921875 0.674738703125 0.09667969062500001 0.674738703125 0.08105469062500001 0.6645837703125 0.072265625 0.648787215625 0.07421874843750001
0 0.7131017703125 0.07714843906249999 0.710845121875 0.0888671875 0.7210000546875001 0.101562503125 0.733411634375 0.10253906406249999 0.7446948921875001 0.09667969062500001 0.7492081890625 0.07910156093750001 0.7322833109375 0.068359375 0.7131017703125 0.07714843906249999
0 0.8157794046875001 0.068359375 0.8022394937499999 0.068359375 0.7898279125000001 0.07519530937499999 0.794341215625 0.09667969062500001 0.8078811218749999 0.10058593593750001 0.8157794046875001 0.099609375 0.82593433125 0.0888671875 0.82593433125 0.07910156093750001 0.8157794046875001 0.068359375
0 0.8383459125 0.12109374843750001 0.82593433125 0.1318359359375 0.82593433125 0.14355469062499998 0.8383459125 0.1542968765625 0.8530141484374999 0.15332030937500002 0.8642974046875 0.1455078125 0.8665540546875 0.1337890640625 0.8586557765625 0.12304687656249999 0.8383459125 0.12109374843750001
0 0.766133075 0.125 0.7514648453125 0.1357421875 0.7514648453125 0.14355469062499998 0.7616197765625 0.1542968765625 0.7762880062499999 0.1552734390625 0.7875712640625 0.1474609359375 0.7898279125000001 0.1337890640625 0.7796729859375 0.125 0.766133075 0.125
0 0.8044961484375 0.1757812515625 0.794341215625 0.18457030937500002 0.794341215625 0.20019530937500002 0.8044961484375 0.2070312515625 0.8169077296875 0.20605469062499998 0.8281909859375001 0.1982421875 0.8281909859375001 0.1826171875 0.8180360546875001 0.1757812515625 0.8044961484375 0.1757812515625
0 0.8383459125 0.228515625 0.832704284375 0.2509765609375 0.842859215625 0.259765625 0.86204075 0.262695309375 0.8710673578125 0.2548828125 0.8688107031250001 0.2353515609375 0.8586557765625 0.22656250312499998 0.8383459125 0.228515625
0 0.7638764250000001 0.2304687484375 0.7559781484375 0.23730469062499998 0.758234796875 0.252929690625 0.7683897296875 0.259765625 0.7808013109374999 0.2587890640625 0.7898279125000001 0.2509765609375 0.7898279125000001 0.23730469062499998 0.781929634375 0.2304687484375 0.7638764250000001 0.2304687484375
0 0.72777000625 0.1757812515625 0.715358425 0.1865234390625 0.717615075 0.2021484390625 0.72777000625 0.208984375 0.7424382359374999 0.2080078125 0.7514648453125 0.20019530937500002 0.7514648453125 0.1865234390625 0.7435665671875 0.177734375 0.72777000625 0.1757812515625
0 0.6894069390625 0.12304687656249999 0.6769953515625 0.1318359359375 0.6769953515625 0.14355469062499998 0.687150284375 0.1542968765625 0.7018185203125 0.1552734390625 0.7131017703125 0.1474609359375 0.715358425 0.13769530937500002 0.7074601484375 0.125 0.6894069390625 0.12304687656249999
0 0.6171941015625 0.125 0.6047825140625 0.1337890640625 0.6047825140625 0.1455078125 0.6149374453124999 0.15625 0.6296056828125 0.1552734390625 0.636375634375 0.1513671875 0.6408889328125 0.1357421875 0.6329906546874999 0.1269531234375 0.6171941015625 0.125
0 0.540467959375 0.130859375 0.528056378125 0.1396484390625 0.528056378125 0.1474609359375 0.5336980062500001 0.15625 0.552879540625 0.15917969062499998 0.5664194453125 0.1513671875 0.5664194453125 0.13769530937500002 0.5562645140625 0.130859375 0.540467959375 0.130859375
0 0.5788310265625001 0.17968749687500002 0.5686760953125 0.1865234390625 0.5686760953125 0.2021484390625 0.576574378125 0.208984375 0.5912426078124999 0.2099609359375 0.602525865625 0.2021484390625 0.6047825140625 0.1884765609375 0.5946275875 0.17968749687500002 0.5788310265625001 0.17968749687500002
0 0.6533005203125 0.177734375 0.6431455875000001 0.1865234390625 0.6431455875000001 0.20019530937500002 0.6555571687499999 0.208984375 0.6657121015625 0.2080078125 0.674738703125 0.2021484390625 0.674738703125 0.18457030937500002 0.6645837703125 0.177734375 0.6533005203125 0.177734375
0 0.6916635875 0.228515625 0.6815086546875 0.23730469062499998 0.6815086546875 0.2509765609375 0.6916635875 0.259765625 0.7085884734375 0.2587890640625 0.715358425 0.252929690625 0.715358425 0.2353515609375 0.70520349375 0.228515625 0.6916635875 0.228515625
0 0.72777000625 0.28125 0.717615075 0.2919921875 0.717615075 0.3017578125 0.7300266546875 0.3125 0.7446948921875001 0.3115234390625 0.75372149375 0.3037109359375 0.75372149375 0.2900390640625 0.745823215625 0.28125 0.72777000625 0.28125
0 0.8067527968749999 0.2792968765625 0.796597865625 0.2861328125 0.794341215625 0.3017578125 0.8022394937499999 0.3105468765625 0.8169077296875 0.3115234390625 0.8281909859375001 0.3076171875 0.830447634375 0.2880859359375 0.8180360546875001 0.2792968765625 0.8067527968749999 0.2792968765625
0 0.845115865625 0.3320312515625 0.832704284375 0.340820309375 0.832704284375 0.356445309375 0.8383459125 0.3632812515625 0.8575274453124999 0.3642578125 0.8665540546875 0.3583984390625 0.8665540546875 0.3388671875 0.8563991218749999 0.3320312515625 0.845115865625 0.3320312515625
0 0.7616197765625 0.3417968765625 0.7559781484375 0.3486328125 0.758234796875 0.3583984390625 0.7683897296875 0.367187496875 0.7853146078125001 0.3662109359375 0.794341215625 0.356445309375 0.794341215625 0.346679690625 0.784186284375 0.3398437484375 0.7616197765625 0.3417968765625
0 0.698433540625 0.333984375 0.6837653109375 0.3447265609375 0.6815086546875 0.3544921875 0.6916635875 0.367187496875 0.710845121875 0.3681640640625 0.717615075 0.3642578125 0.7221283781250001 0.3505859359375 0.709716796875 0.335937496875 0.698433540625 0.333984375
0 0.6555571687499999 0.289062503125 0.6476588921875 0.2978515609375 0.6476588921875 0.3076171875 0.6578138171875 0.3164062515625 0.674738703125 0.315429690625 0.6815086546875 0.3076171875 0.6815086546875 0.293945309375 0.6713537296875 0.287109375 0.6555571687499999 0.289062503125
0 0.61945075 0.2304687484375 0.6092958171875 0.2392578125 0.6092958171875 0.2548828125 0.6171941015625 0.2617187484375 0.63186233125 0.262695309375 0.6408889328125 0.2568359359375 0.6431455875000001 0.2392578125 0.6329906546874999 0.2304687484375 0.61945075 0.2304687484375
0 0.55852116875 0.234375 0.5427246078125 0.234375 0.532569675 0.24707030937500002 0.53482633125 0.2607421875 0.5506228921874999 0.2666015609375 0.5607778171875 0.2636718765625 0.5686760953125 0.2548828125 0.5686760953125 0.2431640640625 0.55852116875 0.234375
0 0.5856009796875 0.2832031234375 0.5731893984374999 0.2900390640625 0.57093275 0.3037109359375 0.5810876828125 0.3144531234375 0.5934992640625001 0.315429690625 0.6047825140625 0.309570309375 0.60703916875 0.2919921875 0.5946275875 0.2832031234375 0.5856009796875 0.2832031234375
0 0.61945075 0.337890625 0.6092958171875 0.346679690625 0.6092958171875 0.356445309375 0.61945075 0.367187496875 0.63186233125 0.3681640640625 0.6431455875000001 0.3603515609375 0.6431455875000001 0.3447265609375 0.6352473109375001 0.337890625 0.61945075 0.337890625
0 0.5472379125 0.3398437484375 0.53482633125 0.3505859359375 0.53482633125 0.3603515609375 0.5449812640625 0.3710937484375 0.5596494937500001 0.372070309375 0.57093275 0.3642578125 0.5731893984374999 0.3505859359375 0.55852116875 0.3398437484375 0.5472379125 0.3398437484375
0 0.4772817234375 0.3398437484375 0.4603568375 0.3505859359375 0.4603568375 0.362304690625 0.475025075 0.3730468765625 0.48743665468749997 0.372070309375 0.49871991250000003 0.362304690625 0.49871991250000003 0.3505859359375 0.493078284375 0.34375 0.4772817234375 0.3398437484375
0 0.5043615406249999 0.2851562515625 0.49420660781250003 0.293945309375 0.49420660781250003 0.3076171875 0.5043615406249999 0.318359375 0.5190297703125 0.3193359359375 0.532569675 0.3115234390625 0.53482633125 0.2958984390625 0.5246713984375 0.2851562515625 0.5043615406249999 0.2851562515625
0 0.46599846562499997 0.2363281234375 0.4581001890625 0.2451171875 0.4581001890625 0.2568359359375 0.46599846562499997 0.265625 0.480666703125 0.2666015609375 0.48969330468749994 0.2607421875 0.48969330468749994 0.2451171875 0.479538378125 0.2363281234375 0.46599846562499997 0.2363281234375
0 0.43214870312500003 0.181640625 0.419737121875 0.1923828125 0.419737121875 0.20019530937500002 0.42989204687499993 0.21093749687500002 0.44681693281249996 0.2119140640625 0.45358688437500005 0.2080078125 0.4581001890625 0.1923828125 0.44568860781249997 0.181640625 0.43214870312500003 0.181640625
0 0.502104884375 0.181640625 0.49420660781250003 0.1884765609375 0.49420660781250003 0.2041015609375 0.5043615406249999 0.21093749687500002 0.521286425 0.2099609359375 0.528056378125 0.2041015609375 0.528056378125 0.1884765609375 0.5179014453125 0.181640625 0.502104884375 0.181640625
0 0.359935865625 0.181640625 0.3497809328125 0.1884765609375 0.347524284375 0.2021484390625 0.3554225609375 0.21093749687500002 0.3678341421875 0.2138671875 0.381374046875 0.20605469062499998 0.383630703125 0.19042969062499998 0.371219121875 0.181640625 0.359935865625 0.181640625
0 0.388144 0.2392578125 0.383630703125 0.2548828125 0.393785628125 0.2675781234375 0.41071051406250003 0.268554690625 0.419737121875 0.2607421875 0.419737121875 0.2431640640625 0.3982989328125 0.234375 0.388144 0.2392578125
0 0.43666200625 0.2851562515625 0.42199377031249996 0.2919921875 0.419737121875 0.3076171875 0.43214870312500003 0.318359375 0.44456028437499995 0.3173828125 0.455843540625 0.3115234390625 0.4581001890625 0.2958984390625 0.44794525625 0.287109375 0.43666200625 0.2851562515625
0 0.3531659125 0.2929687484375 0.35203758125 0.3134765609375 0.36444916875 0.322265625 0.37686074999999997 0.3212890640625 0.383630703125 0.3115234390625 0.383630703125 0.2978515609375 0.3667058171875 0.289062503125 0.3531659125 0.2929687484375
0 0.321572790625 0.2363281234375 0.311417865625 0.2431640640625 0.311417865625 0.2607421875 0.31931614218750004 0.2675781234375 0.3362410265625 0.2666015609375 0.345267628125 0.2548828125 0.345267628125 0.2451171875 0.339626 0.2382812515625 0.321572790625 0.2363281234375
0 0.280953075 0.181640625 0.2707981421875 0.1884765609375 0.2707981421875 0.20605469062499998 0.2832097234375 0.212890625 0.2956213046875 0.2119140640625 0.3046479125 0.20605469062499998 0.3046479125 0.1884765609375 0.2944929796875 0.181640625 0.280953075 0.181640625
0 0.1320140953125 0.1875 0.12185916249999999 0.1982421875 0.1241158171875 0.2080078125 0.1365273984375 0.2167968765625 0.1489389796875 0.21582030937500002 0.1602222359375 0.2080078125 0.15796558125 0.1923828125 0.1500673046875 0.1875 0.1320140953125 0.1875
0 0.17037716249999998 0.240234375 0.162478884375 0.24707030937500002 0.162478884375 0.2607421875 0.17263381718749998 0.271484375 0.18278874375 0.2724609359375 0.1963286546875 0.262695309375 0.1963286546875 0.24707030937500002 0.1861737234375 0.240234375 0.17037716249999998 0.240234375
0 0.24484665468750003 0.240234375 0.236948371875 0.24707030937500002 0.2392050265625 0.2646484390625 0.24710330468750002 0.2695312515625 0.26177154062499997 0.268554690625 0.2707981421875 0.262695309375 0.2707981421875 0.24707030937500002 0.260643209375 0.240234375 0.24484665468750003 0.240234375
0 0.2764397703125 0.2949218765625 0.2707981421875 0.3017578125 0.2707981421875 0.3134765609375 0.2832097234375 0.322265625 0.3001346078125 0.3212890640625 0.30916120937499997 0.3115234390625 0.30916120937499997 0.299804690625 0.296749628125 0.291015625 0.2764397703125 0.2949218765625
0 0.210996884375 0.2929687484375 0.20309860781250003 0.2978515609375 0.1985853046875 0.3134765609375 0.2087402359375 0.3242187484375 0.223408465625 0.325195309375 0.23469172343750003 0.3173828125 0.236948371875 0.3056640640625 0.2290500953125 0.2949218765625 0.210996884375 0.2929687484375
0 0.13427074375 0.2949218765625 0.1241158171875 0.3017578125 0.12185916249999999 0.315429690625 0.1320140953125 0.3261718765625 0.1489389796875 0.3271484390625 0.15796558125 0.3212890640625 0.1602222359375 0.3076171875 0.152323953125 0.296875 0.13427074375 0.2949218765625
0 0.174890465625 0.3457031234375 0.162478884375 0.3544921875 0.162478884375 0.3701171875 0.17263381718749998 0.3789062515625 0.18730204687500002 0.377929690625 0.1985853046875 0.3681640640625 0.1963286546875 0.3525390640625 0.1861737234375 0.3457031234375 0.174890465625 0.3457031234375
0 0.12637246562499999 0.4111328125 0.13088577031249998 0.4287109359375 0.13878404687499998 0.4335937484375 0.153452284375 0.4326171875 0.162478884375 0.424804690625 0.1602222359375 0.4052734390625 0.1320140953125 0.4042968765625 0.12637246562499999 0.4111328125
0 0.210996884375 0.398437496875 0.200841953125 0.409179690625 0.200841953125 0.4208984390625 0.213253534375 0.431640625 0.2279217703125 0.4306640640625 0.23469172343750003 0.424804690625 0.236948371875 0.409179690625 0.22453679062499998 0.398437496875 0.210996884375 0.398437496875
0 0.249359953125 0.34375 0.2392050265625 0.3505859359375 0.23469172343750003 0.362304690625 0.2403333515625 0.375 0.2572582359375 0.377929690625 0.2707981421875 0.372070309375 0.273054790625 0.356445309375 0.26741316249999997 0.3476562515625 0.249359953125 0.34375
0 0.3238294453125 0.3417968765625 0.311417865625 0.3525390640625 0.311417865625 0.3642578125 0.321572790625 0.3730468765625 0.3362410265625 0.3740234390625 0.3497809328125 0.3642578125 0.3497809328125 0.3505859359375 0.3373693515625 0.3417968765625 0.3238294453125 0.3417968765625
0 0.4005555875 0.337890625 0.388144 0.346679690625 0.3858873515625 0.3603515609375 0.3982989328125 0.3710937484375 0.41296716875 0.3701171875 0.42199377031249996 0.362304690625 0.42199377031249996 0.3505859359375 0.4163521421875 0.3417968765625 0.4005555875 0.337890625
0 0.3621925140625 0.396484375 0.3497809328125 0.4072265609375 0.3497809328125 0.418945309375 0.357679209375 0.427734375 0.3723474453125 0.4287109359375 0.3858873515625 0.4228515609375 0.3858873515625 0.403320309375 0.38024572343749996 0.398437496875 0.3621925140625 0.396484375
0 0.285466371875 0.398437496875 0.27756809531250004 0.4052734390625 0.27756809531250004 0.4208984390625 0.289979675 0.429687496875 0.30239125625 0.4287109359375 0.311417865625 0.4228515609375 0.311417865625 0.4052734390625 0.30351958125 0.398437496875 0.285466371875 0.398437496875
0 0.249359953125 0.4492187484375 0.236948371875 0.4619140640625 0.236948371875 0.471679690625 0.24710330468750002 0.4824218765625 0.25951488437500003 0.4833984390625 0.27531144531249996 0.4736328125 0.27531144531249996 0.4599609359375 0.262899865625 0.4492187484375 0.249359953125 0.4492187484375
0 0.17263381718749998 0.4550781234375 0.162478884375 0.4638671875 0.162478884375 0.4775390640625 0.17263381718749998 0.4863281234375 0.1850453984375 0.4853515609375 0.1963286546875 0.4755859359375 0.1963286546875 0.4638671875 0.183917075 0.4550781234375 0.17263381718749998 0.4550781234375
0 0.1320140953125 0.509765625 0.12862911562499998 0.5146484390625 0.12862911562499998 0.5302734390625 0.144425675 0.5380859359375 0.162478884375 0.5302734390625 0.162478884375 0.512695309375 0.14781065468750001 0.505859375 0.1320140953125 0.509765625
0 0.213253534375 0.5039062515625 0.20309860781250003 0.5146484390625 0.20309860781250003 0.5302734390625 0.210996884375 0.537109375 0.2279217703125 0.5361328125 0.2392050265625 0.5263671875 0.236948371875 0.512695309375 0.22453679062499998 0.5039062515625 0.213253534375 0.5039062515625
0 0.27756809531250004 0.5107421875 0.273054790625 0.5224609359375 0.285466371875 0.537109375 0.297877959375 0.5361328125 0.30916120937499997 0.5302734390625 0.311417865625 0.512695309375 0.289979675 0.5039062515625 0.27756809531250004 0.5107421875
0 0.359935865625 0.5039062515625 0.35203758125 0.512695309375 0.356550884375 0.5302734390625 0.381374046875 0.5322265609375 0.388144 0.5263671875 0.388144 0.5107421875 0.37573241875 0.5019531234375 0.359935865625 0.5039062515625
0 0.4389186546875 0.4980468765625 0.42650707499999996 0.5087890640625 0.42650707499999996 0.5244140640625 0.43440535156250004 0.53125 0.44681693281249996 0.5322265609375 0.4581001890625 0.528320309375 0.46261349375 0.512695309375 0.4502019125 0.4980468765625 0.4389186546875 0.4980468765625
0 0.5179014453125 0.4960937484375 0.5009765609375 0.5068359359375 0.5009765609375 0.5224609359375 0.5133881421875001 0.53125 0.523543075 0.5302734390625 0.5370829796875001 0.5205078125 0.539339634375 0.5087890640625 0.529184703125 0.4980468765625 0.5179014453125 0.4960937484375
0 0.5856009796875 0.4960937484375 0.5754460546875 0.5048828125 0.5754460546875 0.5205078125 0.5878576343749999 0.5292968765625 0.600269215625 0.528320309375 0.6115524734375 0.5205078125 0.6138091218749999 0.5087890640625 0.6059108453125 0.4980468765625 0.5856009796875 0.4960937484375
0 0.6239640546875 0.443359375 0.6138091218749999 0.4521484390625 0.6160657703125 0.465820309375 0.626220703125 0.474609375 0.6386322843750001 0.4736328125 0.6476588921875 0.4638671875 0.6476588921875 0.450195309375 0.6397606078125 0.443359375 0.6239640546875 0.443359375
0 0.5856009796875 0.390625 0.5731893984374999 0.4013671875 0.5731893984374999 0.4130859359375 0.58334433125 0.421875 0.600269215625 0.4208984390625 0.60703916875 0.4130859359375 0.60703916875 0.3994140640625 0.5946275875 0.390625 0.5856009796875 0.390625
0 0.6578138171875 0.390625 0.6476588921875 0.3994140640625 0.6476588921875 0.4111328125 0.6578138171875 0.4199218765625 0.6702253984375 0.418945309375 0.674738703125 0.4169921875 0.6769953515625 0.4013671875 0.6713537296875 0.3925781234375 0.6578138171875 0.390625
0 0.7367966078125 0.3867187484375 0.7243850265625 0.3955078125 0.7221283781250001 0.409179690625 0.7345399593749999 0.4199218765625 0.746951540625 0.418945309375 0.758234796875 0.4111328125 0.7604914453125 0.3994140640625 0.7548498171875 0.390625 0.7367966078125 0.3867187484375
0 0.7988545203124999 0.393554690625 0.7988545203124999 0.409179690625 0.8044961484375 0.416015625 0.8191643781250001 0.418945309375 0.830447634375 0.4130859359375 0.832704284375 0.3955078125 0.81352275 0.384765625 0.7988545203124999 0.393554690625
0 0.845115865625 0.4375 0.8349609390625 0.4462890640625 0.8349609390625 0.4599609359375 0.8473725203125 0.4726562515625 0.86204075 0.471679690625 0.8733240062500001 0.4619140640625 0.8733240062500001 0.4443359359375 0.8654257296875001 0.4375 0.845115865625 0.4375
0 0.7729030265625 0.4394531234375 0.7627481015625001 0.4482421875 0.7627481015625001 0.4638671875 0.7729030265625 0.4726562515625 0.7808013109374999 0.471679690625 0.794341215625 0.4638671875 0.796597865625 0.450195309375 0.7864429390625001 0.4394531234375 0.7729030265625 0.4394531234375
0 0.698433540625 0.4394531234375 0.6882786078125 0.4462890640625 0.6837653109375 0.4599609359375 0.6961768921875 0.4726562515625 0.7063318171875 0.4736328125 0.7221283781250001 0.4638671875 0.7221283781250001 0.4521484390625 0.7142301015625 0.443359375 0.698433540625 0.4394531234375
0 0.5494945609374999 0.445312503125 0.539339634375 0.4541015609375 0.539339634375 0.4677734390625 0.5472379125 0.476562503125 0.5596494937500001 0.4775390640625 0.5731893984374999 0.465820309375 0.5731893984374999 0.4521484390625 0.5630344734375 0.445312503125 0.5494945609374999 0.445312503125
0 0.5133881421875001 0.390625 0.5009765609375 0.3994140640625 0.49871991250000003 0.4130859359375 0.5088748453124999 0.4238281234375 0.523543075 0.4228515609375 0.532569675 0.4169921875 0.53482633125 0.403320309375 0.5246713984375 0.3925781234375 0.5133881421875001 0.390625
0 0.43666200625 0.3925781234375 0.42650707499999996 0.3994140640625 0.42650707499999996 0.418945309375 0.43440535156250004 0.4257812515625 0.44681693281249996 0.4267578125 0.4581001890625 0.418945309375 0.4603568375 0.4052734390625 0.45245856093750003 0.3945312515625 0.43666200625 0.3925781234375
0 0.4772817234375 0.445312503125 0.4648701421875 0.4541015609375 0.46261349375 0.465820309375 0.47276842500000005 0.478515625 0.48518000624999996 0.4794921875 0.49871991250000003 0.471679690625 0.5009765609375 0.4599609359375 0.493078284375 0.4492187484375 0.4772817234375 0.445312503125
0 0.396042284375 0.4492187484375 0.388144 0.4580078125 0.388144 0.471679690625 0.393785628125 0.478515625 0.41071051406250003 0.4794921875 0.42425041874999997 0.4677734390625 0.42199377031249996 0.456054690625 0.41409549375 0.4492187484375 0.396042284375 0.4492187484375
0 0.3238294453125 0.4492187484375 0.3136745140625 0.4638671875 0.3181878171875 0.4755859359375 0.3260860953125 0.4804687484375 0.3430109796875 0.4794921875 0.3497809328125 0.471679690625 0.347524284375 0.4541015609375 0.339626 0.4492187484375 0.3238294453125 0.4492187484375
0 0.17940377031250002 0.5605468765625 0.1692488375 0.5673828125 0.1669921890625 0.581054690625 0.17263381718749998 0.5898437484375 0.18730204687500002 0.5927734390625 0.20309860781250003 0.5830078125 0.20309860781250003 0.5693359359375 0.192943675 0.5605468765625 0.17940377031250002 0.5605468765625
0 0.2561299125 0.556640625 0.2459749796875 0.5634765609375 0.241461675 0.575195309375 0.2516166078125 0.587890625 0.26854149375 0.5888671875 0.27756809531250004 0.581054690625 0.27756809531250004 0.5634765609375 0.26741316249999997 0.556640625 0.2561299125 0.556640625
0 0.32834275 0.554687496875 0.3159311625 0.5693359359375 0.3181878171875 0.5830078125 0.32834275 0.5898437484375 0.338497675 0.5888671875 0.3497809328125 0.581054690625 0.35203758125 0.5673828125 0.3441393046875 0.556640625 0.32834275 0.554687496875
0 0.4028122359375 0.552734375 0.39040065468749996 0.5615234390625 0.39040065468749996 0.5771484390625 0.3982989328125 0.585937496875 0.41071051406250003 0.5869140640625 0.42425041874999997 0.5830078125 0.42650707499999996 0.5615234390625 0.4163521421875 0.552734375 0.4028122359375 0.552734375
0 0.4772817234375 0.552734375 0.4648701421875 0.5634765609375 0.4648701421875 0.5771484390625 0.479538378125 0.585937496875 0.48743665468749997 0.5849609359375 0.5009765609375 0.575195309375 0.5009765609375 0.559570309375 0.493078284375 0.552734375 0.4772817234375 0.552734375
0 0.551751215625 0.5507812515625 0.539339634375 0.5634765609375 0.539339634375 0.5732421875 0.5494945609374999 0.583984375 0.5664194453125 0.5849609359375 0.5754460546875 0.5791015609375 0.577702703125 0.5634765609375 0.5720610749999999 0.554687496875 0.551751215625 0.5507812515625
0 0.626220703125 0.5488281234375 0.6160657703125 0.5576171875 0.6160657703125 0.5712890640625 0.626220703125 0.5800781234375 0.6386322843750001 0.581054690625 0.6476588921875 0.5771484390625 0.6521721890625 0.559570309375 0.6397606078125 0.5488281234375 0.626220703125 0.5488281234375
0 0.6555571687499999 0.4980468765625 0.649915540625 0.5048828125 0.6521721890625 0.5224609359375 0.6600704734375 0.5273437484375 0.67925200625 0.5263671875 0.6882786078125 0.518554690625 0.686021959375 0.5009765609375 0.669097075 0.494140625 0.6555571687499999 0.4980468765625
0 0.70520349375 0.546875 0.6905352640625 0.5556640640625 0.6882786078125 0.5634765609375 0.698433540625 0.578125 0.717615075 0.5791015609375 0.72889833125 0.5693359359375 0.72889833125 0.5556640640625 0.71648675 0.546875 0.70520349375 0.546875
0 0.7345399593749999 0.4960937484375 0.7243850265625 0.512695309375 0.7367966078125 0.525390625 0.7492081890625 0.5263671875 0.7604914453125 0.518554690625 0.7627481015625001 0.5048828125 0.75259316875 0.4960937484375 0.7345399593749999 0.4960937484375
0 0.77741633125 0.5449218765625 0.76500475 0.5556640640625 0.76500475 0.5673828125 0.7751596828125 0.578125 0.7920845671875 0.5771484390625 0.7988545203124999 0.5732421875 0.8033678249999999 0.559570309375 0.7932128921875 0.546875 0.77741633125 0.5449218765625
0 0.80111116875 0.502929690625 0.80111116875 0.5146484390625 0.81352275 0.525390625 0.8281909859375001 0.5244140640625 0.8372175875 0.512695309375 0.8349609390625 0.4990234390625 0.8067527968749999 0.4960937484375 0.80111116875 0.502929690625
0 0.8541424734374999 0.5429687484375 0.83947424375 0.5517578125 0.83947424375 0.5712890640625 0.8518858249999999 0.583984375 0.8710673578125 0.5849609359375 0.882350615625 0.575195309375 0.882350615625 0.5556640640625 0.8721956828125 0.5449218765625 0.8541424734374999 0.5429687484375
0 0.8090094453125 0.601562503125 0.8033678249999999 0.6083984390625 0.8056244734375 0.6240234390625 0.81352275 0.630859375 0.830447634375 0.6298828125 0.83947424375 0.6201171875 0.8372175875 0.6044921875 0.8293193109375 0.599609375 0.8090094453125 0.601562503125
0 0.7435665671875 0.601562503125 0.72889833125 0.6162109359375 0.7390532640624999 0.630859375 0.75372149375 0.6318359359375 0.76500475 0.6240234390625 0.7695180546875 0.612304690625 0.759363121875 0.601562503125 0.7435665671875 0.601562503125
0 0.666840425 0.599609375 0.6521721890625 0.6103515609375 0.6521721890625 0.6259765609375 0.6600704734375 0.634765625 0.67925200625 0.6396484390625 0.6905352640625 0.637695309375 0.6973052156249999 0.6142578125 0.6848936343750001 0.601562503125 0.666840425 0.599609375
0 0.5946275875 0.601562503125 0.58221600625 0.6103515609375 0.5799593515625 0.622070309375 0.5856009796875 0.630859375 0.602525865625 0.6357421875 0.6160657703125 0.627929690625 0.6160657703125 0.6103515609375 0.60816749375 0.603515625 0.5946275875 0.601562503125
0 0.5314413515624999 0.6054687484375 0.5133881421875001 0.6074218765625 0.505489865625 0.6162109359375 0.5077465140624999 0.6357421875 0.5246713984375 0.6445312515625 0.5370829796875001 0.643554690625 0.5461095874999999 0.6396484390625 0.5506228921874999 0.627929690625 0.5461095874999999 0.6142578125 0.5314413515624999 0.6054687484375
0 0.43440535156250004 0.6074218765625 0.42650707499999996 0.6201171875 0.4287637234375 0.6298828125 0.44343195937499996 0.640625 0.4581001890625 0.6396484390625 0.4693834453125 0.627929690625 0.46712679687499997 0.6142578125 0.44568860781249997 0.603515625 0.43440535156250004 0.6074218765625
0 0.35470575625 0.6199779359375001 0.3667058171875 0.6425781234375 0.381374046875 0.6416015609375 0.394913959375 0.6298828125 0.38927233125 0.617187496875 0.3702630265625 0.6077100296875 0.35470575625 0.6199779359375001
0 0.2944929796875 0.6074218765625 0.284338046875 0.6162109359375 0.284338046875 0.6337890640625 0.2944929796875 0.6425781234375 0.30239125625 0.6416015609375 0.3181878171875 0.6318359359375 0.3181878171875 0.6162109359375 0.3057762359375 0.6074218765625 0.2944929796875 0.6074218765625
0 0.21551018906250002 0.6113281234375 0.20535525625 0.6181640640625 0.20309860781250003 0.6318359359375 0.213253534375 0.6425781234375 0.2279217703125 0.643554690625 0.2392050265625 0.6357421875 0.2392050265625 0.6181640640625 0.2290500953125 0.6113281234375 0.21551018906250002 0.6113281234375
0 0.13878404687499998 0.6132812515625 0.12862911562499998 0.6240234390625 0.13314241875 0.6396484390625 0.14104069531250002 0.6445312515625 0.15796558125 0.643554690625 0.1669921890625 0.6337890640625 0.164735534375 0.622070309375 0.1545806078125 0.6132812515625 0.13878404687499998 0.6132812515625
0 0.17940377031250002 0.666015625 0.1692488375 0.674804690625 0.1692488375 0.690429690625 0.17940377031250002 0.6992187484375 0.194072 0.6982421875 0.20309860781250003 0.690429690625 0.20309860781250003 0.6767578125 0.192943675 0.666015625 0.17940377031250002 0.666015625
0 0.2516166078125 0.666015625 0.241461675 0.6806640640625 0.2459749796875 0.6943359359375 0.2561299125 0.6992187484375 0.2707981421875 0.6982421875 0.2820813984375 0.684570309375 0.27756809531250004 0.6708984390625 0.26515651406249996 0.664062503125 0.2516166078125 0.666015625
0 0.3418826546875 0.6582031234375 0.3238294453125 0.6582031234375 0.310289540625 0.664062503125 0.3046479125 0.6708984390625 0.3136745140625 0.6884765609375 0.3260860953125 0.697265625 0.34075433125 0.6962890640625 0.3542942359375 0.6865234390625 0.356550884375 0.674804690625 0.35203758125 0.6650390640625 0.3418826546875 0.6582031234375
0 0.40732554062500004 0.6601562515625 0.39265730468750004 0.6728515609375 0.39265730468750004 0.684570309375 0.40732554062500004 0.695312503125 0.417480465625 0.6943359359375 0.4287637234375 0.6865234390625 0.43102037812500005 0.6708984390625 0.4231220953125 0.662109375 0.40732554062500004 0.6601562515625
0 0.4817950265625 0.6601562515625 0.46712679687499997 0.6708984390625 0.4648701421875 0.6787109359375 0.479538378125 0.693359375 0.49420660781250003 0.6923828125 0.505489865625 0.6826171875 0.505489865625 0.668945309375 0.493078284375 0.6601562515625 0.4817950265625 0.6601562515625
0 0.5494945609374999 0.662109375 0.5438529328125 0.668945309375 0.5461095874999999 0.6865234390625 0.5619061421875 0.6923828125 0.5799593515625 0.6826171875 0.5799593515625 0.6669921875 0.565291121875 0.6582031234375 0.5494945609374999 0.662109375
0 0.6329906546874999 0.65625 0.6160657703125 0.6669921875 0.6138091218749999 0.6767578125 0.628859425 0.691790053125 0.6437252640625 0.687900228125 0.6506396078125001 0.6849080578125 0.65668549375 0.668945309375 0.6442739125 0.6582031234375 0.6329906546874999 0.65625
0 0.7074601484375 0.6542968765625 0.6950485671875 0.6650390640625 0.6927919124999999 0.674804690625 0.698433540625 0.6835937484375 0.715358425 0.6865234390625 0.72889833125 0.6767578125 0.72889833125 0.6650390640625 0.7210000546875001 0.65625 0.7074601484375 0.6542968765625
0 0.77741633125 0.6542968765625 0.7695180546875 0.659179690625 0.76500475 0.6728515609375 0.77741633125 0.6855468765625 0.7875712640625 0.6865234390625 0.8033678249999999 0.6767578125 0.8033678249999999 0.6630859359375 0.795469540625 0.6542968765625 0.77741633125 0.6542968765625
0 0.8541424734374999 0.6523437484375 0.8439875406249999 0.6572265609375 0.83947424375 0.668945309375 0.8518858249999999 0.6835937484375 0.8642974046875 0.684570309375 0.8778373109375 0.6767578125 0.8778373109375 0.659179690625 0.867682378125 0.6523437484375 0.8541424734374999 0.6523437484375
0 0.8563991218749999 0.759765625 0.8439875406249999 0.7705078125 0.8439875406249999 0.7822265609375 0.8586557765625 0.791015625 0.8710673578125 0.7900390640625 0.880093959375 0.784179690625 0.882350615625 0.7705078125 0.8721956828125 0.759765625 0.8563991218749999 0.759765625
0 0.8157794046875001 0.7070312515625 0.8056244734375 0.715820309375 0.8056244734375 0.7294921875 0.8157794046875001 0.7382812515625 0.82593433125 0.7392578125 0.83947424375 0.7333984390625 0.8439875406249999 0.715820309375 0.833832615625 0.7070312515625 0.8157794046875001 0.7070312515625
0 0.7413099125 0.708984375 0.7311549859375 0.7197265609375 0.7311549859375 0.7294921875 0.7390532640624999 0.7382812515625 0.7559781484375 0.7392578125 0.76500475 0.7353515609375 0.7695180546875 0.7177734390625 0.759363121875 0.708984375 0.7413099125 0.708984375
0 0.781929634375 0.759765625 0.7695180546875 0.768554690625 0.7695180546875 0.7861328125 0.7898279125000001 0.793945309375 0.8056244734375 0.784179690625 0.8078811218749999 0.7763671875 0.7977261953125 0.7617187484375 0.781929634375 0.759765625
0 0.8157794046875001 0.818359375 0.8078811218749999 0.8291015609375 0.8101377765625 0.840820309375 0.820292703125 0.8476562515625 0.8349609390625 0.846679690625 0.8439875406249999 0.840820309375 0.8439875406249999 0.8232421875 0.8315759593750001 0.8164062515625 0.8157794046875001 0.818359375
0 0.7435665671875 0.818359375 0.733411634375 0.8291015609375 0.733411634375 0.8388671875 0.745823215625 0.849609375 0.7604914453125 0.8486328125 0.771774703125 0.8369140640625 0.7695180546875 0.825195309375 0.7616197765625 0.818359375 0.7435665671875 0.818359375
0 0.7006901890624999 0.765625 0.6950485671875 0.7724609359375 0.6973052156249999 0.7900390640625 0.70520349375 0.7949218765625 0.7221283781250001 0.793945309375 0.733411634375 0.7822265609375 0.7311549859375 0.768554690625 0.7187433984375 0.7617187484375 0.7006901890624999 0.765625
0 0.666840425 0.708984375 0.6544288453125 0.721679690625 0.65668549375 0.7333984390625 0.666840425 0.742187496875 0.686021959375 0.7412109359375 0.6950485671875 0.7333984390625 0.6927919124999999 0.715820309375 0.6781236828125 0.7070312515625 0.666840425 0.708984375
0 0.590114284375 0.712890625 0.58221600625 0.7197265609375 0.58221600625 0.7353515609375 0.5946275875 0.7460937484375 0.60703916875 0.7451171875 0.618322425 0.7333984390625 0.618322425 0.7197265609375 0.6104241421875 0.712890625 0.590114284375 0.712890625
0 0.6284773515625 0.765625 0.618322425 0.7744140640625 0.618322425 0.7880859359375 0.626220703125 0.796875 0.6431455875000001 0.7978515609375 0.6544288453125 0.7900390640625 0.65668549375 0.778320309375 0.648787215625 0.7675781234375 0.6284773515625 0.765625
0 0.6713537296875 0.818359375 0.661198796875 0.8271484390625 0.661198796875 0.8427734390625 0.6815086546875 0.8505859359375 0.6950485671875 0.8427734390625 0.6950485671875 0.825195309375 0.687150284375 0.818359375 0.6713537296875 0.818359375
0 0.590114284375 0.8261718765625 0.5844726546875 0.8349609359375 0.5867293109375 0.846679690625 0.5968842359375001 0.853515625 0.6138091218749999 0.8525390640625 0.6228357296875 0.8427734390625 0.618322425 0.8271484390625 0.6059108453125 0.822265625 0.590114284375 0.8261718765625
0 0.5179014453125 0.712890625 0.5077465140624999 0.721679690625 0.5077465140624999 0.737304690625 0.5179014453125 0.744140625 0.5303130265625 0.7431640640625 0.541596284375 0.7353515609375 0.541596284375 0.7177734390625 0.5359546546875 0.712890625 0.5179014453125 0.712890625
0 0.554007865625 0.765625 0.5461095874999999 0.7724609359375 0.5483662359375 0.7919921875 0.5562645140625 0.796875 0.5731893984374999 0.7958984390625 0.58221600625 0.7880859359375 0.58221600625 0.7724609359375 0.5743177234375 0.765625 0.554007865625 0.765625
0 0.4817950265625 0.765625 0.4693834453125 0.7763671875 0.46712679687499997 0.7880859359375 0.4817950265625 0.8007812515625 0.49646325625000004 0.799804690625 0.5077465140624999 0.7919921875 0.5077465140624999 0.7763671875 0.4953349328125 0.765625 0.4817950265625 0.765625
0 0.4389186546875 0.71875 0.43102037812500005 0.7294921875 0.4332770265625 0.7412109359375 0.44343195937499996 0.7480468765625 0.46261349375 0.747070309375 0.47164009531250006 0.7333984390625 0.46712679687499997 0.721679690625 0.4592285140625 0.7167968765625 0.4389186546875 0.71875
0 0.35880754062500003 0.7412109359375 0.3667058171875 0.7480468765625 0.388144 0.747070309375 0.39265730468750004 0.7236328125 0.3734757703125 0.7148437484375 0.35880754062500003 0.7255859359375 0.35880754062500003 0.7412109359375
0 0.40958218906250005 0.765625 0.3971706078125 0.7744140640625 0.394913959375 0.7900390640625 0.40732554062500004 0.8007812515625 0.42425041874999997 0.799804690625 0.4332770265625 0.7919921875 0.4332770265625 0.778320309375 0.42537874999999997 0.7695312515625 0.40958218906250005 0.765625
0 0.4411753046875 0.8242187484375 0.43102037812500005 0.8349609359375 0.43102037812500005 0.8447265609375 0.4411753046875 0.8554687484375 0.455843540625 0.856445309375 0.4693834453125 0.8486328125 0.47164009531250006 0.8330078125 0.4592285140625 0.8242187484375 0.4411753046875 0.8242187484375
0 0.5179014453125 0.8242187484375 0.5077465140624999 0.8330078125 0.5077465140624999 0.8447265609375 0.515644796875 0.853515625 0.532569675 0.8544921875 0.5461095874999999 0.8447265609375 0.5461095874999999 0.8330078125 0.5359546546875 0.8242187484375 0.5179014453125 0.8242187484375
0 0.4998482359375 0.8769531234375 0.484051675 0.8789062515625 0.47389675000000003 0.8896484390625 0.47389675000000003 0.9013671875 0.484051675 0.9101562515625 0.49420660781250003 0.9111328125 0.5043615406249999 0.9082031234375 0.5122598171875 0.8994140640625 0.5122598171875 0.887695309375 0.4998482359375 0.8769531234375
0 0.41183883750000005 0.8789062515625 0.39942725625 0.887695309375 0.3971706078125 0.9013671875 0.40732554062500004 0.912109375 0.42650707499999996 0.9111328125 0.43779033125 0.8994140640625 0.435533675 0.887695309375 0.4276353984375 0.880859375 0.41183883750000005 0.8789062515625
0 0.33285604687500003 0.882812503125 0.322701121875 0.8955078125 0.3249577703125 0.9052734390625 0.33285604687500003 0.912109375 0.347524284375 0.9111328125 0.356550884375 0.9052734390625 0.35880754062500003 0.8916015609375 0.346395959375 0.882812503125 0.33285604687500003 0.882812503125
0 0.262899865625 0.882812503125 0.250488284375 0.8896484390625 0.24823162812500002 0.9072265609375 0.2583865609375 0.916015625 0.2707981421875 0.9169921875 0.2820813984375 0.9111328125 0.286594703125 0.8974609359375 0.274183121875 0.882812503125 0.262899865625 0.882812503125
0 0.17940377031250002 0.890625 0.1737621421875 0.8974609359375 0.1737621421875 0.909179690625 0.183917075 0.9179687484375 0.1985853046875 0.9169921875 0.20761190468750002 0.909179690625 0.20761190468750002 0.8974609359375 0.195200325 0.8886718765625 0.17940377031250002 0.890625
0 0.22002349375 0.828125 0.2098685609375 0.8349609359375 0.20761190468750002 0.8486328125 0.21551018906250002 0.859375 0.2279217703125 0.8603515609375 0.24371832499999999 0.8544921875 0.2459749796875 0.8388671875 0.23356339843749999 0.828125 0.22002349375 0.828125
0 0.29223633125 0.8300781234375 0.284338046875 0.8369140640625 0.286594703125 0.8544921875 0.29223633125 0.859375 0.3136745140625 0.8583984390625 0.320444465625 0.8525390640625 0.320444465625 0.8369140640625 0.310289540625 0.8300781234375 0.29223633125 0.8300781234375
0 0.35880754062500003 0.8369140640625 0.35880754062500003 0.8486328125 0.371219121875 0.859375 0.3858873515625 0.8583984390625 0.3971706078125 0.8486328125 0.3971706078125 0.8349609359375 0.377989075 0.8242187484375 0.35880754062500003 0.8369140640625
0 0.3305993984375 0.771484375 0.322701121875 0.7802734390625 0.322701121875 0.7978515609375 0.33285604687500003 0.804687496875 0.347524284375 0.8037109359375 0.356550884375 0.7958984390625 0.35880754062500003 0.7822265609375 0.34865260781249996 0.771484375 0.3305993984375 0.771484375
0 0.29223633125 0.71875 0.2820813984375 0.7275390640625 0.284338046875 0.7431640640625 0.29223633125 0.75 0.30239125625 0.7509765609375 0.3181878171875 0.7412109359375 0.320444465625 0.7294921875 0.3125461890625 0.71875 0.29223633125 0.71875
0 0.23130674375 0.71875 0.21551018906250002 0.7207031234375 0.20761190468750002 0.7294921875 0.20761190468750002 0.7431640640625 0.22002349375 0.7539062515625 0.225665121875 0.752929690625 0.23582004687499997 0.75 0.24371832499999999 0.7392578125 0.241461675 0.7255859359375 0.23130674375 0.71875
0 0.1365273984375 0.726562503125 0.13088577031249998 0.737304690625 0.13314241875 0.7490234390625 0.1432973515625 0.755859375 0.15796558125 0.7548828125 0.1692488375 0.747070309375 0.1669921890625 0.7294921875 0.1590939046875 0.724609375 0.1365273984375 0.726562503125
0 0.174890465625 0.7773437484375 0.1692488375 0.7978515609375 0.17940377031250002 0.806640625 0.1963286546875 0.8056640640625 0.20761190468750002 0.793945309375 0.20309860781250003 0.7802734390625 0.1974569796875 0.775390625 0.174890465625 0.7773437484375
0 0.25387325625 0.771484375 0.24371832499999999 0.7802734390625 0.24371832499999999 0.7919921875 0.2561299125 0.804687496875 0.2662848375 0.8056640640625 0.284338046875 0.7919921875 0.284338046875 0.7802734390625 0.274183121875 0.771484375 0.25387325625 0.771484375
0 0.13878404687499998 0.8300781234375 0.13314241875 0.8349609359375 0.13314241875 0.8525390640625 0.14104069531250002 0.859375 0.1557089328125 0.8583984390625 0.1669921890625 0.8525390640625 0.1669921890625 0.8369140640625 0.152323953125 0.828125 0.13878404687499998 0.8300781234375