0 0.1653466390625 0.051156303125000004 0.1451316265625 0.062131521875 0.145677428125 0.08178513125 0.1612612140625 0.0978529296875 0.18028464375 0.10049755625000001 0.19183029375 0.0720988828125 0.1906035890625 0.0602280484375 0.1788350203125 0.052336384375 0.1653466390625 0.051156303125000004
0 0.23212521874999997 0.077584821875 0.24147548593749998 0.0872254953125 0.2606691484375 0.08792443125 0.26843469531249997 0.076840315625 0.2653003734375 0.06088141406250001 0.244199103125 0.056094410937500006 0.2333168015625 0.06396497031250001 0.23212521874999997 0.077584821875
0 0.31647759999999997 0.0584967921875 0.30559530156250003 0.066367346875 0.3061411015625 0.08602095625 0.31133569687499996 0.0913768875 0.33052935156249996 0.092075825 0.34020251562500003 0.0850797703125 0.33948648124999997 0.06737185625 0.3322140515625 0.059873553125 0.31647759999999997 0.0584967921875
0 0.1987974015625 0.10897926093750002 0.1924112234375 0.117243178125 0.19346770156249998 0.1310597109375 0.1986622984375 0.13641564374999998 0.217855953125 0.1371145734375 0.2252810484375 0.1299218453125 0.22630240468750001 0.118247690625 0.212456009375 0.10821365000000001 0.1987974015625 0.10897926093750002
0 0.232758834375 0.16096514374999998 0.22412459375 0.169032378125 0.22293301250000003 0.1826522296875 0.22795738281250003 0.189953853125 0.24456251718750002 0.1943474953125 0.2587318109375 0.187744803125 0.2602638453125 0.17023356875 0.25299140625 0.16273526562500001 0.232758834375 0.16096514374999998
0 0.277990315625 0.1100259875 0.267108009375 0.1178965453125 0.2638385921875 0.1293740203125 0.27077057031249996 0.1407637109375 0.2875459375 0.14321165625 0.2994671625 0.1364122890625 0.3006587453125 0.12279243749999999 0.2935565328125 0.11334844375 0.277990315625 0.1100259875
0 0.3590908421875 0.1151607796875 0.3437124125 0.122637971875 0.3402727609375 0.13606114375 0.345126903125 0.1453084640625 0.36173204531250003 0.1497021 0.37348304374999997 0.14484842343749998 0.3770929140625 0.1294795609375 0.367912875 0.11789319218750001 0.3590908421875 0.1151607796875
0 0.388415646875 0.06479055624999999 0.38219969531250003 0.07110877812500001 0.38066766093750004 0.0886200125 0.3924362203125 0.09651168125000001 0.40488569218750003 0.0966205703125 0.414729075 0.0876788328125 0.4140130484375 0.0699709140625 0.40207426249999995 0.064024940625 0.388415646875 0.06479055624999999
0 0.4242846953125 0.120864503125 0.41340238906250004 0.1287350546875 0.4123810328125 0.140409215625 0.41931301718749997 0.1517989078125 0.4362586109375 0.1523011640625 0.4481798296875 0.1455017890625 0.4514492546875 0.13402431406249998 0.4422692078125 0.12243794374999999 0.4242846953125 0.120864503125
0 0.46951617968750003 0.06992534375000001 0.45880409687499996 0.0758502125 0.4553644546875 0.089273378125 0.46454449374999995 0.10085974843750001 0.4790718 0.1031110140625 0.48857472968750004 0.0980606578125 0.49027699062499996 0.078603734375 0.4807564984375 0.0709087453125 0.46951617968750003 0.06992534375000001
0 0.4962227421875 0.1271582671875 0.48517020781250003 0.13697451562500002 0.48448930468749996 0.144757284375 0.4893434484375 0.154004603125 0.503700528125 0.1582015671875 0.5176995875 0.15354456249999998 0.5211392328125 0.1401213984375 0.514207253125 0.1287317078125 0.4962227421875 0.1271582671875
0 0.5290398828125 0.1016009 0.5364825390625 0.1071535125 0.5534281328125 0.1076557671875 0.5634417484375 0.0967683328125 0.560307428125 0.08080943125 0.5416244515625 0.0742734171875 0.5322917390625 0.0773780828125 0.5290398828125 0.1016009
0 0.613732721875 0.078621490625 0.6028504156250001 0.08649204218749999 0.60148860625 0.10205758437500001 0.6085908124999999 0.11150158437499999 0.62087005625 0.113556171875 0.6353797937500001 0.10306209687500001 0.636741603125 0.0874965546875 0.6294691671875 0.0799982515625 0.613732721875 0.078621490625
0 0.6853303171875 0.088806634375 0.676696071875 0.09687387343750001 0.675674715625 0.108548028125 0.6848547625 0.1201344 0.6995522937499999 0.120439975 0.70922545 0.113443928125 0.710587259375 0.0978783859375 0.7012369859375001 0.0882377046875 0.6853303171875 0.088806634375
0 0.745875378125 0.10880803593749999 0.7548851984375 0.1223401015625 0.7671644359374999 0.1243946875 0.7789154359375 0.1195410109375 0.7849435921875 0.10242313125 0.7690193625 0.090246721875 0.7491447953125 0.097330559375 0.745875378125 0.10880803593749999
0 0.852197728125 0.0975238859375 0.8387093406250001 0.0963438046875 0.8257491984374999 0.1020719859375 0.8283728390625 0.1238679734375 0.8415207703125 0.128939434375 0.8494741109374999 0.1286549703125 0.8605266390624999 0.1188387203125 0.86137776875 0.10911025468749999 0.852197728125 0.0975238859375
0 0.8700822593750001 0.152024390625 0.856781665625 0.161643959375 0.8557603078125 0.173318121875 0.8671884171875 0.1851011703125 0.8818859484375 0.185406740625 0.8938071734375 0.1786073734375 0.8970765921874999 0.16712989843749998 0.8901446125 0.1557402078125 0.8700822593750001 0.152024390625
0 0.7978037625 0.1496220140625 0.7822551062499999 0.159044903125 0.7815742015625 0.166827678125 0.790754246875 0.178414046875 0.805281546875 0.1806653140625 0.817202771875 0.173865940625 0.820642415625 0.16044277499999998 0.8112921500000001 0.1508020953125 0.7978037625 0.1496220140625
0 0.831594975 0.20355358906249998 0.8207126671875 0.2114241421875 0.819350859375 0.22698968437499997 0.8288713578125 0.23468467343750002 0.841320821875 0.2347935703125 0.853242046875 0.22799419687500003 0.8546038546875 0.2124286546875 0.8450833578125 0.2047336703125 0.831594975 0.20355358906249998
0 0.8531420671875001 0.280921259375 0.8624923375 0.2905619390625 0.8813455421875 0.29515225625 0.8910187046875 0.2881562078125 0.8904728984375 0.2685025984375 0.88112263125 0.2588619265625 0.8607198265625 0.25903749375 0.8531420671875001 0.280921259375
0 0.7863634921875 0.2544927421875 0.7778994796875 0.260614290625 0.77878573125 0.2763765125 0.78830623125 0.2840714953125 0.8007556953125 0.284180390625 0.8104288531250001 0.2771843375 0.8116204343750001 0.2635644921875 0.8043480031250001 0.25606618281250004 0.7863634921875 0.2544927421875
0 0.7551607984375 0.19686646562500001 0.741860203125 0.20648603593749998 0.7427464578125 0.22224825781250002 0.75226695625 0.229943240625 0.7669644812499999 0.230248815625 0.776637646875 0.22325276249999998 0.777829228125 0.2096329171875 0.7707270234375 0.20018891874999997 0.7551607984375 0.19686646562500001
0 0.7215398171875 0.14098919999999998 0.70840944375 0.14866307343750002 0.7073880859375 0.160337234375 0.7165681328125 0.171923603125 0.7310954390625 0.1741748703125 0.7430166578125 0.167375496875 0.74611585625 0.1578437109375 0.7393541031249999 0.14450833125 0.7215398171875 0.14098919999999998
0 0.649431546875 0.1366411265625 0.6363011703125 0.1443150046875 0.635279815625 0.155989159375 0.6444598609375001 0.16757553125 0.6591573937499999 0.1678811078125 0.6662420359375 0.16457976093749999 0.67209996875 0.149407578125 0.6649977625 0.139963578125 0.649431546875 0.1366411265625
0 0.5724866921875 0.13579108125 0.5593563234375 0.14346495937499998 0.55867541875 0.151247728125 0.5635295625000001 0.160495046875 0.582382765625 0.16508537031249998 0.5965520515625 0.15848267656249998 0.597743634375 0.1448628234375 0.5882231359375 0.1371678421875 0.5724866921875 0.13579108125
0 0.606448125 0.187776959375 0.5957360453125 0.193701828125 0.5943742359375 0.2092673703125 0.601646671875 0.2167656734375 0.616173971875 0.2190169390625 0.6280951984375001 0.21221757187499998 0.6315348421875 0.19879439999999998 0.622184575 0.1891537203125 0.606448125 0.187776959375
0 0.680804465625 0.1923217140625 0.6699221578125 0.200192271875 0.6687305765625 0.21381211718749998 0.680328909375 0.22364947812499997 0.6905303125 0.22356169218750002 0.70003324375 0.2185113359375 0.701565278125 0.20100009531250002 0.6920447796875 0.1933051140625 0.680804465625 0.1923217140625
0 0.714595671875 0.2462532875 0.7037133640625 0.254123846875 0.7025217828125 0.2677436921875 0.7118720546875 0.277384371875 0.72881765 0.277886628125 0.7360725171875 0.272639590625 0.737604553125 0.2551283515625 0.7280840546875 0.24743336718750003 0.714595671875 0.2462532875
0 0.745968590625 0.3019338734375 0.7349160593749999 0.3117501234375 0.7340649296875 0.3214785875 0.7454930359375 0.33326163750000004 0.76019056875 0.3335672140625 0.7698637265625 0.3265711609375 0.7710553078125 0.3129513140625 0.763953103125 0.30350731406250003 0.745968590625 0.3019338734375
0 0.8248210546875001 0.3068719859375 0.8141089750000001 0.3127968484375 0.810499103125 0.3281657109375 0.8176013093750001 0.3376097109375 0.8321286140625 0.339860978125 0.8437093875 0.336952990625 0.847659709375 0.3176927421875 0.8360613765625 0.30785538749999997 0.8248210546875001 0.3068719859375
0 0.8584420359375 0.362749253125 0.84531166875 0.37042312499999996 0.8439498593750001 0.3859886671875 0.8489742281250001 0.393290296875 0.86799765625 0.395934921875 0.8775005953124999 0.3908845671875 0.87920285625 0.37142763749999996 0.86968235625 0.36373265312499997 0.8584420359375 0.362749253125
0 0.7744125453125 0.365200553125 0.76819659375 0.3715187765625 0.769593525 0.381443921875 0.7789437984375 0.3910845953125 0.795889384375 0.39158685000000004 0.8057327734375 0.38264510625 0.8065839031250001 0.3729166484375 0.79706340625 0.3652216578125 0.7744125453125 0.365200553125
0 0.71214765625 0.3519107375 0.696599 0.361333625 0.6934998015625 0.3708654109375 0.702509621875 0.3843974703125 0.7215330515625 0.387042103125 0.7286176953125 0.38374075625000004 0.7343054062500001 0.370514265625 0.72321775 0.354839828125 0.71214765625 0.3519107375
0 0.6733496406249999 0.303422884375 0.664715403125 0.3114901171875 0.663864271875 0.3212185828125 0.6732145375 0.3308592609375 0.6901601312500001 0.3313615171875 0.6975852265625 0.32416878437499996 0.698776809375 0.31054893125 0.6892563171874999 0.30285395 0.6733496406249999 0.303422884375
0 0.6424874 0.24190521562499998 0.6316050921875 0.2497757734375 0.630243284375 0.265341315625 0.637515721875 0.27283961875 0.652043021875 0.275090884375 0.661545953125 0.270040528125 0.6653260546875 0.252725975 0.65597578125 0.2430852953125 0.6424874 0.24190521562499998
0 0.581449221875 0.2404862390625 0.565712771875 0.239109478125 0.5544900125 0.2508714171875 0.5555464984375 0.26468795 0.570772271875 0.2719017875 0.5811438921875001 0.2698683125 0.5897781328125 0.2618010734375 0.5907994890625 0.25012691875000004 0.581449221875 0.2404862390625
0 0.604170334375 0.29148871875000004 0.5912101921875 0.2972169046875 0.5877705484375 0.310640071875 0.5969505953125 0.32222644218749996 0.6092298328125 0.324281034375 0.6209808265625 0.31942735 0.624760928125 0.3021127984375 0.61316259375 0.29227543906250003 0.604170334375 0.29148871875000004
0 0.6331249671875 0.34891831875 0.622242659375 0.35678887812500004 0.6213915296875 0.3665173359375 0.6305715765625 0.37810370781249997 0.6428508140625 0.3801582984375 0.6547720390625 0.373358925 0.656133846875 0.3577933828125 0.6488614171875 0.3502950796875 0.6331249671875 0.34891831875
0 0.5610166953125 0.344570246875 0.5477160999999999 0.35418981562499996 0.5468649703125 0.3639182796875 0.5560450171875 0.3755046515625 0.5705723171875 0.377755915625 0.582493540625 0.37095654843750003 0.585933184375 0.35753337812499997 0.572257015625 0.345553646875 0.5610166953125 0.344570246875
0 0.4913267109375 0.33847316250000004 0.4735299859375 0.347699371875 0.47250862812500005 0.3593735328125 0.48618480625 0.3713532640625 0.49863426874999994 0.371462153125 0.5107257203125 0.36271709531249996 0.511747078125 0.351042934375 0.5067227078125 0.3437413109375 0.4913267109375 0.33847316250000004
0 0.523069809375 0.2863539296875 0.512187503125 0.2942244828125 0.5109959203125001 0.30784433437500003 0.5201759671875 0.31943070625000003 0.5347032671874999 0.3216819703125 0.5488725515625 0.31507928281250003 0.5524824296874999 0.299710421875 0.5433023828125 0.2881240515625 0.523069809375 0.2863539296875
0 0.4891083703125 0.23436804531250002 0.48047413125 0.242435284375 0.47945277500000005 0.2541094390625 0.48655497968750006 0.2635534390625 0.5010822859374999 0.2658047046875 0.5105852171875 0.2607543484375 0.511947025 0.24518880625 0.502596759375 0.2355481265625 0.4891083703125 0.23436804531250002
0 0.46015374531250003 0.1769384484375 0.4468531515625 0.18655801875 0.44617224687499996 0.19434078593749998 0.4553522859375 0.20592715625000002 0.4721276546875 0.20837510781250002 0.479212296875 0.20507376093750002 0.485070234375 0.18990157968750002 0.47364212656250004 0.178118528125 0.46015374531250003 0.1769384484375
0 0.5298437218750001 0.18303553125 0.521379709375 0.189157075 0.5200179015625 0.20472261718749998 0.5295384015625 0.21241759999999998 0.54648399375 0.21291985625 0.5537388640625001 0.20767281875000002 0.555100671875 0.19210727656249998 0.5455801734375 0.1844122921875 0.5298437218750001 0.18303553125
0 0.3882157 0.170644684375 0.37750361875 0.17656954687499998 0.374063975 0.1899927203125 0.38116617812500003 0.1994367125 0.393275190625 0.2034369953125 0.40744447656249994 0.1968343078125 0.41105435312500005 0.181465446875 0.3994560203125 0.1716280859375 0.3882157 0.170644684375
0 0.40543689374999997 0.2456733046875 0.41444670781250004 0.259205365625 0.431222075 0.26165331875 0.4408952390625 0.254657265625 0.4424272734375 0.23714603125 0.42183667968750005 0.22652195156250002 0.411294825 0.230501121875 0.40543689374999997 0.2456733046875
0 0.4556278921875 0.2804535265625 0.44041968281250005 0.2859850296875 0.43680981250000006 0.30135389218749997 0.448237921875 0.3131369421875 0.46068738593749997 0.3132458359375 0.472438384375 0.3083921609375 0.476048253125 0.29302329843749997 0.46669798125 0.28338261875000004 0.4556278921875 0.2804535265625
0 0.3688572125 0.3012905640625 0.3804555515625 0.31112792499999997 0.392905015625 0.3112368203125 0.4005003375 0.302098396875 0.4016919203125 0.28847854375000004 0.38559745625 0.27824783124999997 0.3717686234375 0.28095913125 0.3688572125 0.3012905640625
0 0.345232278125 0.22178051875000002 0.3345202046875 0.2277053859375 0.3329881703125 0.2452166203125 0.3402606 0.2527149234375 0.35720619375 0.253217178125 0.3672198015625 0.2423297421875 0.3680709328125 0.23260127812500003 0.3630465640625 0.2252996546875 0.345232278125 0.22178051875000002
0 0.3095334625 0.16376088125 0.29882138125 0.16968574375 0.297289346875 0.1871969828125 0.30905790624999996 0.1950886453125 0.3215073703125 0.195197540625 0.3310103078125 0.190147184375 0.3325423421875 0.17263594531249998 0.32302184375 0.1649409609375 0.3095334625 0.16376088125
0 0.1606505625 0.156617071875 0.149598028125 0.16643332187499998 0.150994965625 0.176358465625 0.1625933 0.186195825 0.175042765625 0.186304715625 0.1869639890625 0.179505346875 0.1860777296875 0.163743125 0.1786350734375 0.1581905125 0.1606505625 0.156617071875
0 0.1942715421875 0.21249433906249998 0.1858075296875 0.21861587968750001 0.184615946875 0.23223573281249998 0.19379599375 0.243822103125 0.2038271640625 0.24568000781250002 0.2181666828125 0.2371316234375 0.219528490625 0.22156608125 0.21000799374999998 0.21387109999999998 0.1942715421875 0.21249433906249998
0 0.26845765625 0.2189847828125 0.2599936375 0.2251063234375 0.2607096703125 0.24281424375 0.268152328125 0.24836685468750003 0.282849859375 0.24867243125 0.29235279062499997 0.2436220671875 0.2937146 0.228056525 0.2841941 0.22036154218749998 0.26845765625 0.2189847828125
0 0.2951642203125 0.276217703125 0.28894827031250003 0.282535925 0.2879269140625 0.29421008125000003 0.299525246875 0.304047440625 0.31647084062499997 0.304549696875 0.3263142234375 0.295607953125 0.3273355796875 0.2839337984375 0.31573724531249997 0.2740964359375 0.2951642203125 0.276217703125
0 0.23014059062499997 0.268568284375 0.2218468046875 0.2727441359375 0.21598886718750002 0.2879163171875 0.22516891249999998 0.29950268750000003 0.2396962125 0.30175395312500003 0.2516174375 0.2949545859375 0.25488685625 0.2834771109375 0.247954878125 0.2720874203125 0.23014059062499997 0.268568284375
0 0.15353619062499999 0.26382685625 0.142824115625 0.26975171875 0.139384465625 0.283174890625 0.1485645125 0.2947612609375 0.1653398796875 0.29720920781250004 0.17484280937500002 0.29215884999999997 0.178282459375 0.278735678125 0.171350475 0.2673459875 0.15353619062499999 0.26382685625
0 0.1895754640625 0.31795510625 0.17644509531250002 0.325628984375 0.1750832875 0.3411945265625 0.184433559375 0.35083520625000003 0.1991310859375 0.3511407828125 0.2112225375 0.3423957171875 0.2103362828125 0.32663349531249997 0.2008157859375 0.3189385078125 0.1895754640625 0.31795510625
0 0.1385036125 0.3968117875 0.14594626875 0.4023644 0.1606438015625 0.4026699765625 0.1703169578125 0.395673928125 0.16977115625 0.37602031875 0.1417554703125 0.3725889703125 0.13553951718749999 0.37890719375000004 0.1385036125 0.3968117875
0 0.22094838437500003 0.37363569218750003 0.2098958515625 0.383451946875 0.2088744953125 0.395126103125 0.220302603125 0.40690915156249996 0.23500013437499997 0.40721472812500004 0.2422550046875 0.4019676921875 0.245864875 0.3865988296875 0.2344367671875 0.374815771875 0.22094838437500003 0.37363569218750003
0 0.2639317984375 0.32249985937500003 0.2532197234375 0.328424721875 0.24770223906250002 0.3397055234375 0.2522159296875 0.3528442234375 0.2688210703125 0.35723786562500004 0.28282013125 0.3525808625 0.2864300015625 0.33721199999999996 0.2815758578125 0.3279646875 0.2639317984375 0.32249985937500003
0 0.33828813750000003 0.3270446109375 0.3249875453125 0.33666418125 0.32396618906249997 0.34833833593749997 0.333316453125 0.357979015625 0.347843759375 0.3602302828125 0.3621832734375 0.3516818984375 0.3633748546875 0.338062046875 0.3517765203125 0.3282246921875 0.33828813750000003 0.3270446109375
0 0.4150627671875 0.3298403484375 0.401932390625 0.337514228125 0.3984927484375 0.3509373921875 0.40992085625 0.36272044375 0.42461838749999997 0.36302602031250003 0.43429154375 0.356029971875 0.4353129015625 0.3443558109375 0.4304587578125 0.3351084953125 0.4150627671875 0.3298403484375
0 0.37173889375 0.38486756875 0.3584383 0.3944871375 0.35741694375 0.40616129218749997 0.36451914687500003 0.41560529375 0.379046453125 0.417856559375 0.3930455140625 0.4131995609375 0.394747775 0.3937426328125 0.3895531796875 0.3883867 0.37173889375 0.38486756875
0 0.2951344921875 0.3801261359375 0.28667047968750003 0.386247684375 0.28530867187500003 0.40181322656249996 0.29690700468750003 0.41165057968749996 0.30935646875 0.41175947500000004 0.3188594078125 0.40670911875 0.320391440625 0.3891978859375 0.3131190046875 0.38169957656250003 0.2951344921875 0.3801261359375
0 0.25473959218750003 0.42756726718750004 0.2412687703125 0.43913253281250003 0.24041764062499998 0.44886099843749994 0.24959768750000003 0.46044736718749996 0.2618769234375 0.46250195468750005 0.2784645046875 0.45415025 0.2796560875 0.4405303984375 0.26822798125 0.4287473484375 0.25473959218750003 0.42756726718750004
0 0.17779474374999998 0.426717221875 0.1669124359375 0.43458777968750006 0.165720853125 0.44820763125 0.17507112656249998 0.45784830625 0.18752059062499998 0.45795719999999995 0.1996120421875 0.4492121375 0.2006333984375 0.4375379828125 0.189035065625 0.427700621875 0.17779474374999998 0.426717221875
0 0.1287655984375 0.48222559218749994 0.127403790625 0.497791134375 0.142459334375 0.5069506625 0.16112474999999998 0.5007413359374999 0.162656784375 0.483230096875 0.1486401640625 0.47514175468750003 0.1325632625 0.4776563796875 0.1287655984375 0.48222559218749994
0 0.21400423906250002 0.4788997859375 0.2029517109375 0.48871603593749996 0.201589903125 0.504281578125 0.20886233281250002 0.5117798812500001 0.225807928125 0.5122821359375 0.237899378125 0.5035370734375 0.23684289375 0.48972054062500003 0.22524455937500001 0.4798831859375 0.21400423906250002 0.4788997859375
0 0.2719607859375 0.5025958875 0.2830484421875 0.518270325 0.2954979125 0.5183792203124999 0.3072489046875 0.5135255421875 0.3110290078125 0.49621098437500005 0.2904384140625 0.485586909375 0.277478271875 0.4913150921875 0.2719607859375 0.5025958875
0 0.351494153125 0.49975122499999997 0.354458246875 0.5176558250000001 0.379016725 0.5217649953125 0.38627159375 0.516517959375 0.387633403125 0.5009524171875 0.37603506875 0.49111505781250003 0.3601284 0.49168399375 0.351494153125 0.49975122499999997
0 0.43932131406249997 0.49273071875 0.4260207203125 0.5023502890625 0.4246589125 0.5179158312500001 0.4319313421875 0.525414134375 0.44421058125 0.52746871875 0.45579135312499997 0.5245607328124999 0.46164929218750006 0.5093885515625 0.4505616359375 0.49371411875 0.43932131406249997 0.49273071875
0 0.5181737765625 0.49766882656250006 0.500377053125 0.5068950359375 0.49901524531249997 0.522460578125 0.5106135796875 0.5322979375 0.5208149828125 0.5322101531250001 0.53515449375 0.52366176875 0.5384239171874999 0.5121842937500001 0.529243871875 0.5005979234375 0.5181737765625 0.49766882656250006
0 0.58561569375 0.5035692296875001 0.57473339375 0.5114397890625 0.5733715859374999 0.52700533125 0.5849699187499999 0.536842690625 0.5974193828125001 0.5369515796875 0.609340609375 0.5301522125 0.6126100265625001 0.5186747375 0.6056780484375001 0.507285046875 0.58561569375 0.5035692296875001
0 0.6284288890624999 0.4543790890625 0.6175465828125 0.462249646875 0.6186030609375 0.476066171875 0.627953334375 0.48570685312500006 0.6404027984375 0.485815746875 0.6502461875 0.4768740046875 0.6514377703124999 0.46325415156250005 0.6441653328125 0.45575584999999996 0.6284288890624999 0.4543790890625
0 0.5948079015625 0.398501821875 0.58150730625 0.40812139218750004 0.58048595 0.419795546875 0.5898362234375 0.42943622656249997 0.606781815625 0.42993848281249997 0.6142069125 0.4227457484375 0.61539849375 0.4091259015625 0.6038001609375 0.3992885421875 0.5948079015625 0.398501821875
0 0.666745946875 0.4047955859375 0.655863646875 0.41266614375 0.654842290625 0.4243403 0.66419255625 0.43398097812499997 0.676642021875 0.43408986875 0.6813083765625 0.43253753906250003 0.6849182468749999 0.4171686765625 0.6800641109375001 0.40792135781249994 0.666745946875 0.4047955859375
0 0.7457686375 0.40778800156250006 0.7326382687499999 0.41546188125 0.7291986234375 0.42888505312499997 0.7406267328125 0.440668103125 0.753076196875 0.44077699218750005 0.764997421875 0.433977625 0.7682668390625 0.42250015 0.7634126953125 0.4132528296875 0.7457686375 0.40778800156250006
0 0.8056328 0.43557217656249997 0.81065716875 0.4428737984375 0.8250142437499999 0.4470707546875 0.836765240625 0.4422170796875 0.8405453390625001 0.4249025265625 0.8223730390625 0.412529434375 0.806994609375 0.42000663437499997 0.8056328 0.43557217656249997
0 0.8492498296875001 0.4678166609375 0.8383675281249999 0.4756872203125 0.8371759453125 0.489307065625 0.848433828125 0.5030358125000001 0.8631313531249999 0.5033413890625 0.875222803125 0.49459632343750004 0.8767548390625001 0.4770850859375 0.8694824078125001 0.46958678281250005 0.8492498296875001 0.4678166609375
0 0.7771415562499999 0.4634685890625 0.76625925625 0.471339146875 0.7648974484375 0.48690468906250006 0.7742477125 0.49654536875 0.7822010546875 0.49626090468750006 0.796370340625 0.4896582109375 0.7998099859375001 0.47623503906250003 0.7906299453125001 0.4646486703125 0.7771415562499999 0.4634685890625
0 0.7029554484375 0.4569781453125 0.6922433671875 0.4629030125 0.6865556625 0.47612949843749997 0.6978135453125 0.4898582453125 0.7078447140625 0.49171614999999996 0.7244322953125 0.483364446875 0.7254536515625001 0.47169029218749997 0.7183514468750001 0.46224629375 0.7029554484375 0.4569781453125
0 0.5540725484375 0.449834340625 0.5431902484375 0.45770489375 0.541998665625 0.47132474531249996 0.5491008703125 0.4807687453125 0.561380109375 0.48282333125 0.575889846875 0.47232925000000003 0.5770814296875 0.45870940468750004 0.5675609374999999 0.45101442187499996 0.5540725484375 0.449834340625
0 0.52286985625 0.3922080578125 0.5097394875 0.3998819375 0.50629984375 0.413305103125 0.515479890625 0.4248914734375 0.530177415625 0.42519704843749995 0.5396803453125 0.4201466921875 0.543119996875 0.4067235203125 0.5339399499999999 0.39513715 0.52286985625 0.3922080578125
0 0.446265459375 0.3874666265625 0.4355533796875 0.39339149375 0.4338511203125 0.4128484171875 0.4411235484375 0.4203467265625 0.45340278749999996 0.4224013109375 0.4653240125 0.41560193749999996 0.46876365625 0.40217877343749997 0.461831678125 0.3907890828125 0.446265459375 0.3874666265625
0 0.482134503125 0.4435405765625 0.469004134375 0.45121445 0.46573471718750004 0.462691925 0.4747445359375 0.476223990625 0.48702377500000005 0.478278578125 0.5011930609374999 0.471675890625 0.5044624796875 0.46019840937499995 0.49753050156249995 0.44880871874999995 0.482134503125 0.4435405765625
0 0.400863753125 0.44035147500000005 0.39222950624999997 0.4484187125 0.3910379234375 0.462038565625 0.3960622921875 0.4693401875 0.41283766093749996 0.471788134375 0.4273473984375 0.461294059375 0.42612069375 0.449423225 0.4188482640625 0.441924915625 0.400863753125 0.44035147500000005
0 0.3289257046875 0.4340577109375 0.3175327203125 0.44776534687499997 0.32100749375 0.4598328625 0.3284501515625 0.465385475 0.34539574375000004 0.46588773124999994 0.3528208390625 0.458695003125 0.35210481250000003 0.440987084375 0.3446621484375 0.435434471875 0.3289257046875 0.4340577109375
0 0.17534672812500002 0.532374675 0.164634646875 0.5382995375 0.16119500312499999 0.551722709375 0.16604914531249998 0.5609700234375 0.18040621875 0.5651669859374999 0.1969938 0.55681528125 0.1981853828125 0.5431954296875 0.188835109375 0.5335547546875 0.17534672812500002 0.532374675
0 0.25212135625 0.5351704109375001 0.241409275 0.5410952734375 0.2358917890625 0.55237606875 0.244901609375 0.5659081359375 0.261676978125 0.5683560828124999 0.271350134375 0.5613600359375 0.27288216875 0.5438487953125 0.2633616703125 0.5361538125 0.25212135625 0.5351704109375001
0 0.324229628125 0.5395184796875 0.31058857500000003 0.5530294359375 0.31164505937500003 0.5668459671875 0.321165559375 0.57454095 0.3313669546875 0.574453165625 0.3432881796875 0.5676537984375 0.3467278234375 0.5542306265625 0.33979584531249996 0.5428409359375 0.324229628125 0.5395184796875
0 0.3985859609375 0.5440632328125 0.3854555921875 0.5517371109375 0.38409378437499997 0.567302653125 0.39119598906249997 0.576746646875 0.40347522812500003 0.5788012390625 0.41730406093749994 0.5760899312500001 0.42142461718749996 0.5548839937500001 0.41207434374999996 0.5452433140624999 0.3985859609375 0.5440632328125
0 0.47277207031249996 0.5505536765625 0.45947147499999996 0.5601732453125 0.4582798921875 0.573793096875 0.47212629375 0.58382713125 0.48007962812500005 0.583542665625 0.4944191421875 0.57499428125 0.49578095 0.5594287390625 0.48850852031249997 0.5519304375 0.47277207031249996 0.5505536765625
0 0.547128409375 0.5550984296875 0.5336575890625 0.5666636890625 0.5328064578125 0.5763921546875 0.5419864984375 0.587978525 0.558761865625 0.5904264703125001 0.5682648046875001 0.5853761125 0.5718746734375 0.57000725 0.5670205312500001 0.56075993125 0.547128409375 0.5550984296875
0 0.62148474375 0.5596431765625 0.6106024359375 0.5675137343750001 0.609410853125 0.5811335859375 0.6187611265624999 0.5907742609375 0.631040365625 0.592828853125 0.6403730765625 0.5897241859375 0.6464012328125001 0.57260630625 0.6349731249999999 0.5608232578125001 0.62148474375 0.5596431765625
0 0.655135453125 0.5116120093750001 0.6489195015625 0.5179302328125 0.6496355281249999 0.5356381453125 0.6570781921875 0.5411907578124999 0.676271846875 0.54188969375 0.685945003125 0.534893646875 0.6852289765624999 0.5171857265625001 0.6689642874999999 0.508900703125 0.655135453125 0.5116120093750001
0 0.7003372078125001 0.5645812890624999 0.6849587765625 0.5720584875 0.6820298046875 0.579644575 0.6908693984375 0.5951223328124999 0.709892828125 0.597766959375 0.7219842796875 0.5890218953125 0.7231758609375001 0.57540205 0.7115775265625001 0.565564690625 0.7003372078125001 0.5645812890624999
0 0.7224247046875 0.5322034437500001 0.7336825859375 0.545932190625 0.745961825 0.5479867765625 0.7578830484375 0.541187409375 0.7613227 0.5277642375 0.751972428125 0.5181235578125001 0.733987915625 0.5165501171875 0.7224247046875 0.5322034437500001
0 0.7724454781250001 0.5689293609375 0.759144884375 0.5785489312500001 0.758123528125 0.5902230859375 0.767303575 0.6018094578125 0.7842491671875 0.6023117140625 0.7913338109375 0.5990103671875 0.797021525 0.585783875 0.788011703125 0.5722518140624999 0.7724454781250001 0.5689293609375
0 0.7986886546874999 0.540836265625 0.8101167625000001 0.5526193140625 0.82481429375 0.552924890625 0.834827903125 0.5420374484375 0.8337714249999999 0.5282209250000001 0.8059259624999999 0.52284388125 0.7997100109375 0.529162109375 0.7986886546874999 0.540836265625
0 0.84904988125 0.5736707890625 0.8336714515624999 0.5811479875 0.831969190625 0.6006049171875001 0.8432270718750001 0.614333659375 0.8622505015625 0.616978284375 0.874341953125 0.6082332203124999 0.8760442125000001 0.588776296875 0.8668641656249999 0.5771899265625 0.84904988125 0.5736707890625
0 0.798981815625 0.628107975 0.792765871875 0.6344261984374999 0.793652125 0.6501884203125 0.8009245546875 0.6576867234375 0.8178701484375 0.658188978125 0.8277135390625 0.6492472359375 0.8268272781249999 0.6334850125 0.819384621875 0.6279324 0.798981815625 0.628107975
0 0.717898853125 0.635718521875 0.7267384484375 0.6511962796875 0.7412657484375 0.6534475453125 0.753186971875 0.646648178125 0.7587044578125 0.6353673843750001 0.7495244109375 0.6237810125000001 0.7337879671875001 0.6224042515625 0.717898853125 0.635718521875
0 0.6575240171875001 0.6137714328125 0.64197535625 0.6231943203125 0.6406135468749999 0.6387598624999999 0.647715759375 0.6482038625000001 0.666398734375 0.6547398765625 0.6778092828125 0.6537775796874999 0.6865961859375 0.631019309375 0.675338303125 0.61729056875 0.6575240171875001 0.6137714328125
0 0.5854157453125 0.6094233640625 0.5722853765625 0.6170972375 0.569015953125 0.6285747109375001 0.5738700953125 0.6378220328124999 0.5903050125 0.644161365625 0.6044742984375 0.637558678125 0.6060063328124999 0.6200474390624999 0.5987339031250001 0.612549134375 0.5854157453125 0.6094233640625
0 0.5359759015625001 0.6178417421875 0.5221294999999999 0.607807703125 0.5039747625000001 0.6081799578125 0.49534052500000003 0.6162471921875 0.495886325 0.6359008 0.5119807875 0.6461315203125 0.5244302515625 0.646240415625 0.5337629625 0.64313575 0.5392804499999999 0.6318549546875001 0.5359759015625001 0.6178417421875
0 0.425292525 0.6012961531250001 0.41631783437500003 0.6132547749999999 0.417714765625 0.62317991875 0.43139094218749996 0.6351596500000001 0.4460884671875 0.635465225 0.45835014375 0.6247744703125 0.45729366406249994 0.6109579390625 0.4368732984375 0.5983881671875 0.425292525 0.6012961531250001
0 0.36948406562499997 0.6307237906250001 0.38399381093749996 0.6202297171875 0.3794801203125 0.6070910109375001 0.3613691671875 0.5959928375 0.344801878125 0.6068581562500001 0.3547865390625 0.6304182171875 0.36948406562499997 0.6307237906250001
0 0.28591256249999997 0.5891019875 0.2750302546875 0.596972540625 0.2734982203125 0.614483778125 0.28284849375 0.624124453125 0.290801828125 0.6238399875 0.3073894078125 0.615488284375 0.3087512171875 0.5999227421875 0.29715288281249996 0.5900853875000001 0.28591256249999997 0.5891019875
0 0.20688987343749998 0.5861095656249999 0.1961777921875 0.5920344328125 0.19273814843749998 0.6054575984375 0.2019181890625 0.61704396875 0.21644549375 0.6192952421875 0.22836671874999998 0.6124958671875 0.229898753125 0.594984634375 0.22037825625 0.587289646875 0.20688987343749998 0.5861095656249999
0 0.13028547031249998 0.5813681374999999 0.11923293906250002 0.5911843875 0.122367259375 0.6071432890625 0.129809915625 0.6126959015625 0.14675550937499998 0.6131981578125 0.1565988984375 0.6042564125000001 0.1553721890625 0.592385571875 0.14602192187500002 0.5827448984375 0.13028547031249998 0.5813681374999999
0 0.1661545203125 0.6374420828125 0.1552722125 0.6453126421875 0.1539104046875 0.660878184375 0.163260678125 0.6705188578125 0.177958203125 0.670824434375 0.187631365625 0.6638283875 0.1888229484375 0.650208534375 0.1796429015625 0.6386221640625 0.1661545203125 0.6374420828125
0 0.2380925671875 0.6437358468750001 0.22669958124999998 0.6574434828125 0.23000412812499998 0.6714566890625 0.239694853125 0.6772059828125 0.2543923796875 0.6775115578124999 0.2668242828125 0.66487510625 0.2635197359375 0.6508619015625 0.251751175 0.6429702374999999 0.2380925671875 0.6437358468750001
0 0.34186151875 0.6616370921875 0.3382165203125 0.651515265625 0.328696028125 0.643820278125 0.3107115171875 0.6422468375 0.29671245625 0.6469038390625 0.29049650625 0.6532220625 0.2979567234375 0.6715200140625 0.30955505781250003 0.6813573734375 0.324252590625 0.68166295 0.3385921015625 0.6731145671875 0.34186151875 0.6616370921875
0 0.3937196578125 0.651469696875 0.3780007703125 0.6628382765625 0.3769794140625 0.6745124312499999 0.3906555890625 0.68649216875 0.400856984375 0.686404378125 0.412778209375 0.6796050109375 0.41638808593750004 0.6642361484375 0.40928587656250004 0.6547921484375 0.3937196578125 0.651469696875
0 0.467905765625 0.657960140625 0.452357109375 0.66738303125 0.4494281375 0.67496911875 0.46276386093750005 0.6908402359375 0.4774613859375 0.6911458109375 0.48955283906249997 0.682400746875 0.490744421875 0.6687808953125 0.4791460859375 0.6589435421875 0.467905765625 0.657960140625
0 0.5289615046875 0.67212445625 0.5296775375 0.6898323765625001 0.544903303125 0.6970462140625 0.5637389453125 0.6888911906249999 0.5651007546875 0.6733256484375 0.551254359375 0.663291609375 0.53517745625 0.665806234375 0.5289615046875 0.67212445625
0 0.6188665 0.6672463203125 0.6010697765625 0.6764725296874999 0.5979705859375 0.6860043140625 0.611653471875 0.7022910734375001 0.6268017625 0.6997116937500001 0.6339505796875 0.697333534375 0.6413647046875 0.6819584625 0.6299365953125 0.6701754125 0.6188665 0.6672463203125
0 0.6932228406250001 0.6717910734375 0.679922246875 0.6814106437499999 0.6768230484375 0.690942428125 0.6816771921875 0.7001897421875001 0.6982823328125 0.704583384375 0.7126218453125001 0.696035 0.7136432015625 0.6843608453125001 0.7065409984375 0.6749168453125 0.6932228406250001 0.6717910734375
0 0.76291281875 0.67788815625 0.7546190328125 0.682064009375 0.7489313203125 0.69529049375 0.760189203125 0.709019240625 0.7702203796875 0.7108771484374999 0.7868079609375 0.70252544375 0.7879995421875 0.6889055921875 0.78089733125 0.679461596875 0.76291281875 0.67788815625
0 0.839517221875 0.682629584375 0.8289753671875 0.68660875625 0.8234578875 0.6978895515625 0.83454554375 0.7135639890625 0.8468247812499999 0.7156185749999999 0.8609940671875 0.7090158875 0.8625261015625 0.6915046546875 0.853005603125 0.683809665625 0.839517221875 0.682629584375
0 0.83240285 0.7898393687499999 0.8191022546875001 0.7994589375000001 0.8180808984375 0.81113309375 0.8319273 0.8211671328125 0.8443767640625 0.8212760296875 0.8538796953125001 0.816225671875 0.857319346875 0.8028025 0.8481393 0.7912161296875 0.83240285 0.7898393687499999
0 0.79653380625 0.7337654234375 0.7856515 0.7416359765625 0.78445991875 0.7552558281249999 0.7938101890625 0.7648965078125001 0.8038413609375 0.7667544125 0.817840428125 0.7620974171875 0.823868584375 0.7449795375 0.81451831875 0.7353388640625 0.79653380625 0.7337654234375
0 0.7221774671875 0.7292206703125 0.7111249390625 0.73903691875 0.7102738093750001 0.7487653843750001 0.7173760140625001 0.758209384375 0.73415138125 0.7606573296875 0.7434840875 0.7575526625 0.7495122515625 0.7404347921875 0.740161978125 0.7307941125 0.7221774671875 0.7292206703125
0 0.7450863734375 0.7910228046875 0.7435543390625 0.8085340375 0.7631060078125 0.818086925 0.7796935875 0.8097352296875 0.7826225531250001 0.802149134375 0.7737829656249999 0.7866713765625 0.758216740625 0.7833489250000001 0.7450863734375 0.7910228046875
0 0.7868309203125 0.8446699093750001 0.77802645 0.8546828375000001 0.7792531609375 0.8665536734374999 0.788773653125 0.8742486625 0.8034711859374999 0.8745542390625 0.8129741171875 0.869503875 0.8145061515625001 0.8519926437500001 0.802737590625 0.8441009796875001 0.7868309203125 0.8446699093750001
0 0.714892875 0.8383761468750001 0.7038403421874999 0.84819239375 0.7029892109375 0.857920859375 0.71441731875 0.8697039109375 0.7291148453125 0.8700094843749999 0.7413765234375 0.8593187296875 0.74014981875 0.8474478890625001 0.7328773859375 0.8399495874999999 0.714892875 0.8383761468750001
0 0.6767757578125 0.78210551875 0.6705598125 0.7884237421875 0.6712758390625 0.8061316609375 0.678718496875 0.8116842734375 0.695664090625 0.812186521875 0.7079257671875 0.8014957687500001 0.7068692875 0.78767924375 0.695100721875 0.7797875734375 0.6767757578125 0.78210551875
0 0.6479913578125001 0.722730228125 0.6345205390624999 0.73429549375 0.63574724375 0.746166328125 0.6450975156250001 0.7558070015625 0.664291171875 0.7565059375 0.673964334375 0.749509890625 0.6732483015625 0.7318019703124999 0.6594019062500001 0.7217679375 0.6479913578125001 0.722730228125
0 0.57121673125 0.7199344890625 0.5627527171875 0.7260560328125 0.561390909375 0.741621575 0.5728190171875001 0.753404625 0.58526848125 0.7535135203125 0.5975301578125001 0.7428227656249999 0.598721740625 0.7292029140625 0.5914493046875 0.7217046093749999 0.57121673125 0.7199344890625
0 0.6048377125 0.77581175625 0.5939554109375 0.7836823140625 0.5927638281250001 0.7973021609375001 0.599866034375 0.806746159375 0.6166414015624999 0.80919410625 0.6285626265625 0.8023947390625 0.6318320453124999 0.7909172578125 0.624900065625 0.7795275687500001 0.6048377125 0.77581175625
0 0.632072521875 0.839952940625 0.6307107125 0.8555184828125 0.65026238125 0.8650713718749999 0.664431675 0.8584686859374999 0.6659637093749999 0.8409574453124999 0.6586912734375 0.8334591437500001 0.6429548296875 0.8320823828125 0.632072521875 0.839952940625
0 0.5613436203125 0.8327846718749999 0.5549574421875 0.8410485859374999 0.556184153125 0.8529194265625 0.5657046453125 0.860614409375 0.5826502390625 0.8611166656250001 0.5924936296875 0.8521749218749999 0.5893593078125 0.8362160187500001 0.5774205234374999 0.8302700453125 0.5613436203125 0.8327846718749999
0 0.499278684375 0.7136407250000001 0.48839637812500003 0.7215112859375 0.4870345703125 0.737076828125 0.49655506718750003 0.744771809375 0.50900453125 0.74488070625 0.5209257578125001 0.7380813328125 0.5224577921875 0.7205701 0.5172631953125 0.7152141671875001 0.499278684375 0.7136407250000001
0 0.5306516046875001 0.7693213125 0.522187590625 0.7754428546875001 0.5227333921875 0.7950964640625 0.53017605 0.8006490765625 0.5471216421875 0.8011513328125 0.55679480625 0.7941552796875 0.5581566140625001 0.7785897375 0.550884178125 0.7710914328125 0.5306516046875001 0.7693213125
0 0.4587135578125 0.7630275484375 0.4454129625 0.7726471187499999 0.44214354531250005 0.78412459375 0.4556494890625 0.7980500203124999 0.4703470140625 0.7983555953125 0.482268240625 0.791556221875 0.4836300484375 0.7759906796875 0.47220194062500004 0.7642076296875 0.4587135578125 0.7630275484375
0 0.42008576875000003 0.712594 0.4112813046875 0.7226069296875 0.41250800937500004 0.734477765625 0.4220285078125 0.742172753125 0.4412221640625 0.7428716828125 0.45140599843749996 0.730038559375 0.44793123125 0.71797104375 0.44048856875000003 0.7124184296875 0.42008576875000003 0.712594
0 0.36703605 0.7363812390625 0.3735748921875 0.7134262890625 0.3552323671875 0.702998890625 0.3396837109375 0.7124217796875 0.33832190156249997 0.7279873218749999 0.3455943328125 0.7354856296875 0.36703605 0.7363812390625
0 0.3867755125 0.7567337859375 0.37364514375 0.7644076640625 0.3700352734375 0.7797765265625001 0.38146338125 0.7915595765625 0.39840896875 0.7920618328125 0.40808213125000004 0.785065778125 0.4092737140625 0.7714459265625 0.402171509375 0.7620019328125001 0.3867755125 0.7567337859375
0 0.413141625 0.8178580875 0.402089096875 0.8276743375000001 0.40123796718750004 0.8374028015625001 0.41041800781250004 0.848989171875 0.42494531406249997 0.8512404390625001 0.4391145984375 0.8446377515625001 0.4427244703125 0.8292688890625 0.4311261359375 0.8194315296875001 0.413141625 0.8178580875
0 0.4895757984375 0.8245452125 0.47869349375 0.8324157703124999 0.47767213750000004 0.8440899249999999 0.484774346875 0.853533925 0.5015497078125 0.855981871875 0.5158892265625 0.8474334875 0.5169105828125 0.8357593328125 0.5075603109375 0.8261186531250001 0.4895757984375 0.8245452125
0 0.47842329218749996 0.887288525 0.466995184375 0.8755054765624999 0.4510885078125 0.8760744109375 0.44003598125 0.8858906609374999 0.439014625 0.8975648156249999 0.448364890625 0.9072054953125 0.45839606718750003 0.9090634 0.468767696875 0.9070299203125 0.4774019359375 0.8989626859375001 0.47842329218749996 0.887288525
0 0.3791504609375 0.869780646875 0.36602009375 0.8774545187499999 0.36258045 0.8908776921875001 0.371760496875 0.9024640625 0.3909541515625 0.903162996875 0.403215828125 0.89247224375 0.401989115625 0.8806014015624999 0.3947166859375 0.8731031 0.3791504609375 0.869780646875
0 0.300127771875 0.8667882312499999 0.2889050203125 0.8785501703125 0.2903019515625 0.8884753156249999 0.29757438125 0.89597361875 0.312271915625 0.8962791937500001 0.32177484375 0.8912288374999999 0.3252144953125 0.877805665625 0.3136161609375 0.8679683125000001 0.300127771875 0.8667882312499999
0 0.2304377953125 0.8606911484375 0.217477653125 0.8664193296875 0.21369755000000001 0.8837338812500001 0.223047821875 0.8933745609375 0.2353270609375 0.8954291484375 0.247078059375 0.8905754703125 0.252765771875 0.8773489796874999 0.241678115625 0.8616745484375 0.2304377953125 0.8606911484375
0 0.1465785234375 0.8611967515625001 0.140362571875 0.867514975 0.139341215625 0.8791891359375 0.14869148906250002 0.888829809375 0.1633890140625 0.8891353843750001 0.17306217031249999 0.8821393375 0.17408352656249998 0.870465175 0.16248519374999998 0.8606278203125 0.1465785234375 0.8611967515625001
0 0.19249091093749998 0.802474825 0.1817788296875 0.8083996875 0.178339178125 0.8218228578125 0.1852711640625 0.8332125484375 0.1975504015625 0.835267134375 0.21379752500000002 0.8308068171875 0.2174074 0.81543795625 0.20597929218750002 0.8036549046875001 0.19249091093749998 0.802474825
0 0.26425873125 0.8107142796875 0.2557947109375 0.8168358265625001 0.2565107453125 0.8345437406249999 0.26170533906250004 0.8398996734375 0.28314705625 0.8407952890624999 0.290401925 0.8355482500000001 0.2917637328125 0.8199827078125 0.28224324218749997 0.8122877203125001 0.26425873125 0.8107142796875
0 0.32895946875000004 0.8350004249999999 0.3403875765625 0.8467834765625 0.355085103125 0.8470890515624999 0.367176553125 0.8383439875 0.3683681359375 0.8247241359374999 0.3501958375 0.8123510453125 0.329980825 0.8233262703124999 0.32895946875000004 0.8350004249999999
0 0.307582596875 0.755687059375 0.2989483578125 0.7637542984375 0.2974163234375 0.7812655296875 0.30693681562499997 0.7889605140625 0.3216343484375 0.789266090625 0.331307503125 0.7822700421875 0.3347471546875 0.7688468703125 0.3255671078125 0.7572605 0.307582596875 0.755687059375
0 0.273961615625 0.69980979375 0.2630793078125 0.7076803515625001 0.2639655609375 0.7234425734375 0.2712379984375 0.730940878125 0.28126916875 0.7327987828125 0.2978567484375 0.7244470796875 0.30112616718749996 0.7129696046875 0.2941941890625 0.7015799140625 0.273961615625 0.69980979375
0 0.22278438125000002 0.7021944140625 0.21326388437500002 0.6944994296875 0.1973572140625 0.6950683609375 0.18872296718749998 0.7031355984375 0.187531384375 0.71675545 0.1989595015625 0.7285385015625 0.2046647734375 0.72805735625 0.2150363953125 0.726023875 0.2238408625 0.7160109453125 0.22278438125000002 0.7021944140625
0 0.11816429843750001 0.6940216390625 0.1116078953125 0.7042312500000001 0.11283460000000001 0.716102084375 0.1223550984375 0.7237970687499999 0.13705262499999998 0.7241026421875 0.1489738484375 0.7173032687500001 0.148257821875 0.6995953578125 0.1408151578125 0.6940427453125 0.11816429843750001 0.6940216390625
0 0.144547971875 0.7678912828125 0.15389824375 0.7775319625 0.1708438375 0.77803421875 0.18310550781249998 0.7673434578125 0.1798009671875 0.753330253125 0.17460637343750002 0.74797431875 0.15195550468750002 0.747953209375 0.144547971875 0.7678912828125
0 0.2311484203125 0.7489999359375 0.22026611406250002 0.7568704937499999 0.2192447578125 0.76854465 0.230502646875 0.782273390625 0.240533815625 0.7841313015625 0.259709909375 0.772084890625 0.260731265625 0.7604107359375 0.2513810015625 0.7507700578125001 0.2311484203125 0.7489999359375
0 0.111390378125 0.79734003125 0.105344653125 0.8017125640625 0.10381261875 0.8192238015625 0.1110850484375 0.8267221046875 0.12578258281250002 0.82702768125 0.1375335796875 0.822174003125 0.1388953890625 0.8066084609375 0.1250489875 0.796574421875 0.111390378125 0.79734003125