1 0.0204021359375 0.1889497828125 0.030057353125000002 0.20151508593749998 0.0376262421875 0.2062522859375 0.04600229375 0.20971586250000002 0.054545924999999995 0.2073549453125 0.06470388437499999 0.2024467703125 0.06971444375 0.188980515625 0.07230351406249999 0.1793351421875 0.0697451859375 0.161131684375 0.0623438765625 0.15056999375 0.052521081250000004 0.14382918281249998 0.0463989375 0.142369215625 0.032860117187499996 0.1442719734375 0.022214785937500002 0.152729203125 0.018498762499999998 0.1613727734375 0.0165492734375 0.1755690125 0.0204021359375 0.1889497828125
1 0.0300112421875 0.24328833125 0.029021128125 0.2643108640625 0.039955509374999996 0.2859778953125 0.0455902796875 0.29098692187499997 0.05396633125 0.2944504953125 0.06637819687499999 0.29154593125 0.0729877140625 0.289456840625 0.078957646875 0.28281688125 0.0796125984375 0.27344332968749996 0.082841253125 0.26834881875 0.0838159953125 0.2612507 0.0818972484375 0.24759810624999998 0.07900375937500001 0.2410436328125 0.0707952875 0.2317555671875 0.060165328124999994 0.226288384375 0.0482408328125 0.2256438859375 0.035661384375 0.2343729390625 0.0300112421875 0.24328833125
1 0.10172579374999999 0.2413308234375 0.10784793749999999 0.2427907875 0.12606215781250002 0.23907075937500002 0.131224925 0.23370442656249998 0.13801739375 0.2118664234375 0.13577885625 0.1959384015625 0.130631453125 0.18738031875 0.1204888671875 0.1783640734375 0.112112815625 0.1749004984375 0.09502555 0.17962233125 0.08421263749999999 0.1939040578125 0.0819433609375 0.20582486093750002 0.0838621078125 0.21947745312500003 0.09158320625000001 0.2323145796875 0.10172579374999999 0.2413308234375
1 0.15367328125 0.1899429375 0.162049334375 0.1934065140625 0.17832943437499998 0.1899583078125 0.1830048328125 0.18814103437500002 0.191563834375 0.17185570156250002 0.19253857968750002 0.1647575828125 0.18998025000000002 0.146554125 0.1750100546875 0.13125522812499998 0.166634003125 0.1277916578125 0.15502929999999998 0.12942259218750002 0.1459982953125 0.135332565625 0.13711950312500001 0.14934246874999998 0.138063503125 0.170093178125 0.14353069375 0.1809266953125 0.15367328125 0.1899429375
1 0.20988415468750002 0.2180088421875 0.2200267421875 0.227025084375 0.232271028125 0.22994501562499997 0.2408146609375 0.2275840984375 0.2493582921875 0.22522318125 0.2588920375 0.2018397296875 0.256333709375 0.1836362734375 0.25344021875 0.177081796875 0.23685569687500002 0.1643301578125 0.2307335546875 0.1628701921875 0.2136462890625 0.16759202812500001 0.21009784531250003 0.1704111046875 0.20315316874999997 0.18414918125 0.2021784234375 0.1912473015625 0.204736753125 0.209450759375 0.20988415468750002 0.2180088421875
1 0.3114791109375 0.1550027078125 0.31245385312499996 0.147904590625 0.3076416171875 0.127697521875 0.2888031859375 0.1129422734375 0.2694620125 0.11566049687499999 0.26591356875 0.1184795734375 0.2557402390625 0.1373121625 0.254765496875 0.1444102796875 0.2589381515625 0.16006648437499998 0.27841616406249997 0.1793725984375 0.30049861718750004 0.175108921875 0.3114791109375 0.1550027078125
1 0.32433223906249997 0.1903223328125 0.3323731265625 0.205434890625 0.3380078984375 0.2104439140625 0.3421959234375 0.212175703125 0.36266405 0.21045928281249998 0.36733945 0.2086420109375 0.37589845 0.19235667812499999 0.3781677328125 0.1804358734375 0.3762489859375 0.1667832796875 0.37078179218749996 0.1559497625 0.36063920625 0.1469335203125 0.344526684375 0.144557234375 0.342912359375 0.1471044890625 0.331627446875 0.1510108578125 0.3243629765625 0.1624735015625 0.3220937015625 0.1743943078125 0.32433223906249997 0.1903223328125
1 0.3983314375 0.16251960625 0.40445358125 0.16397956875 0.41686544843749995 0.1610750078125 0.42154084531249997 0.15925773593749998 0.43073943124999997 0.147523265625 0.4339834546875 0.128504340625 0.42981079843750003 0.112848140625 0.427237096875 0.1085690984375 0.412906484375 0.09782106562500001 0.4067843421875 0.096361103125 0.38969707656249997 0.101082934375 0.3793715375 0.1118155984375 0.37597530468749996 0.1227346015625 0.381107334375 0.1452170984375 0.3983314375 0.16251960625
1 0.5055304265625 0.1323713265625 0.5179269203125 0.14339118125 0.5263029718750001 0.14685475312500001 0.536780721875 0.144222015625 0.5450045640625001 0.1395856671875 0.5522690328125 0.1281230203125 0.5548581 0.118477646875 0.5516601890625 0.095723325 0.5468325828125 0.08944067343749999 0.5347558765625 0.08069625 0.5134805859375 0.083686296875 0.5063836984375001 0.08932445624999999 0.49911923125 0.1007870984375 0.49782469375 0.10560978593749999 0.5000632328125 0.1215378109375 0.5055304265625 0.1323713265625
1 0.644284128125 0.1302735828125 0.6484721546875 0.132005371875 0.666686371875 0.12828534062500002 0.6729760984375 0.12392081562499999 0.6786262390625 0.115005425 0.681215309375 0.10536005156249999 0.67769760625 0.080330296875 0.6627274109375 0.06503140156250001 0.658539384375 0.0632996125 0.6450005640625001 0.06520237031250001 0.6324211156249999 0.073931425 0.62515665 0.085394071875 0.6241665328125 0.10641660625 0.6296337249999999 0.11725012187499999 0.644284128125 0.1302735828125
1 0.6986223671875 0.10291364843749999 0.699581740625 0.10973994375 0.7161662609375 0.12249158593750001 0.7363145953125 0.1184997328125 0.742604321875 0.1141352078125 0.75180290625 0.1024007375 0.7527776515625 0.09530261875 0.749579740625 0.0725482984375 0.7444323390625 0.063990215625 0.7365436609375 0.056977582812500004 0.7281676078125 0.053514004687500005 0.7126946703125 0.055688584375 0.7020493390625 0.0641458171875 0.6934903375 0.08043114999999999 0.69636845625 0.10091003750000001 0.6986223671875 0.10291364843749999
1 0.783388365625 0.1026024421875 0.793530953125 0.11161868593749999 0.79933330625 0.11080321875000002 0.8015872140625 0.1128068296875 0.8120649640625001 0.11017409062500001 0.822222921875 0.1052659171875 0.8320764609375001 0.0841578984375 0.8311170875 0.07733160156249999 0.8327314124999999 0.07478434843750001 0.82887855 0.061403578125000004 0.8161622609375 0.0481082921875 0.8077862093749999 0.0446447171875 0.7903791546875001 0.04709111875 0.78489659375 0.0501820203125 0.7744034734375 0.0667391734375 0.7753474781249999 0.0874898859375 0.783388365625 0.1026024421875
1 0.8435596953125 0.0465782078125 0.8366150187500001 0.060316287499999996 0.8378941828125 0.0694180171875 0.8430415828125 0.0779761 0.8446405374999999 0.08935325937500001 0.867347203125 0.10356486718749999 0.8715352281250001 0.10529665156250001 0.876210625 0.10347937968750001 0.8937852625 0.0952084859375 0.9039585906250001 0.0763759 0.9029992171875 0.0695496046875 0.9046135453125 0.0670023484375 0.90333438125 0.0579006203125 0.897867190625 0.0470671046875 0.8877246031249999 0.0380508609375 0.8774144328125001 0.0348591078125 0.8580732609374999 0.037577332812499996 0.8564589343750001 0.0401245890625 0.8506565828125 0.0409400578125 0.8435596953125 0.0465782078125
1 0.0992274515625 0.31477378125 0.11581197343750001 0.327525421875 0.13789442968750001 0.323261746875 0.1414428703125 0.32044267187500003 0.147915546875 0.2963292375 0.1431033078125 0.27612217031249997 0.1348948375 0.2668341015625 0.124264878125 0.26136692031250003 0.1184625265625 0.2621823875 0.1162086171875 0.26017877500000003 0.09976093593749999 0.2694514765625 0.09411079375 0.278366865625 0.09152172343750001 0.2880122390625 0.094080053125 0.306215696875 0.0992274515625 0.31477378125
1 0.15568275781250002 0.26739311718750003 0.161317528125 0.2724021390625 0.1719474875 0.277869325 0.18822758906249998 0.2744211171875 0.19483710468749998 0.272332025 0.2027565234375 0.25149582656249997 0.1995586125 0.22874150625 0.1944112171875 0.220183421875 0.182334509375 0.21143900000000002 0.17072980625 0.213069934375 0.1665417796875 0.2113381484375 0.1539623328125 0.22006720156249998 0.1499265171875 0.22643533906250002 0.1463627015625 0.24317882968750001 0.147322075 0.25000512656249996 0.15568275781250002 0.26739311718750003
1 0.27045063125 0.241982040625 0.2733441203125 0.2485365140625 0.2838065015625 0.2598281921875 0.292182553125 0.2632917625 0.3123308890625 0.25929991406249997 0.323631175 0.2414691296875 0.3246059171875 0.23437101093749999 0.3220475875 0.2161675546875 0.3191540984375 0.20961307968749998 0.316580396875 0.20533403749999998 0.3045036921875 0.196589615625 0.2983815484375 0.1951296515625 0.284842728125 0.197032409375 0.2793601671875 0.20012330781249998 0.27177590937499996 0.20931052343749998 0.267892303125 0.2237785828125 0.27045063125 0.241982040625
1 0.3900614859375 0.20892919999999998 0.38844715937499996 0.21147645625 0.392619815625 0.22713265625 0.3977672109375 0.2356907390625 0.40565589375 0.24270337656250002 0.4159660609375 0.24589512500000002 0.43031204531249995 0.24271874375000002 0.4330533265625 0.2411732921875 0.4432266546875 0.22234070625000002 0.4442014 0.2152425859375 0.4419628609375 0.1993145609375 0.43906936874999997 0.1927600875 0.4286069921875 0.1814684125 0.42023094062500005 0.1780048359375 0.40475800156249997 0.180179415625 0.399275440625 0.183270315625 0.3916911796875 0.19245753125 0.3891021140625 0.20210290468749997 0.3900614859375 0.20892919999999998
1 0.4659794328125 0.194779065625 0.4721015765625 0.19623903125 0.4845134421875 0.1933344671875 0.48918884062499995 0.1915171953125 0.499681959375 0.17496004062499998 0.4984181671875 0.15193389531249998 0.49295097656250003 0.14110038125 0.4828083890625 0.1320841375 0.47862036249999995 0.13035235 0.4592791890625 0.133070575 0.45218230156250006 0.1387087265625 0.4468519515625 0.14989955 0.445877209375 0.1569976703125 0.44875532968750004 0.1774765578125 0.4659794328125 0.194779065625
1 0.5878288234375 0.17765424999999999 0.59201685 0.17938603749999998 0.6063628359375001 0.17620965156249999 0.6126525578125 0.171845125 0.6212115609375 0.1555597921875 0.622186303125 0.1484616734375 0.619947765625 0.13253365 0.6141607875 0.1194247015625 0.596281728125 0.111495746875 0.5772603468749999 0.11648940468749999 0.5720975765625 0.121855734375 0.566767225 0.13304655781250002 0.5657924796875 0.140144678125 0.568350809375 0.1583481359375 0.5878288234375 0.17765424999999999
1 0.639531878125 0.20171293124999998 0.6496744671875 0.21072917656249998 0.65805051875 0.21419275 0.6762647375 0.2104727203125 0.6790060171875 0.20892727031249997 0.6907936718750001 0.18754743125 0.6879155515625001 0.167068540625 0.6850220625000001 0.1605140671875 0.672625565625 0.149494215625 0.662315396875 0.1463024609375 0.652644809375 0.1476615734375 0.6400653625 0.1563906265625 0.6360295484375 0.1627587640625 0.63182615 0.1749513921875 0.6340646890625 0.19087941718749998 0.639531878125 0.20171293124999998
1 0.770884275 0.1890534984375 0.7871643765624999 0.1856052890625 0.7934541015625001 0.1812407625 0.8036274296875 0.1624081765625 0.800109728125 0.137378421875 0.7975360296875 0.13309937968750002 0.78095150625 0.1203477390625 0.76354445 0.1227941421875 0.7545134453125 0.1287041203125 0.7488633046875 0.1376195109375 0.7452994921875 0.1543630015625 0.7494721453125 0.17001920625 0.7666962500000001 0.1873217078125 0.770884275 0.1890534984375
1 0.8223136500000001 0.1690635046875 0.8274610515624999 0.1776215875 0.8353497296875 0.1846342203125 0.8456598984375001 0.187825971875 0.860005884375 0.1846495875 0.8682297234374999 0.1800132390625 0.8754941921875 0.168550590625 0.8780832625 0.15890521875000002 0.8752051421875 0.1384263296875 0.8678038359375 0.127864634375 0.8560469203125001 0.12139564843749999 0.8499247765625 0.11993568125000001 0.8344518375 0.12211026093749999 0.82928906875 0.1274765953125 0.8191157375 0.14630918125 0.8181409953125 0.1534072984375 0.8223136500000001 0.1690635046875
1 0.5144692046875 0.21000784218750002 0.531693309375 0.227310346875 0.5358813359375 0.2290421328125 0.545551921875 0.22768302031249998 0.54780583125 0.22968663125000002 0.5505471125 0.22814118125 0.5584511609375 0.22122940156249998 0.5657156296875 0.2097667546875 0.5676651171875 0.19557051718750001 0.566385953125 0.1864687890625 0.5583450640625001 0.1713562296875 0.5504563828125 0.164343596875 0.5462683578124999 0.1626118078125 0.5269271843750001 0.1653300328125 0.519830296875 0.1709681890625 0.5141801546875 0.1798835796875 0.5115910859375 0.189528953125 0.5144692046875 0.21000784218750002
1 0.33680409375 0.2790641875 0.3517742875 0.29436308125 0.3636987828125 0.2950075796875 0.365952690625 0.2970111890625 0.368693971875 0.2954657375 0.37885192968750003 0.2905575671875 0.387730721875 0.2765476671875 0.3903197953125 0.26690229374999996 0.3880812578125 0.25097426718750004 0.385187765625 0.24441979531250002 0.366349334375 0.229664546875 0.35667874843749997 0.2310236578125 0.3544248390625 0.22902004687500002 0.34313992656250003 0.232926415625 0.33716999375 0.239566371875 0.333286390625 0.25403443124999997 0.33680409375 0.2790641875
1 0.21273153125 0.2663365609375 0.2117567890625 0.27343468125000003 0.2139953265625 0.28936270468749997 0.216888815625 0.29591718125 0.2217164265625 0.30219982968750003 0.23379313124999998 0.3109442515625 0.23959548281249998 0.310128784375 0.24184939062500002 0.31213239531250003 0.252327140625 0.30949965625 0.25893665625 0.307410559375 0.2674956609375 0.2911252265625 0.26879019375 0.286302540625 0.2655922828125 0.26354821875 0.2604448828125 0.254990134375 0.248368178125 0.24624571562500003 0.242246034375 0.24478575 0.22483897968750002 0.247232153125 0.21935641874999998 0.250323053125 0.21532060468749997 0.25669118750000003 0.2159601859375 0.26124205 0.21273153125 0.2663365609375
1 0.157540021875 0.3367433703125 0.165261121875 0.349580496875 0.1731498 0.3565931296875 0.18345996874999998 0.35978488125 0.19974007031250002 0.356336675 0.20441546875 0.3545194046875 0.20845128281249997 0.3481512671875 0.21394921406249998 0.3311359515625 0.2117106765625 0.315207928125 0.2088171859375 0.3086534515625 0.19416678125 0.2956299875 0.1880446390625 0.294170025 0.1725717 0.2963446046875 0.1654748125 0.3019827578125 0.1585301359375 0.3157208359375 0.15626085781250001 0.3276416421875 0.157540021875 0.3367433703125
1 0.0472799640625 0.3661616671875 0.0638644859375 0.37891330624999997 0.0801445875 0.3754651 0.08675410312500001 0.3733760046875 0.09078991875 0.3670078671875 0.0959680578125 0.34771712187500003 0.09436910312499999 0.3363399609375 0.08294735 0.3182219890625 0.072317390625 0.312754803125 0.058458778125 0.3123821296875 0.0478134484375 0.3208393625 0.042483096875 0.33203018281249996 0.040533609375 0.346226421875 0.044706262499999996 0.361882625 0.0472799640625 0.3661616671875
1 0.105912325 0.3904066890625 0.1110597234375 0.398964771875 0.1212023109375 0.40798101249999996 0.1295783640625 0.41144459062500005 0.1439243484375 0.4082682046875 0.1521481890625 0.403631853125 0.15618400625 0.39726371875 0.160067609375 0.38279565937500004 0.157829071875 0.3668676328125 0.150107975 0.3540305078125 0.142539084375 0.34929330468750003 0.1341630328125 0.3458297328125 0.1206242125 0.347732490625 0.1151416515625 0.3508233890625 0.1046485328125 0.3673805453125 0.10367378593750001 0.37447866093750004 0.105912325 0.3904066890625
1 0.051086715625 0.42131568281250004 0.054604418749999994 0.4463454359375 0.0571781171875 0.45062447656250004 0.0692548234375 0.4593689 0.0753769671875 0.4608288625 0.087788834375 0.457924303125 0.096332465625 0.455563384375 0.1023023984375 0.448923425 0.1016628171875 0.4443725609375 0.1058662140625 0.432179934375 0.1036276765625 0.41625190781250004 0.09848027499999999 0.40769382500000007 0.0883376875 0.3986775828125 0.07802751875 0.395485828125 0.06642281562499999 0.3971167625 0.060940254687499994 0.40020766406249997 0.0536757859375 0.411670309375 0.051086715625 0.42131568281250004
1 0.17001187499999998 0.4254852234375 0.1853018625 0.4430595515625 0.19561203124999998 0.44625130312500005 0.2060897796875 0.4436185640625 0.216247740625 0.4387103921875 0.223512209375 0.4272477453125 0.22610127656249998 0.417602371875 0.2238627390625 0.40167434843749994 0.21871534218750002 0.393116265625 0.20857275312499998 0.3841000203125 0.19632846718750002 0.38118009218750004 0.188591996875 0.38226738125000004 0.17956099375 0.38817735781249996 0.17068219843750002 0.40218725781250003 0.1680931296875 0.41183263124999997 0.17001187499999998 0.4254852234375
1 0.22389348281250002 0.3738255171875 0.2372493515625 0.3916716640625 0.2475595203125 0.3948634203125 0.263839621875 0.3914152125 0.2685150203125 0.38959794062499997 0.2757794859375 0.37813529375 0.27966309218749996 0.3636672328125 0.27806413750000003 0.352290075 0.27517064687500004 0.3457355984375 0.260520240625 0.332712134375 0.25214418906249997 0.3292485625 0.2405394859375 0.330879496875 0.23150848124999998 0.336789471875 0.22424401249999998 0.34825211718750004 0.2219747359375 0.360172925 0.22389348281250002 0.3738255171875
1 0.2998267984375 0.345750965625 0.3219092546875 0.34148729218749996 0.331915 0.328479196875 0.3345040734375 0.318833821875 0.331625953125 0.298354934375 0.32647855 0.2897968515625 0.314401846875 0.28105242812500003 0.3102138203125 0.279320640625 0.2928067640625 0.2817670421875 0.2816740625 0.29377333437500003 0.27811025 0.3105168265625 0.28034878750000003 0.32644485156249997 0.285496184375 0.3350029359375 0.2998267984375 0.345750965625
1 0.40187838593749997 0.30704460624999996 0.404132296875 0.3090482140625 0.4050916703125 0.3158745125 0.4133001390625 0.325162578125 0.427798334375 0.330086115625 0.43634196562499994 0.327725196875 0.446499925 0.3228170265625 0.45376439218750003 0.31135438125000003 0.4557138796875 0.29715814375 0.454434715625 0.288056415625 0.448647734375 0.274947465625 0.43850514687500003 0.265931225 0.4301290953125 0.262467646875 0.41465615624999996 0.2646422265625 0.4091735953125 0.267733128125 0.40222891875 0.2814712046875 0.3999596390625 0.2933920125 0.40187838593749997 0.30704460624999996
1 0.4631613 0.265946590625 0.4733038875 0.2749628328125 0.48361405625 0.2781545875 0.4979600390625 0.274978203125 0.5039299734375 0.26833824375000004 0.5108746484375 0.254600165625 0.5070371546875 0.22729497968749998 0.49963584843750003 0.21673328593750002 0.4898130515625 0.209992475 0.47240599687499996 0.212438878125 0.4669234359375 0.215529778125 0.46176066562500007 0.22089610624999997 0.45643031718750005 0.23208692968750003 0.45545557187499996 0.23918505156249997 0.4580139 0.2573885078125 0.4631613 0.265946590625
1 0.5275806421875 0.3033005609375 0.5377232296875001 0.312316803125 0.5480333984375 0.31550855625 0.558511146875 0.3128758171875 0.5667349890625 0.308239465625 0.5756137859375 0.29422956562499997 0.5769083187499999 0.289406878125 0.5740301984375 0.268927990625 0.5688828 0.26036990625 0.5587402109374999 0.2513536625 0.542627690625 0.24897737812499998 0.5316625687500001 0.255159178125 0.52084965625 0.2694409 0.5198749140625 0.27653901875 0.5224332421875 0.2947424765625 0.5275806421875 0.3033005609375
1 0.5890311359375 0.25637805468749997 0.6019150046874999 0.2638488484375 0.608037146875 0.26530881093750003 0.6146466609375 0.26321971875 0.626418946875 0.25576429218749996 0.632069090625 0.2468489015625 0.6346581578125 0.237203528125 0.6317800375 0.21672463749999998 0.626632640625 0.20816655312500001 0.61423614375 0.1971467015625 0.592960853125 0.20013674843749998 0.5773049609375 0.2220602359375 0.5772895921875 0.2359846515625 0.5795434984375001 0.237988259375 0.580502871875 0.2448145578125 0.5890311359375 0.25637805468749997
1 0.649110240625 0.28390031250000003 0.6595726203125001 0.29519198750000003 0.6721366984375 0.30038735 0.682614446875 0.297754609375 0.6924526156249999 0.29057100468749997 0.699717084375 0.2791083609375 0.7019863609375 0.2671875546875 0.7003874046874999 0.2558103953125 0.69492021875 0.244976878125 0.6825237203125 0.23395702499999999 0.6647968734374999 0.234127996875 0.652217425 0.24285704843749997 0.6465672828125 0.25177244062500004 0.643658421875 0.25914238125 0.6462167515624999 0.2773458390625 0.649110240625 0.28390031250000003
1 0.7052457546875 0.23424421562500003 0.7202159515625 0.24954310937500002 0.7442325234375 0.2450076140625 0.7574669234375 0.22690500781249998 0.75876145625 0.22208232187500002 0.756203128125 0.2038788640625 0.7510557312499999 0.1953207796875 0.738659234375 0.184300928125 0.7325370906249999 0.1828409609375 0.7170641515625 0.185015540625 0.7083529390625001 0.1932009515625 0.7010884703125 0.20466359843749998 0.7001137265625 0.211761715625 0.702352265625 0.22768974218750002 0.7052457546875 0.23424421562500003
1 0.7757872421875 0.27305815 0.7901178546875001 0.2838061796875 0.79592020625 0.2829907125 0.798174115625 0.2849943203125 0.806717746875 0.28263340625 0.820743940625 0.2771815890625 0.8247797578125 0.2708134515625 0.82672924375 0.256617215625 0.8241709140625 0.2384137578125 0.8141959062499999 0.2235730203125 0.8066270187500001 0.21883581875 0.7889001734375001 0.219006790625 0.7779350515625 0.2251885890625 0.7690562546875 0.2391984890625 0.767761721875 0.2440211765625 0.7709596328125 0.266775496875 0.7757872421875 0.27305815
1 0.84349671875 0.2496199484375 0.8486441171875001 0.25817803125 0.8629747312499999 0.2689260625 0.885057184375 0.2646623859375 0.8934486078124999 0.2542015453125 0.896037675 0.244556171875 0.89220018125 0.2172509875 0.8893066921875 0.21069651406249998 0.8814180140625 0.20368388125 0.8752958703125 0.2022239140625 0.8675594 0.2033112046875 0.8653054921875001 0.20130759375 0.8520864625 0.20548578437499998 0.8412735515625 0.21976750625000002 0.8386844796874999 0.2294128796875 0.84349671875 0.2496199484375
1 0.719651728125 0.322714246875 0.7252864984375 0.327723271875 0.7420386015625 0.334650421875 0.7486481171875 0.332561325 0.7588060750000001 0.32765315156249997 0.7676848703125 0.3136432515625 0.769954146875 0.301722446875 0.7686749828125 0.29262071875 0.76063409375 0.27750816093749997 0.754999321875 0.2724991359375 0.746623271875 0.2690355640625 0.7272820984374999 0.2717537875 0.7185708843749999 0.2799391953125 0.7132405328125 0.2911300203125 0.7141845375 0.3118807296875 0.719651728125 0.322714246875
1 0.6635162140624999 0.37237034375 0.67140489375 0.3793829765625 0.6797809453125 0.3828465515625 0.697995165625 0.379126521875 0.711229565625 0.36102391875 0.7134988421874999 0.3491031109375 0.7096459796875 0.335722340625 0.6969296921875 0.32242705781250003 0.688553640625 0.31896348125 0.682431496875 0.3175035171875 0.671146584375 0.3214098828125 0.664049696875 0.327048040625 0.6567852281250001 0.338510684375 0.6558104859375 0.34560880312500003 0.6583688140625 0.36381226093749996 0.6635162140624999 0.37237034375
1 0.609879040625 0.3485834796875 0.6226107015625 0.3479543515625 0.63115433125 0.3455934328125 0.643581571875 0.3287644578125 0.6448761046875 0.323941771875 0.64167819375 0.30118745156250004 0.6308960234375001 0.2876203421875 0.616397828125 0.2826968015625 0.608661359375 0.2837840921875 0.5960819109375 0.292513146875 0.5872031171875001 0.30652304531249996 0.5907208203125001 0.3315528015625 0.5932945171874999 0.3358318421875 0.609879040625 0.3485834796875
1 0.4685516359375 0.3464021828125 0.47369903750000003 0.35496026718749996 0.481587715625 0.36197290312499997 0.491897884375 0.36516465 0.5062438703125001 0.36198826875 0.51253359375 0.35762374375 0.5197980624999999 0.3461610953125 0.5207728046875 0.3390629765625 0.5178946843750001 0.3185840890625 0.5127472859375 0.31002600468749997 0.50485860625 0.303013371875 0.49648255468749997 0.29954979375 0.48294373281249997 0.3014525515625 0.47229840312500004 0.309909784375 0.4669680515625 0.3211006078125 0.465673515625 0.3259232953125 0.4685516359375 0.3464021828125
1 0.42738631875 0.4113571734375 0.435762371875 0.4148207515625 0.45010835625 0.41164436562500006 0.45639807968749996 0.40727983749999996 0.4652768734375 0.3932699375 0.46657140625000004 0.38844725156250004 0.464013078125 0.37024379375 0.45854589062500006 0.3594102796875 0.450657209375 0.35239764375 0.4422811578125 0.348934071875 0.4248741015625 0.3513804734375 0.4108325375 0.3707567046875 0.4117765390625 0.391507415625 0.41724373281249993 0.4023409328125 0.42738631875 0.4113571734375
1 0.359418534375 0.376822284375 0.367794584375 0.3802858578125 0.38407468749999996 0.3768376515625 0.392298528125 0.372201303125 0.399243203125 0.358463225 0.3979794109375 0.33543708125 0.3928320125 0.3268789984375 0.378501396875 0.31613096406249996 0.3723792546875 0.3146710015625 0.35529198906250004 0.319392834375 0.3460934046875 0.3311273015625 0.343504334375 0.3407726765625 0.3460626640625 0.35897613281249996 0.34895615625 0.36553060937500004 0.359418534375 0.376822284375
1 0.29507454843750003 0.4171903140625 0.3094051625 0.42793834375 0.31552730625000003 0.42939831093749997 0.3279391734375 0.42649374843750004 0.33777734062500003 0.419310146875 0.3447220171875 0.40557206562500003 0.346016553125 0.400749378125 0.343778015625 0.38482135624999997 0.336056915625 0.3719842296875 0.323980209375 0.363239809375 0.3178580671875 0.3617798421875 0.30238512812499996 0.3639544234375 0.289957890625 0.3807834015625 0.288008403125 0.3949796375 0.28960735937500004 0.4063568 0.29507454843750003 0.4171903140625
1 0.0661169 0.5282609921875 0.0768990703125 0.5418281 0.0872092390625 0.545019853125 0.09962110625000001 0.542115290625 0.10784494687499999 0.537478940625 0.1151094140625 0.5260162953124999 0.1173786953125 0.5140954921875001 0.11577973906250001 0.5027183296875 0.10805863906249999 0.48988120312500005 0.095981934375 0.48113678593750003 0.089859790625 0.47967681874999996 0.0763209703125 0.48157957500000004 0.070838409375 0.48467047812499997 0.0635739390625 0.4961331203125 0.062599196875 0.503231240625 0.0661169 0.5282609921875
1 0.1154906859375 0.47259406718749997 0.1209578796875 0.4834275828125 0.133354375 0.49444743750000003 0.1375424015625 0.49617922343750004 0.15188838437500002 0.4930028375 0.1636606703125 0.4855474109375 0.1676964875 0.4791792765625 0.1699657625 0.46725847031249995 0.16772722499999998 0.451330446875 0.162579828125 0.44277236249999996 0.1546911484375 0.43575972968750004 0.140192953125 0.4308361890625 0.1343906015625 0.43165165625 0.12342547968749999 0.43783345625000003 0.1177753375 0.44674884531250003 0.113571940625 0.45894147500000004 0.1154906859375 0.47259406718749997
1 0.1821639390625 0.51195164375 0.19488022656249998 0.52524693125 0.20325627812499997 0.52871050625 0.2195363796875 0.525262296875 0.22776022031249998 0.5206259484375 0.23470490000000002 0.506887871875 0.23567964218749998 0.49978975156249994 0.23086740625000002 0.47958268593750003 0.22040502499999998 0.46829100781250005 0.2120289734375 0.4648274375 0.1907536828125 0.467817484375 0.1839765875 0.47573106875000004 0.1786462359375 0.48692189375000006 0.179605609375 0.49374818906250006 0.1779912859375 0.49629544374999995 0.1821639390625 0.51195164375
1 0.23348721718749998 0.44208848281249996 0.23604554531250002 0.4602919390625 0.2411929421875 0.4688500234375 0.2555235578125 0.479598053125 0.2616457 0.4810580171875 0.27212345 0.478425278125 0.2803472921875 0.4737889296875 0.2892260859375 0.459779028125 0.2914953640625 0.4478582234375 0.290535990625 0.44103192656249995 0.28828208437499997 0.43902831718749996 0.2873227109375 0.4322020203125 0.278794446875 0.42063852187500006 0.2681644875 0.4151713359375 0.254305875 0.41479866249999997 0.24334075312499998 0.42098046250000004 0.23769061093750002 0.429895853125 0.23348721718749998 0.44208848281249996
1 0.3154350828125 0.512944803125 0.323811134375 0.5164083765624999 0.3400912359375 0.5129601703125 0.346380959375 0.50859564375 0.353645428125 0.497132996875 0.35656966093750003 0.475838640625 0.3507826765625 0.46272969374999995 0.340640090625 0.45371344843749994 0.3322640390625 0.450249875 0.3167911 0.4524244546875 0.30372427812499997 0.46470256875000004 0.3011352109375 0.4743479421875 0.301759421875 0.492823221875 0.309800309375 0.507935778125 0.3154350828125 0.512944803125
1 0.379307065625 0.46220141562499995 0.39558716718750003 0.4587532078125 0.407527034375 0.445473290625 0.4101161015625 0.43582791875 0.40723798125000005 0.41534902812499996 0.40209058593749997 0.40679094375 0.390013878125 0.3980465203125 0.37228703125 0.3982174921875 0.3632560265625 0.40412747031249996 0.3559915609375 0.415590115625 0.354697025 0.42041280312499996 0.35821472656250003 0.4454425546875 0.3731849234375 0.4607414515625 0.379307065625 0.46220141562499995
1 0.429395796875 0.4888073546875 0.44372640781249995 0.49955538437499997 0.46387474375000004 0.4955635328125 0.4754948203125 0.48000818125 0.4764695625 0.472910065625 0.4735914421875 0.45243117499999996 0.46844404375000004 0.443873090625 0.4605553640625 0.43686045625 0.4502451953125 0.4336687046875 0.4405746078125 0.4350278171875 0.43154360468749997 0.44093779375000003 0.423959346875 0.45012500624999996 0.42137027343750005 0.45977038124999997 0.42424839375 0.480249271875 0.429395796875 0.4888073546875
1 0.47813 0.4285895625 0.48327739999999997 0.4371476453125 0.4934199875 0.446163890625 0.5017960390625 0.4496274640625 0.5180761421875 0.4461792578125 0.524365865625 0.44181473125000004 0.53131054375 0.42807665312500004 0.5326050765625 0.423253965625 0.5300467484375 0.405050509375 0.5271532578125 0.39849603437500003 0.5189447859375 0.3892079671875 0.5044465921875 0.38428443125 0.49477600468749994 0.3856435421875 0.484130675 0.394100771875 0.47848053281249997 0.403016165625 0.47621125312499996 0.4149369703125 0.47813 0.4285895625
1 0.5397327046875 0.38976698125000003 0.547621384375 0.3967796140625 0.557931553125 0.3999713671875 0.5722775375 0.39679498125 0.5821157046875001 0.3896113765625 0.5874460578125 0.37842055625 0.5884208 0.3713224359375 0.5832887718750001 0.34883993750000003 0.580715071875 0.3445608953125 0.568638365625 0.3358164734375 0.5625162234375 0.334356509375 0.5489774015625 0.3362592671875 0.53300171875 0.355907321875 0.5317071859375 0.36073000781250003 0.5342655140625 0.37893346562499997 0.5397327046875 0.38976698125000003
1 0.59997939375 0.411464746875 0.6054465812500001 0.42229826406250004 0.6178430781250001 0.4333181171875 0.6297675734375 0.43396261562499994 0.6320214828124999 0.43596622500000004 0.6366968796875 0.4341489515625 0.6433063953125 0.4320598578125 0.653799515625 0.4155027015625 0.6567083765625 0.4081327609375 0.6570435359375 0.396483778125 0.6486828578125 0.3790957890625 0.640794178125 0.3720831515625 0.6262959828125 0.367159615625 0.6185595140625 0.3682469046875 0.609528509375 0.37415688125 0.6003299234374999 0.3858913515625 0.5980606468749999 0.39781215468750003 0.59997939375 0.411464746875
1 0.72408269375 0.3963435421875 0.731484 0.4069052359375 0.7416265875 0.41592147968750004 0.74774873125 0.4173814453125 0.7620947140625 0.4142050609375 0.7683844390625 0.40984053125 0.7772632328125 0.39583063125 0.77855776875 0.3910079453125 0.7756796484375 0.37052905625 0.768278340625 0.3599673609375 0.7607094515624999 0.355230159375 0.7503992828125 0.3520384109375 0.740728696875 0.3533975234375 0.7316976921875 0.35930749687499997 0.7228188984374999 0.3733173984375 0.7218441546875 0.3804155171875 0.72408269375 0.3963435421875
1 0.7802182078125 0.3466874453125 0.7901932140625 0.3615281796875 0.8042040359374999 0.370000778125 0.815001578125 0.369643471875 0.823545209375 0.367282553125 0.8322564218749999 0.359097146875 0.836947190625 0.343355459375 0.8340690703125 0.32287656875000004 0.8311755812499999 0.3163220953125 0.8263479703125001 0.3100394421875 0.816525175 0.30329863125 0.795249884375 0.3062886796875 0.788152996875 0.3119268328125 0.7792742031250001 0.3259367328125 0.7782994609375 0.333034853125 0.7802182078125 0.3466874453125
1 0.8767411203125001 0.35284523125 0.891406896875 0.35194427500000003 0.9012450624999999 0.3447606703125 0.9049610890625001 0.336117103125 0.9075501562499999 0.3264717296875 0.9043522453125 0.303717409375 0.8871281421875 0.28641490625 0.8677869687499999 0.2891331296875 0.8571416375 0.2975903609375 0.8518112875 0.3087811828125 0.8498618 0.322977421875 0.8533948703125 0.334082759375 0.8664309515624999 0.349653475 0.8767411203125001 0.35284523125
1 0.860095115625 0.39579125 0.863293028125 0.418545571875 0.8805171312500001 0.4358480765625 0.8927614171875 0.43876800468750005 0.90130505 0.43640708906250003 0.911463009375 0.4314989171875 0.9161537781250001 0.4157572296875 0.9171285203125 0.40865910781250003 0.9139306093749999 0.3859047875 0.9087832109375 0.377346703125 0.901214321875 0.3726095015625 0.8954119703125001 0.37342496875000003 0.8931580625000001 0.3714213609375 0.87575100625 0.3738677640625 0.86865411875 0.37950591718750004 0.8613896499999999 0.39096856406249997 0.860095115625 0.39579125
1 0.7920504796875 0.43087843281250005 0.797197875 0.4394365171875 0.8095943734375 0.4504563703125 0.8179704250000001 0.453919946875 0.830382290625 0.45101538437500005 0.836672015625 0.44665085624999995 0.8455508093749999 0.43264095625000004 0.8465255546874999 0.4255428375 0.843647434375 0.405063946875 0.8381802421875 0.394230434375 0.832545471875 0.389221409375 0.822235303125 0.38602965624999996 0.8086964812499999 0.3879324125 0.796117034375 0.396661465625 0.7920812171875 0.40302960312499997 0.78949215 0.4126749765625 0.7920504796875 0.43087843281250005
1 0.75990079375 0.5038478640624999 0.7800491296875001 0.4998560140625 0.788120759375 0.487119740625 0.792004365625 0.4726516796875 0.7875119203125001 0.45472004374999997 0.7793034484375 0.44543197812499996 0.7664195796875 0.43796118437500003 0.749012525 0.44040758750000003 0.7349709609375 0.4597838203125 0.7336764265625 0.46460650625 0.73623475625 0.4828099640625 0.741382153125 0.4913680484375 0.75377865 0.5023879 0.75990079375 0.5038478640624999
1 0.67084066875 0.4525541125 0.6734143671874999 0.4568331546875 0.689998890625 0.469584796875 0.6961210343750001 0.47104476249999994 0.71046701875 0.4678683765625 0.7132082984375 0.46632292656249996 0.7233816296875 0.44749034062500004 0.7246761625 0.442667653125 0.7221178328125 0.4244641953125 0.7169704343750001 0.4159061125 0.7026398203124999 0.40515808125 0.6965176765625001 0.403698115625 0.6794304125 0.40841995156250005 0.6742676421875 0.41378628125 0.667322965625 0.4275243609375 0.6663482234375 0.4346224765625 0.67084066875 0.4525541125
1 0.61213145625 0.49793116875 0.617278853125 0.5064892515625 0.6296753515625 0.5175091078125 0.6380514015625 0.5209726781249999 0.6504632671875 0.5180681203125 0.6586871109375 0.5134317703125 0.6656317875 0.499693690625 0.6675812750000001 0.485497453125 0.6663021109375 0.476395725 0.656327103125 0.461554990625 0.64650430625 0.4548141765625 0.6403821625 0.4533542125 0.6268433421874999 0.4552569703125 0.6197464546875 0.46089512499999996 0.6108676609375 0.474905025 0.609573128125 0.4797277109375 0.61213145625 0.49793116875
1 0.55945365625 0.48097060625 0.5678297078125001 0.484434178125 0.584109809375 0.48098597343750005 0.590399534375 0.476621446875 0.5960496734375 0.467706053125 0.5986387468750001 0.4580606796875 0.5954408359375 0.435306359375 0.582724546875 0.422011075 0.5743484953125 0.41854749843750005 0.5588755562500001 0.420722078125 0.55177866875 0.426360234375 0.542899875 0.440370134375 0.5438438796875 0.46112084375 0.5493110671875 0.4719543625 0.55945365625 0.48097060625
1 0.4906018546875 0.5173314171875 0.49542946250000003 0.5236140671875 0.5097600765625 0.5343621 0.5299084140625 0.530370246875 0.5378124625 0.523458465625 0.5415284875 0.5148148984375001 0.543477975 0.5006186593749999 0.5418790203125 0.48924149687499996 0.5367316203125 0.4806834140625 0.5265890328125 0.4716671703125 0.51821298125 0.46820359843750003 0.5027400421875 0.470378178125 0.4956431546875 0.47601632968749996 0.4899930140625 0.48493172187500005 0.48740394374999996 0.4945770953125 0.4906018546875 0.5173314171875
1 0.3732602828125 0.5384634515625 0.3853369859375 0.5472078703125 0.39145912968749996 0.5486678375 0.40773923125 0.5452196296875 0.41402895468749995 0.540855103125 0.4196790984375 0.5319397125 0.4219483734375 0.52001890625 0.4193900453125 0.5018154484374999 0.4142426484375 0.493257365625 0.4021659421875 0.4845129453125 0.39797791562499996 0.4827811578125 0.38250497656250004 0.4849557375 0.375408090625 0.49059389062500003 0.3668490875 0.5068792234374999 0.37068658125 0.534184409375 0.3732602828125 0.5384634515625
1 0.2612336859375 0.562329078125 0.273477971875 0.5652490078125 0.28202160625 0.5628880890625 0.29024544531249996 0.558251740625 0.300738565625 0.541694584375 0.299794565625 0.5209438750000001 0.2845045765625 0.5033695453125 0.27612852499999996 0.49990597187499997 0.2606555859375 0.5020805515625 0.2500102546875 0.5105377828125001 0.24467990624999997 0.5217286046875 0.24338537031250002 0.5265512921875 0.2456239078125 0.54247931875 0.2533450046875 0.5553164453125 0.2612336859375 0.562329078125
1 0.1968897 0.602697109375 0.2092861984375 0.6137169640625 0.2134742234375 0.61544875 0.2297543234375 0.6120005421875 0.23604405 0.607636015625 0.24492284375 0.5936261171874999 0.2458975890625 0.5865279953125 0.24333925937499998 0.5683245390625 0.23593795156250003 0.557762846875 0.226115153125 0.5510220328125001 0.221927128125 0.5492902468749999 0.204520071875 0.5517366484374999 0.1904785078125 0.57111288125 0.189183975 0.5759355671875 0.191742303125 0.594139025 0.1968897 0.602697109375
1 0.1273229578125 0.5567850562500001 0.13279015156250001 0.567618571875 0.145186646875 0.5786384250000001 0.149374671875 0.5803702109375 0.1656547765625 0.57692200625 0.17194449843749998 0.5725574812499999 0.17920896718749998 0.5610948328124999 0.181798034375 0.551449459375 0.179559496875 0.535521434375 0.1718384 0.5226843078125001 0.1642695109375 0.5179471078125 0.15589345937500002 0.51448353125 0.1442887546875 0.5161144671875 0.1352577515625 0.5220244453125 0.1263789578125 0.5360343453125 0.1250844203125 0.5408570312500001 0.1273229578125 0.5567850562500001
1 0.07826896250000001 0.6147274140625 0.084223525 0.6220118734375 0.0967876015625 0.6272072328125 0.1111335859375 0.6240308484375 0.12097175468750002 0.616847246875 0.126302103125 0.605656421875 0.1272768484375 0.5985583015625 0.1250383109375 0.582630278125 0.12214481875000001 0.576075803125 0.1173172140625 0.5697931515625 0.10749441562499999 0.5630523421875 0.101372271875 0.5615923765625 0.083965215625 0.564038778125 0.0747666296875 0.5757732468750001 0.0737918859375 0.5828713640625 0.07826896250000001 0.6147274140625
1 0.1108737828125 0.71340183125 0.119417415625 0.7110409140625 0.12764125625 0.706404565625 0.13652005 0.692394665625 0.13782995625 0.6736475640624999 0.132042975 0.6605386156249999 0.123834503125 0.6512505484375 0.11320454375 0.645783365625 0.099665721875 0.6476861234375 0.08902039218749999 0.6561433531249999 0.085624159375 0.6670623546875001 0.090101234375 0.6989184046875 0.0963755875 0.7084782921875 0.1108737828125 0.71340183125
1 0.13754090624999998 0.6435233 0.14526200625000002 0.656360425 0.150896775 0.66136945 0.1592728265625 0.664833025 0.17361880937500002 0.6616566390624999 0.181842653125 0.657020290625 0.18910712031250002 0.64555764375 0.191696190625 0.6359122703125 0.18945765312500001 0.619984246875 0.1865641640625 0.613429771875 0.178355690625 0.6041417046875 0.16772573125 0.598674521875 0.1558012359375 0.5980300234375 0.144836115625 0.6042118265624999 0.137571646875 0.61567446875 0.1346627859375 0.6230444125 0.13754090624999998 0.6435233
1 0.2090417625 0.6891635296875 0.21693044375 0.6961761656250001 0.2253064953125 0.6996397375 0.24352071406250003 0.6959197109375 0.256755115625 0.677817103125 0.2577298609375 0.6707189875 0.25517153124999997 0.6525155296875 0.2500241296875 0.643957446875 0.237947425 0.6352130234375 0.2337594 0.633481234375 0.21635234374999998 0.6359276375 0.20925545781250002 0.64156579375 0.2036053140625 0.6504811859374999 0.201016246875 0.6601265578125 0.20389436718749998 0.680605446875 0.2090417625 0.6891635296875
1 0.1548403671875 0.7385478046875 0.162729046875 0.7455604375 0.1711051 0.749024015625 0.1873852015625 0.7455758078125 0.193674925 0.741211278125 0.2009393921875 0.7297486359375001 0.203208671875 0.717827828125 0.201609715625 0.7064506671874999 0.19388861562499998 0.69361354375 0.1859999375 0.6866009078124999 0.169567625 0.6819491921874999 0.15505406093750002 0.6909500671875 0.14940391875 0.699865459375 0.1464950578125 0.7072354 0.14969296875 0.7299897203125 0.1548403671875 0.7385478046875
1 0.0948519890625 0.7748231328124999 0.09774548125 0.78137760625 0.1101419765625 0.792397459375 0.12045214687500001 0.7955892125 0.1289957765625 0.79322829375 0.1407680625 0.7857728671875 0.144803878125 0.7794047328125 0.1477127390625 0.7720347890625 0.1470885265625 0.7535595093749999 0.1390476390625 0.7384469546875 0.1334128671875 0.7334379296875 0.1189146734375 0.728514390625 0.111178203125 0.7296016812499999 0.1021471984375 0.735511653125 0.0935881953125 0.7517969875 0.092293659375 0.7566196749999999 0.0948519890625 0.7748231328124999
1 0.16184503125 0.8164561421875 0.1806834625 0.83121139375 0.1969635625 0.8277631875000001 0.20680173124999998 0.8205795828125 0.2121320828125 0.8093887578125001 0.21342661875000002 0.804566071875 0.2108682890625 0.786362615625 0.2057208875 0.7778045312499999 0.191390275 0.7670565015624999 0.1852681328125 0.7655965375 0.170114984375 0.7700465484375 0.159302071875 0.7843282703125001 0.1567130046875 0.79397364375 0.15895154218750002 0.80990166875 0.16184503125 0.8164561421875
1 0.1070040515625 0.861289553125 0.109577753125 0.8655685953125 0.12390836718750001 0.8763166281249999 0.130030509375 0.877776590625 0.1424423765625 0.8748720296875 0.1506662171875 0.8702356796874999 0.1592252203125 0.853950346875 0.156027309375 0.831196025 0.150879909375 0.8226379406250001 0.14299123125 0.8156253078125 0.1346151796875 0.8121617343749999 0.1210763578125 0.8140644921875 0.115593796875 0.8171553890625001 0.10639521249999999 0.8288898578125 0.1034709796875 0.8501842171874999 0.1057248875 0.852187825 0.1070040515625 0.861289553125
1 0.2265088078125 0.778363546875 0.234884859375 0.7818271171875 0.2550331953125 0.7778352671875 0.26665326875 0.7622799171875 0.268602759375 0.7480836796875 0.2673235953125 0.7389819515625 0.264430103125 0.7324274749999999 0.24977969843749998 0.719404015625 0.23946952812500003 0.716212259375 0.231733059375 0.7172995484375 0.22270205468749998 0.7232095296875001 0.21220893593749998 0.73976668125 0.212833146875 0.7582419609375 0.22087403437500003 0.7733545203125 0.2265088078125 0.778363546875
1 0.28296411250000003 0.7309828796875 0.2913401640625 0.734446453125 0.30955438125 0.730726421875 0.3179458046875 0.72026558125 0.3221492 0.7080729546875 0.3231239453125 0.7009748359375 0.3192710796875 0.6875940640625 0.3020469765625 0.6702915593750001 0.295924834375 0.6688315953124999 0.27883756875 0.6735534296875 0.2712533078125 0.6827406453125 0.2670499140625 0.6949332703125 0.269928034375 0.7154121609375 0.2750754328125 0.7239702453125 0.28296411250000003 0.7309828796875
1 0.3238096375 0.6637524531250001 0.32927683124999996 0.6745859703125 0.341353534375 0.683330390625 0.3455415609375 0.685062178125 0.3579534265625 0.682157615625 0.3681113859375 0.67724944375 0.37537585625 0.6657867984375 0.377325340625 0.651590559375 0.3760461765625 0.64248883125 0.37057898906250003 0.6316553171875 0.358182490625 0.6206354640625 0.353994465625 0.6189036765625 0.336587409375 0.621350078125 0.329490521875 0.6269882328125 0.32384038125000003 0.635903621875 0.321251309375 0.645548996875 0.3238096375 0.6637524531250001
1 0.2795078921875 0.650255465625 0.297722109375 0.6465354359375 0.3109565109375 0.6284328296874999 0.312251046875 0.6236101421875 0.3093729265625 0.603131253125 0.30422552812500003 0.5945731703125 0.287960796875 0.5840969640625 0.27248785781249996 0.58627154375 0.26700529687499996 0.589362440625 0.258126503125 0.603372340625 0.2555374328125 0.6130177140625 0.260349671875 0.6332247828125 0.26549706875 0.6417828671875 0.2795078921875 0.650255465625
1 0.33564340625 0.6005993640625 0.3519235078125 0.597151159375 0.3598275578125 0.5902393781249999 0.3664524421875 0.5742258671875 0.36325453125 0.5514715453125001 0.3606808328125 0.5471925046874999 0.344096309375 0.5344408625 0.3302376984375 0.5340681890625001 0.32120669375 0.5399781671875 0.3123279015625 0.553988065625 0.311337784375 0.5750106015625 0.31712476875 0.5881195484374999 0.3253332375 0.5974076171875 0.33564340625 0.6005993640625
1 0.442994603125 0.5785510109375 0.4468628375 0.5780073671875 0.45137065468750004 0.5820145875 0.457492796875 0.58347455 0.4757070171875 0.579754521875 0.4857127640625 0.566746425 0.48830183437499997 0.5571010515625 0.48510392343750003 0.53434673125 0.470133728125 0.5190478374999999 0.4598235578125 0.515856084375 0.450152971875 0.517215196875 0.43950764218750005 0.5256724296875 0.43385749999999995 0.53458781875 0.4315882203125 0.5465086234375 0.4335069671875 0.5601612171875 0.4383345765625 0.5664438703125 0.442994603125 0.5785510109375
1 0.38026494375 0.6163717906249999 0.38315843437499997 0.6229262624999999 0.401677075 0.63540608125 0.42182540937499996 0.6314142281249999 0.4302168328125 0.6209533875 0.4341004359375 0.606485328125 0.4315421078125 0.5882818703125 0.42864861875000004 0.5817273968750001 0.4238210109375 0.57544474375 0.41399821406250004 0.568703934375 0.40819586093750004 0.5695194015625 0.405941953125 0.5675157937499999 0.3888546890625 0.5722376265625 0.3796561046875 0.58397209375 0.37706703125 0.5936174671875001 0.38026494375 0.6163717906249999
1 0.504688034375 0.603526015625 0.507261734375 0.6078050578124999 0.519338440625 0.6165494796875 0.5254605828125001 0.61800944375 0.54560891875 0.6140175906249999 0.5520662234375 0.603828571875 0.5546552953125 0.5941831984375 0.5533761312500001 0.5850814703125 0.55499045625 0.5825342171875 0.5508178015625 0.5668780124999999 0.5426093296875 0.55758995 0.5300452531250001 0.5523945859375 0.5165064312500001 0.55429734375 0.50940954375 0.559935496875 0.499236215625 0.5787680843749999 0.50179454375 0.5969715421874999 0.504688034375 0.603526015625
1 0.5637170390625 0.5604243921875 0.5735398359375 0.5671652015624999 0.5796619796875 0.5686251671875 0.5978762 0.5649051390625 0.6006174796875 0.5633596875 0.6091764828125 0.5470743578125 0.610151228125 0.5399762359375 0.607912690625 0.5240482140625 0.6001915890625 0.5112110875 0.5903687921875 0.504470278125 0.5861807671875 0.5027384890625 0.5687737109375 0.505184890625 0.55602668125 0.5197384359375 0.5534376140624999 0.5293838078124999 0.556315734375 0.5498627 0.5637170390625 0.5604243921875
1 0.6249231015625 0.5889484546875 0.6353854796875 0.60024013125 0.64376153125 0.6037037046875 0.6495638828125 0.6028882359375001 0.6518177921875 0.604891846875 0.6661637765624999 0.6017154609375 0.6729408734375 0.5938018781250001 0.67714426875 0.5816092484375 0.6781190140625 0.57451113125 0.673306775 0.5543040625 0.6684791671875 0.5480214125 0.6564024609375 0.5392769890625 0.6502803171875 0.5378170234375 0.6331930531250001 0.542538859375 0.6207658171875 0.5593678375 0.619791071875 0.5664659546874999 0.622029609375 0.5823939828125 0.6249231015625 0.5889484546875
1 0.6829927312499999 0.539020534375 0.6934551109375 0.550312209375 0.7098874234375 0.5549639281250001 0.718431053125 0.5526030093750001 0.728269221875 0.5454194046875 0.7335995734375 0.5342285828125 0.734894109375 0.529405896875 0.7316961984375 0.5066515765624999 0.716726 0.491352678125 0.70834995 0.4878891078125 0.694811128125 0.48979186406249997 0.687714240625 0.4954300140625 0.680449771875 0.5068926625 0.6778607046875 0.5165380359375 0.6800992421875 0.5324660625 0.6829927312499999 0.539020534375
1 0.6996526109375 0.6294941749999999 0.709475409375 0.6362349890625 0.7155975515625 0.6376949515625 0.7357458875 0.6337031 0.7438175171875 0.620966828125 0.746406590625 0.611321453125 0.7438482609375 0.5931179984375 0.738700859375 0.5845599140625 0.7308121812499999 0.5775472796875001 0.7163139859375 0.572623740625 0.6995465125 0.57962100625 0.68905339375 0.5961781609375 0.6880786484375 0.6032762796875 0.6899973953125 0.616928871875 0.692571096875 0.6212079140625 0.6996526109375 0.6294941749999999
1 0.7999530312500001 0.5713107296875 0.7999837750000001 0.5434618984374999 0.78275966875 0.5261593953125 0.76471303125 0.52405493125 0.7556820265625 0.5299649093750001 0.7451889078125 0.5465220640624999 0.746132909375 0.567272775 0.75385400625 0.5801099 0.7617426875 0.587122534375 0.7701187390625 0.5905861109375 0.7883329578125 0.58686608125 0.7999530312500001 0.5713107296875
1 0.64496384375 0.6824275125 0.661715946875 0.6893546609375 0.67606193125 0.686178275 0.680737328125 0.6843610015625 0.6863874703125 0.6754456125 0.6902710765625 0.6609775515625 0.6854588374999999 0.6407704843750001 0.6727425499999999 0.6274751984375 0.6643664984375001 0.624011625 0.648893559375 0.62618620625 0.636633903125 0.637190690625 0.633237671875 0.648109690625 0.6322629265625 0.655207809375 0.6367553734375 0.6731394453124999 0.64496384375 0.6824275125
1 0.6119623796875 0.6510997374999999 0.61712515 0.6457334046875001 0.6219835 0.6241672281249999 0.6174910515625001 0.6062355921875 0.607028671875 0.5949439171875001 0.5944645953125 0.58974855625 0.584794009375 0.5911076671875 0.5757630046875 0.59701764375 0.5668842093750001 0.61102754375 0.5646149312500001 0.6229483499999999 0.5713612859375 0.6428835937499999 0.5918140421875 0.6550915890625 0.6119623796875 0.6510997374999999
1 0.555826865625 0.700755834375 0.5642182859375 0.69029499375 0.56519303125 0.6831968765624999 0.5613555375 0.6558916906250001 0.54863925 0.642596403125 0.5425171078125001 0.641136440625 0.5251100515625 0.64358284375 0.5163988374999999 0.65176825 0.5110684875 0.6629590734375 0.511372909375 0.6791589203124999 0.5171598875 0.6922678671875 0.5337444109375 0.705019509375 0.555826865625 0.700755834375
1 0.44629861249999997 0.6511785015625 0.4488723109375 0.6554575453125 0.465456834375 0.6682091859375 0.471578978125 0.6696691515625 0.4878590796875 0.66622094375 0.49625050000000004 0.655760103125 0.49883957343749996 0.6461147281249999 0.497560409375 0.6370130015625 0.4991747328125 0.6344657437500001 0.49532187031249997 0.621084975 0.4845396984375 0.607517865625 0.4742295296875 0.6043261171875 0.460690709375 0.6062288734375 0.450045378125 0.614686103125 0.4447150265625 0.6258769281250001 0.44342049218749996 0.6306996140625001 0.44629861249999997 0.6511785015625
1 0.3882443515625 0.68718200625 0.392736796875 0.7051136421875001 0.40319917812500006 0.7164053203125 0.4115752296875 0.719868890625 0.431723565625 0.7158770421875 0.4344648453125 0.714331590625 0.44302385 0.6980462578125 0.44174468593749994 0.6889445281250001 0.4433590109375 0.6863972765625 0.43918635625 0.670741071875 0.43661265625 0.66646203125 0.42228204218750004 0.655714 0.40648931250000003 0.655613146875 0.39584398125 0.664070378125 0.388899303125 0.67780845625 0.3898586765625 0.6846347546875 0.3882443515625 0.68718200625
1 0.341109103125 0.758776959375 0.355439715625 0.769524990625 0.37558805156249997 0.7655331390625 0.3855938 0.7525250421874999 0.3881828703125 0.74287966875 0.38562454062499996 0.7246762109375 0.3804771421875 0.716118128125 0.370334553125 0.7071018828125 0.361958503125 0.7036383125000001 0.352287915625 0.704997425 0.33970846718750003 0.7137264765625 0.3340583265625 0.7226418671875 0.33308358125000004 0.7297399875 0.3359617015625 0.7502188750000001 0.341109103125 0.758776959375
1 0.294796384375 0.81517386875 0.3031724359375 0.818637440625 0.321386653125 0.8149174140625 0.3313924046875 0.8019093171874999 0.333981471875 0.79226394375 0.33110335156250004 0.7717850562499999 0.32852965312500004 0.7675060125 0.31194513125 0.754754371875 0.29260395781250004 0.757472596875 0.2871213984375 0.7605634984375 0.28147125625 0.7694788890625001 0.2788821859375 0.7791242625 0.28176030625 0.79960315 0.28690770468750004 0.8081612328125001 0.294796384375 0.81517386875
1 0.22819849374999998 0.8535382890625 0.2425291046875 0.86428631875 0.2486512484375 0.8657462859375 0.2629972328125 0.8625698999999999 0.26928695625 0.8582053734375 0.27655142499999996 0.846742728125 0.27882070312499996 0.8348219218749999 0.27690195625 0.8211693296875 0.2717545578125 0.812611246875 0.25742394375 0.801863215625 0.2513018 0.8004032499999999 0.23614865312500002 0.8048532640625 0.232600209375 0.807672340625 0.22242688125 0.8265049265625001 0.2253050015625 0.8469838171875 0.22819849374999998 0.8535382890625
1 0.17110360625 0.896368090625 0.1860738 0.9116669843749999 0.19638396875 0.9148587375 0.20686171875 0.9122259968750001 0.2115371171875 0.9104087281250001 0.2207357015625 0.8986742578125 0.22429951718750002 0.8819307656250001 0.2227005609375 0.8705536046875 0.21272555468749998 0.8557128687500001 0.20290275625 0.8489720578125001 0.1971004046875 0.849787525 0.1948464953125 0.8477839171875001 0.181627465625 0.8519621046875001 0.178079021875 0.8547811812500001 0.1679056953125 0.8736137703125 0.17110360625 0.896368090625
1 0.11947590625 0.9500314078125 0.1296184953125 0.9590476515624999 0.13799454687499998 0.9625112234375001 0.1504064140625 0.9596066640625001 0.16024458125000002 0.9524230593749999 0.1675090484375 0.9409604140625 0.1688035859375 0.936137725 0.165605675 0.9133834046875 0.1528893859375 0.9000881218749999 0.142579215625 0.8968963656250001 0.1309745125 0.8985273015624999 0.12549195156249998 0.9016182031250001 0.11629336718750001 0.913352671875 0.11338450468750001 0.9207226109375 0.1136889265625 0.936922459375 0.11947590625 0.9500314078125
1 0.2442187875 0.939461065625 0.2540415859375 0.9462018765625 0.2601637296875 0.9476618421874999 0.2745097140625 0.9444854578124999 0.28079943749999997 0.9401209312500001 0.2896782296875 0.9261110312499999 0.290652975 0.9190129109375 0.28809464687499997 0.900809453125 0.2852011546875 0.8942549828124999 0.277312475 0.8872423453125 0.2647483984375 0.8820469859375001 0.251209578125 0.88394974375 0.240564246875 0.892406971875 0.23491410625000003 0.901322365625 0.2339239890625 0.9223448984375 0.2442187875 0.939461065625
1 0.29648607031249996 0.8903486125000001 0.3043747484375 0.89736125 0.3127508 0.9008248203125 0.329030903125 0.897376615625 0.335320625 0.893012090625 0.343879628125 0.8767267578125001 0.343255415625 0.8582514781249999 0.337788228125 0.847417959375 0.3276456375 0.8384017187499999 0.3192695859375 0.8349381421875 0.3037966484375 0.8371127218750001 0.2966997609375 0.8427508781249999 0.28975508437499997 0.8564889546875 0.2887803390625 0.8635870734375001 0.293592578125 0.883794140625 0.29648607031249996 0.8903486125000001
1 0.352941375 0.8429679484375001 0.3630839625 0.8519841937500001 0.36920610468750004 0.8534441562499999 0.3854862078125 0.84999595 0.39710628125 0.8344405984375 0.399375559375 0.8225197953125001 0.3974568125 0.808867203125 0.3923094140625 0.8003091187500001 0.382166825 0.7912928734375 0.373790775 0.7878293000000001 0.3621860703125 0.789460234375 0.353155065625 0.7953702109375 0.347504925 0.8042856 0.344915853125 0.8139309750000001 0.3477939734375 0.8344098656250001 0.352941375 0.8429679484375001
1 0.35543822187499996 0.9168690671874999 0.37266232499999996 0.9341715718750001 0.3768503515625 0.935903359375 0.39313045 0.9324551515625 0.39780585 0.93063788125 0.40797917968749997 0.9118052921875 0.40927371562500003 0.9069826046875 0.40671538749999997 0.8887791484375 0.401567984375 0.8802210640625001 0.38949127968749997 0.8714766421875 0.3833691375 0.8700166796875 0.3678961984375 0.872191259375 0.3607993125 0.8778294140625 0.35514916875 0.8867448031249999 0.3525601015625 0.8963901765625 0.35543822187499996 0.9168690671874999
1 0.4112539453125 0.8649375359375 0.4192948328125 0.8800500953125001 0.4271835125 0.887062728125 0.4394277984375 0.889982659375 0.444103196875 0.8881653843749999 0.456195271875 0.8829853906249999 0.46345973906250004 0.8715227453125 0.464434484375 0.864424628125 0.4612365734375 0.8416703062499999 0.4560891734375 0.8331122234375 0.4462663765625 0.826371409375 0.4359562078125 0.8231796609375 0.4282197390625 0.8242669499999999 0.41918873437500004 0.830176925 0.411924265625 0.8416395703124999 0.4096549890625 0.8535603765625 0.4112539453125 0.8649375359375
1 0.4019953703125 0.785025590625 0.4071427703125 0.7935836734375 0.42147338437500004 0.8043317046875 0.441621721875 0.8003398515625 0.4462971171875 0.7985225796875 0.4519472578125 0.7896071874999999 0.45453633125000004 0.7799618140625 0.4516582109375 0.7594829265625 0.44876471875 0.7529284515625 0.436368221875 0.7419086 0.42605805312499995 0.7387168468749999 0.418321584375 0.7398041359375 0.404127809375 0.7510804453125 0.40041178437499997 0.7597240140625 0.3994370421875 0.7668221328125 0.4019953703125 0.785025590625
1 0.463598075 0.7462030078125 0.473420871875 0.7529438203125001 0.479543015625 0.754403784375 0.49775723593750004 0.7506837546875 0.5040469578125 0.746319228125 0.50776298125 0.7376756609374999 0.5087377265625 0.7305775390625 0.5052200234375 0.7055477890625 0.49475764531250005 0.6942561125 0.4863815921875 0.690792534375 0.4689745375 0.6932389375 0.46187765000000003 0.6988770953125 0.4549329734375 0.712615171875 0.45395823125 0.7197132890625 0.45845067500000003 0.7376449234375 0.463598075 0.7462030078125
1 0.5375204234375001 0.7880223562500001 0.5458964749999999 0.7914859296875 0.5660448125 0.787494078125 0.5744362328125 0.7770332375 0.577025303125 0.7673878640625 0.5741471828125 0.7469089765625 0.5712536906250001 0.7403545 0.5630452218750001 0.7310664375 0.5546691703125 0.727602859375 0.538876440625 0.727502009375 0.531779553125 0.7331401625 0.521606225 0.75197275 0.524484346875 0.772451640625 0.527377834375 0.7790061109375 0.5375204234375001 0.7880223562500001
1 0.46866862343750004 0.8243831671875 0.481384909375 0.8376784531249999 0.48976096093750005 0.8411420296875001 0.5060410609375 0.8376938203125001 0.5158792296875 0.83051021875 0.519595253125 0.8218666484374999 0.5205699984375001 0.81476853125 0.5176918781250001 0.794289640625 0.5147983859374999 0.7877351671875 0.5046558 0.7787189234375 0.4962797484375 0.7752553484375 0.48080680937500003 0.777429928125 0.473709921875 0.7830680828125 0.4664454546875 0.7945307296874999 0.4654707125 0.801628846875 0.46866862343750004 0.8243831671875
1 0.47407432812500006 0.890914346875 0.47535349374999997 0.9000160749999999 0.4798613125 0.9040232937500001 0.4827548015625 0.9105777671874999 0.49289739062500004 0.9195940109375 0.5032075593750001 0.9227857625 0.5136853109375 0.9201530234374999 0.5202948234375 0.918063928125 0.5307879421874999 0.901506775 0.5317626875 0.8944086546875001 0.529204359375 0.8762051968750001 0.524056959375 0.8676471125 0.5161682796875 0.8606344796875 0.5016700843749999 0.8557109390625 0.49586773281249996 0.8565264062500001 0.4942534078125 0.8590736640625 0.4884510546875 0.8598891312499999 0.47925246875000005 0.8716236 0.47407432812500006 0.890914346875
1 0.5318087984375001 0.8526354078124999 0.5392101078125 0.863197103125 0.5493526953125001 0.8722133484375 0.557728746875 0.87567691875 0.5720747312500001 0.8725005359375 0.5819128984375 0.86531693125 0.587243246875 0.8541261078125 0.5882179937500001 0.8470279906249999 0.5856596640625 0.8288245328125001 0.5805122640625 0.8202664484375 0.5726235859375 0.8132538171875 0.5642475328125001 0.8097902390625 0.5449063609375 0.8125084640625 0.5340934484375001 0.8267901890625 0.531504378125 0.8364355625 0.533103334375 0.8478127203125 0.5318087984375001 0.8526354078124999
1 0.5908378046875 0.8095337859375 0.5934115046875 0.8138128281249999 0.6099960265625 0.8265644703125 0.61611816875 0.8280244328125 0.6285300359375 0.8251198703125 0.638368203125 0.8179362640625 0.643698553125 0.8067454453125 0.64564804375 0.7925492046875 0.641795178125 0.7791684359375 0.6392214765625 0.7748893953125 0.62263695625 0.762137753125 0.6149004859375 0.76322504375 0.612646578125 0.761221434375 0.601361665625 0.7651277999999999 0.597813221875 0.7679468765624999 0.5876398921875 0.786779465625 0.5908378046875 0.8095337859375
1 0.5978424671875 0.8874421234375 0.6029898671875 0.8960002078124999 0.6195743890625 0.9087518484375 0.6256965328125 0.9102118125 0.6381084015625 0.90730725 0.642783796875 0.9054899796875 0.651982384375 0.8937555109374999 0.6545714515625 0.8841101374999999 0.65169333125 0.863631246875 0.646545934375 0.8550731624999999 0.6364033453125 0.8460569171874999 0.6241590593749999 0.8431369921874999 0.616422590625 0.84422428125 0.607391584375 0.8501342546874999 0.598512790625 0.8641441578125001 0.5962435125 0.8760649609375 0.5978424671875 0.8874421234375
1 0.58030006875 0.7205201078125001 0.5831935578125 0.727074584375 0.5955900546875 0.7380944375 0.607834340625 0.741014365625 0.6183120890625 0.7383816265625 0.6249216046875 0.7362925312499999 0.6305717468750001 0.727377140625 0.634455353125 0.7129090796875001 0.632216815625 0.6969810562500001 0.624495715625 0.6841439312500001 0.61467291875 0.6774031203125 0.6043627500000001 0.6742113640625 0.5930778375 0.678117734375 0.58598095 0.6837558875 0.5787164828125 0.695218534375 0.5774219484375 0.7000412203125 0.58030006875 0.7205201078125001
1 0.6616237234375 0.7729011531250001 0.669999775 0.776364725 0.68821399375 0.772644696875 0.6909552734375 0.7710992453125 0.701128603125 0.752266659375 0.6979306921874999 0.7295123390625 0.6829604953125 0.7142134453125 0.6726503265625 0.7110216890625 0.6610456218749999 0.7126526234375 0.6539487359375 0.71829078125 0.6466842671874999 0.729753425 0.644095196875 0.7393987984375 0.6463337359375 0.755326825 0.651481134375 0.763884909375 0.6616237234375 0.7729011531250001
1 0.6782836031249999 0.86337479375 0.6984319375 0.859382940625 0.7047216625 0.8550184109375 0.7100520140625 0.843827590625 0.7120015015625001 0.829631353125 0.7078288453125 0.8139751499999999 0.6951125578124999 0.8006798625 0.6867365078125001 0.797216290625 0.6693294515625 0.79966269375 0.6622325640625 0.8053008437500001 0.6539933515625 0.8238616125 0.6571912625 0.8466159328125 0.6676536421875 0.8579076078125001 0.6782836031249999 0.86337479375
1 0.7251590484375 0.8811508234375 0.7439974796875 0.8959060734375001 0.7501196234374999 0.8973660390625 0.7644656078125001 0.894189653125 0.7739839843749999 0.8847306187499999 0.7789945421875 0.8712643640625 0.7799692874999999 0.8641662437500001 0.77579663125 0.8485100421875 0.7608264359375 0.8332111484375 0.752450384375 0.8297475703125 0.7369774453125 0.8319221499999999 0.731494884375 0.83501305 0.723910628125 0.8442002640625 0.7200270203125 0.8586683234375 0.722265559375 0.8745963515625 0.7251590484375 0.8811508234375
1 0.7159004765625 0.8012388765624999 0.7282969734375 0.8122587296875 0.736673025 0.8157223046875 0.7529531265625 0.812274096875 0.7608571765625001 0.8053623171875 0.766187528125 0.7941714921874999 0.7674820609374999 0.78934880625 0.764603940625 0.7688699156250001 0.7515678640625 0.7532991984375 0.7390037859375 0.7481038359375 0.7293332 0.7494629484375 0.7167537515625 0.758192003125 0.7127179375 0.764560140625 0.7098090734375 0.7719300796875 0.7104332875 0.790405359375 0.7159004765625 0.8012388765624999
1 0.7021494578125 0.70339529375 0.7050429515625 0.70994976875 0.715505328125 0.72124144375 0.72806940625 0.72643680625 0.7385471578125 0.7238040671875 0.746770996875 0.719167715625 0.75435525625 0.7099805031249999 0.756944325 0.7003351296875 0.756959696875 0.6864107125000001 0.7489188062500001 0.6712981578125 0.7432840359374999 0.6662891328125 0.732654075 0.66082195 0.722663696875 0.6599056296875 0.7116985765625 0.666087428125 0.702499990625 0.677821896875 0.6999109203125 0.6874672703125 0.7021494578125 0.70339529375
1 0.7819510109375 0.6747770984375 0.7982311109375 0.671328890625 0.8009723937500001 0.66978344375 0.8111457203124999 0.650950853125 0.80762801875 0.6259211031249999 0.8002267125 0.6153594078125 0.790403915625 0.6086185953125 0.7746111859375 0.6085177453124999 0.76558018125 0.6144277203125 0.7563815968750001 0.6261621875000001 0.754112315625 0.6380829953125 0.756350853125 0.65401101875 0.773574959375 0.6713135234375 0.7819510109375 0.6747770984375
1 0.8672812343749999 0.60129475625 0.863443740625 0.5739895703125 0.8529813640624999 0.5626978968749999 0.8446053125 0.559234321875 0.82719825625 0.5616807234375 0.81638534375 0.5759624453125001 0.8137962765625 0.58560781875 0.8163546046875 0.6038112765625 0.8215020015625001 0.6123693609374999 0.835832615625 0.6231173890624999 0.857915071875 0.6188537171874999 0.8672812343749999 0.60129475625
1 0.8116038484375 0.52790655 0.8194925281250001 0.5349191828125 0.8317368140625 0.5378391125 0.8441486812500001 0.53493455 0.8488240796875001 0.5331172796875 0.8573830812500001 0.5168319453125 0.8561039171875 0.50773021875 0.8577182453125 0.5051829609375 0.85514454375 0.5009039203125 0.8535455875 0.48952676093749997 0.8483981890625 0.480968678125 0.8363214828125001 0.4722242546875 0.8169803109375 0.47494247968750003 0.802938746875 0.49431871093749996 0.8038827515625 0.515069425 0.8116038484375 0.52790655
1 0.8847344015624999 0.557075109375 0.8945572 0.5638159218750001 0.8987452265625 0.565547709375 0.915025328125 0.5620995 0.9197007265625 0.5602822296875 0.928259728125 0.543996896875 0.9273003546874999 0.5371705999999999 0.9289146796875001 0.5346233453125 0.9260365593750001 0.5141444546875 0.9152543906249999 0.500577346875 0.9091322484375001 0.49911738281250007 0.8878569578125 0.5021074296875 0.875429721875 0.5189364078125001 0.8728406484375 0.5285817828125 0.8747593953124999 0.5422343749999999 0.8847344015624999 0.557075109375
1 0.8320397390625001 0.7013830375000001 0.8441164453125 0.710127459375 0.8483044703125 0.7118592453125 0.8645845718749999 0.7084110375 0.8692599703124999 0.7065937671875 0.8778189734374999 0.690308434375 0.8743012703125 0.6652786796875 0.87140778125 0.6587242062499999 0.8590112828124999 0.6477043499999999 0.85320893125 0.64851981875 0.8509550234375001 0.6465162109375 0.8338677578125001 0.6512380421875 0.8262835000000001 0.660425259375 0.8223998921875 0.6748933187499999 0.8246384296875 0.6908213437499999 0.8320397390625001 0.7013830375000001
1 0.7710766171875 0.7447564812499999 0.7799246703125 0.7585954125 0.798610890625 0.7652507390625 0.8032862875 0.7634334671875 0.811829921875 0.7610725515625 0.8242571578125 0.7442435734374999 0.8255516937499999 0.7394208875 0.82331315625 0.7234928609375 0.817845965625 0.712659346875 0.8073835859375 0.7013676671875 0.7970734171875 0.6981759203125 0.7854687140625 0.6998068546875 0.7799861531250001 0.7028977515625 0.769493034375 0.7194549078125 0.768198496875 0.72427759375 0.7710766171875 0.7447564812499999
1 0.822855028125 0.8465371671874999 0.83237340625 0.837078128125 0.8373839656250001 0.8236118734375 0.8348256359375 0.8054084171874999 0.8319321453124999 0.7988539453125 0.8130937156250001 0.7840986921875001 0.795686659375 0.78654509375 0.788589771875 0.7921832515625 0.78003076875 0.80846858125 0.783548471875 0.8334983375 0.796264759375 0.8467936234375 0.8046408109375 0.8502571937500001 0.822855028125 0.8465371671874999
1 0.83679049375 0.777287765625 0.8445115937500001 0.7901248890625 0.8524002734374999 0.7971375218750001 0.8688325859375 0.801789240625 0.8754421015625 0.7997001453125 0.8817318249999999 0.7953356203124999 0.89061061875 0.7813257203124999 0.892879896875 0.7694049140625 0.8909611500000001 0.7557523203125001 0.883240053125 0.74291519375 0.875351371875 0.7359025609375001 0.8634268765625001 0.735258065625 0.86117296875 0.7332544546875 0.8479539390624999 0.7374326453125 0.8355267015625 0.7542616203125 0.8342321640625 0.7590843078125 0.83679049375 0.777287765625
1 0.85440975 0.874587703125 0.8642325453125 0.8813285140625 0.8745427140625001 0.8845202656250001 0.8869545828125001 0.881615703125 0.8967927484375 0.8744320984374999 0.9021231000000001 0.8632412765625 0.9030978421875 0.8561431578124999 0.9005395125 0.8379397000000001 0.8976460234375001 0.8313852265625 0.8829956187500001 0.8183617640625 0.876873475 0.8169017999999999 0.8614005375 0.8190763796875 0.85430365 0.82471453125 0.8444501109375 0.8458225515625 0.8492623484375 0.8660296203125 0.85440975 0.874587703125