1 0.0692456140625 0.161334915625 0.090294478125 0.1473392875 0.0964941359375 0.134904378125 0.09526919218749999 0.123249825 0.083009425 0.11373702031249999 0.06507288125 0.109730578125 0.055173415625 0.11077105312499999 0.04320739375 0.11595649999999999 0.032989196875 0.12586795 0.035234926562500005 0.1472346296875 0.0503778734375 0.16037216875 0.060685659375 0.16321654218749998 0.0692456140625 0.161334915625
1 0.16683618281249998 0.11376394999999999 0.149626678125 0.10477138281250001 0.1199282765625 0.1078928109375 0.105168659375 0.1222093484375 0.110093409375 0.14525833593749998 0.12482804843749999 0.15451102187500002 0.1484413609375 0.15301110625 0.16174689375 0.1486668125 0.16928606875000002 0.1370730546875 0.16683618281249998 0.11376394999999999
1 0.22655171875 0.0986501171875 0.2189229609375 0.09748805 0.191903575 0.102291784375 0.17982298593749999 0.11829063124999999 0.1843394265625 0.137454765625 0.199074059375 0.1467074515625 0.22990781718750003 0.1424847515625 0.2437362375 0.1312119078125 0.24128635156249997 0.107902803125 0.22655171875 0.0986501171875
1 0.31553236406249996 0.1000992328125 0.3007977296875 0.090846546875 0.2931689734375 0.0896844796875 0.2663537484375 0.0964306375 0.256339709375 0.10828451406249999 0.261060303125 0.129391075 0.27064104843750003 0.137221575 0.2809488296875 0.14006595156249999 0.304357990625 0.136623609375 0.31818640625 0.125350765625 0.31553236406249996 0.1000992328125
1 0.38221422656250004 0.12745864375 0.39470313125 0.1153446484375 0.392865715625 0.0978628203125 0.3806059484375 0.088350015625 0.3702981640625 0.0855056390625 0.3455494953125 0.08810682812500001 0.332856434375 0.0982784 0.328723328125 0.1065683390625 0.33303560625 0.1237900515625 0.350245109375 0.13278261875 0.3713835578125 0.1315428203125 0.38221422656250004 0.12745864375
1 0.46729090156249997 0.11557090156250001 0.471424009375 0.107280959375 0.469994909375 0.09368398125 0.46422854375 0.086434515625 0.44722320312499997 0.079384378125 0.4199996640625 0.0822456875 0.407306603125 0.092417253125 0.40317349687500004 0.10070719531250001 0.40809825312500003 0.12375618125000001 0.422424571875 0.12912401874999999 0.44851275468749996 0.12736398124999998 0.46729090156249997 0.11557090156250001
1 0.523944084375 0.07132068750000001 0.49424567656249996 0.0744421171875 0.48382332968749997 0.0824111390625 0.47741950937500005 0.092903625 0.4815276375 0.10818291093750002 0.5038910265625 0.11859766406250001 0.5273001875000001 0.115155321875 0.54360346875 0.10362236093749999 0.541357740625 0.0822556796875 0.523944084375 0.07132068750000001
1 0.61784948125 0.09581879062500001 0.6129247296875 0.072769803125 0.5932403609375 0.06403735625 0.563746115625 0.0691012078125 0.55146136875 0.0831576265625 0.5535029390624999 0.102581884375 0.55947345625 0.111773775 0.571120753125 0.115459303125 0.6044293796875 0.11097648281250001 0.613716378125 0.10410873125 0.61784948125 0.09581879062500001
1 0.6941620484375 0.08387024843749999 0.6929371062499999 0.072215696875 0.686966584375 0.06302380468749999 0.66996124375 0.055973665625 0.6404669921874999 0.06103751875 0.628386403125 0.077036365625 0.6331070015625 0.0981429265625 0.6501123421874999 0.1051930703125 0.678471234375 0.10123048593749999 0.6922996546875 0.08995764687499999 0.6941620484375 0.08387024843749999
1 0.7561233125 0.0901231 0.764274959375 0.08435661875 0.7682039046875 0.074124253125 0.76409578125 0.058844968750000004 0.7466821203125 0.0479099765625 0.7194585828125 0.0507712859375 0.706765521875 0.060942853124999995 0.702632415625 0.0692327953125 0.7040615156250001 0.082829771875 0.723950040625 0.093504646875 0.7450884890625 0.0922648484375 0.7561233125 0.0901231
1 0.822626 0.0919708625 0.84347070625 0.0760328109375 0.843904 0.0563484359375 0.8287610531249999 0.043210896875 0.8184532671875001 0.040366525 0.8011292015624999 0.0421873578125 0.79390875625 0.0449101390625 0.7814198484375 0.057024134375 0.7781033749999999 0.073083778125 0.786957075 0.08590040156249999 0.796333659375 0.091788471875 0.809116309375 0.0943727296875 0.822626 0.0919708625
1 0.1349962796875 0.1917380234375 0.1358378875 0.1759385 0.129663209375 0.1648041875 0.11760759843749999 0.15723380625 0.100079375 0.1571122109375 0.075216134375 0.1705268046875 0.0751911515625 0.1940960296875 0.0876550765625 0.2055512625 0.11147255 0.2059937671875 0.13065901562499999 0.19808553906249998 0.1349962796875 0.1917380234375
1 0.20924229218749998 0.183934453125 0.20740487812500003 0.166452621875 0.20143435625 0.1572607359375 0.1871080375 0.15189289687500002 0.16008865625 0.156696634375 0.149666303125 0.164665659375 0.145533196875 0.1729555984375 0.146962296875 0.18655257812499998 0.15293281875 0.19574446875 0.16973400624999999 0.2008521828125 0.195618028125 0.197149721875 0.20924229218749998 0.183934453125
1 0.2814467328125 0.156706628125 0.26155820625000004 0.14603175625 0.2417592703125 0.14811270781250002 0.222049921875 0.162949484375 0.22409149374999998 0.1823737390625 0.2489297546875 0.1925283734375 0.2673891765625 0.1896062703125 0.275744978125 0.18578221718750002 0.28348830468749997 0.1761308828125 0.2814467328125 0.156706628125
1 0.33580421875 0.1382281859375 0.3184801515625 0.14004901875 0.298770803125 0.15488579375 0.29833750625 0.17457016875 0.315751165625 0.1855051609375 0.32605894687500003 0.1883495375 0.337093771875 0.1862077890625 0.35587192343749996 0.174414709375 0.3585759296875 0.1525277890625 0.33580421875 0.1382281859375
1 0.415204121875 0.1318468015625 0.3927261640625 0.1322454484375 0.3707461078125 0.1492847671875 0.3701086515625 0.16702671875 0.37989354999999997 0.1767996421875 0.395355228125 0.1810662046875 0.41628951875000003 0.1778839796875 0.4325928 0.1663510203125 0.43282194062499996 0.14472421875000002 0.415204121875 0.1318468015625
1 0.5099511328124999 0.1405453828125 0.5041847734375 0.133295915625 0.48965429687500006 0.1259856546875 0.46717633281250004 0.1263843015625 0.447466984375 0.141221078125 0.44682953437500006 0.15896302812500002 0.45259589843750003 0.16621249062500001 0.467126375 0.173522753125 0.49073968749999997 0.1720228359375 0.50931368125 0.15828732968749998 0.5099511328124999 0.1405453828125
1 0.5833555375 0.14854133593750002 0.5813139656249999 0.129117078125 0.56657933125 0.11986439374999999 0.5562715500000001 0.11702001718749999 0.543897215625 0.1183206125 0.5241878671875 0.1331573875 0.5264335953125 0.154524071875 0.5487969875 0.16493882499999998 0.5672564125 0.1620167203125 0.5778829171875 0.155990121875 0.5833555375 0.14854133593750002
1 0.61587251875 0.112719584375 0.596163171875 0.12755636406249998 0.5986130578125 0.15086546875 0.61582255625 0.1598580359375 0.6419107390625001 0.158098003125 0.65841818125 0.148507465625 0.658239003125 0.1229958140625 0.6408253484374999 0.11206082343749998 0.61587251875 0.112719584375
1 0.724716709375 0.14841279999999998 0.7367973015625 0.13241395625000002 0.732485015625 0.11519224374999999 0.7229042765625 0.107361746875 0.712596490625 0.10451737187500001 0.6925933953125 0.1046558953125 0.6728840484374999 0.119492675 0.6726549125 0.141119475 0.6849146796875 0.15063227968749998 0.6952224609375001 0.15347665625 0.7186316203125 0.15003431250000002 0.724716709375 0.14841279999999998
1 0.8071143624999999 0.1348427484375 0.8110433125000001 0.1246103859375 0.80941005625 0.10907098125 0.7971502874999999 0.0995581765625 0.7816886140625 0.09529161093750001 0.769314278125 0.09659220625 0.747130059375 0.1116891046875 0.7436094296875 0.1258063203125 0.7475133953124999 0.13914318125 0.7620438703125 0.14645344375 0.7906069203125 0.1444332859375 0.8071143624999999 0.1348427484375
1 0.8830435953125001 0.09544013125 0.865834096875 0.08644756406250001 0.83386498125 0.09177154062500001 0.8215802343749999 0.105827959375 0.826300828125 0.12693452031250002 0.8437144890624999 0.137869515625 0.874548246875 0.133646815625 0.8838352453124999 0.126779059375 0.887968353125 0.1184891203125 0.8830435953125001 0.09544013125
1 0.8514328359375 0.151787409375 0.839377225 0.14421702812499998 0.8265945734375 0.1416327734375 0.804524928125 0.1459162671875 0.7922401781249999 0.159972690625 0.7940775921875 0.17745451875 0.8000481140625 0.1866464109375 0.811695409375 0.1903319390625 0.842529171875 0.1861092375 0.8557451140625 0.16900912031249998 0.8514328359375 0.151787409375
1 0.7769576812500001 0.18121778125000002 0.7751202671875 0.16373594687499998 0.7693539031250001 0.15648648437499998 0.7447198046875 0.1482742765625 0.72532918125 0.1542400765625 0.7085030140625 0.1727015890625 0.7132236078124999 0.19380815 0.735178684375 0.20033805624999998 0.76353758125 0.1963754703125 0.7730287312499999 0.191450146875 0.7769576812500001 0.18121778125000002
1 0.6929017875000001 0.20281765156249998 0.7031199828125 0.1929062 0.703553278125 0.173221828125 0.6884103296874999 0.1600842890625 0.6704737875 0.15607784687499998 0.660574321875 0.1571183234375 0.646337590625 0.1645063125 0.6361193953125001 0.1744177640625 0.63856928125 0.1977268703125 0.65825365 0.2064593171875 0.6818669625 0.2049593984375 0.6929017875000001 0.20281765156249998
1 0.6264240812499999 0.1774006640625 0.606331403125 0.164783365625 0.5838534390625 0.1651820125 0.56434825 0.181961215625 0.5633024828125001 0.19581831249999998 0.5840076328125 0.21426288906250002 0.602671215625 0.21328320625 0.61618090625 0.210881340625 0.6263991015625 0.20096988906250002 0.6264240812499999 0.1774006640625
1 0.5269315 0.17116475 0.5071325625 0.17324570156250002 0.487423209375 0.188082478125 0.48946478125 0.20750673437499997 0.49924968437499995 0.21727965781249997 0.5147113562500001 0.2215462203125 0.5331707812500001 0.218624115625 0.5494740625000001 0.2070911546875 0.5497032046875 0.185464353125 0.5269315 0.17116475
1 0.46707641093749996 0.2206612046875 0.47481973593750004 0.21100987187500003 0.475865503125 0.19715277656250002 0.4698949859375 0.1879608859375 0.457839375 0.18039050625 0.44753159531250003 0.1775461296875 0.43515725781250003 0.178846725 0.412973040625 0.1939436234375 0.412539746875 0.21362799843750002 0.4252078234375 0.22702565312499998 0.45872061249999996 0.22448526093750001 0.46707641093749996 0.2206612046875
1 0.38560995 0.23118755625 0.3980988546875 0.2190735609375 0.4012111765625 0.2010714953125 0.39812383906250004 0.1955043375 0.3782353140625 0.1848294625 0.3584363765625 0.1869104140625 0.338727028125 0.20174719375 0.338089578125 0.21948914218749999 0.3411769140625 0.22505629843750002 0.3583864125 0.234048865625 0.379524865625 0.2328090703125 0.38560995 0.23118755625
1 0.3161095171875 0.23652846562500002 0.3259193984375 0.22273216406250002 0.3238778265625 0.20330790781250002 0.3091431953125 0.194055221875 0.2914108078125 0.191991203125 0.2769699203125 0.1974367703125 0.264276859375 0.2076083359375 0.26384355937500004 0.2272927125 0.2669309015625 0.23285986875 0.28166553437499997 0.24211255468749998 0.30775371875 0.240352521875 0.3161095171875 0.23652846562500002
1 0.2344389046875 0.24511239218749997 0.24919851718750002 0.23079585468750002 0.24983596718749998 0.213053903125 0.246544475 0.205544321875 0.232013996875 0.198234059375 0.212010903125 0.1983725875 0.189622528125 0.211527059375 0.1895975484375 0.2350962828125 0.2020614734375 0.246551515625 0.214844125 0.24913576875 0.22587894375 0.24699402187500002 0.2344389046875 0.24511239218749997
1 0.1749525046875 0.238599425 0.17250261875 0.21529031562499998 0.15776798593750002 0.2060376296875 0.137764890625 0.2061761578125 0.1176472234375 0.2171280828125 0.114739065625 0.2370725765625 0.12111789531249999 0.2501493203125 0.130494484375 0.256037390625 0.15658266875 0.2542773546875 0.1626677578125 0.25265584375 0.1749525046875 0.238599425
1 0.0773869203125 0.2626011625 0.0904882953125 0.2563144421875 0.10070649375 0.24640299531249998 0.10113978593749999 0.22671861875000002 0.09805245 0.2211514625 0.0833178125 0.2118987765625 0.068264453125 0.21151706250000002 0.053823565625 0.21696262812499997 0.0436053703125 0.22687408125 0.0433762328125 0.24850087968749998 0.0466677265625 0.2560104609375 0.05872333749999999 0.2635808421875 0.0773869203125 0.2626011625
1 0.14313758125 0.293004271875 0.144387509375 0.2810896 0.1351254890625 0.26438812968750003 0.11832430468749999 0.2592804109375 0.10347510468750001 0.2608411234375 0.086763503125 0.2684892375 0.0814950421875 0.27788044843750004 0.0837407703125 0.299247128125 0.089302978125 0.3045541671875 0.10362929843749999 0.30992200468750003 0.127038453125 0.3064796625 0.14313758125 0.293004271875
1 0.2037593359375 0.298415971875 0.2198584640625 0.2849405828125 0.2217208578125 0.2788531875 0.22049591406250002 0.267198634375 0.21472955 0.25994916875 0.197724209375 0.25289903125 0.1729755375 0.25550022031249997 0.1634843859375 0.26042554687499997 0.1557410546875 0.270076878125 0.1577826265625 0.28950113437499997 0.1662280140625 0.2984329046875 0.17540044375 0.302378553125 0.2037593359375 0.298415971875
1 0.2757346390625 0.2928149453125 0.2840904375 0.2889908875 0.29390031875 0.27519458750000003 0.29247121875 0.2615976078125 0.2867048546875 0.2543481453125 0.2670204859375 0.24561569843750003 0.2521712859375 0.2471764125 0.235459690625 0.2548245203125 0.22998707031249999 0.2622733078125 0.23223280000000002 0.2836399875 0.237999159375 0.29088945312500003 0.252325478125 0.2962572875 0.2757346390625 0.2928149453125
1 0.3683504875 0.2693334421875 0.369396259375 0.255476346875 0.3542533109375 0.2423388078125 0.3387916328125 0.238072246875 0.3288921671875 0.239112721875 0.3146554375 0.2465007109375 0.304437240625 0.2564121640625 0.3068871265625 0.2797212703125 0.3137888453125 0.285869459375 0.32657149531249996 0.2884537171875 0.352455521875 0.2847512546875 0.3683504875 0.2693334421875
1 0.4172103765625 0.2818730140625 0.43546564375 0.27700848125 0.443413128125 0.269299575 0.44364227031250003 0.24767277656250003 0.43787590625000006 0.24042331093749997 0.42602445156249996 0.23479535624999998 0.415716671875 0.23195098125000002 0.40086747031250003 0.2335116953125 0.380953965625 0.246406046875 0.376820859375 0.2546959890625 0.378454115625 0.27023539375 0.388443171875 0.2819507421875 0.4172103765625 0.2818730140625
1 0.49145639374999994 0.27406944218749996 0.504966084375 0.271667571875 0.5178633015624999 0.2634384296875 0.5205673046875 0.2415515109375 0.508103384375 0.23009628124999998 0.4951165765625 0.22556959999999998 0.48006321874999996 0.2251878859375 0.46335161874999997 0.23283599531250002 0.4531334203125 0.242747446875 0.45208765624999997 0.256604546875 0.45537915 0.2641141296875 0.46763891874999997 0.273626934375 0.49145639374999994 0.27406944218749996
1 0.584097221875 0.227018715625 0.564412853125 0.21828626718750002 0.542547365625 0.22451218593750003 0.5302626187499999 0.23856861093749998 0.5347790546875 0.25773274375 0.5495136875 0.26698543125 0.577872584375 0.2630228484375 0.5914968421875 0.2498075828125 0.5898635859375 0.234268178125 0.584097221875 0.227018715625
1 0.724706371875 0.25544553125 0.7355370390625 0.2513613546875 0.74575523125 0.2414499078125 0.745984371875 0.21982310468750002 0.730841425 0.20668557031249998 0.707955146875 0.2031993640625 0.693514259375 0.20864492656250003 0.6808211984375 0.2188164984375 0.6768922484375001 0.2290488640625 0.6783213484374999 0.242645840625 0.69098943125 0.256043496875 0.706246946875 0.2583676359375 0.724706371875 0.25544553125
1 0.668830196875 0.2475711703125 0.6663803109375 0.22426206406250002 0.656799565625 0.216431565625 0.6438127578125 0.2119048828125 0.62153895625 0.21424595468750002 0.604100315625 0.2268801875 0.6069585156249999 0.2540741453125 0.626438728125 0.2608641671875 0.6500520453124999 0.25936425 0.6608827078124999 0.255280075 0.668830196875 0.2475711703125
1 0.807766459375 0.2005643046875 0.789829921875 0.1965578609375 0.777455584375 0.19785845625 0.75774623125 0.21269523281249997 0.7601961171875 0.236004340625 0.7724558859374999 0.245517146875 0.8059686703125 0.2429767515625 0.8200012484375 0.23364633750000002 0.8202303843750001 0.21201953437499999 0.807766459375 0.2005643046875
1 0.897155425 0.20589827187499998 0.891184903125 0.19670638125 0.8818083140624999 0.19081831093749999 0.8715005343750001 0.187973934375 0.851701596875 0.1900548859375 0.8319922484375001 0.2048916625 0.8315589515624999 0.2245760390625 0.8467018968750001 0.23771357656249997 0.8756732656249999 0.2395782703125 0.8965179671874999 0.2236402203125 0.897155425 0.20589827187499998
1 0.8665654437500001 0.271957675 0.8595741359375 0.2530536578125 0.8501975546875 0.24716558593750002 0.8297861453125 0.24341926093750002 0.8103955218750001 0.24938506093749999 0.7933651984375001 0.26590414687499997 0.7952026125 0.2833859796875 0.8150911375 0.2940608515625 0.8486039218749999 0.2915204578125 0.8624323359374999 0.2802476140625 0.8665654437500001 0.271957675
1 0.7718830390625 0.299584146875 0.777968128125 0.2979626375 0.7881863250000001 0.288051184375 0.7896404046875001 0.2780789375 0.782649103125 0.2591749234375 0.7580149984375 0.2509627125 0.7406909265625 0.25278354687500004 0.731199775 0.2577088703125 0.718710871875 0.269822865625 0.7211607578125 0.2931319734375 0.730741496875 0.3009624734375 0.7435241484375 0.3035467265625 0.7718830390625 0.299584146875
1 0.71146544375 0.2961148734375 0.7133278421875 0.2900274796875 0.7114904265625001 0.27254565 0.7057240625000001 0.265296184375 0.6837689859375 0.2587662828125 0.666444915625 0.2605871171875 0.65447889375 0.265772559375 0.6444648546875 0.27762643593749997 0.6495937671875 0.30261784999999997 0.6690739796875 0.3094078734375 0.699907734375 0.3051851734375 0.71146544375 0.2961148734375
1 0.6345653890625 0.2786669125 0.6171517328125 0.26773192031250004 0.5849784609374999 0.2711134671875 0.5722853984375 0.2812850390625 0.574939440625 0.306536571875 0.589674075 0.3157892578125 0.6157622578125 0.31402921875 0.6243222125 0.3121475921875 0.6347445656249999 0.3041785625 0.6345653890625 0.2786669125
1 0.5602943921875 0.31003970937499997 0.5603193765625 0.2864704828125 0.548059609375 0.27695767656250003 0.537751828125 0.2741133046875 0.5105282859375 0.2769746140625 0.4957686734375 0.291291153125 0.5008975812500001 0.316282565625 0.517902928125 0.32333270937499997 0.541516240625 0.321832790625 0.552346909375 0.3177486140625 0.5602943921875 0.31003970937499997
1 0.46062263124999997 0.2782921421875 0.44082369374999997 0.28037309375 0.42111434687499993 0.2952098703125 0.42108936249999995 0.31877909843749996 0.4241767046875 0.3243462546875 0.44138620156249997 0.3333388234375 0.4649995203125 0.3318389046875 0.48625253749999997 0.3197857046875 0.4856650453125 0.29038920468749996 0.46062263124999997 0.2782921421875
1 0.395294925 0.335237384375 0.4083963 0.32895066875 0.41159821093750004 0.3237044265625 0.4087400109375 0.296510465625 0.3966844 0.2889400890625 0.38390175000000004 0.28635583124999997 0.3690525484375 0.2879165453125 0.3570865265625 0.29310199375 0.3450059359375 0.3091008359375 0.34663919375 0.324640240625 0.352609715625 0.33383213125 0.3694109 0.33893985 0.395294925 0.335237384375
1 0.3156908640625 0.3396763453125 0.3242508234375 0.33779471562499996 0.33385654374999996 0.32205598750000003 0.3326316015625 0.31040143124999997 0.32666107968749997 0.3012095453125 0.306976715625 0.29247709375 0.2946023796875 0.2937776890625 0.277890778125 0.3014258015625 0.270147453125 0.3110771296875 0.2725973390625 0.3343862390625 0.27949905625000004 0.34053443125 0.2947565734375 0.3428585671875 0.3156908640625 0.3396763453125
1 0.26269786875 0.33542671562500004 0.260043825 0.3101751828125 0.245309190625 0.300922496875 0.23520556875 0.3000205453125 0.205915475 0.307026825 0.1961055984375 0.32082312968750004 0.2010303484375 0.34387211562500003 0.2205105609375 0.35066213749999997 0.2439197171875 0.34721979687500004 0.25722524999999996 0.3428755015625 0.26269786875 0.33542671562500004
1 0.1835021203125 0.3437505234375 0.1804397640625 0.3146141390625 0.1659092859375 0.30730387812500004 0.133940171875 0.3126278515625 0.12578853125 0.31839433281249996 0.121655425 0.326684271875 0.12369699687499999 0.346108528125 0.13863578593749998 0.3573036421875 0.16472396875 0.3555436046875 0.17802950312500002 0.3511993109375 0.1835021203125 0.3437505234375
1 0.1150474515625 0.3352343328125 0.114026665625 0.32552220468750004 0.093933984375 0.3129049046875 0.0642355796875 0.31602633281250003 0.0494759640625 0.33034287500000004 0.0517216921875 0.35170955625 0.057488056249999996 0.35895901874999997 0.0666604875 0.362904665625 0.0902738 0.361404746875 0.109460265625 0.35349651875 0.1150474515625 0.3352343328125
1 0.1264656125 0.3605466609375 0.109141540625 0.36236749375 0.09717551875 0.3675529421875 0.085094928125 0.383551784375 0.0894072078125 0.40077349843750004 0.10146281875 0.408343875 0.134975603125 0.40580348437499997 0.1512788890625 0.394270521875 0.14574166093750002 0.3653942578125 0.1264656125 0.3605466609375
1 0.11701408124999998 0.425366265625 0.099600425 0.414431275 0.0723768875 0.4172925828125 0.06288573125 0.4222179078125 0.0553465609375 0.43381166562500006 0.057592290625 0.45517835 0.06985205312500001 0.4646911546875 0.0801598375 0.46753552656249997 0.1010941296875 0.46435330312499995 0.1196681234375 0.45061779843750005 0.11701408124999998 0.425366265625
1 0.1988638703125 0.4422939890625 0.19353080625000002 0.41536015156249995 0.1688967015625 0.4071479421875 0.1396066125 0.41415421874999997 0.129388415625 0.42406567031250003 0.1279343375 0.4340379171875 0.134925640625 0.4529419375 0.1519309859375 0.459992075 0.1802898765625 0.45602949531250003 0.19112054375 0.4519453234375 0.1988638703125 0.4422939890625
1 0.2311120859375 0.3682047625 0.225345721875 0.3609553 0.20834038124999998 0.3539051578125 0.1860665796875 0.356246228125 0.1716256875 0.3616917953125 0.1620199671875 0.377430521875 0.1663322484375 0.39465223437499997 0.1833375890625 0.401702375 0.21417135156249997 0.3974796765625 0.2304746359375 0.38594671406250003 0.2311120859375 0.3682047625
1 0.3000000546875 0.3570365828125 0.290419309375 0.3492060828125 0.280111528125 0.34636170625 0.257837721875 0.34870277656250004 0.2458717046875 0.353888225 0.23626597968750002 0.36962695156250003 0.2409865734375 0.3907335140625 0.26067094218750003 0.3994659625 0.28655496875 0.3957635 0.3026540984375 0.382288115625 0.3000000546875 0.3570365828125
1 0.3816456875 0.3720218796875 0.3771292453125 0.3528577421875 0.3648694828125 0.3433449359375 0.354561696875 0.3405005640625 0.329813025 0.34310175468750004 0.310511990625 0.36182338125 0.315436746875 0.3848723671875 0.32749235312499997 0.39244275 0.36100513749999996 0.38990235625 0.3718358046875 0.3858181828125 0.3816456875 0.3720218796875
1 0.45423345781249996 0.3722481328125 0.45405428593749997 0.346736478125 0.4339616015625 0.3341191796875 0.40426320000000004 0.3372406078125 0.38702871562499996 0.351817265625 0.386799575 0.37344406874999997 0.3992635 0.38489929843750004 0.41720004375 0.388905740625 0.430709734375 0.38650387343750003 0.4462859734375 0.3799570359375 0.45423345781249996 0.3722481328125
1 0.5305460265625 0.360299590625 0.5285044546875 0.340875334375 0.522738090625 0.333625871875 0.5108866421875 0.3279979140625 0.4857296546875 0.32671425625 0.4635454359375 0.3418111515625 0.46392877187500003 0.3692652265625 0.48381729843750004 0.379940103125 0.5049557453125 0.37870030312499997 0.52641291875 0.368589528125 0.5305460265625 0.360299590625
1 0.6027504671874999 0.3330717640625 0.5799787609375 0.3187721578125 0.5601798234375 0.320853109375 0.5459430937499999 0.3282411015625 0.53819976875 0.33789243281250003 0.5408538109375 0.363143965625 0.5477555296875 0.36929215625 0.558063309375 0.37213653281250003 0.5841514937500001 0.3703764953125 0.60292964375 0.35858341562499996 0.6027504671874999 0.3330717640625
1 0.6739737515625001 0.3560260875 0.6794463687500001 0.3485773015625 0.6769964828124999 0.32526819375 0.670094765625 0.31912000156250003 0.6519540640625 0.31317113124999996 0.624934684375 0.31797486875000003 0.6101750671875 0.33229140625000003 0.6097417734375 0.35197578125 0.6246805625 0.3631708921875 0.6349883484375 0.36601526875 0.6583975046874999 0.362572925 0.6739737515625001 0.3560260875
1 0.7484239203125 0.350164940625 0.7561672453125 0.3405136125 0.7537173593750001 0.3172045046875 0.7441366203124999 0.30937400312499996 0.7311498109375 0.30484732187499997 0.7064011406249999 0.3074485125 0.6969099875 0.312373840625 0.68689595 0.3242277171875 0.69202485625 0.34921913125000004 0.7040804671875 0.3567895125 0.737593253125 0.354249115625 0.7484239203125 0.350164940625
1 0.8143141343750001 0.3461854265625 0.82834670625 0.336855009375 0.83227565625 0.32662264531249996 0.8310507140625001 0.3149680890625 0.8250801921875001 0.3057762 0.8183826312500001 0.3015704328125 0.7979712234375 0.297824109375 0.7761057359375 0.3040500328125 0.7634126734375 0.3142216015625 0.761550275 0.3203089984375 0.7664750296875 0.343357984375 0.7859552421875 0.3501480078125 0.8143141343750001 0.3461854265625
1 0.909200696875 0.3205013796875 0.9046842546875 0.30133724375000004 0.8899496203125 0.2920845578125 0.8550973265625 0.29378380000000004 0.8376586859374999 0.30641803125 0.8380420203125001 0.3338721078125 0.8422647109374999 0.33833799375 0.8628802765625 0.344026746875 0.8887643031250001 0.34032428124999997 0.8971201015625001 0.33650022812499997 0.909200696875 0.3205013796875
1 0.7166089984374999 0.4045697921875 0.7218774578125 0.395178578125 0.7192234156249999 0.3699270484375 0.6993348890625 0.3592521734375 0.6696364875 0.3623736015625 0.6569434249999999 0.372545171875 0.6528103171875 0.3808351109375 0.65115208125 0.3888649328125 0.6579392265624999 0.405826525 0.6774194375 0.4126165484375 0.7033034640625 0.4089140875 0.7166089984374999 0.4045697921875
1 0.6398881203125 0.41263348125 0.6453607375 0.40518469531249995 0.6425025375 0.3779907390625 0.63292179375 0.3701602390625 0.6226140124999999 0.36731586250000003 0.5953904750000001 0.370177171875 0.5781559921875 0.38475383281250003 0.580810034375 0.4100053625 0.5903907765625 0.41783586250000004 0.6031734265625001 0.42042011874999996 0.6290574531249999 0.4167176578125 0.6398881203125 0.41263348125
1 0.57070640625 0.4091034140625 0.5653733421875 0.382169575 0.5456889734375 0.373437128125 0.516194728125 0.37850098125 0.5039099796875 0.392557403125 0.506359865625 0.4158665078125 0.518619628125 0.42537931406249996 0.53387715 0.42770345 0.547386840625 0.425301584375 0.56296308125 0.41875474687500003 0.57070640625 0.4091034140625
1 0.4621060015625 0.4352469015625 0.46819109374999995 0.43362539375000003 0.4887170703125 0.4265583171875 0.49439384375 0.4210519546875 0.4983227890625 0.4108195890625 0.4938063515625 0.39165545156250003 0.486904634375 0.3855072609375 0.47144296093750004 0.38124069843749997 0.4466942875 0.3838418890625 0.43720313749999995 0.388767215625 0.42945980625 0.398418546875 0.4321138484375 0.4236700796875 0.44169459531250005 0.4315005796875 0.4621060015625 0.4352469015625
1 0.416741765625 0.432159340625 0.4220102265625 0.42276813124999996 0.41956034062500003 0.399459021875 0.40997960000000006 0.391628525 0.39204305625 0.387622078125 0.367498540625 0.39216569843750004 0.3550096375 0.40427969218750004 0.3578678375 0.43147365000000004 0.3674485765625 0.43930415 0.380231228125 0.441888403125 0.40116552343749995 0.438706178125 0.416741765625 0.432159340625
1 0.3400208828125 0.44022302968749993 0.34549350156249997 0.4327742453125 0.34243114375 0.403637859375 0.3252216453125 0.3946452921875 0.2955232375 0.39776672031250004 0.28603208593749996 0.4026920484375 0.278697075 0.41622823281250004 0.2805344890625 0.4337100625 0.2865050046875 0.4429019515625 0.3082559234375 0.4474894296875 0.32671535 0.44456732499999996 0.3400208828125 0.44022302968749993
1 0.247519603125 0.4528911328125 0.2655707140625 0.4460841765625 0.275380596875 0.4322878765625 0.2737473390625 0.41674847187499997 0.2650977953125 0.40587427187499997 0.24829660625 0.4007665578125 0.2260228046875 0.403107628125 0.21158191718750002 0.4085531953125 0.20383858593749998 0.418204525 0.20238450624999998 0.4281767703125 0.2093758140625 0.447080790625 0.2263811546875 0.4541309328125 0.247519603125 0.4528911328125
1 0.3079371984375 0.45636040468749994 0.2985606140625 0.45047232968750006 0.28330310000000003 0.4481481953125 0.26597902812499996 0.4499690296875 0.25401300625 0.45515447187499997 0.24420312968750002 0.468950775 0.24933203750000002 0.4939421890625 0.26633737812499997 0.5009923328125 0.2949004328125 0.49897217656250004 0.3112037125 0.4874392140625 0.3079371984375 0.45636040468749994
1 0.14713544375 0.50959319375 0.15281221875 0.50408683125 0.1590118765625 0.49165192187500006 0.15676614687499998 0.4702852375 0.13976080625 0.4632350984375 0.11253726875 0.46609640781249995 0.0973693359375 0.47652809375 0.0934403921875 0.486760459375 0.094665334375 0.498415015625 0.10980828281249999 0.51155255 0.133625753125 0.511995059375 0.14713544375 0.50959319375
1 0.2384117796875 0.48527053750000004 0.2336911875 0.46416397500000006 0.21400681718749998 0.455431528125 0.189258146875 0.45803271875 0.17976699375 0.4629580421875 0.16954879843749998 0.4728694953125 0.1748818671875 0.49980333281249995 0.19188720937499998 0.506853475 0.22272097031250002 0.502630775 0.2344828375 0.49550290312499995 0.2384117796875 0.48527053750000004
1 0.3856538828125 0.48157806875000003 0.38527055312499997 0.45412399218750005 0.373010784375 0.44461118749999995 0.3627030046875 0.4417668109375 0.333208753125 0.44683066406250005 0.3207198484375 0.4589446625 0.3233738921875 0.4841961921875 0.3356336609375 0.49370900000000006 0.3619260015625 0.4938913875 0.3777063984375 0.4892869765625 0.3856538828125 0.48157806875000003
1 0.45931240781250005 0.444377996875 0.44210290937499996 0.4353854265625 0.4099296359375 0.4387669734375 0.3951700171875 0.45308351562500004 0.397619903125 0.476392621875 0.41503356562500004 0.48732761562500004 0.4435966140625 0.48530745937499997 0.45442728125 0.48122328750000004 0.462374765625 0.4735143796875 0.45931240781250005 0.444377996875
1 0.53868733125 0.46156583749999996 0.5366457609374999 0.442141584375 0.530879396875 0.43489211875 0.5138740546875 0.42784197500000004 0.4819049390625 0.43316594999999997 0.4675536359375 0.45136734062499995 0.47474910000000003 0.47221378437499995 0.49443347031249996 0.48094623125 0.517842625 0.47750388906249996 0.52867329375 0.47341971718750003 0.53868733125 0.46156583749999996
1 0.6110709515625 0.459849665625 0.615204053125 0.4515597234375 0.6133666390625 0.43407789531249996 0.6011068749999999 0.424565090625 0.590799090625 0.4217207140625 0.5586258171875 0.42510226093750003 0.5438662046875 0.4394187984375 0.546316090625 0.46272790781250006 0.55589683125 0.47055840781249997 0.5688836390625001 0.4750850890625 0.5922927984374999 0.4716427421875 0.6110709515625 0.459849665625
1 0.6857252765624999 0.45593094375 0.689858384375 0.4476410046875 0.6876126546875 0.42627432499999995 0.667519971875 0.4136570234375 0.6353466984375 0.41703857187500004 0.6226536375 0.4272101421875 0.61852053125 0.43550008125 0.6232411250000001 0.45660664375 0.6301428421875 0.4627548375 0.6456045203125 0.4670214 0.6690136765625 0.463579053125 0.6857252765624999 0.45593094375
1 0.7647168671875 0.4456647109375 0.761654509375 0.416528325 0.7469198765625 0.4072756390625 0.7170173125 0.40845464375 0.7075261609375 0.413379971875 0.6952414124999999 0.42743639218749996 0.6974871406250001 0.44880307343750003 0.7149007968750001 0.45973806718750004 0.745938715625 0.457457790625 0.7567693828125 0.453373615625 0.7647168671875 0.4456647109375
1 0.8287446828125 0.4477725921875 0.8391670359375001 0.43980356406250004 0.8430959859374999 0.4295711984375 0.8385795500000001 0.41040706406250005 0.8211658875 0.39947206875 0.788992615625 0.4028536171875 0.7795014625000001 0.4077789453125 0.771962290625 0.41937270312499997 0.7744121765624999 0.4426818109375 0.7916216796875 0.451674378125 0.8177098624999999 0.4499143390625 0.8287446828125 0.4477725921875
1 0.918591925 0.40985295624999996 0.9126214046875001 0.40066106562500003 0.8978867703125 0.3914083796875 0.885308278125 0.39076655 0.856222340625 0.39971525625000004 0.8460041500000001 0.4096267078125 0.8517455296875 0.4404453984375 0.871225740625 0.4472354171875 0.8995846328124999 0.4432728375 0.91795446875 0.4275949078125 0.918591925 0.40985295624999996
1 0.8783962203125 0.4916510890625 0.8861395515625 0.4819997546875 0.8840979796875 0.4625755015625 0.8783316156250001 0.4553260359375 0.8613262703125001 0.44827589375 0.8365776015625 0.4508770828125 0.8238845359375 0.4610486546875 0.8201597484375001 0.4732234453125 0.8271510515625 0.49212746406249996 0.8392066625 0.4996978453125 0.8700404234375 0.4954751453125 0.8783962203125 0.4916510890625
1 0.79199036875 0.39566495 0.798190025 0.383230040625 0.796760925 0.3696330609375 0.7907904046875001 0.3604411703125 0.7762599296875 0.3531309109375 0.741815946875 0.35871500156249997 0.736139171875 0.36422136250000003 0.7326185359374999 0.378338578125 0.73960984375 0.3972425984375 0.751461296875 0.40287055 0.7872447890625 0.3981276125 0.79199036875 0.39566495
1 0.867575890625 0.3887025328125 0.875319221875 0.3790511984375 0.8759566718749999 0.3613092515625 0.8634927484375 0.3498540234375 0.848031075 0.345587459375 0.8234865609375 0.350131075 0.8153349203125 0.3558975546875 0.8116101265625 0.368072346875 0.8190097484375001 0.3908612171875 0.8358109328125 0.39596893125 0.854270359375 0.3930468265625 0.867575890625 0.3887025328125
1 0.8071479609375001 0.4922659921875 0.8042897609375 0.46507203124999996 0.7870802578125 0.4560794640625 0.762127428125 0.45673822968750005 0.7526362765625 0.461663559375 0.7426222375 0.473517434375 0.744867965625 0.494884115625 0.76496065 0.507501415625 0.7908446765625 0.503798953125 0.80167534375 0.499714778125 0.8071479609375001 0.4922659921875
1 0.730222921875 0.49838725312500004 0.727568878125 0.47313572031250006 0.707680353125 0.4624608484375 0.687677259375 0.4625993765625 0.670965659375 0.4702474859375 0.663018175 0.477956390625 0.662993196875 0.50152561875 0.685764903125 0.5158252234375 0.7044284843749999 0.5148455421875 0.7129884390625 0.512963915625 0.730222921875 0.49838725312500004
1 0.6480294234375 0.5138997328125 0.655976909375 0.5061908234375 0.6533228671875 0.480939290625 0.6410630984375 0.4714264859375 0.6256014249999999 0.4671599234375 0.6082773546875 0.46898075625 0.598786203125 0.473906084375 0.5865014515625 0.48796250468749996 0.58874718125 0.5093291890625 0.603685975 0.5205242984375 0.6252327375 0.5231693515625 0.6480294234375 0.5138997328125
1 0.5025351453125 0.522318203125 0.5019476593750001 0.49292170312500005 0.4845339984375 0.4819867078125 0.46205603906250003 0.4823853546875 0.4398718203125 0.49748225 0.44005099999999997 0.5229939031249999 0.44581736406249994 0.53024336875 0.45766881093749995 0.5358713203125001 0.48128212968749995 0.534371403125 0.49458766406250004 0.5300271109375 0.5025351453125 0.522318203125
1 0.5769853203124999 0.5164570609375 0.5809142640625 0.50622469375 0.5790768500000001 0.4887428609375 0.5668170875 0.47923005625000004 0.5538302796875 0.474703375 0.5290816078125 0.4773045640625 0.5120512828125 0.49382365000000006 0.5145011687500001 0.517132759375 0.5202675328125 0.524382221875 0.53459385 0.5297500546875 0.5582071703125 0.528250140625 0.5769853203124999 0.5164570609375
1 0.4305598421875 0.5279192296875 0.43038066875 0.5024075781249999 0.4154418796875 0.49121246718749995 0.40513409375 0.48836809218750005 0.382860290625 0.49070916249999996 0.3756398484375 0.49343194375 0.36315094375 0.5055459390625 0.363125959375 0.5291151671875001 0.37558988437499996 0.5405703953125001 0.3910515578125 0.5448369578125 0.4070361171875 0.5421749734375 0.4305598421875 0.5279192296875
1 0.350432896875 0.539286734375 0.35590551718749996 0.5318379484375 0.35345563125 0.50852884375 0.3385168390625 0.4973337296875 0.328209059375 0.49448935625 0.3011896796875 0.4992930890625 0.288700775 0.511407084375 0.28887994687499996 0.5369187375 0.295985821875 0.545009353125 0.3166013890625 0.5506981046874999 0.33506081249999997 0.5477759984375 0.350432896875 0.539286734375
1 0.279592953125 0.5437864890624999 0.2790054609375 0.5143899859375 0.258912778125 0.5017726890625 0.22921437500000003 0.5048941171875 0.21652131406250003 0.5150656859375 0.21238820781249998 0.523355628125 0.21463393593750002 0.5447223078125 0.21772127187499998 0.5502894656249999 0.23225174843750002 0.5575997265625 0.24750926875 0.5599238609375 0.2560692234375 0.5580422328125 0.279592953125 0.5437864890624999
1 0.12454291718749999 0.5208052359375 0.09268836875 0.5153158125 0.078043325 0.51881895 0.0676209703125 0.5267879734375 0.061421312500000005 0.5392228875 0.0632587265625 0.556704715625 0.0663460640625 0.5622718734375 0.08603043125 0.5710043203125 0.1044898578125 0.5680822156249999 0.128421903125 0.557711325 0.12454291718749999 0.5208052359375
1 0.15512255625 0.5617785640624999 0.18121073906250001 0.5600185265625 0.19678698125 0.5534716890625 0.199988890625 0.548225446875 0.1973098640625 0.546543140625 0.20144297187500002 0.5382531984375001 0.20021802812499997 0.526598646875 0.19404335 0.51546433125 0.17229243125 0.5108768546875 0.150222784375 0.51516035 0.14207114062499998 0.5209268312499999 0.1379380375 0.52921676875 0.14059208125 0.554468303125 0.15512255625 0.5617785640624999
1 0.1493958171875 0.6144233765625 0.160226484375 0.6103392015625 0.1679698125 0.6006878734375001 0.16324921875 0.5795813078125 0.1574828546875 0.5723318453124999 0.1481062703125 0.5664437734375001 0.1380026421875 0.5655418203125 0.11345812656250001 0.570085440625 0.1011733796875 0.5841418593750001 0.100331771875 0.5999413828125 0.10630229218750001 0.609133271875 0.123307634375 0.616183415625 0.1493958171875 0.6144233765625
1 0.24489485156250002 0.5945666078125 0.237086915625 0.5678928890625 0.217402546875 0.559160440625 0.1951287453125 0.5615015125 0.1778942609375 0.5760781703125 0.1778692828125 0.599647396875 0.1836356421875 0.606896859375 0.1952829375 0.6105823874999999 0.2238459859375 0.6085622328125 0.2346766546875 0.604478059375 0.24489485156250002 0.5945666078125
1 0.3218198859375 0.5884453421875 0.318961684375 0.5612513859375 0.3015480296875 0.55031639375 0.2765952 0.55097515625 0.26235847031250004 0.558363146875 0.25461514375 0.5680144796875 0.2541818453125 0.5876988546875 0.26437505781250004 0.60135663125 0.2935505828125 0.6051637515625 0.3163472671875 0.5958941328125 0.3218198859375 0.5884453421875
1 0.3960908828125 0.557072546875 0.393003540625 0.5515053921875 0.3759981984375 0.5444552484375 0.3485705046875 0.5453741328125 0.3311318640625 0.5580083671875 0.3315151984375 0.5854624421875 0.3437749625 0.594975246875 0.3617115046875 0.598981690625 0.37274633125 0.5968399421874999 0.3962700546875 0.5825842 0.3960908828125 0.557072546875
1 0.44946720781250005 0.588776253125 0.470720228125 0.5767230546875 0.47464917343749996 0.5664906890625 0.47342422968750003 0.554836134375 0.46724955625 0.5437018203124999 0.4605519953125 0.5394960546875 0.430241115625 0.53679020625 0.41580022968749997 0.5422357671875 0.4055820328125 0.5521472203125 0.40576121093750006 0.577658871875 0.41802097812500005 0.5871716765625 0.428328759375 0.590016053125 0.44946720781250005 0.588776253125
1 0.5394936218749999 0.57636826875 0.5470327921875 0.5647745125 0.5445829062499999 0.5414654062500001 0.52716925 0.5305304125 0.49974155624999994 0.531449296875 0.4820987578125 0.54214110625 0.4779656515625 0.5504310453125 0.4800072234375 0.5698553015625001 0.48577358750000005 0.5771047640625 0.5027789281249999 0.5841549078125 0.5286629546875 0.5804524453125001 0.5394936218749999 0.57636826875
1 0.6114689265625 0.570767246875 0.621482965625 0.5589133703125 0.6188289218749999 0.5336618359374999 0.6092481765625 0.5258313375 0.5989403953125 0.5229869609375 0.571716859375 0.5258482703125 0.5542782203125001 0.538482503125 0.5571364203125 0.5656764640625 0.566717159375 0.573506959375 0.57970396875 0.5780336421875 0.6031131281250001 0.5745912984375 0.6114689265625 0.570767246875
1 0.6998620843750001 0.5428198578125001 0.6959581140625 0.529483 0.6901917562500001 0.5222335328125001 0.67586543125 0.5168657 0.6436921640625 0.520247246875 0.6287283890625 0.532621359375 0.6344697671875 0.56344005 0.6593080296875 0.5735946843749999 0.67281771875 0.5711928187499999 0.6940707421875 0.55913961875 0.6998620843750001 0.5428198578125001
1 0.7385037765625 0.5652708765625001 0.74706373125 0.5633892484375 0.7651148437499999 0.5565822921875 0.77306233125 0.548873384375 0.7726789968750001 0.5214193093749999 0.769591659375 0.5158521484375 0.7577402046875 0.510224196875 0.725362775 0.5116633203125 0.7133967546875 0.516848765625 0.7056534265625001 0.5265000953125 0.7081033125 0.5498092046874999 0.7138696718750001 0.5570586671875 0.7230421046875 0.5610043140625 0.7385037765625 0.5652708765625001
1 0.8287343500000001 0.5548053203125 0.8501915234374999 0.5446945484375 0.8541204718750001 0.5344621828125 0.8496040359375 0.51529804375 0.843837671875 0.508048578125 0.8295113531249999 0.5026807453125001 0.816932859375 0.502038915625 0.795067365625 0.5082648390625 0.7869157265625 0.514031315625 0.7827826203125 0.5223212578124999 0.7852325046875 0.5456303640625 0.8051210296875 0.5563052390625 0.8287343500000001 0.5548053203125
1 0.92982056875 0.5166863640625 0.923645890625 0.50555205 0.9089112578125 0.4962993640625 0.9012825 0.49513729375000004 0.8719924062500001 0.5021435734375 0.8621825234375 0.5159398734375 0.8673114359375 0.5409312890625 0.8869958062500001 0.5496637343749999 0.9128798281250001 0.545961275 0.9287747984375001 0.5305434609375 0.92982056875 0.5166863640625
1 0.876115175 0.6008863625 0.8822002640625 0.599264853125 0.8946891671874999 0.5871508578125 0.8924434375000001 0.5657841734375 0.8799795140625 0.5543289453125 0.86719686875 0.5517446875 0.849872796875 0.5535655203125 0.8349090234375 0.5659396343750001 0.8307759203125 0.5742295765625001 0.832409178125 0.58976898125 0.8381755375 0.59701844375 0.8527060171875 0.60432870625 0.876115175 0.6008863625
1 0.8153142484375 0.569963015625 0.8095478828125 0.56271355 0.8003754515624999 0.5587679 0.768202184375 0.562149446875 0.7536467234375 0.5784084140625 0.755892453125 0.599775096875 0.76547319375 0.6076055953124999 0.780934871875 0.61187215625 0.7993942921875 0.6089500515624999 0.8179682906249999 0.5952145468750001 0.8153142484375 0.569963015625
1 0.7431098031250001 0.5971908390625 0.7383892078125001 0.5760842765625 0.720975546875 0.5651492859375 0.6888022796875 0.56853083125 0.6783799265625 0.5764998578125 0.67218026875 0.588934765625 0.6793757281249999 0.6097812125 0.7015349671875 0.6182535421875001 0.7224692578125 0.6150713140625 0.7308250546874999 0.6112472609374999 0.7431098031250001 0.5971908390625
1 0.6641182125 0.6074570734375 0.658785146875 0.5805232359375 0.6494085640625 0.574635159375 0.6316761765625001 0.5725711421875 0.6096065312500001 0.5768546406249999 0.5971176234375 0.5889686359375 0.5999758234375 0.61616259375 0.6223392203125 0.62657735 0.6385279328125 0.6258577875 0.6516293078125 0.61957106875 0.6641182125 0.6074570734375
1 0.5796540046875001 0.625172096875 0.5896680437499999 0.6133182171875 0.5872181578125 0.5900091125 0.58145179375 0.582759646875 0.5671254734375 0.5773918124999999 0.53268149375 0.582975903125 0.520600903125 0.59897475 0.5224383171875 0.6164565828125 0.5310878625 0.6273307781249999 0.5454141796875 0.6326986109375 0.5591280281250001 0.63223916875 0.5796540046875001 0.625172096875
1 0.48962759375 0.6375800765624999 0.5052038359375 0.631033240625 0.5131513171875 0.623324334375 0.5129721453125 0.5978126828125 0.5031872421875 0.5880397578125 0.48772556875 0.583773196875 0.46545176718750003 0.5861142687500001 0.44801312812500005 0.5987485 0.4479881484375 0.6223177234375 0.45663769218750005 0.6331919234375001 0.46581011875 0.6371375718750001 0.481067634375 0.6394617046875 0.48962759375 0.6375800765624999
1 0.43643044062499997 0.6313880234375 0.4403593859375 0.6211556578125 0.435638790625 0.6000490953125001 0.4132754 0.5896343390625 0.39100159843750004 0.591975409375 0.373562959375 0.60460964375 0.370858953125 0.626496565625 0.37703363125 0.6376308796875 0.3837311921875 0.6418366468750001 0.4016677296875 0.6458430890625 0.4127025546875 0.6437013421875 0.43643044062499997 0.6313880234375
1 0.3409314078125 0.65124479375 0.36218442500000003 0.63919159375 0.36631753125 0.6309016515625 0.364275959375 0.6114774 0.35850959531250004 0.6042279328125 0.34418327656250003 0.5988601 0.3192304515625 0.5995188609375 0.299112790625 0.6104707890625 0.29518384062499997 0.6207031546875 0.2972254125 0.6401274124999999 0.3068061515625 0.6479579078125 0.32494685156249997 0.6539067796875 0.3409314078125 0.65124479375
1 0.26648123749999997 0.6571059359375 0.27731190781250004 0.6530217656249999 0.2875300984375 0.6431103125 0.2871467671875 0.6156562359375 0.277566021875 0.6078257375 0.2672582421875 0.6049813609375 0.2423054125 0.6056401265625 0.22559381093750003 0.6132882375 0.2201212 0.620737021875 0.22050452968749998 0.6481911031250001 0.23276429687500003 0.6577039078125 0.2529715484375 0.6595078062499999 0.26648123749999997 0.6571059359375
1 0.207607309375 0.6564202453125 0.212875771875 0.64702903125 0.21269659375 0.6215173796875 0.1853834671875 0.6116228640625 0.16805940156250002 0.613443696875 0.1536185140625 0.6188892640625 0.145671025 0.62659816875 0.14174208125 0.636830534375 0.14666683125 0.6598795203125001 0.1661470421875 0.6666695453125 0.1922352265625 0.66490950625 0.207607309375 0.6564202453125
1 0.122122315625 0.6644231375 0.1303885296875 0.6478432578125 0.12936774374999999 0.6381311296875001 0.120718196875 0.627256934375 0.1088667484375 0.6216289781250001 0.09133851875 0.6215073875 0.0716291703125 0.6363441625 0.07119587656250001 0.6560285390625 0.0813890875 0.6696863140625 0.0993256328125 0.6736927578125 0.1078855859375 0.6718111296875 0.122122315625 0.6644231375
1 0.1717738546875 0.7083016359375 0.17179883437500001 0.6847324109375 0.16582831250000002 0.6755405203125 0.1566558859375 0.671594871875 0.1267533265625 0.6727738765625 0.1172621703125 0.6776992 0.10951884375000001 0.6873505328125 0.10908555 0.707034909375 0.1215494703125 0.7184901390625 0.141960878125 0.7222364625 0.152995703125 0.7200947156249999 0.1717738546875 0.7083016359375
1 0.2486988890625 0.7021803734375001 0.2460448453125 0.676928840625 0.233580925 0.66547360625 0.19872863125 0.6671728484375 0.1883062765625 0.6751418734375 0.1841731703125 0.683431815625 0.1866230546875 0.706740921875 0.20115353125 0.71405118125 0.2249710078125 0.7144936875 0.2335309625 0.7126120593749999 0.2486988890625 0.7021803734375001
1 0.32483227812500004 0.6647201796875 0.3152515375 0.6568896796875 0.2999940234375 0.6545655453125 0.2754495078125 0.659109159375 0.2633689171875 0.6751080078125 0.2656146453125 0.6964746875000001 0.2803492796875 0.7057273734375 0.2931319296875 0.70831163125 0.30664162031250003 0.7059097609375 0.3278946359375 0.6938565640625 0.32483227812500004 0.6647201796875
1 0.3987345859375 0.689356809375 0.4019364953125 0.6841105671875 0.40257394687500003 0.6663686171875 0.39639926875 0.6552343046875 0.379393928125 0.6481841609375001 0.35464525468749997 0.6507853515625001 0.345154103125 0.6557106796875 0.3378190859375 0.6692468609375 0.3427438421875 0.69229585 0.359749184375 0.6993459890625 0.38563321093749997 0.695643528125 0.3987345859375 0.689356809375
1 0.4638977609375 0.69036341875 0.47886153125 0.6779893046875001 0.4786823578125 0.652477653125 0.47291599375000004 0.6452281875 0.45591065156250005 0.638178046875 0.42868710937500004 0.6410393562500001 0.4114526328125 0.6556160140625 0.411223490625 0.6772428140625 0.42389157187500004 0.6906404703125 0.43935324531250003 0.6949070328125 0.45306709375 0.694447590625 0.4638977609375 0.69036341875
1 0.5523805015625001 0.6751718546875 0.5555824125 0.669925615625 0.5529283687500001 0.6446740828124999 0.5406686015625 0.635161278125 0.5303608203125 0.6323169015625 0.5056121499999999 0.634918090625 0.488377665625 0.6494947484375 0.4912358671875 0.676688709375 0.49813758437500005 0.6828369000000001 0.5162782859374999 0.6887857671875001 0.5347377109375 0.6858636640625 0.5523805015625001 0.6751718546875
1 0.629853409375 0.6385528171875 0.62006850625 0.62877989375 0.6046068328125 0.62451333125 0.5751125874999999 0.6295771828125 0.5607612843750001 0.6477785734375 0.5654818781250001 0.6688851390624999 0.572383596875 0.6750333296875 0.59320331875 0.6826645078125 0.6091878796875 0.6800025203125 0.6302367375 0.66600689375 0.629853409375 0.6385528171875
1 0.6699242015625 0.6746008171875 0.683433890625 0.6721989500000001 0.6990101375 0.6656521125 0.7069576203125 0.657943203125 0.7067784421875001 0.6324315515625 0.6967893890625 0.620716203125 0.6813277156249999 0.616449640625 0.6590539093750001 0.6187907125 0.6416152687500001 0.6314249453125 0.637482165625 0.639714884375 0.63931958125 0.657196715625 0.64240691875 0.6627638734375 0.65714155 0.672016559375 0.6699242015625 0.6746008171875
1 0.7759351718749999 0.659530846875 0.7857450546875 0.645734546875 0.780616146875 0.6207431328124999 0.7737144265625 0.6145949374999999 0.7582527484375 0.6103283765625 0.735978946875 0.612669446875 0.726487790625 0.6175947765625 0.71420304375 0.6316511953124999 0.7166529296874999 0.654960303125 0.7416953484375 0.6670573656250001 0.7651045046875 0.6636150234375 0.7759351718749999 0.659530846875
1 0.8606285218749999 0.620189025 0.84548556875 0.6070514874999999 0.8153788515624999 0.6062880671875 0.7933987921875 0.6233273859375 0.7933738109374999 0.6468966140625 0.8161455171875 0.6611962203124999 0.8397588359375 0.6596963 0.8505894984375001 0.6556121296875 0.8630784078125 0.6434981343749999 0.8606285218749999 0.620189025
1 0.91478185 0.5997681546875 0.8900331781249999 0.6023693453125001 0.87073214375 0.6210909765625 0.8727737156250001 0.6405152296875001 0.88771250625 0.65171034375 0.8980202921875 0.65455471875 0.9239043140625001 0.650852253125 0.939799284375 0.6354344453125 0.9375535562499999 0.6140677640625001 0.91478185 0.5997681546875
1 0.8954954578125 0.7019532875000001 0.9057136531250001 0.6920418374999999 0.9032637671874999 0.6687327296875 0.8883249781250001 0.6575376187499999 0.8806962203124999 0.656375553125 0.8512019703125 0.6614394046875 0.8391213796875 0.677438253125 0.8407546359375001 0.6929776578125 0.855897584375 0.7061151921875 0.868680234375 0.7086994468750001 0.8821899249999999 0.7062975812500001 0.8954954578125 0.7019532875000001
1 0.8116040953124999 0.6656013093750001 0.7769559578125 0.669242975 0.7690084734375 0.67695188125 0.765079525 0.687184246875 0.7693918046875 0.70440595625 0.7894844875 0.71702325625 0.805469046875 0.7143612703125 0.8267220625 0.702308071875 0.826542890625 0.67679641875 0.8116040953124999 0.6656013093750001
1 0.749592871875 0.7064869078125 0.7465305156250001 0.6773505265625 0.7371539265625 0.6714624546875 0.727050303125 0.6705605046875001 0.697556053125 0.675624359375 0.6875420140624999 0.6874782359375 0.68978774375 0.7088449171875 0.7047265375 0.7200400265625 0.7258649859374999 0.7188002265625 0.7368998062500001 0.7166584796875 0.749592871875 0.7064869078125
1 0.6649245078125 0.7222595078125 0.6749385421875 0.71040563125 0.6700137890625 0.6873566421875 0.66043305 0.67952614375 0.650329421875 0.6786241937499999 0.62578490625 0.6831678109375 0.61102529375 0.6974843484375 0.61245439375 0.7110813296875 0.6213080953125 0.72389795 0.6331595484375 0.729525903125 0.6468733953125 0.7290664640625 0.6649245078125 0.7222595078125
1 0.591201378125 0.7231345250000001 0.5953344796875 0.7148445875 0.593497065625 0.6973627578125 0.576083409375 0.6864277640625 0.556080315625 0.6865662921875 0.541639428125 0.6920118578125 0.531829546875 0.7058081578125 0.5330544890625 0.7174627109375 0.541704034375 0.72833690625 0.5537596437500001 0.7359072875 0.5748980921875 0.7346674859375 0.591201378125 0.7231345250000001
1 0.4993625265625 0.694491453125 0.46986828281250004 0.6995553078125 0.4571752203125 0.7097268765625 0.4594209484375 0.73109355625 0.474359740625 0.742288671875 0.48466751874999997 0.74513304375 0.5006520796875 0.74247105625 0.518817759375 0.7248507 0.5140971609375 0.7037441390625 0.4993625265625 0.694491453125
1 0.13812151875 0.74522465625 0.1292678171875 0.7324080328125 0.11473734218750001 0.725097771875 0.10463371875000001 0.7241958234375 0.085651409375 0.7340464765625 0.0801787921875 0.741495265625 0.08015380625 0.765064490625 0.0952967546875 0.7782020281250001 0.118910071875 0.7767021093750001 0.137279909375 0.7610241796875 0.13812151875 0.74522465625
1 0.1590704546875 0.8255059328125001 0.16515554375 0.8238844234375 0.1753737390625 0.8139729718750001 0.1795068421875 0.8056830328125001 0.1780777421875 0.792086053125 0.1723113828125 0.7848365890625 0.1577809078125 0.7775263296875 0.125607634375 0.7809078765625 0.11766015 0.78861678125 0.11373120156250001 0.7988491468750001 0.11556861562500001 0.8163309796875 0.13318642812499998 0.8292083984374999 0.1590704546875 0.8255059328125001
1 0.2488927125 0.811155525 0.25436532968750003 0.8037067390624999 0.254798625 0.7840223625 0.24480956874999998 0.772307015625 0.21449868906249997 0.7696011687500001 0.20253266874999998 0.7747866109375 0.194585184375 0.78249551875 0.1943560484375 0.80412231875 0.197443384375 0.8096894765625 0.21217801875000003 0.8189421625 0.23579133749999998 0.8174422437500001 0.2488927125 0.811155525
1 0.32127633125 0.809439353125 0.331494521875 0.7995279015625 0.334811 0.7834682578125001 0.32441363125 0.767868059375 0.3087478 0.76165906875 0.29389859375 0.763219784375 0.27605164531250004 0.7719691640625 0.27191853906249996 0.7802591062500001 0.27416426718750003 0.8016257875000001 0.29178207968750003 0.8145032062500001 0.3104456640625 0.8135235249999999 0.32127633125 0.809439353125
1 0.36607805625 0.7595611828125 0.348843571875 0.774137840625 0.3484102796875 0.7938222171875 0.371181984375 0.8081218218749999 0.392116275 0.8049395984375 0.408215403125 0.7914642125 0.405969675 0.77009753125 0.3858769921875 0.75748023125 0.36607805625 0.7595611828125
1 0.438053359375 0.75396015625 0.4232937484375 0.7682766984375 0.42553947656249996 0.789643378125 0.44563215312500004 0.8022606796874999 0.469041315625 0.7988183328125 0.48514044375000004 0.785342946875 0.48557373593750003 0.765658571875 0.465276896875 0.751098846875 0.438053359375 0.75396015625
1 0.633861609375 0.74810900625 0.6254162171875 0.7391772359375001 0.613768925 0.73549170625 0.6036652984375 0.7345897578125 0.5867495453125 0.74029544375 0.57466895 0.7562942875 0.578777078125 0.7715735718750001 0.593920025 0.784711109375 0.6200082078125 0.7829510734375 0.6381738890624999 0.765330715625 0.633861609375 0.74810900625
1 0.7113741359375 0.7713842453125 0.71757379375 0.758949334375 0.7159405359375001 0.7434099296875 0.7010017453125 0.7322148171875 0.690693959375 0.7293704453125 0.6783196234375 0.730671040625 0.6665577640625 0.7377989109375 0.6565437249999999 0.7496527859375 0.657972825 0.7632497640625 0.6759989531249999 0.780012034375 0.6996122703125 0.7785121171875 0.7113741359375 0.7713842453125
1 0.773654125 0.7687661218749999 0.7844847921875 0.7646819453125 0.794702990625 0.7547704984375 0.7951362828125 0.735086121875 0.7824682015625 0.721688465625 0.7696855499999999 0.7191042078125001 0.7523614828125 0.720925040625 0.7349228437499999 0.7335592734375 0.7344895453125 0.7532436515625001 0.740460065625 0.7624355406250001 0.7498366546875 0.7683236109375 0.7650941718750001 0.77064775 0.773654125 0.7687661218749999
1 0.866499115625 0.72365781875 0.8544435046875 0.7160874374999999 0.8222702312499999 0.7194689859375 0.8097813281249999 0.73158298125 0.8149102359375 0.75657439375 0.8296448734374999 0.7658270796875 0.8532581875 0.7643271656249999 0.859343275 0.7627056515625 0.8716280234375 0.7486492328125001 0.866499115625 0.72365781875
1 0.9349288 0.7557432375 0.9487572203125 0.7444703953125 0.9526861703125 0.7342380281249999 0.9514612281250001 0.7225834765625 0.9456948640625 0.7153340109374999 0.9258063375000001 0.7046591390625 0.9109571359374999 0.706219853125 0.8942455359375 0.7138679625 0.8865022093749999 0.723519290625 0.8889520953125001 0.7468284 0.8985328359375 0.7546589 0.9115196437499999 0.75918558125 0.9349288 0.7557432375
1 0.5552533484375 0.7858293187500001 0.5616571625 0.7753368328125 0.562907090625 0.7634221609375 0.5473558281249999 0.746399771875 0.5345731781249999 0.7438155140625 0.5149783984375 0.7478388953125 0.5004229375 0.7640978578125 0.5020561953125 0.7796372625 0.51719914375 0.7927748 0.52998179375 0.7953590562499999 0.54101661875 0.7932173078125 0.5552533484375 0.7858293187500001
1 0.28579691875 0.7218478125 0.2661125484375 0.7131153640625 0.23909316875000003 0.717919096875 0.22928328750000002 0.7317154 0.2344122015625 0.7567068156250001 0.26152116406250003 0.76465890625 0.275030859375 0.7622570390625001 0.2931965359375 0.7446366828125 0.29176743437499997 0.7310397015625 0.28579691875 0.7218478125
1 0.3422605859375 0.7591186734375001 0.3553619609375 0.7528319546875 0.37012157343749996 0.7385154171874999 0.3693049453125 0.7307457140625 0.3627219515625 0.715726546875 0.3533453703125 0.709838475 0.3304590953125 0.7063522703125 0.318288915625 0.7095952890625 0.3078665625 0.7175643171874999 0.3039376140625 0.7277966828125 0.305979184375 0.7472209359375 0.325867709375 0.7578958124999999 0.3422605859375 0.7591186734375001
1 0.4343535515625 0.7425657234374999 0.442096878125 0.7329143890625 0.44005530625 0.7134901375 0.41996262343749996 0.7008728375 0.3976888203125 0.703213909375 0.3825208890625 0.7136455953125 0.3798168875 0.7355325171875 0.382904225 0.741099675 0.3974347 0.7484099328125 0.41289637343749996 0.7526764953125 0.4189814625 0.751054984375 0.4343535515625 0.7425657234374999
1 0.19434140312499998 0.720658815625 0.16691370781249998 0.7215777 0.1564913546875 0.729546725 0.152358253125 0.7378366625 0.15212911093749998 0.7594634671875 0.177171528125 0.771560525 0.1981058203125 0.7683783015625 0.21420494531249998 0.754902915625 0.211755059375 0.73159380625 0.19434140312499998 0.720658815625