1 0.827555471875 0.02296405625 0.8088592859375 0.0219702984375 0.787475040625 0.0332671125 0.7798992203124999 0.05127550937499999 0.7868647859375 0.065992040625 0.80097875 0.0746326984375 0.81839185 0.07484094218750001 0.830672596875 0.0719071234375 0.8397760953125 0.0635441234375 0.84503033125 0.0528245828125 0.8419749703124999 0.033533790625 0.827555471875 0.02296405625
1 0.7461724578125 0.035853859375000005 0.7303479875 0.038360209374999996 0.7157456578125 0.0485828765625 0.7111634359375001 0.0562297765625 0.71709050625 0.079020671875 0.7263776546875 0.08644835 0.7347481984375 0.0880887953125 0.758637678125 0.0852938046875 0.7716513828125 0.07235654687500001 0.7728117640625001 0.0504205828125 0.758086728125 0.0379217640625 0.7461724578125 0.035853859375000005
1 0.6783532859375 0.046595360937500004 0.6537917859375 0.0524629890625 0.6407780828125 0.0654002484375 0.6441389796875 0.0866201171875 0.6540372 0.097905953125 0.66466838125 0.099188346875 0.684036584375 0.0971094578125 0.699310928125 0.0838141484375 0.700471309375 0.061878185937499997 0.6972940609375 0.056448996875000004 0.6783532859375 0.046595360937500004
1 0.6111451796875 0.061195018749999996 0.5882332531250001 0.062846440625 0.5703927296875 0.074570721875 0.567399134375 0.0849322171875 0.572409596875 0.1019358765625 0.590372825 0.1129330765625 0.612001665625 0.1104961390625 0.6275815453125 0.099129909375 0.6308806796875001 0.0906974953125 0.6281308546875 0.0733357875 0.6111451796875 0.061195018749999996
1 0.5074613125 0.0795944046875 0.498663346875 0.08988648437499999 0.49976360625 0.11146439999999999 0.5157717296875 0.12474872968749999 0.5464431265624999 0.1208795921875 0.555546628125 0.11251659375 0.5560959359375001 0.0867224671875 0.5413709015625 0.074223653125 0.5074613125 0.0795944046875
1 0.46450916875 0.08639735625 0.43542639375 0.0929810859375 0.4282779953125 0.0990569546875 0.4236348328125 0.11363465625 0.4280342234375 0.12678015781250002 0.43634382031249996 0.1353514046875 0.45760618593749997 0.1379161875 0.4721475703125 0.134624325 0.48742191406249996 0.1213290140625 0.48344994531249996 0.0962509921875 0.47159662031250005 0.087252284375 0.46450916875 0.08639735625
1 0.396995528125 0.09906793750000001 0.367607215625 0.10372258906250001 0.3548990453125 0.118588925 0.358565478125 0.14173786875 0.3701132671875 0.148807496875 0.3807444484375 0.150089890625 0.40432839375 0.145365828125 0.41703656093749997 0.1304994875 0.4168529171875 0.11470880624999999 0.40567160468749996 0.10263745625000001 0.396995528125 0.09906793750000001
1 0.2975274046875 0.114822140625 0.2845136953125 0.1277594 0.28182563437499997 0.14004997187499998 0.28561395156249997 0.14933731249999999 0.2977728125 0.1602651 0.3061433546875 0.1619055421875 0.325511559375 0.159826659375 0.3433520765625 0.1481023796875 0.3445124625 0.126166409375 0.3294818859375 0.11173851875 0.2975274046875 0.114822140625
1 0.25231461875 0.12198314218749999 0.227142053125 0.12399261406249999 0.2105236734375 0.1434332078125 0.2129679609375 0.1588658390625 0.21871138281250002 0.1658660546875 0.23606353906250002 0.1730050953125 0.2531711046875 0.1712842609375 0.2726611875 0.15534377187499998 0.27473818125 0.13919504062500002 0.2715609359375 0.1337658546875 0.25231461875 0.12198314218749999
1 0.155107134375 0.13737929531249998 0.1420934234375 0.1503165546875 0.13879429062499998 0.1587489671875 0.1409330421875 0.1722525171875 0.153091903125 0.1831803046875 0.1588962703125 0.1832497203125 0.1873070296875 0.1797386359375 0.2006262703125 0.16873045625 0.202092190625 0.1487235640625 0.1848009765625 0.13465372343749998 0.155107134375 0.13737929531249998
1 0.08502731718749999 0.148478846875 0.060160284375 0.1524173984375 0.0451914765625 0.167641784375 0.04946898125 0.1946488890625 0.067126671875 0.2037170078125 0.0949263578125 0.1963477671875 0.10794006406250001 0.18341050781249998 0.107145340625 0.16376166718750002 0.10140191875 0.15676145625 0.08502731718749999 0.148478846875
1 0.058023171875 0.212080009375 0.043359896875 0.22923347968750002 0.050509110937500004 0.259740690625 0.068166803125 0.2688088125 0.09205628437499999 0.2660138234375 0.109285734375 0.2504313875 0.1043971578125 0.21956612656250002 0.0854563765625 0.209712490625 0.058023171875 0.212080009375
1 0.152053409375 0.191254671875 0.12492574062499999 0.19555127187500002 0.1122175671875 0.21041760781250002 0.115578465625 0.231637478125 0.1303035 0.24413629218750002 0.1361078671875 0.2442057078125 0.1577367078125 0.24176876875 0.166168190625 0.23647841249999998 0.17466062499999999 0.2242572546875 0.17386590156249998 0.2046084171875 0.152053409375 0.191254671875
1 0.1933559859375 0.1886679265625 0.18455802187499998 0.19896000625000002 0.183519528125 0.20703437500000002 0.191096165625 0.22560906093750002 0.2000777796875 0.23110766093750001 0.2152302421875 0.23167395468750002 0.23624800625 0.225378859375 0.24639000625000002 0.20894149374999998 0.24076846562499998 0.188079675 0.2173064125 0.178942140625 0.1933559859375 0.1886679265625
1 0.27186729062500004 0.1722780171875 0.2546378375 0.187860453125 0.2573876625 0.2052221625 0.2782226015625 0.219719475 0.29985144375 0.2172825359375 0.3187304609375 0.1974838921875 0.31310892031250004 0.1766220734375 0.2896468671875 0.1674845375 0.27186729062500004 0.1722780171875
1 0.3687692375 0.1549527859375 0.354594328125 0.1532429296875 0.33321008281250003 0.16453974375 0.32502319062499996 0.1786899796875 0.3332109015625 0.20112282656249997 0.34701932812499997 0.20783440625 0.3550843328125 0.207545771875 0.374147 0.2035378046875 0.38716070625 0.19060054843750002 0.39045984375 0.1821681296875 0.3828832015625 0.16359344375 0.3687692375 0.1549527859375
1 0.418197765625 0.14514660625 0.399318746875 0.1649452484375 0.40176303593749996 0.18037787968750002 0.42259797343749994 0.1948751875 0.4442268171875 0.19243825312500001 0.46145626249999994 0.17685581718750001 0.45748429375 0.15177779062500002 0.4362828796875 0.14228220625000002 0.418197765625 0.14514660625
1 0.48601694218749997 0.134405103125 0.46939856406249997 0.153845696875 0.471537315625 0.16734924843750001 0.4772807390625 0.174349465625 0.49139470156250004 0.1829901234375 0.49945970624999997 0.1827014859375 0.5185223734375 0.178693521875 0.5331856453125 0.161540053125 0.5272585734375 0.13874915937500001 0.5037965203125 0.129611625 0.48601694218749997 0.134405103125
1 0.5806582515625001 0.11743792187499999 0.5580518609375 0.121018421875 0.5436941203125001 0.14010096562500002 0.5461384093749999 0.1555335953125 0.5547535406249999 0.1660339203125 0.5692339859375 0.16967285468749999 0.5905572921875 0.1653068421875 0.6035709984375 0.1523695828125 0.6049150265625001 0.14622429374999998 0.5992934921875 0.1253624796875 0.5806582515625001 0.11743792187499999
1 0.6481718921875 0.1047673375 0.6281316734375 0.1099188703125 0.6137739359375 0.1290014125 0.6190899359375 0.14793415000000001 0.634181453125 0.15543124531250002 0.660331571875 0.1522782109375 0.6716957109374999 0.143557159375 0.67499484375 0.135124740625 0.6719394828125 0.11583395468749999 0.6481718921875 0.1047673375
1 0.725033625 0.0925936359375 0.702427234375 0.0961741359375 0.6891079890625 0.10718231874999999 0.68580885625 0.11561473281250001 0.687642071875 0.1271892078125 0.696562740625 0.13961860937499998 0.7039557328125 0.14240261406250002 0.7346271296875 0.13853347968750002 0.7459912671875 0.129812428125 0.7468461125 0.10594738125 0.7346872515625 0.095019596875 0.725033625 0.0925936359375
1 0.787720446875 0.0787100765625 0.7699408703125 0.08350355625 0.7584548453125 0.1060862078125 0.7631597718750001 0.12116078906250001 0.7714693687499999 0.1297320359375 0.7879049171875 0.131083840625 0.8114888609375001 0.1263597765625 0.8229748921875 0.10377712343750001 0.815703784375 0.087131515625 0.8067221703125 0.081632915625 0.787720446875 0.0787100765625
1 0.8466205953125 0.12870533906249998 0.827924409375 0.12771158437500002 0.8127110046875 0.134076090625 0.8039130406250001 0.1443681703125 0.8050133 0.1659460859375 0.8223045093750001 0.18001593124999998 0.8397176109375 0.18022417500000001 0.8497377187499999 0.17764840937499998 0.8607963203125 0.1669982796875 0.8640954546874999 0.158565865625 0.86104009375 0.139275075 0.8466205953125 0.12870533906249998
1 0.7791069515625 0.1413759203125 0.7671926874999999 0.1393080125 0.7468469343749999 0.1425304640625 0.7321836578124999 0.1596839296875 0.73523901875 0.1789747203125 0.7535077828125 0.19190100000000002 0.7773972640625 0.18910601093749999 0.7907165046875 0.17809783125 0.79157135 0.1542327875 0.7880885671875 0.14687452031249998 0.7791069515625 0.1413759203125
1 0.694852234375 0.150765615625 0.670290734375 0.1566332453125 0.6601487390624999 0.1730706109375 0.6657702765625 0.1939324296875 0.6811673296875 0.20335860156250002 0.7137938265625 0.1972023359375 0.7200256171875 0.185339228125 0.7189253578125 0.1637613078125 0.704505859375 0.1531915734375 0.694852234375 0.150765615625
1 0.606687303125 0.16472956875 0.587808284375 0.1845282125 0.5902525734374999 0.19996084218750002 0.5959959953125 0.20696105937499998 0.6110875124999999 0.2144581546875 0.6369320968750001 0.2093760375 0.6476851625 0.1967968296875 0.6462793671875 0.17328983125 0.627338590625 0.163436196875 0.606687303125 0.16472956875
1 0.5623911234375 0.1776778046875 0.5504768609374999 0.1756098984375 0.5369130234374999 0.1777582 0.5284815359375 0.18304855625 0.516078903125 0.199843975 0.5182176562499999 0.2133475265625 0.5239610765625 0.220347740625 0.5380750453124999 0.228988396875 0.5461400515625 0.2286997640625 0.55646569375 0.228053075 0.5713735578125 0.219759490625 0.5795604546875001 0.205609253125 0.57650509375 0.1863184625 0.5623911234375 0.1776778046875
1 0.5019039937499999 0.198134115625 0.48779003125 0.1894934578125 0.4736151234375 0.1877836015625 0.45223087656249994 0.199080415625 0.44404398437500003 0.21323065625 0.4458772015625 0.2248051296875 0.4544923328125 0.23530544999999997 0.473799596875 0.240157365625 0.4863858796875 0.2391526265625 0.49707799843749995 0.233504221875 0.505570428125 0.22128306250000002 0.5059978546874999 0.2093505375 0.5019039937499999 0.198134115625
1 0.408362125 0.2000961328125 0.3902770109375 0.2029605328125 0.3750026625 0.216255840625 0.372009065625 0.22661733593750003 0.37671399375000003 0.2416919171875 0.382151878125 0.24676305156249997 0.3991984984375 0.25197301875 0.414045425 0.2506102296875 0.43322997343749997 0.232740665625 0.42986907656250006 0.2115208 0.4180157515625 0.2025220890625 0.408362125 0.2000961328125
1 0.34598083281249997 0.2159087703125 0.33406656875 0.21384086249999998 0.32050273125 0.21598916250000003 0.31207124531249997 0.22127952187500002 0.299974146875 0.24000401718750003 0.30150182812500004 0.2496494140625 0.310116959375 0.2601497328125 0.3316848609375 0.2646435984375 0.3397498671875 0.2643549640625 0.3546577296875 0.2560613765625 0.3628446265625 0.2419111390625 0.357528621875 0.222978403125 0.34598083281249997 0.2159087703125
1 0.26881356562500003 0.22615339375 0.24620717499999997 0.22973389375000003 0.22897772343749997 0.2453163359375 0.2288558375 0.2591779375 0.23521033125000002 0.27003630625 0.2525624859375 0.2771753515625 0.274191328125 0.2747384171875 0.2836003640625 0.26830449375 0.2908097078125 0.25529781875 0.287754346875 0.2360070328125 0.26881356562500003 0.22615339375
1 0.191646296875 0.23639801718750003 0.1719116171875 0.243478625 0.15724834062499998 0.26063209375 0.16543605 0.2830649375 0.1824826703125 0.288274903125 0.20185087343750002 0.28619601875 0.21028235624999997 0.2809056578125 0.22011881875 0.26253921562500004 0.2154138921875 0.247464634375 0.191646296875 0.23639801718750003
1 0.1372690703125 0.258852821875 0.1205279875 0.25557193749999996 0.102748409375 0.26036541562500004 0.0852134234375 0.274018775 0.0891853921875 0.2990968 0.1013442515625 0.31002458593750004 0.1119754328125 0.31130698125 0.129082996875 0.309586140625 0.13977511874999998 0.303937734375 0.15187221875 0.2852132375 0.1488168578125 0.26592245000000003 0.1372690703125 0.258852821875
1 0.0751331921875 0.320108421875 0.060164379687500005 0.3353328125 0.067008059375 0.3639109453125 0.0759896734375 0.36940954531250003 0.09144767031249999 0.3719049125 0.11894182187499999 0.36260659375 0.12651764062499998 0.344598196875 0.12120164062500001 0.3256654609375 0.0951734078125 0.3149568921875 0.0751331921875 0.320108421875
1 0.17172960312500002 0.3008541125 0.1513838515625 0.30407656250000004 0.1318937609375 0.32001705 0.1323829484375 0.33773681093749996 0.1390429765625 0.3505242609375 0.1541344953125 0.3580213546875 0.18028461406250001 0.3548683203125 0.1958644984375 0.3435020890625 0.196108271875 0.31577888593750003 0.1813832359375 0.3032800671875 0.17172960312500002 0.3008541125
1 0.21889749374999998 0.29140598125 0.2022791140625 0.3108465796875 0.20441786718750002 0.32435012812499997 0.2104668234375 0.3332794234375 0.2194484375 0.3387780234375 0.22751344375000002 0.3384893890625 0.246881646875 0.33641050156249996 0.2638055625 0.3188989859375 0.2630108390625 0.2992501453125 0.24602516093750001 0.28710938124999996 0.21889749374999998 0.29140598125
1 0.30840645312500004 0.27129674375 0.2886717734375 0.27837735 0.274008496875 0.295530815625 0.279018959375 0.312534475 0.2989372890625 0.321244546875 0.322521234375 0.316520484375 0.330952721875 0.3112301234375 0.33687897499999997 0.29743793749999997 0.3321740484375 0.2823633578125 0.30840645312500004 0.27129674375
1 0.358446053125 0.2653487203125 0.3457378796875 0.2802150578125 0.3484877046875 0.297576765625 0.3667564671875 0.3105030453125 0.3906459484375 0.30770806093749997 0.4078754 0.2921256203125 0.404514503125 0.2709057546875 0.378180734375 0.25826811250000004 0.358446053125 0.2653487203125
1 0.4527818265625 0.2464524609375 0.43048097187499995 0.25196203906250003 0.4158176953125 0.2691155046875 0.42113369531249994 0.288048240625 0.43298701875 0.29704695000000003 0.44587884375 0.2979712921875 0.45846512656250005 0.296966559375 0.47111234843750005 0.28903101875 0.47960478125000006 0.276809859375 0.47398324062499997 0.255948046875 0.4527818265625 0.2464524609375
1 0.5028214265625001 0.2405044375 0.488769221875 0.261516059375 0.49286307812499996 0.2727324828125 0.503738853125 0.28287475624999997 0.5204799359375001 0.2861556390625 0.5372819609375 0.28250572812499997 0.552250771875 0.26728133593750003 0.5488898765625 0.246061471875 0.52512228125 0.23499485781249999 0.5028214265625001 0.2405044375
1 0.577116984375 0.22675970625000003 0.5644088093749999 0.24162604375000002 0.5674641703125001 0.26091683125 0.582189209375 0.27341564375 0.587993571875 0.2734850609375 0.607361775 0.27140617499999997 0.62294165625 0.2600399453125 0.6209247953125 0.2326747921875 0.5997233734375 0.22317920624999998 0.577116984375 0.22675970625000003
1 0.664670840625 0.2089375921875 0.6488463656250001 0.21144394218749998 0.6358326562500001 0.224381203125 0.6337556671875 0.24052993281249999 0.642676334375 0.25295933437499996 0.6552016765625 0.2588854015625 0.6790911578125 0.2560904125 0.6921048640625 0.24315315312500002 0.6932652499999999 0.2212171890625 0.6814119203125 0.21221848125 0.664670840625 0.2089375921875
1 0.7211868203125 0.199986340625 0.7042629046875 0.2174978609375 0.707318265625 0.236788646875 0.724303940625 0.24892941093749998 0.7301083078125 0.2489988265625 0.7517371484375001 0.2465618890625 0.76670595625 0.23133750156250002 0.7627339875 0.2062594796875 0.7463593859375 0.19797686875 0.7211868203125 0.199986340625
1 0.8000036546875 0.1855255109375 0.7870508890625 0.1915319671875 0.7749537937500001 0.21025646406249998 0.7828359671875 0.23076022968749998 0.800188121875 0.23789927500000002 0.8305539828124999 0.2321010578125 0.840390446875 0.2137346140625 0.8350744421874999 0.194801878125 0.8116123890625 0.1856643375 0.8000036546875 0.1855255109375
1 0.8376414406249999 0.23295598593750003 0.8249332671875 0.2478223265625 0.8289052343750001 0.2729003484375 0.8407585609374999 0.28189905937500004 0.8491291015625 0.28353949843750004 0.8707579437499999 0.2811025640625 0.8854212203125 0.2639490953125 0.8820603234375 0.24272922968750002 0.8650746437500001 0.23058846718749998 0.8376414406249999 0.23295598593750003
1 0.768172696875 0.24791369843750002 0.7545479140625 0.2569928 0.7565647796875 0.28435795 0.766157465625 0.2937147109375 0.7745280078125 0.29535515156250003 0.80489386875 0.2895569390625 0.8133863015625 0.2773357796875 0.80971986875 0.2541868328125 0.80043271875 0.24675915312500002 0.768172696875 0.24791369843750002
1 0.6916165000000001 0.262016478125 0.6831240671875001 0.2742376375 0.6867905000000001 0.297386584375 0.6963831875000001 0.3067433421875 0.7070143718749999 0.30802573125 0.7305983109375 0.30330166875 0.7413513828125 0.2907224609375 0.737073878125 0.26371535625 0.7210048062500001 0.25736182812499997 0.6916165000000001 0.262016478125
1 0.6280130640625 0.270112803125 0.6088285109375 0.28798236718750003 0.6118838703125 0.3072731546875 0.6266089109374999 0.319771971875 0.6324132734375 0.319841384375 0.654042115625 0.31740445 0.6654062546875 0.30868339843750003 0.668827278125 0.28638938281250004 0.6560573453125 0.2716034375 0.6280130640625 0.270112803125
1 0.56954198125 0.2813511828125 0.549501765625 0.28650271250000003 0.537099128125 0.3032981265625 0.5395434156250001 0.3187307578125 0.54528684375 0.3257309734375 0.5626389984375 0.33287001875 0.5884835765624999 0.3277879015625 0.5983200390625 0.3094214546875 0.5961812875 0.29591790625000003 0.590132325 0.28698861249999996 0.56954198125 0.2813511828125
1 0.4975070640625 0.2947378640625 0.4752062078125 0.30024744375 0.4641476015625 0.310897571875 0.46115400468749995 0.32125906875 0.46842510624999995 0.3379046765625 0.4883434359375 0.34661474999999997 0.5054510015625 0.3448939109375 0.516143121875 0.3392455046875 0.525979584375 0.3208790578125 0.520969121875 0.3038753984375 0.4975070640625 0.2947378640625
1 0.4203397953125 0.3049824875 0.4070814953125 0.3090598671875 0.390768653125 0.3304295421875 0.3983452890625 0.3490042296875 0.4182636265625 0.3577143015625 0.43311054687499995 0.35635151249999997 0.4438026671875 0.35070310781249997 0.4539446671875 0.3342657421875 0.44832313125 0.313403921875 0.4203397953125 0.3049824875
1 0.36535149218749996 0.3235791359375 0.3418284921875 0.3213723984375 0.3181226625 0.33995806562499997 0.321483559375 0.36117793125 0.3394467859375 0.372175134375 0.3655969046875 0.36902209375 0.3747004046875 0.36065909375 0.37964910937499996 0.34801047343749997 0.3775103578125 0.334506921875 0.36535149218749996 0.3235791359375
1 0.30681946875 0.34174831562499997 0.28109677187500004 0.33296882656250004 0.26331719374999996 0.33776230625000003 0.24871486250000002 0.3479849734375 0.244132640625 0.3556318765625 0.25036524843749997 0.380351846875 0.262218571875 0.389350559375 0.27767657031250004 0.3918459265625 0.290262853125 0.3908411921875 0.300954975 0.3851927859375 0.3100584796875 0.37682978437500003 0.3127465390625 0.36453921093749997 0.30681946875 0.34174831562499997
1 0.21162802812499998 0.347926540625 0.1980641921875 0.350074840625 0.181201221875 0.3606555546875 0.1730143296875 0.374805790625 0.18059096875 0.39338048125 0.1947049359375 0.4020211390625 0.2050305796875 0.40137444999999994 0.22800344843749998 0.392792228125 0.2378399109375 0.37442578437499996 0.23282944843750003 0.3574221265625 0.223542296875 0.349994446875 0.21162802812499998 0.347926540625
1 0.12602927343749998 0.363461521875 0.106905665625 0.3744002859375 0.102628978125 0.3839762640625 0.10598987499999998 0.405196134375 0.118148734375 0.41612392031249995 0.128779915625 0.4174063140625 0.15236385937500002 0.41268224687500005 0.16898223750000002 0.39324165 0.1656213421875 0.372021784375 0.1489412 0.36181009999999997 0.12602927343749998 0.363461521875
1 0.1213259828125 0.4215531046875 0.09389277812499999 0.42392062812500003 0.078618428125 0.43721593593749997 0.0806352953125 0.464581090625 0.096337884375 0.475936340625 0.12022736406250001 0.47314135312500005 0.130919490625 0.4674929453125 0.143322125 0.45069753125 0.1402667640625 0.43140674375000004 0.1213259828125 0.4215531046875
1 0.19110026093750002 0.408524475 0.168493871875 0.412104975 0.1509588828125 0.42575833281250003 0.148576359375 0.439977984375 0.15297575000000002 0.4531234875 0.167395253125 0.463693221875 0.17319961718750002 0.4637626390625 0.19256781875 0.46168375 0.21010280781250001 0.44803039062499994 0.2100410421875 0.41837810937500003 0.20075389375000002 0.41095042968750006 0.19110026093750002 0.408524475
1 0.2702226375 0.395992721875 0.2583083671875 0.3939248140625 0.24248389218750002 0.396431165625 0.22494891093749997 0.4100845234375 0.2219553078125 0.42044602031249995 0.22757684375 0.44130783593749995 0.242362825 0.4468758515625 0.26851294375 0.4437228125 0.281832190625 0.4327146328125 0.2867808890625 0.4200660078125 0.2846421375 0.40656245625 0.2702226375 0.395992721875
1 0.35093363437499997 0.38617556406250003 0.3229502984375 0.37775412343750003 0.301566046875 0.3890509421875 0.29142405312499997 0.40548830625 0.2999172984375 0.4298502328125 0.311465090625 0.4369198609375 0.322096271875 0.43820225625000003 0.3369431921875 0.43683946718750005 0.349590421875 0.42890393125 0.3597324171875 0.4124665671875 0.3566770546875 0.393175775 0.35093363437499997 0.38617556406250003
1 0.39981202968749996 0.365580421875 0.3839875546875 0.368086771875 0.3713403265625 0.3760223109375 0.3628478984375 0.3882434703125 0.368469434375 0.409105284375 0.3800172234375 0.4161749171875 0.39290904531250004 0.41709925625000005 0.41844809375 0.410088065625 0.429201159375 0.397508853125 0.423579625 0.37664703906249997 0.41685865 0.3707903875 0.39981202968749996 0.365580421875
1 0.44954609375 0.3577033203125 0.43848748593750003 0.368353453125 0.43549388906250003 0.37871494375000003 0.4456367078125 0.3988606640625 0.45461832031249994 0.40435926406249995 0.4626833265625 0.40407062656250003 0.48852790468749996 0.3989885140625 0.4989754390625 0.384480221875 0.49304836874999997 0.3616893296875 0.46702013593749997 0.3509807625 0.44954609375 0.3577033203125
1 0.5419267640625 0.3410941875 0.528362928125 0.3432424890625 0.5199314453125 0.34853285 0.5075288078125 0.3653282640625 0.5151054453125 0.3839029515625 0.5243925953125 0.39133063125 0.53728441875 0.392254975 0.563129003125 0.3871728609375 0.571926965625 0.376880778125 0.5714377796875 0.35916101875 0.5650832875 0.3483026484375 0.5419267640625 0.3410941875
1 0.61426721875 0.3296365859375 0.5961821046875 0.3325009859375 0.582862859375 0.3435091671875 0.5801747984375 0.3557997390625 0.584268653125 0.3670161640625 0.5874459 0.3724453484375 0.6025374171875 0.37994244374999997 0.6264268984375 0.377147459375 0.6420067828125 0.365781225 0.640906525 0.344203309375 0.6335744765625 0.3344885015625 0.61426721875 0.3296365859375
1 0.7068924796875 0.321887334375 0.6885627750000001 0.3158918546875 0.6640012828125 0.321759484375 0.6552033125000001 0.3320515640625 0.656303571875 0.35362948437499997 0.6684624328125001 0.3645572703125 0.6768329750000001 0.3661977140625 0.6984618171875 0.363760775 0.7117810578125 0.35275259531250003 0.7150801953125 0.34432018124999997 0.7126359078125 0.3288875515625 0.7068924796875 0.321887334375
1 0.7773387781250001 0.30578605937500003 0.75833705625 0.30286322499999996 0.7402519421875 0.305727625 0.7331035453125 0.3118034984375 0.7278493046875 0.32252304375 0.730904665625 0.3418138328125 0.74886789375 0.3528110328125 0.7727573734375001 0.35001604375 0.782166409375 0.3435821203125 0.78845914375 0.3247882109375 0.784059753125 0.311642709375 0.7773387781250001 0.30578605937500003
1 0.846807521875 0.2908283484375 0.8168081390624999 0.29162484375000003 0.8080711203125001 0.2949861234375 0.801228259375 0.3029910734375 0.802939584375 0.3284271515625 0.8150984484375 0.3393549359375 0.8234689921875 0.3409953796875 0.845097828125 0.338558440625 0.858417075 0.32755025937500004 0.86171620625 0.3191178484375 0.8586608453125001 0.2998270578125 0.846807521875 0.2908283484375
1 0.881879128125 0.3366878 0.8547514609375 0.3409844 0.8443039234375 0.3554926890625 0.8476648203125 0.376712553125 0.8598236859374999 0.3876403390625 0.882063596875 0.3890615609375 0.9011872046875 0.3781227984375 0.905830371875 0.36354509375 0.9039971546875 0.35197062031250004 0.89538201875 0.3414702984375 0.881879128125 0.3366878
1 0.8121048468750001 0.34971643124999996 0.7849771796875 0.3540130328125 0.7758736796875 0.36237603281249997 0.7731856125000001 0.374666603125 0.7778905453125 0.38974118281250003 0.7900494078125 0.40066897343749996 0.7958537734375 0.400738384375 0.8220038890625 0.39758535156249997 0.83110739375 0.38922235 0.8319622359375 0.3653573015625 0.8217584796875 0.3521423875 0.8121048468750001 0.34971643124999996
1 0.7329824765625 0.362248184375 0.706160340625 0.3684738640625 0.69662941875 0.388769384375 0.7067722359374999 0.408915103125 0.72351331875 0.4121959859375 0.7470972578125 0.407471925 0.758461403125 0.3987508734375 0.7541838984375 0.37174376875 0.747462921875 0.3658871171875 0.7329824765625 0.362248184375
1 0.6609475578125 0.37563486562500004 0.636386065625 0.3815024921875 0.6242889640625 0.40022698749999996 0.6318656015624999 0.418801678125 0.6559996765625 0.4248665671875 0.681538725 0.4178553765625 0.68807605 0.407921346875 0.684715153125 0.3867014765625 0.6728618281250001 0.3777027703125 0.6609475578125 0.37563486562500004
1 0.6030875499999999 0.39073140156249997 0.5911732796875 0.3886634953125 0.5708275265625 0.3918859453125 0.5558587125 0.4071103328125 0.556958971875 0.4286882515625 0.5630079343750001 0.4376175421875 0.5752277359375 0.44161453125000005 0.6013778546874999 0.43846149375000004 0.6150026375000001 0.429382390625 0.6183017703125 0.420949978125 0.614940871875 0.3997301078125 0.6030875499999999 0.39073140156249997
1 0.5236596375 0.40133407656250003 0.49848707187499997 0.40334354843750003 0.490055584375 0.40863390624999996 0.48156315625 0.4208550625 0.4884068359375 0.44943319531250003 0.5077141000000001 0.45428511250000003 0.5270822984375 0.45220622343750005 0.5400350625 0.446199765625 0.5465723875 0.43626573593750007 0.5426004171875001 0.41118771093750006 0.5236596375 0.40133407656250003
1 0.45131918281249994 0.41279167812499995 0.4241915140625 0.41708827968750006 0.4092227015625 0.43231266562500004 0.4131946703125 0.45739069062500004 0.42278735625 0.46674745 0.43567918125 0.46767179375 0.4637844015625 0.462231625 0.47453746875 0.44965241718750004 0.4728261390625 0.42421634218750004 0.4609728140625 0.415217634375 0.45131918281249994 0.41279167812499995
1 0.35637233749999997 0.42782978125 0.3374933203125 0.447628428125 0.3437259265625 0.4723484 0.35881744531250004 0.479845496875 0.3937045875 0.4733311765625 0.4041521171875 0.45882289062500003 0.4007912203125 0.43760302656250005 0.37671808906250004 0.42460733125 0.35637233749999997 0.42782978125
1 0.314336803125 0.44041996718750004 0.28916423125 0.44242944062499995 0.2723012625 0.45301015937500005 0.2677190390625 0.460657059375 0.269124834375 0.48416405156250003 0.2838498734375 0.4966628703125 0.29448105468749997 0.49794525937499995 0.3180649953125 0.4932211984375 0.32649648125 0.487930840625 0.334988909375 0.475709678125 0.33132247656249997 0.4525607359375 0.314336803125 0.44041996718750004
1 0.24004124531249998 0.4541646984375 0.2171293125 0.455816121875 0.1956841203125 0.474043740625 0.1999616265625 0.5010508437500001 0.20955431249999998 0.5104076015625 0.22244613593749998 0.511331940625 0.24829071875 0.506249828125 0.25965485625 0.49752877656249994 0.26490909218750003 0.48680923125 0.2564158484375 0.462447309375 0.24004124531249998 0.4541646984375
1 0.16317950781249999 0.46633840156249995 0.14509439375 0.46920280312499996 0.130186528125 0.477496390625 0.120044534375 0.49393375624999997 0.12248882187500001 0.5093663859374999 0.1336701328125 0.5214377375 0.15267185625 0.524360575 0.167518778125 0.5229977875 0.186947921875 0.513988103125 0.1948292765625 0.49790878281250006 0.1898188125 0.48090512500000004 0.16317950781249999 0.46633840156249995
1 0.1474785609375 0.528149315625 0.1378249296875 0.5257233609374999 0.1064815203125 0.5326651390625 0.093773346875 0.5475314765625 0.097745315625 0.572609503125 0.107338 0.581966259375 0.1205353625 0.5848196812500001 0.1486405828125 0.5793795171875 0.16195982343749998 0.568371334375 0.16525895625 0.5599389218749999 0.1622035953125 0.540648134375 0.1474785609375 0.528149315625
1 0.2030779328125 0.5134108296875 0.18755899375 0.517846259375 0.1746062296875 0.523852715625 0.1677633671875 0.5318576671875 0.169780234375 0.5592228218749999 0.181633559375 0.5682215296875001 0.19226474375 0.5695039234375 0.2248912421875 0.5633476546875 0.237904946875 0.550410396875 0.236804690625 0.5288324828125 0.2195134796875 0.5147626359374999 0.2030779328125 0.5134108296875
1 0.289287759375 0.5017340046875 0.266070296875 0.50145635 0.248901790625 0.510107984375 0.240103821875 0.5204000640625 0.241815153125 0.5458361421875 0.2514078375 0.5551928984375001 0.25977838124999997 0.5568333421875 0.2904497765625 0.5529642031249999 0.3060296609375 0.541597971875 0.3068845046875 0.5177329296875001 0.3008355484375 0.508803634375 0.289287759375 0.5017340046875
1 0.363583315625 0.4879892734375 0.35392968593749996 0.48556331875 0.324846915625 0.4921470484375 0.312138740625 0.507013384375 0.313850071875 0.5324494609375 0.32344275625 0.5418062171875 0.33664011718750003 0.5446596390625 0.36052959218749997 0.5418646500000001 0.373176821875 0.5339291140625 0.3816692484375 0.5217079578125 0.3783083515625 0.5004880875 0.363583315625 0.4879892734375
1 0.4307914234375 0.47338961562500004 0.41887715156249994 0.4713217046875 0.3946211953125 0.4791184171875 0.3825240921875 0.497842909375 0.3884511640625 0.5206338078125 0.4025651328125 0.5292744640625 0.4154569515625 0.5301988078125001 0.42999833593750003 0.5269069421875 0.4426455640625 0.51897140625 0.45083245625 0.504821165625 0.44490538593749995 0.4820302734375 0.4307914234375 0.47338961562500004
1 0.4689167515625 0.4653736859375 0.4559030421875 0.4783109453125 0.46079161874999996 0.50917620625 0.47233941250000006 0.516245834375 0.4874918703125 0.5168121234374999 0.5149860187499999 0.5075138046875 0.5212178093750001 0.4956506921875 0.5175513765625 0.4725017484375 0.5005657015625 0.460360984375 0.4689167515625 0.4653736859375
1 0.5609918859375 0.44683547187499995 0.5451674125 0.44934182187499994 0.5276324234375 0.46299518125 0.5243332921875 0.4714275984375 0.5270831171875 0.48878930781249996 0.5360037890625 0.5012187078125 0.545657415625 0.5036446640625 0.5763288125 0.49977553124999996 0.5896480578125 0.48876735 0.58702011875 0.45754404062500004 0.5777329703125 0.4501163609375 0.5609918859375 0.44683547187499995
1 0.64011425625 0.43430371875 0.6129865890625 0.4386003203125 0.6045551015624999 0.44389068125 0.596062675 0.45611184062500004 0.60003464375 0.48118986093749994 0.6093217921875 0.48861754062499996 0.62447425625 0.489183834375 0.6503188328125 0.48410171718750006 0.66302700625 0.46923537968750006 0.6622322859375 0.44958654375 0.6564888640625 0.44258632656249997 0.64011425625 0.43430371875
1 0.72180280625 0.4233429953125 0.7076278984375 0.4216331390625 0.6850215078125 0.425213640625 0.6694416234375 0.43657986875 0.6661424890625 0.4450122875 0.669808921875 0.46816122968749996 0.681662246875 0.4771599375 0.6874666140625 0.477229353125 0.7181380109375 0.47336021562499997 0.73176279375 0.4642811171875 0.735061925 0.45584870000000005 0.731701028125 0.43462883437500005 0.72180280625 0.4233429953125
1 0.77935728125 0.4063173796875 0.7590115281250001 0.40953982968749997 0.7483194015625 0.4151882390625 0.737871871875 0.42969652500000005 0.7415383046875 0.452845471875 0.75241408125 0.46298774531250003 0.8008650546875 0.454325128125 0.8090519468749999 0.4401748921875 0.8028193390625 0.4154549140625 0.7912715515625 0.4083852859375 0.77935728125 0.4063173796875
1 0.86843881875 0.3981406609375 0.8494370968749999 0.39521782656250004 0.833612621875 0.397724178125 0.81839921875 0.4040886859375 0.80929571875 0.41245168750000005 0.8147953671874999 0.4471751046875 0.8212108062500001 0.4511026765625 0.8315364515624999 0.4504559921875 0.8644684859374999 0.446228803125 0.8777877328124999 0.435220621875 0.8810868656249999 0.42678821093749997 0.8780315046875 0.40749741874999995 0.86843881875 0.3981406609375
1 0.9102923453124999 0.442925959375 0.8983780749999999 0.4408580515625 0.8780323234375 0.444080503125 0.869600840625 0.449370859375 0.862025015625 0.4673792578125 0.863552696875 0.477024653125 0.8750395453125 0.4910250828125 0.8943468015624999 0.49587699374999994 0.9153645734375001 0.48958190312500005 0.9241625359375 0.47928982031249995 0.9271561328125 0.4689283296875 0.9195794953125 0.45035364062500005 0.9102923453124999 0.442925959375
1 0.8040423015625 0.4597543125 0.7929836984375 0.47040444531250003 0.7912122421875 0.4884822546875 0.7975667390625001 0.49934062343749996 0.806853890625 0.5067683062499999 0.8149188953125 0.5064796687500001 0.838808371875 0.503684684375 0.852433153125 0.4946055828125 0.8501107515624999 0.4653113515625 0.8382574265624999 0.45631264375 0.8040423015625 0.4597543125
1 0.7384837625 0.470137765625 0.72748610625 0.47385709687500005 0.7206432453125 0.48186204843749997 0.7176496421875 0.49222353906249994 0.7203994671875 0.5095852484375001 0.7277315140625 0.519300059375 0.7431895125 0.521795428125 0.7602970734375 0.52007459375 0.780398234375 0.5079922640625 0.7783813687500001 0.48062710937500003 0.7662225078125 0.469699325 0.7384837625 0.470137765625
1 0.696448228125 0.4827279546875 0.6751858671875001 0.48016316718749996 0.6616220312500001 0.48231146718750006 0.6437815078125 0.4940357515625 0.6407879109375 0.5043972421875 0.64702051875 0.52911721875 0.664372675 0.536256259375 0.69052279375 0.533103225 0.7064082140625 0.5236660718749999 0.7097073468749999 0.515233659375 0.7060409140624999 0.49208471249999997 0.696448228125 0.4827279546875
1 0.619586496875 0.49490165625 0.5963690296874999 0.4946240015625 0.5811556296875 0.5009885078125 0.572052125 0.5093515109375 0.5772462375 0.5421458484375 0.58879403125 0.549215478125 0.60168585 0.550139821875 0.618487875 0.5464899062499999 0.631135103125 0.5385543703125 0.6376724296875 0.5286203406250001 0.6340059953125 0.5054713921875 0.619586496875 0.49490165625
1 0.511075815625 0.512088059375 0.498367640625 0.526954396875 0.5049057828125 0.5536034515625 0.514192934375 0.5610311296875 0.5270847578125 0.5619554734375 0.552929340625 0.5568733578125 0.5656375109375 0.542007021875 0.5613600046875 0.5149999171874999 0.544985403125 0.506717309375 0.511075815625 0.512088059375
1 0.4918912609375 0.529957625 0.48003793593750005 0.52095891875 0.4703843046875 0.5185329624999999 0.44325663593750003 0.5228295625 0.42828782343749994 0.5380539484375 0.43225979218750005 0.5631319765625 0.4505285578125 0.57605825625 0.4744180375 0.5732632671875 0.4851101640625 0.567614859375 0.493908128125 0.5573227796875 0.49659618749999995 0.5450322062499999 0.4918912609375 0.529957625
1 0.37378789375 0.537787271875 0.35851354999999996 0.5510825796875001 0.35643655625 0.5672313109375 0.3605304109375 0.578447734375 0.37268927500000004 0.58937551875 0.3784936375 0.5894449359375 0.4091650390625 0.5855757968749999 0.42248428125000004 0.5745676171875 0.42046741406250004 0.5472024671875 0.40317620468750004 0.533132621875 0.37378789375 0.537787271875
1 0.3449497125 0.5532308796875001 0.3311412859375 0.5465193 0.3082293546875 0.5481707250000001 0.2913663859375 0.5587514421875001 0.28482905937499997 0.5686854718750001 0.2891065640625 0.595692571875 0.29839371406250004 0.6031202515625 0.3090249 0.6044026437500001 0.3351750140625 0.6012496109375001 0.3458671390625 0.5956012 0.3540540296875 0.5814509625000001 0.350693134375 0.5602310984375001 0.3449497125 0.5532308796875001
1 0.23197869375 0.5642025828125 0.22128657343749997 0.56985099375 0.2124886046875 0.580143075 0.21707164531249998 0.60907925625 0.23442380156249998 0.616218296875 0.2650952015625 0.6123491624999999 0.2781089078125 0.599411903125 0.2763975765625 0.573975828125 0.2616725421875 0.5614770140625 0.23197869375 0.5642025828125
1 0.1918982625 0.5745056453124999 0.17998399062499998 0.5724377359374999 0.16189887812499998 0.5753021359375 0.1398426140625 0.5896715984374999 0.1368490171875 0.6000330890625001 0.1389877703125 0.6135366421875 0.14760290781250002 0.624036965625 0.15982270781250002 0.6280339484375 0.1904941046875 0.624164815625 0.2060739890625 0.612798584375 0.20906758593750002 0.6024370890624999 0.206623296875 0.587004459375 0.1918982625 0.5745056453124999
1 0.166238146875 0.631961521875 0.15432387812499998 0.6298936171875 0.133978125 0.6331160671875 0.12328600468749999 0.6387644734375 0.11253293125 0.65134368125 0.11454979843749999 0.6787088359375 0.128969303125 0.6892785703125 0.13960048281249998 0.6905609640625 0.16966080781249998 0.6828336687500001 0.178458771875 0.6725415890625001 0.1817579046875 0.664109178125 0.17900807968750002 0.64674746875 0.166238146875 0.631961521875
1 0.2385786015625 0.6205039203125 0.22666433281249998 0.6184360140625 0.204057940625 0.622016515625 0.19110517656249998 0.628022971875 0.18230721249999998 0.6383150515625 0.18689025312500002 0.6672512328125 0.196177403125 0.6746789125 0.206808584375 0.6759613078125 0.237479984375 0.6720921671875 0.2507992265625 0.6610839875 0.254098359375 0.6526515749999999 0.251042996875 0.633360784375 0.2385786015625 0.6205039203125
1 0.29900478750000004 0.6069784125 0.2809196734375 0.6098428124999999 0.265706275 0.61620731875 0.2588634140625 0.6242122703125 0.255564275 0.632644684375 0.2583141 0.6500063968750001 0.2640575265625 0.657006609375 0.2791490390625 0.6645037046875 0.307559796875 0.660992615625 0.324789246875 0.645410178125 0.323077915625 0.619974103125 0.31091905625 0.6090463171875 0.29900478750000004 0.6069784125
1 0.3755609875 0.5928756296875 0.34421757343750004 0.5998174109375001 0.3315094046875 0.6146837453125 0.3383530828125 0.643261878125 0.34990087187499996 0.6503315078125 0.360532053125 0.6516139015625 0.37990025156249996 0.6495350125 0.3990848046875 0.6316654484375 0.39737347500000003 0.606229371875 0.3852146140625 0.5953015859375 0.3755609875 0.5928756296875
1 0.42272887031249995 0.583427496875 0.4071489921875 0.5947937296875 0.40977692968749996 0.6260170406250001 0.4193696171875 0.6353737984375 0.4300007953125 0.6366561890625 0.4558453796875 0.631574075 0.4708141859375 0.6163496890625 0.4668422171875 0.5912716625 0.45242271875 0.580701928125 0.42272887031249995 0.583427496875
1 0.5267182765625 0.56695719375 0.51480400625 0.5648892859375 0.4899369765625 0.5688278375 0.476617734375 0.5798360171875 0.473318596875 0.5882684359375 0.47637395781249997 0.607559221875 0.48627217968750003 0.6188450578125 0.501730178125 0.621340428125 0.5165771 0.6199776453125 0.5295298640625 0.6139711875 0.5405884671875001 0.6033210546875 0.5388771359375 0.5778849828125 0.5267182765625 0.56695719375
1 0.580057009375 0.5525767562499999 0.566493171875 0.5547250578125 0.5447424437499999 0.57102359375 0.549325484375 0.5999597765625 0.558612634375 0.6073874546875 0.571504459375 0.6083117984374999 0.595393934375 0.6055168140625 0.612623384375 0.5899343734375 0.6118286625 0.5702855375 0.59905873125 0.555499590625 0.580057009375 0.5525767562499999
1 0.6752484484375 0.54639853125 0.6614400218750001 0.539686953125 0.6340068140625 0.5420544765625 0.6167773624999999 0.5576369125 0.6184886921875 0.5830729890625 0.630647553125 0.5940007734375 0.636451921875 0.594070190625 0.664862678125 0.5905591015625 0.6807480984375001 0.58112195 0.68404723125 0.5726895359374999 0.680991871875 0.55339875 0.6752484484375 0.54639853125
1 0.7221717421875 0.5280905234375 0.7086079062499999 0.5302388234375 0.6888122796875 0.54425023125 0.693395321875 0.5731864156250001 0.7107474781249999 0.580325459375 0.741418878125 0.5764563203125 0.7547381203125 0.5654481390625 0.7533323265625 0.541941146875 0.7411734640625001 0.5310133578125 0.7221717421875 0.5280905234375
1 0.7764270843750001 0.5194973218750001 0.7637189156249999 0.5343636578125001 0.7731287703125 0.5645128171875 0.789869853125 0.56779370625 0.8202357125 0.561995490625 0.8290336765624999 0.5517034093750001 0.8250617078125 0.5266253843750001 0.8058153953125 0.5148426703125 0.7764270843750001 0.5194973218750001
1 0.882677128125 0.5026689671875 0.8504171062499999 0.5038235125 0.8306214796875 0.5178349203125 0.8361211281250001 0.5525583375 0.8473633812499999 0.5576988890625 0.85768903125 0.5570522046875 0.8903155296874999 0.5508959375 0.8994190296875001 0.5425329343749999 0.902412625 0.53217144375 0.8996628 0.51480973125 0.882677128125 0.5026689671875
1 0.9270968281249999 0.5490252921875001 0.915182559375 0.5469573875 0.903879365625 0.5487476375 0.8934927765625 0.5563251250000001 0.8856114203125 0.572404440625 0.8880557093749999 0.5878370703125 0.8937991296875 0.5948372843749999 0.90308628125 0.6022649625 0.911456821875 0.60390540625 0.9285643828125 0.6021845734375 0.9369958687500001 0.5968942125 0.9474433984375 0.582385925 0.9412107921875 0.557665953125 0.9270968281249999 0.5490252921875001
1 0.7733733593750001 0.5733726984375 0.7507669703125 0.5769531984375 0.7371421921875 0.5860323000000001 0.7338430546875 0.5944647187500001 0.7375094859375 0.6176136609375 0.752234528125 0.630112478125 0.7602995328125 0.6298238390625001 0.7864496515625 0.6266708046875 0.8017239953124999 0.6133754984374999 0.7965298828125 0.5805811578125 0.7898089078125 0.5747245078125001 0.7733733593750001 0.5733726984375
1 0.7155133515625 0.5884692390625 0.7035990812499999 0.5864013328125 0.6809926890625 0.5899818328124999 0.6676734484375 0.6009900125 0.6706069218749999 0.6341424015625 0.67476171875 0.638428021875 0.690219715625 0.6409233921874999 0.714109196875 0.6381284078125 0.7296890765625 0.626762178125 0.7329882109375 0.6183297609375 0.7305439218750001 0.6028971296875001 0.7155133515625 0.5884692390625
1 0.6267373484375 0.598575034375 0.6109128734375 0.6010813859375 0.593377890625 0.6147347437499999 0.590078753125 0.62316715625 0.596311365625 0.6478871328125 0.605598515625 0.6553148109375 0.618490334375 0.6562391546875 0.6378585328125 0.6541602671875 0.6576541578125 0.6401488578125 0.6553317562500001 0.6108546265625 0.6457390703125 0.60149786875 0.6267373484375 0.598575034375
1 0.5592237078125 0.611245615625 0.5388779546875 0.614468065625 0.528185834375 0.6201164718750001 0.5183493703125001 0.6384829171875 0.5294087968750001 0.66441586875 0.5406510484375 0.6695564203125 0.55323733125 0.6685516859375 0.5723 0.66454371875 0.58073148125 0.6592533625 0.589223909375 0.6470322046875 0.5801195906250001 0.6188121234375 0.5592237078125 0.611245615625
1 0.499103059375 0.6267002015625 0.47588559531249996 0.626422546875 0.45450134843749995 0.637719359375 0.449919125 0.6453662609374999 0.45450216718750003 0.67430244375 0.46378931718749994 0.6817301234375 0.47215985937499994 0.6833705671875 0.496049334375 0.680575578125 0.5138898578125 0.6688512984375 0.517188990625 0.6604188859375 0.51382809375 0.639199015625 0.499103059375 0.6267002015625
1 0.4131987671875 0.6403061046875 0.401895575 0.6420963546875 0.3869877078125 0.650389940625 0.3768457140625 0.666827309375 0.3792900015625 0.6822599406250001 0.38533895937499996 0.69118923125 0.39432057343750004 0.69668783125 0.4072123921875 0.6976121765625 0.42431995312500004 0.6958913421874999 0.441182921875 0.685310625 0.4474147109375 0.673447515625 0.4389214640625 0.649085590625 0.4131987671875 0.6403061046875
1 0.3211236328125 0.6588443140625 0.3104315109375 0.6644927218750001 0.3022446140625 0.6786429625 0.305299975 0.69793375 0.3110434015625 0.704933965625 0.3200250171875 0.710432565625 0.33517747343750004 0.71099885625 0.3584558828125 0.7043457140625 0.3714695859375 0.691408453125 0.3668865453125 0.662472271875 0.35307811875 0.6557606921875 0.3211236328125 0.6588443140625
1 0.283609375 0.6707184046875 0.27395574843750004 0.66829244375 0.24682807499999998 0.6725890453125001 0.22929308750000002 0.6862424078125 0.231615490625 0.7155366375 0.238336465625 0.7213932875 0.2537944640625 0.7238886578125 0.2776839390625 0.721093675 0.288376065625 0.7154452671875 0.2971740296875 0.7051531843750001 0.29637930625000003 0.685504346875 0.283609375 0.6707184046875
1 0.20870274531250002 0.680604975 0.17222698125 0.6844046984375 0.1546919953125 0.6980580609375 0.1567088609375 0.7254232109375 0.1659960109375 0.7328508890625 0.181454009375 0.7353462609375 0.20308284687499997 0.732909328125 0.22092337031249998 0.721185046875 0.22495546093750002 0.7027491890625 0.22312224375 0.691174715625 0.20870274531250002 0.680604975
1 0.181087528125 0.7403479843749999 0.1643464453125 0.7370671 0.1400904875 0.7448638062499999 0.12768785 0.761659221875 0.134531528125 0.7902373546875 0.14351314375 0.7957359562499999 0.15640496718750002 0.7966603 0.18224955 0.79157818125 0.19361368750000002 0.7828571296875 0.196912821875 0.77442471875 0.1926353171875 0.7474176140625 0.181087528125 0.7403479843749999
1 0.24151371250000003 0.7268224765625 0.218907321875 0.7304029765625 0.2016778703125 0.7459854140625 0.2040002734375 0.7752796453124999 0.2158535984375 0.784278353125 0.223918603125 0.78398971875 0.2523293609375 0.7804786296875 0.267603709375 0.7671833218749999 0.268458553125 0.7433182781250001 0.2534279828125 0.7288903828125 0.24151371250000003 0.7268224765625
1 0.318680984375 0.7165778515625 0.2850769328125 0.7238776812500001 0.2743238609375 0.7364568890625 0.2792124375 0.76732215 0.3033465140625 0.7733870453125 0.32466981562499997 0.7690210265624999 0.3379890609375 0.758012846875 0.3412881953125 0.749580434375 0.337927296875 0.728360565625 0.318680984375 0.7165778515625
1 0.369759075 0.7025554640625 0.35222409374999997 0.7162088234375 0.347886459375 0.7327156046875001 0.35228585625000003 0.7458611046875 0.36187854218750004 0.7552178640625 0.375075896875 0.7580712843749999 0.4012260171875 0.754918246875 0.4184554625 0.7393358109375 0.41674413125000004 0.713899734375 0.402019096875 0.701400921875 0.369759075 0.7025554640625
1 0.483341165625 0.69544191875 0.46696656406250003 0.6871593109374999 0.437578253125 0.6918139625 0.42621411406250004 0.7005350109374999 0.4229149796875 0.7089674265625 0.4271924859375 0.73597453125 0.43904581093750006 0.7449732375 0.44741635156250004 0.7466136828125001 0.473566471875 0.74346064375 0.48199795312499993 0.7381702875 0.49049038125 0.7259491296875 0.48908458593750004 0.70244213125 0.483341165625 0.69544191875
1 0.5547650109375 0.678197078125 0.5457833984375 0.6726984765624999 0.531608490625 0.6709886218750001 0.51578401875 0.6734949718750001 0.5050918921875 0.679143378125 0.4979434953125 0.6852192500000001 0.49494989843750004 0.6955807468749999 0.49861633125000004 0.7187296890625 0.5043597531249999 0.7257299078125 0.5133413671875 0.7312285078125 0.5262331859375 0.7321528484375001 0.540774571875 0.7288609859374999 0.5556824375 0.720567396875 0.5638693296875 0.706417159375 0.5605084328125 0.6851972953125001 0.5547650109375 0.678197078125
1 0.617818315625 0.6593117953125 0.581342553125 0.6631115203125 0.5699784140624999 0.6718325703125 0.56667928125 0.6802649875 0.56716846875 0.697984746875 0.5735229625 0.708843115625 0.587636925 0.7174837765625 0.5982681046875 0.7187661671875001 0.6063331109375001 0.7184775328125 0.6296724593749999 0.7048935859375 0.63785935 0.6907433515625 0.6325433515625 0.6718106140625 0.617818315625 0.6593117953125
1 0.6898532359375 0.645925115625 0.65985385625 0.646721609375 0.644945990625 0.65501519375 0.6384086640625 0.664949225 0.6429917046875 0.69388540625 0.6522788562499999 0.7013130859375 0.6677368484375 0.703808459375 0.6932758953125 0.6967972625 0.7062896015625 0.6838600046875001 0.7051893421875 0.662282090625 0.6988348484375 0.6514237171875 0.6898532359375 0.645925115625
1 0.762499225 0.636396590625 0.7528456 0.633970634375 0.7302392046875 0.6375511359375 0.7127042218749999 0.65120449375 0.7147210875 0.6785696484375 0.7243137749999999 0.68792640625 0.7349449531250001 0.6892088000000001 0.7610950734374999 0.6860557609375 0.7769804875 0.676618609375 0.7799740859375001 0.66625711875 0.7743525499999999 0.6453952984375 0.762499225 0.636396590625
1 0.8279342375000001 0.566708578125 0.8168756343749999 0.5773587078125 0.813576503125 0.585791121875 0.819809109375 0.610511096875 0.8310513625 0.615651646875 0.8413770046875 0.615004959375 0.8584845703124999 0.6132841250000001 0.876019553125 0.5996307671875 0.8723531187500001 0.5764818203125001 0.8598887234375001 0.5636249546875 0.8279342375000001 0.566708578125
1 0.9091352374999999 0.611194259375 0.8994816109375 0.6087683015625001 0.8791358593749999 0.6119907515625 0.864167046875 0.6272151375 0.8652673046875 0.6487930578125 0.8815809671875 0.6640064671875 0.9142074640625 0.6578502 0.9252660671875 0.6472000703125 0.9285652046875 0.63876765625 0.9267319890625 0.6271931828125 0.9091352374999999 0.611194259375
1 0.8048403015625001 0.6257354828125 0.792132128125 0.64060181875 0.79292685 0.6602506609375001 0.8018475234375 0.6726800578125001 0.8208492390625001 0.6756028984375 0.8441276484375001 0.6689497515625 0.8548807140625 0.65637054375 0.84895364375 0.633579646875 0.8319679703125 0.6214388828125 0.8048403015625001 0.6257354828125
1 0.9602759125 0.6634072343749999 0.939380034375 0.655840725 0.91964535 0.662921334375 0.907548253125 0.68164583125 0.909992540625 0.6970784609375 0.9160415000000001 0.70600775625 0.9356542937500001 0.712788746875 0.9459799375 0.7121420625 0.9566720640625 0.7064936562499999 0.9674251296874999 0.69391444375 0.9704187265625001 0.683552953125 0.9602759125 0.6634072343749999
1 0.8521317140625 0.67559191875 0.8407675765624999 0.68431296875 0.835513334375 0.6950325109375 0.8414404062499999 0.717823409375 0.8613587359375 0.726533478125 0.8826820421875 0.7221674640625 0.8953902125000001 0.707301128125 0.891723778125 0.68415218125 0.8747381046875 0.6720114171875 0.8521317140625 0.67559191875
1 0.8001370109374999 0.6838270703125 0.7797912593749999 0.6870495203125 0.7664720125 0.6980577015625 0.7631728796874999 0.7064901140625001 0.7627454578124999 0.7184226375 0.7694054875 0.7312100906250001 0.7844970046874999 0.73870718125 0.8061258468749999 0.7362702453125001 0.8194450874999999 0.7252620656250001 0.8227442203124999 0.71682965 0.8193833234375001 0.695609784375 0.8001370109374999 0.6838270703125
1 0.7029295234374999 0.6992232234375 0.690832425 0.717947715625 0.6900994671875 0.7279511624999999 0.696759496875 0.7407386140625001 0.7108734609375 0.7493792703125 0.718938465625 0.7490906328125 0.7357404937500001 0.7454407187500001 0.750403765625 0.7282872515625 0.7467373328125 0.7051383078125 0.7300571953125 0.694926621875 0.7029295234374999 0.6992232234375
1 0.657716740625 0.7063842250000001 0.626067790625 0.7113969265625 0.613359621875 0.7262632625000001 0.6179426640625 0.7551994453125 0.6272298125 0.7626271234375 0.635600353125 0.7642675671875 0.6659662140625 0.75846935 0.6773303515625 0.7497483 0.6806294859375 0.7413158859375 0.671830703125 0.7150248828125 0.657716740625 0.7063842250000001
1 0.6001013203125 0.7303406421874999 0.58372671875 0.7220580328125 0.5543384078125 0.726712684375 0.5396751359375 0.74386615 0.546518815625 0.7724442812500001 0.558066603125 0.7795139109375 0.5686977843750001 0.7807963046874999 0.5877604515625 0.7767883375 0.602362778125 0.7665656750000001 0.6069450015625 0.7589187734375 0.6079834953125001 0.7508444062499999 0.6001013203125 0.7303406421874999
1 0.5071705234375 0.7361608140625 0.489085409375 0.739025215625 0.47448307968750003 0.7492478828125 0.46990085625000005 0.7568947796875001 0.4744838984375 0.7858309625000001 0.48120487343749996 0.7916876125 0.496662865625 0.7941829859375 0.51603106875 0.7921041015625 0.5286782921875 0.7841685609375 0.53521561875 0.7742345312500001 0.5283719375 0.7456564 0.5071705234375 0.7361608140625
1 0.4328749625 0.749905546875 0.4147898484375 0.752769946875 0.40214262500000003 0.7607054843750001 0.3975604015625 0.7683523828125 0.40214344375 0.7972885640625 0.41369123124999996 0.8043581937500001 0.429149225 0.8068535656250001 0.43947486874999997 0.8062068828125 0.4543827359375 0.7979132921875001 0.46287516406250007 0.785692134375 0.45603148281249994 0.757114003125 0.4328749625 0.749905546875
1 0.3605345078125 0.7613631484375001 0.34244939375 0.76422755 0.325586425 0.7748082671875001 0.321615278125 0.786313325 0.3240595671875 0.8017459546874999 0.330108525 0.8106752453125001 0.35198195625 0.8170981906250001 0.377521003125 0.8100869953125001 0.3882740703125 0.7975077859375 0.3843021015625 0.772429765625 0.3750149515625 0.7650020859375 0.3605345078125 0.7613631484375001
1 0.30035291875 0.7837485359375 0.2891106609375 0.7786079890625001 0.257461715625 0.7836206890625 0.2470141796875 0.798128978125 0.2506806125 0.8212779203125 0.26283947812499997 0.832205709375 0.27121002031249997 0.8338461484374999 0.294793959375 0.8291220875 0.3078076703125 0.816184828125 0.311106803125 0.8077524109375 0.3092735859375 0.7961779375 0.30035291875 0.7837485359375
1 0.2193363859375 0.7916366203125 0.18286062187500002 0.7954363421874999 0.1698469125 0.8083736015625 0.1744299546875 0.8373097828124999 0.183717103125 0.8447374625 0.19208764375 0.846377903125 0.215977125 0.8435829171875 0.2332065765625 0.8280004812499999 0.2352835640625 0.81185175 0.231495246875 0.8025644046875 0.2193363859375 0.7916366203125
1 0.3196609953125 0.8251835359375 0.3067082296875 0.83118999375 0.297910265625 0.8414820734375 0.2996215953125 0.8669181484375 0.30279884375 0.8723473328125 0.317890359375 0.879844428125 0.3417798359375 0.8770494390625 0.3567486484375 0.861825053125 0.35821456406249996 0.8418181671875 0.34287845625 0.8254611921875 0.3196609953125 0.8251835359375
1 0.3855250640625 0.8167291625 0.376116028125 0.8231630859375001 0.3689066890625 0.8361697546875 0.371350978125 0.8516023859375 0.3770944 0.858602603125 0.38638154999999996 0.8660302812499999 0.39475209218749996 0.8676707265625 0.4183360359375 0.8629466593749999 0.432388234375 0.8419350343750001 0.42676670000000005 0.82107321875 0.41265273750000003 0.8124325609374999 0.3855250640625 0.8167291625
1 0.4643419046875 0.80226833125 0.44912850000000004 0.8086328375 0.4428967109375 0.8204959453124999 0.44656314531249997 0.84364489375 0.4561558296875 0.8530016500000001 0.467092546875 0.8562131234375 0.4909820265625 0.8534181343749999 0.507294865625 0.8320484640625001 0.50106225625 0.8073284875000001 0.48499319218750003 0.8009749578124999 0.4643419046875 0.80226833125
1 0.557333646875 0.78951735625 0.5305115093749999 0.7957430359375001 0.5184144125000001 0.8144675328125001 0.524035946875 0.8353293468749999 0.535889271875 0.84432805625 0.548781090625 0.8452524 0.561367378125 0.8442476609374999 0.5720595 0.8385992546875001 0.58220149375 0.8221618890625001 0.5785350609375 0.7990129406250001 0.557333646875 0.78951735625
1 0.6442154859375 0.7747678875 0.6213645 0.7694885078125 0.603584921875 0.7742819875 0.5931983375 0.7818594765625 0.5881886921875 0.8014388984374999 0.5980259703125 0.8196555390625001 0.6070075828125 0.8251541390625 0.6198994015625 0.8260784796875 0.63896206875 0.8220705171875 0.6500206703125 0.8114203874999999 0.6533198046875001 0.8029879687499999 0.65026444375 0.7836971828125 0.6442154859375 0.7747678875
1 0.6762309125 0.7647534640625 0.6657833828124999 0.7792617546875 0.6691442796875 0.8004816187499999 0.6813031390625001 0.8114094078124999 0.6896736812500001 0.8130498484375 0.7045206078125 0.8116870640625 0.7243162296875 0.79767565625 0.7222993625 0.7703105031249999 0.7030530484375 0.758527784375 0.6762309125 0.7647534640625