1 0.1644877390625 0.0820507671875 0.183642471875 0.0837566296875 0.2006641421875 0.0762872703125 0.206498271875 0.06724560625 0.20812920625000003 0.055640903124999995 0.1981333984375 0.03747136875 0.1897270140625 0.0323452875 0.1695894375 0.0295151359375 0.1482601265625 0.0432822125 0.144935328125 0.050704218749999995 0.1455419015625 0.0626233875 0.1489296296875 0.070988778125 0.1580470359375 0.079173265625 0.1644877390625 0.0820507671875
1 0.2070432171875 0.16889664375 0.2154496046875 0.174022725 0.23236682968750003 0.1754141265625 0.2380965109375 0.1752332203125 0.2493885 0.16794476875 0.25467898125 0.16277133906250002 0.2588192484375 0.1495469796875 0.25739720625 0.1434301640625 0.246857759375 0.129128865625 0.220279484375 0.1234212125 0.20451247499999997 0.13008074375 0.1961690171875 0.1407420640625 0.195081728125 0.148478534375 0.200163315625 0.16102662031249998 0.2070432171875 0.16889664375
1 0.3212177640625 0.09520229531249999 0.3306485171875 0.0768045046875 0.32583874687500003 0.0623223015625 0.32092453593750003 0.0567008546875 0.30831495000000003 0.0490117359375 0.2948899 0.0471249671875 0.2741042359375 0.057023809375 0.268876678125 0.077984640625 0.281109990625 0.0964686359375 0.28755069375 0.0993461375 0.3067054265625 0.101052 0.3212177640625 0.09520229531249999
1 0.3432593984375 0.19001289999999998 0.35346409843750004 0.1904609171875 0.3614312875 0.190594471875 0.3752326078125 0.181686365625 0.38188220156249997 0.16684235 0.37707243749999997 0.1523601453125 0.36822684843750003 0.14224154218750001 0.3483610953125 0.1374772734375 0.33662991249999996 0.1397731984375 0.32533792500000003 0.147061653125 0.3189601515625 0.1599715515625 0.32349809218750003 0.1763878734375 0.3303779953125 0.184257896875 0.3432593984375 0.19001289999999998
1 0.2836005171875 0.2654519703125 0.29183953125 0.263651409375 0.30313151875 0.2563629578125 0.308630896875 0.23346800937499998 0.3000571296875 0.2214152890625 0.2916507453125 0.216289209375 0.26452882031249997 0.21444979062499997 0.25045568125 0.2252920171875 0.24685905937500002 0.23464814375 0.24773745625000002 0.24463318906249998 0.2530908703125 0.255247159375 0.260242590625 0.2611830671875 0.2836005171875 0.2654519703125
1 0.15972209531249998 0.253958953125 0.1701986140625 0.252472853125 0.1814906046875 0.2451843984375 0.188412025 0.22840626406250003 0.18529611875000002 0.21810675625 0.1725191625 0.203490996875 0.157128425 0.19935565 0.13814106718750002 0.20457642968749998 0.12908658906249998 0.2121793421875 0.12440267812500001 0.2292719359375 0.136635990625 0.247755934375 0.1472798890625 0.253196471875 0.15972209531249998 0.253958953125
1 0.2129214671875 0.3462453734375 0.2299431375 0.33877601562500004 0.2355054453125 0.3316684671875 0.2379518484375 0.3142614125 0.2293780859375 0.3022086921875 0.2145309953125 0.294205109375 0.20334345156250003 0.292632803125 0.1825577859375 0.30253164843749997 0.17699548125 0.30963919375 0.175092725 0.3231780140625 0.1784804484375 0.33154340625 0.1895635453125 0.3419764703125 0.2129214671875 0.3462453734375
1 0.42422878593749996 0.2714097484375 0.428912696875 0.25431715312500003 0.4166793859375 0.2358331578125 0.39010110625 0.2301255046875 0.3740622796875 0.23871915000000002 0.3684999765625 0.2458267 0.368291078125 0.263548215625 0.3810680390625 0.278163978125 0.40442596249999996 0.2824328796875 0.412664978125 0.28063231875 0.42422878593749996 0.2714097484375
1 0.34056388593750003 0.35530890937500004 0.352399521875 0.34415222343749996 0.3548459234375 0.3267451671875 0.3494925109375 0.31613119375 0.3423407859375 0.3101952890625 0.31800001875 0.304802096875 0.305997009375 0.30903213906250004 0.296670709375 0.3185691734375 0.293952484375 0.33791034375 0.30869512656250003 0.3547746859375 0.3323248765625 0.357109471875 0.34056388593750003 0.35530890937500004
1 0.436041709375 0.11429822812499998 0.4473336953125 0.1070097734375 0.4528330734375 0.0841148296875 0.4425654484375 0.0678794125 0.41822467812499997 0.06248622031249999 0.39994834375 0.0707654046875 0.39438603437499997 0.077872953125 0.392483278125 0.091411775 0.40471659375 0.1098957703125 0.4153604890625 0.11533631250000001 0.4255651859375 0.1157843296875 0.436041709375 0.11429822812499998
1 0.525542040625 0.1268766796875 0.536185934375 0.132317221875 0.5508656484375 0.1333941609375 0.5565953312499999 0.13321325625 0.5678873234374999 0.12592480156250002 0.5734496265625 0.11881725624999999 0.575352384375 0.1052784359375 0.5673222671875 0.08935747968749999 0.5569501906250001 0.08198282031250001 0.5435251421875 0.080096053125 0.5292846250000001 0.0840116390625 0.5205019656250001 0.0896804328125 0.5152744109375 0.11064126249999999 0.5166964515625 0.1167580734375 0.525542040625 0.1268766796875
1 0.47903638437499996 0.20613663125 0.49382054531249997 0.1983528140625 0.499382853125 0.19124526875 0.499591746875 0.1735237515625 0.49423833281249996 0.16290977812500002 0.484849103125 0.15665941249999998 0.46471152812499994 0.1538292609375 0.4552178484375 0.156439646875 0.44087288593749996 0.16921599062499998 0.44093581562499995 0.1850033890625 0.44432354218750003 0.1933687828125 0.45540663593749997 0.20380184687499997 0.47903638437499996 0.20613663125
1 0.5060966812500001 0.2977079265625 0.5230139031250001 0.2990993265625 0.528743584375 0.298918421875 0.5425449046875 0.290010315625 0.548044284375 0.2671153671875 0.5375048312499999 0.2528140671875 0.5268609359374999 0.24737352499999998 0.51567339375 0.24580121875 0.5014328765625 0.24971680468750002 0.49237840000000005 0.257319715625 0.48769448750000005 0.27441231250000003 0.4908103890625 0.2847118234375 0.49769029062500003 0.292581846875 0.5060966812500001 0.2977079265625
1 0.4359612765625 0.37463309375 0.450640990625 0.3757100328125 0.4673908390625 0.37017479375 0.4726813234375 0.3650013640625 0.47709341250000004 0.3498428859375 0.47397750624999996 0.339543378125 0.465131921875 0.3294247734375 0.45448802343750005 0.3239842359375 0.4433004828125 0.3224119296875 0.42529596875 0.3287569953125 0.416952509375 0.3394183140625 0.4150497515625 0.35295713906250004 0.42531737812500003 0.3691925546875 0.4359612765625 0.37463309375
1 0.5970806765625001 0.22667131562499998 0.6028103609375 0.2264904078125 0.6166116781250001 0.21758230156249997 0.6221739859375 0.21047475312500002 0.6238049203125 0.19887005156249998 0.611571609375 0.1803860546875 0.591977678125 0.173687671875 0.5802464890625 0.17598359531250002 0.568954503125 0.18327205156249998 0.5634551234375 0.206166996875 0.5739945734375 0.22046829375 0.5868759796874999 0.22622329843750003 0.5970806765625001 0.22667131562499998
1 0.6757269140625 0.1460114671875 0.687290728125 0.1367889 0.690008953125 0.117447725 0.6775038171875 0.100897846875 0.65540055625 0.0958191171875 0.645906875 0.0984295078125 0.6343430671875 0.107652075 0.6293873343749999 0.1266787875 0.63992678125 0.1409800875 0.648333171875 0.14610616875 0.6674879046875 0.1478120296875 0.6757269140625 0.1460114671875
1 0.7896724625 0.15512235000000002 0.795402146875 0.1549414453125 0.8066941312499999 0.14765299375000002 0.8141591968749999 0.12700662499999998 0.8127371546875001 0.1208898125 0.801925884375 0.1085226328125 0.7775851140625 0.103129440625 0.7593087796875 0.111408625 0.753746471875 0.11851617031249999 0.7518437140625001 0.13205499375000002 0.76211134375 0.1482904109375 0.77051773125 0.1534164875 0.7896724625 0.15512235000000002
1 0.9065665390625 0.16760610468749998 0.9238600312499999 0.15820262812500002 0.9294223390624999 0.1510950828125 0.9293594093750001 0.1353076828125 0.9227513296875 0.125503540625 0.9123792578125001 0.11812888125000001 0.8922416828124999 0.11529872968749999 0.8764746796875 0.1219582578125 0.870912371875 0.12906580625 0.8687377921874999 0.1445387453125 0.8721255203125 0.15290413593750002 0.8874118078125001 0.16590024375 0.9065665390625 0.16760610468749998
1 0.6964509578125 0.2258445015625 0.7090605390625 0.233533621875 0.7215027453125 0.23429609999999998 0.7319792671875 0.23281000000000002 0.743271253125 0.2255215484375 0.7493772062499999 0.2145457640625 0.7484988109375 0.2045607171875 0.7470767687500001 0.198443903125 0.7340279890625 0.18576226093749998 0.7231122703125 0.18225583750000002 0.709415396875 0.1823031859375 0.7009045640625 0.18603786718749998 0.69032359375 0.19638472499999998 0.6878771921875 0.21379177968750002 0.6964509578125 0.2258445015625
1 0.8383968203125001 0.2467798515625 0.8441265015624999 0.2465989453125 0.8604371546875 0.23607118124999998 0.8651210609375 0.21897858593750003 0.8636990234375 0.21286177187500002 0.8528877484375 0.20049459062500002 0.8263094750000001 0.1947869375 0.8102706468750001 0.20338058750000002 0.803349228125 0.2201587171875 0.8064651328125001 0.230458228125 0.8153107171875 0.2405768296875 0.8237171062499999 0.2457029125 0.8383968203125001 0.2467798515625
1 0.65780804375 0.31409876875 0.6748297140624999 0.30662941093749996 0.6806638421875 0.2975877453125 0.682294778125 0.28598304375 0.6791788734375 0.27568353437500004 0.6703332890625 0.2655649296875 0.6504675359375 0.2608006609375 0.6387363500000001 0.2630965890625 0.627444359375 0.27038504375 0.6207947640625 0.285229059375 0.6236388453124999 0.297462684375 0.6344501171875 0.309829865625 0.65780804375 0.31409876875
1 0.7997325 0.2945985625 0.7931244203125 0.2847944171875 0.782752346875 0.2774197625 0.76485228125 0.274904071875 0.755358603125 0.2775144578125 0.7410136390625001 0.2902908015625 0.7405329234375 0.3099464375 0.7577848984375 0.32519111875 0.779177134375 0.3272114421875 0.796742453125 0.31587385 0.7997325 0.2945985625
1 0.866272584375 0.3325487921875 0.8769164796875 0.3379893359375 0.8848836671875 0.338122890625 0.8975977 0.33695125 0.9063803546875 0.331282453125 0.9180486140624999 0.313199128125 0.9149327093749999 0.30289961718749997 0.906087125 0.29278101562500003 0.8976807359375 0.2876549328125 0.8797806687499999 0.28513924375 0.8615043328124999 0.29341842812499996 0.8559420265625001 0.300525975 0.853767446875 0.3159989140625 0.8571551734374999 0.3243643046875 0.866272584375 0.3325487921875
1 0.54930025 0.371824815625 0.558145834375 0.38194341718749997 0.568789728125 0.38738395937500003 0.57899443125 0.3878319765625 0.58947095 0.386345875 0.600762940625 0.379057425 0.606325246875 0.3719498765625 0.60795618125 0.3603451734375 0.6048402765625001 0.3500456625 0.597960375 0.3421756375 0.5873164796875 0.336735096875 0.5738914312500001 0.3348483296875 0.555886915625 0.3411934 0.5505964343749999 0.34636682812499997 0.5461843453124999 0.3615253046875 0.54930025 0.371824815625
1 0.6960558781249999 0.4072423703125 0.7062605796875 0.40769038750000003 0.7167370984375 0.4062042859375 0.728029090625 0.3989158328125 0.7349505062499999 0.3821377015625 0.7321064265625 0.369904071875 0.7210233296874999 0.359471009375 0.698920071875 0.354392278125 0.6806437359374999 0.3626714625 0.6748096078125 0.3717131296875 0.6731786718749999 0.3833178328125 0.6746007125 0.38943464687499996 0.6854119843750001 0.401801828125 0.6960558781249999 0.4072423703125
1 0.810712446875 0.41941165937499997 0.8276296703125 0.42080306093750003 0.8358686859375 0.41900250000000006 0.8502136468750001 0.40622615624999997 0.852931871875 0.38688498125000004 0.8495441453125 0.37851959062499996 0.8404267375 0.370335103125 0.822526671875 0.3678194125 0.806048646875 0.37142053750000004 0.7972659875 0.37708933125 0.7903445687499999 0.39386746562499997 0.793460471875 0.404166978125 0.8023060578125 0.41428557968749996 0.810712446875 0.41941165937499997
1 0.5155715515625 0.4657005265625 0.532593221875 0.4582311703125 0.5381555296875 0.45112362343749995 0.5403301093749999 0.435650684375 0.523621778125 0.41653776875000004 0.5012466953125 0.41339315625 0.48771719999999996 0.42036714531249997 0.4821548921875 0.427474690625 0.4791019171875 0.4329625828125 0.4794366671875 0.446815865625 0.4880104296875 0.45886858437500005 0.4964168203125 0.4639946640625 0.5155715515625 0.4657005265625
1 0.6344313125000001 0.4804328578125 0.6401609953125 0.4802519515625 0.6539623125 0.47134384531249995 0.6589180453125 0.45231713124999995 0.6528536125 0.43864475468749997 0.6424815374999999 0.4312701 0.6293283125 0.4274492140625 0.6103409562500001 0.432669990625 0.60379580625 0.43865325000000005 0.59856825 0.4596140765625 0.601955978125 0.46797947031250003 0.6110733859375 0.4761639546875 0.6344313125000001 0.4804328578125
1 0.7210875609375 0.4807776828125 0.7316270125 0.49507898125 0.7400333984375 0.5002050625 0.7547131125 0.501282003125 0.7651896359375 0.4997959015625 0.773972290625 0.49412710625 0.779806421875 0.485085440625 0.78143735625 0.4734807390625 0.77832145 0.46318122968750003 0.7714415531250001 0.45531120312500006 0.7630351625 0.45018512499999996 0.7473726046875 0.447983896875 0.7403882609375 0.44897462812500005 0.7265869390625 0.45788273906250004 0.7204809859375 0.46885851875 0.7210875609375 0.4807776828125
1 0.8713353671874999 0.5156998703125 0.87706505 0.515518965625 0.89086636875 0.5066108578125 0.896365746875 0.48371591406250003 0.881623103125 0.4668515734375 0.8729448906249999 0.46365961093749997 0.8570105109374999 0.4633925 0.845990346875 0.4687468328125 0.8379187078125 0.47747403437499997 0.8357441281250001 0.4929469734375 0.8391318562500001 0.501312365625 0.85021495 0.5117454296874999 0.8713353671874999 0.5156998703125
1 0.375486928125 0.45587451718749994 0.385963446875 0.454388415625 0.397255434375 0.44709996093750004 0.40281774062500003 0.4399924171875 0.4047204984375 0.4264535953125 0.3924871859375 0.40796960000000004 0.370383925 0.40289086875 0.35237941250000004 0.4092359359375 0.3470889265625 0.4144093671875 0.3426768421875 0.42956784531250003 0.352672646875 0.4477373796875 0.36975724374999996 0.4560554234375 0.375486928125 0.45587451718749994
1 0.281176828125 0.4288138609375 0.28531709375 0.41558949843750004 0.2824730109375 0.4033558734375 0.2649492140625 0.39004530625 0.24928665625000002 0.387844078125 0.237555471875 0.3901400078125 0.22571983750000002 0.40129669218749997 0.22327343437499997 0.41870375 0.2266611609375 0.427069140625 0.2377442546875 0.43750220781250004 0.2636115125 0.44015145312500004 0.281176828125 0.4288138609375
1 0.142514240625 0.4251046609375 0.1507532546875 0.4233041 0.1648263953125 0.41246187343749996 0.167879371875 0.40697398281249997 0.1675446203125 0.3931207 0.1528019765625 0.3762563609375 0.1262237015625 0.3705487078125 0.1099130515625 0.381076471875 0.10435074531249999 0.3881840203125 0.1027198109375 0.399788721875 0.114953121875 0.41827271875000005 0.12335951249999999 0.4233988 0.142514240625 0.4251046609375
1 0.211313246875 0.5038049109375 0.2117939625 0.48414927499999993 0.19677949687500002 0.46921905312499995 0.1744044125 0.4660744390625 0.15307510468750002 0.47984151875 0.1494784828125 0.48919764531250004 0.150628703125 0.49724857343749995 0.167337028125 0.5163614921875 0.1887292671875 0.518381815625 0.1969682828125 0.5165812515625 0.211313246875 0.5038049109375
1 0.2901281640625 0.5355909796875 0.30257036875 0.5363534578125 0.3083000515625 0.536172553125 0.3218295484375 0.5291985625 0.3273918546875 0.522091015625 0.329566434375 0.5066180765625 0.3281443953125 0.5005012609375 0.3192988046875 0.490382659375 0.3108924203125 0.485256578125 0.2952298625 0.4830553484375 0.27444419531249997 0.492954190625 0.2689448171875 0.5158491390625 0.279484265625 0.5301504390625 0.2901281640625 0.5355909796875
1 0.4429268171875 0.5442453546875 0.4577109765625 0.5364615328125 0.46354510781249997 0.5274198703125 0.46490421875 0.5177492859374999 0.4617883140625 0.507449775 0.446502025 0.49445366875 0.43083946875 0.492252440625 0.4191082828125 0.49454837031250004 0.40476332031249995 0.5073247140625 0.4028605640625 0.5208635328125 0.40624828749999997 0.5292289234374999 0.4192970671875 0.5419105703125 0.4429268171875 0.5442453546875
1 0.5675162593749999 0.558796778125 0.581589403125 0.5479545546875 0.5849141984374999 0.5405325453125001 0.58457945 0.5266792625 0.571802490625 0.5120635015625 0.5449523921874999 0.5082899656250001 0.5286417421875 0.51881773125 0.5255887671874999 0.5243056234375 0.5253798734374999 0.542027140625 0.53815683125 0.5566429015625001 0.5592772484374999 0.5605973421875 0.5675162593749999 0.558796778125
1 0.6758994984375 0.575015209375 0.683866690625 0.5751487656250001 0.7001773390625 0.5646210015625 0.7048612515625 0.54752840625 0.6926279390625 0.5290444109375 0.68422155 0.52391833125 0.6707965 0.5220315640625001 0.654046653125 0.5275668046875001 0.6475015015625 0.5335500609375 0.642817590625 0.5506426546875 0.64620531875 0.5590080484375 0.657016590625 0.5713752296875 0.6758994984375 0.575015209375
1 0.8246623359375 0.5880331828124999 0.8302246437499999 0.5809256375 0.830705359375 0.561270003125 0.81569089375 0.54633978125 0.79555331875 0.5435096296874999 0.7860596390625 0.5461200203125001 0.7744958296875 0.5553425890625 0.771442853125 0.56083048125 0.7717776046875 0.5746837640625 0.7884859343749999 0.59379668125 0.8098781765625 0.5958170046875 0.8246623359375 0.5880331828124999
1 0.8389041546874999 0.6896368749999999 0.853583871875 0.690713815625 0.864060390625 0.6892277124999999 0.8753523765625 0.6819392625 0.8803081109375 0.6629125499999999 0.8771922062499999 0.6526130421875 0.87031230625 0.644743015625 0.8619059171875 0.639616934375 0.8440058515625 0.63710124375 0.8345121765625001 0.6397116359374999 0.8229483671875 0.6489342046875 0.81826445625 0.6660267984375 0.8304977671874999 0.68451079375 0.8389041546874999 0.6896368749999999
1 0.7642937359374999 0.7659331234375 0.77002341875 0.7657522171875 0.789721790625 0.7635898437499999 0.7987762734375 0.755986928125 0.8051540484374999 0.7430770296875 0.797667571875 0.7232878390625 0.7895330078125 0.71622764375 0.7719047640625 0.7117778359375 0.7576642484375 0.715693421875 0.7488815890625 0.7213622171875 0.74331928125 0.728469765625 0.741688346875 0.7400744671874999 0.7516841546874999 0.7582440015625 0.7642937359374999 0.7659331234375
1 0.837191484375 0.8560571687499999 0.8501773359374999 0.852951415625 0.85923181875 0.8453485000000001 0.864459371875 0.8243876734375 0.8610716453125 0.8160222796875001 0.8499885515625 0.8055892171875 0.8301228 0.8008249468749999 0.8093371328125001 0.8107237875 0.8024157140625 0.8275019218749999 0.80356593125 0.83555285 0.8121396984375 0.847605575 0.8247492796874999 0.855294690625 0.837191484375 0.8560571687499999
1 0.6765300875 0.8384084828124999 0.6913771765625001 0.8464120656249999 0.6993443687500001 0.8465456203124999 0.7120583984375 0.8453739812500001 0.7233503875 0.8380855296874999 0.72999998125 0.8232415140624999 0.729121584375 0.8132564640625001 0.72278533125 0.8015182046874999 0.71017575 0.793829084375 0.6945131890625 0.7916278546875 0.6790180078125 0.79635326875 0.6709463734375001 0.805080471875 0.6668061062499999 0.8183048296875001 0.671615871875 0.832787034375 0.6765300875 0.8384084828124999
1 0.5680424000000001 0.8310508125 0.5894346421875001 0.8330711359375 0.5951643234375 0.8328902296875 0.6067281328125 0.8236676578125 0.612290440625 0.8165601125 0.613921375 0.8049554109375 0.6108054703125 0.7946558984375 0.60392556875 0.786785875 0.59551918125 0.78165979375 0.57538160625 0.7788296421875 0.554595940625 0.788728484375 0.5490965609375 0.8116234328124999 0.5596360140625001 0.82592473125 0.5680424000000001 0.8310508125
1 0.45142015 0.81663294375 0.46609986406250004 0.8177098828125 0.47684820625 0.8142896640625 0.4884120171875 0.8050670953125 0.49200863593750005 0.79571096875 0.491402065625 0.783791803125 0.4828283 0.7717390843749999 0.4744219125 0.766613003125 0.4542843375 0.7637828515625 0.4357361796875 0.7739961546874999 0.43078044687499994 0.793022865625 0.433896353125 0.8033223749999999 0.44077625 0.8111924015625 0.45142015 0.81663294375
1 0.4277917015625 0.9198174328125001 0.44470892500000003 0.9212088328125001 0.4504386078125 0.9210279265624999 0.46423992500000005 0.9121198203124999 0.47007405625 0.9030781546875 0.471704990625 0.8914734515625 0.46143736406249997 0.8752380343749999 0.44211525625 0.8666055296874999 0.428146559375 0.868586996875 0.41434524218749996 0.8774951046874999 0.40851111093750003 0.8865367703125001 0.40715199843749994 0.89620735625 0.4193853140625 0.9146913515625 0.4277917015625 0.9198174328125001
1 0.6360888671875 0.9313408140625 0.649890184375 0.9224327062500001 0.6553895625 0.899537759375 0.6448501109375 0.885236459375 0.634206215625 0.87979591875 0.6230186765625 0.8782236125 0.6027766546875 0.8842542203124999 0.5911083953125 0.9023375453125 0.5959181640625 0.9168197499999999 0.6047637484374999 0.9269383546875 0.6233748359375 0.9325124546874999 0.6360888671875 0.9313408140625
1 0.749867034375 0.9335250578125001 0.769021765625 0.93523091875 0.7772607812500001 0.9334303578125001 0.79160574375 0.9206540140625 0.7923582828125 0.8990642609374999 0.7877158921875 0.8915086999999999 0.7773438171875 0.884134040625 0.7709031171875 0.8812565375 0.7549687328125 0.8809894265624999 0.74547505625 0.8835998171874999 0.736420575 0.8912027281249999 0.73119301875 0.9121635593749999 0.7414606484374999 0.9283989765625 0.749867034375 0.9335250578125001
1 0.8469958406250001 1 0.8472515234375001 0.9955333828124999 0.8367120703125 0.9812320781249999 0.826068175 0.975791540625 0.81488063125 0.974219234375 0.8031494468749999 0.976515159375 0.791857459375 0.9838036140625 0.78602333125 0.9928452765625 0.7850178 1 0.8469958406250001 1
1 0.526701940625 1 0.5414453171875 0.99594615 0.5495169546875001 0.9872189484374999 0.5519633578125 0.9698118921875001 0.5466099437499999 0.9591979187499999 0.5374925359375 0.9510134359375 0.51986429375 0.9465636265624999 0.5081331046875001 0.9488595562500001 0.4943317859375 0.9577676625 0.4891042296875 0.97872849375 0.49052627187500003 0.9848453062500001 0.5055407375 0.9997755265625001 0.506553840625 1 0.526701940625 1
1 0.30025372968749997 0.9018931406249999 0.3153726421875 0.9079626 0.3211023234375 0.9077816984375 0.3290695171875 0.9079152546874999 0.3425990125 0.9009412625 0.34816131875 0.8938337171875 0.35087954374999997 0.8744925421874999 0.3403400921875 0.8601912437499999 0.33193370624999996 0.8550651625000001 0.3185086578125 0.8531783953125001 0.30677746875 0.855474325 0.29548548124999996 0.862762775 0.2885640625 0.8795409078124999 0.29140814531250003 0.8917745328125 0.30025372968749997 0.9018931406249999
1 0.21271908437499998 0.8915632671875 0.22428289375000002 0.8823406953124999 0.2292386265625 0.8633139859375 0.225850903125 0.8549485921875 0.21280212031249998 0.84226695 0.18568020000000002 0.8404275328124999 0.16909772812499999 0.8528894140625001 0.1657729296875 0.8603114203125 0.1663795046875 0.872230584375 0.183087834375 0.891343503125 0.2044800734375 0.8933638265624999 0.21271908437499998 0.8915632671875
1 0.07754867343750001 0.8873587015625001 0.0855158640625 0.8874922562500001 0.10128286875 0.880832725 0.10684517499999999 0.8737251796875001 0.1095634 0.8543840062499999 0.10126146093749999 0.8403971671875 0.088380053125 0.8346421656249999 0.07495500468750001 0.8327553968749999 0.0632238203125 0.8350513265625 0.0496943203125 0.842025315625 0.0441949421875 0.8649202624999999 0.060903271875 0.8840331828125001 0.07754867343750001 0.8873587015625001
1 0.0924989078125 0.7809822484375 0.098228590625 0.7808013421875 0.111758090625 0.7738273515625 0.120101546875 0.7631660296875 0.12146065937499999 0.7534954453125 0.11834475468750001 0.743195934375 0.1094991703125 0.7330773328125 0.08068338593749999 0.7270552171875 0.0601695421875 0.7350199421875 0.054670164062500005 0.7579148890625 0.0649377890625 0.7741503062499999 0.08005670312499999 0.7802197671875 0.0924989078125 0.7809822484375
1 0.221667815625 0.787301834375 0.23645197968749998 0.7795180171875 0.24201428281249998 0.77241046875 0.244460684375 0.755003415625 0.23392123593749997 0.7407021125 0.22551485 0.7355760375 0.205105453125 0.73468 0.1890666265625 0.7432736484375 0.183232496875 0.7523153125 0.18160156249999998 0.7639200140625 0.1849892890625 0.7722854078125 0.1980380703125 0.78496705 0.221667815625 0.787301834375
1 0.32557604218749997 0.80289134375 0.346968278125 0.8049116656249999 0.3670429234375 0.7919544171874999 0.3703677234375 0.7845324109375 0.36976114843749996 0.772613246875 0.3634248953125 0.760874984375 0.3508153140625 0.7531858687499999 0.335152753125 0.7509846390625 0.31436708593749996 0.7608834796874999 0.308532959375 0.76992514375 0.307173846875 0.7795957312499999 0.3102897484375 0.7898952390625 0.3171696515625 0.797765265625 0.32557604218749997 0.80289134375
1 0.086014084375 0.591714353125 0.0966579828125 0.59715489375 0.11106587500000001 0.600165953125 0.12127057187500001 0.6006139671875 0.13703757968750002 0.5939544406249999 0.1453810359375 0.5832931203125 0.1470119703125 0.5716884140625 0.14362424375 0.5633230234375 0.13057546250000002 0.55064138125 0.1174222375 0.546820496875 0.0970128390625 0.5459244625 0.0829397 0.5567666890625 0.0793430796875 0.5661228125 0.0794060078125 0.5819102125 0.086014084375 0.591714353125
1 0.23860384687499997 0.6180902453125 0.2468428578125 0.6162896828125 0.2586784921875 0.605132996875 0.262003290625 0.597710990625 0.2613967171875 0.585791821875 0.2466540734375 0.5689274828124999 0.224278990625 0.5657828703125001 0.214785309375 0.5683932609375 0.20294967812500003 0.579549946875 0.20050327499999998 0.596957003125 0.2038910046875 0.605322396875 0.21497409687500002 0.6157554609375 0.23860384687499997 0.6180902453125
1 0.3463805125 0.6223895109375001 0.3655352453125 0.6240953734375 0.3712649234375 0.6239144671875 0.3850662453125 0.6150063609374999 0.39029380156250004 0.5940455296875 0.380026171875 0.5778101125 0.3693822765625 0.5723695703125 0.35819473749999997 0.5707972640625 0.33768089218749997 0.5787619921875 0.3293374328125 0.5894233109375 0.3279783203125 0.599093896875 0.331094225 0.6093934078125 0.337974121875 0.6172634312499999 0.3463805125 0.6223895109375001
1 0.507857378125 0.6342358484374999 0.513419684375 0.6271283000000001 0.516137909375 0.607787125 0.501395265625 0.5909227859375 0.47678267500000004 0.5874637125 0.463253178125 0.59443770625 0.45769087031250005 0.6015452515625 0.45524446875 0.6189523078125 0.45961503906249995 0.6284419906250001 0.47419030781249993 0.6383796859374999 0.49110752968750004 0.6397710875 0.507857378125 0.6342358484374999
1 0.6204438125 0.653017315625 0.63227944375 0.6418606312499999 0.634725846875 0.6244535734375 0.62642390625 0.6104667375 0.6048642906249999 0.6015197703124999 0.593133103125 0.6038156984375 0.579331784375 0.612723809375 0.5741042281250001 0.6336846375 0.57749195625 0.6420500312499999 0.5908125578125001 0.65279755625 0.6122047984375001 0.6548178796874999 0.6204438125 0.653017315625
1 0.696351715625 0.656782359375 0.7074348125000001 0.6672154234375001 0.726317721875 0.6708554046875 0.7342849109375 0.670988959375 0.745305078125 0.6656346265625 0.750595559375 0.6604611953124999 0.7552794703125 0.6433686015625 0.75216356875 0.6330690921875 0.7452836671874999 0.625199065625 0.734639771875 0.6197585250000001 0.7189772109375 0.6175572953125 0.700700875 0.6258364828125 0.69486675 0.634878146875 0.693235815625 0.64648285 0.696351715625 0.656782359375
1 0.6347900765625 0.7457602515625 0.6581480046875 0.7500291531250001 0.6663870140625 0.7482285921875 0.6776790046875 0.7409401375 0.6843285984375 0.7260961203125 0.6814845187499999 0.7138624953125 0.6726389312500001 0.70374389375 0.6642325453125 0.6986178125 0.6508074953125 0.6967310453125 0.6390763078125 0.699026975 0.627784321875 0.706315425 0.6208629015625 0.7230935578125 0.6239788078124999 0.733393065625 0.6347900765625 0.7457602515625
1 0.5563099140625 0.7278274640625 0.5618722171874999 0.72071991875 0.56431861875 0.7033128625 0.5609308953125 0.6949474703125 0.551813484375 0.6867629843749999 0.5297102234375 0.6816842546874999 0.5089245578125 0.69158309375 0.5036970015625 0.7125439250000001 0.5070847296875 0.7209093156249999 0.5181678265625 0.7313423828125 0.539288240625 0.7352968203125 0.5563099140625 0.7278274640625
1 0.4429495296875 0.6902001859375 0.4282068859375 0.6733358453125 0.42176618125000004 0.67045834375 0.40359429375 0.669876771875 0.3847743140625 0.6820241921875 0.3817213359375 0.687512084375 0.381784265625 0.703299484375 0.396526909375 0.7201638234375001 0.4201566578125 0.7224986078125 0.44023130468750005 0.709541359375 0.4429495296875 0.6902001859375
1 0.3163528828125 0.6980483421875 0.32218701250000004 0.6890066765625 0.323817946875 0.6774019734375 0.31158463125 0.6589179765625001 0.28500635625 0.6532103234375 0.27300335 0.6574403703125 0.26645819843749996 0.6634236296875 0.263405221875 0.66891151875 0.262652684375 0.6905012703125 0.2757014625 0.7031829140625 0.30156872031250004 0.7058321609375 0.3163528828125 0.6980483421875
1 0.171960615625 0.6945200484375 0.1860337578125 0.6836778234375 0.188480159375 0.6662707671875 0.18509243125 0.6579053734375 0.1740093390625 0.6474723109375 0.1653311296875 0.644280346875 0.1493967453125 0.6440132359375 0.1280674390625 0.6577803125 0.12704307343750001 0.6813041796875 0.1423293625 0.694300284375 0.16372160156249999 0.6963206109375 0.171960615625 0.6945200484375