1 0.8426765062499999 0.0736655234375 0.8318071203124999 0.0648021375 0.8231553953124999 0.061675009375 0.8116927265625 0.064111475 0.803150453125 0.0708933 0.7977263328124999 0.07825386875 0.7945198734375001 0.091350696875 0.7980546953125 0.10798072968750001 0.8044004578124999 0.1190471671875 0.81526984375 0.127910553125 0.8202984421874999 0.1280832203125 0.8367897093750001 0.12581941875 0.8401056234375 0.1226315453125 0.8469352109375 0.11248917812499999 0.8496366984374999 0.0970166359375 0.8426765062499999 0.0736655234375
1 0.7542487890625 0.042800326562500005 0.7484080015625 0.0341096046875 0.738043590625 0.027621935937499998 0.720344615625 0.028900915625000002 0.7151182546875 0.032494865625 0.706883196875 0.045419031250000005 0.70508220625 0.055734060937499996 0.7096269765625001 0.07711552968749999 0.7125473703125 0.0814608875 0.7258321765625 0.09229391875000001 0.730860775 0.09246658125 0.7454415953125 0.09060886093750001 0.7520734250000001 0.084233115625 0.759298534375 0.0665575140625 0.75767415625 0.049521403125 0.7542487890625 0.042800326562500005
1 0.6737452015625001 0.10088229374999999 0.655145728125 0.10731878749999998 0.6446047046875 0.12818225781249998 0.646624603125 0.13768513437500002 0.6452191328125 0.14046693125 0.647634553125 0.142436571875 0.64965445 0.1519394453125 0.6615337859375 0.165554271875 0.668977803125 0.1676965765625 0.687379515625 0.1650267 0.6961195484375 0.1544782578125 0.6993260078125 0.14138143125 0.6942762625000001 0.1176242421875 0.6737452015625001 0.10088229374999999
1 0.6014132265625001 0.075286528125 0.5843075328125 0.0652656546875 0.5690239765625 0.068514275 0.565708059375 0.07170214999999999 0.5579779765625 0.08700202968750001 0.5566819609375 0.0996927796875 0.5626322015625 0.118292453125 0.5740065624999999 0.12953155624999999 0.58145058125 0.131673865625 0.5979418484375 0.1294100640625 0.6012577609374999 0.126222190625 0.6112938109375 0.10298299687500001 0.6072540140625 0.083977246875 0.6014132265625001 0.075286528125
1 0.5310762875 0.143622778125 0.5205141171875 0.1409017265625 0.5090514484375 0.1433381921875 0.5024196187500001 0.149713940625 0.4960950046875 0.1622320234375 0.4947989890625 0.1749227734375 0.49681888750000003 0.1844256484375 0.50316465 0.1954920875 0.5121235921875 0.2047615515625 0.5214780546875 0.2064977828125 0.5379693203125 0.20423397968749998 0.5499158125 0.1805887125 0.5448660656250001 0.156831521875 0.5419456734375 0.1524861625 0.5310762875 0.143622778125
1 0.45733884375 0.1208088109375 0.45149805781249996 0.11211808906250001 0.440628671875 0.103254703125 0.4229296953125 0.1045336828125 0.4177033375 0.1081276328125 0.4071623125 0.1289911078125 0.40878668906250004 0.14602721406250002 0.415132453125 0.15709365625 0.421675975 0.164393478125 0.43344585625 0.16809934843750002 0.45184756718749997 0.16542946875 0.4572716859375 0.15806890468749998 0.461883615625 0.1421902796875 0.46126918593750005 0.1299056078125 0.45733884375 0.1208088109375
1 0.3060182046875 0.1604221671875 0.30017741875000004 0.1517314484375 0.283071725 0.1417105734375 0.265877725 0.14536527187499998 0.25573221875 0.15869550937500002 0.2539312296875 0.1690105421875 0.2584760015625 0.19039201249999999 0.26139639375 0.1947373703125 0.2679399171875 0.2020371921875 0.2840356609375 0.207306628125 0.296706040625 0.20585498593749998 0.3033378671875 0.19947923437499998 0.30825701250000004 0.1897429515625 0.3095530265625 0.1770522 0.3060182046875 0.1604221671875
1 0.14604584062499998 0.19690839843750002 0.1298406421875 0.1817300125 0.1121416640625 0.1830089921875 0.1050048625 0.1870090203125 0.095869309375 0.20509069375000002 0.0995135828125 0.2316296796875 0.10243397968750001 0.23597504218749998 0.11139292187500001 0.24524450468749998 0.11813420156250001 0.24877770781250003 0.1250732453125 0.2485442984375 0.139654065625 0.24668657500000002 0.1429699828125 0.2434987 0.15160056093750002 0.22304130781249998 0.1499761828125 0.206005196875 0.14604584062499998 0.19690839843750002
1 0.39596085 0.198414521875 0.3901200609375 0.1897238015625 0.37492481093749996 0.1792968515625 0.357730809375 0.1829515484375 0.34758530468750004 0.1962817875 0.345784315625 0.2065968203125 0.3469037203125 0.2212572125 0.3537544546875 0.2346993671875 0.36462384062500003 0.24356275312500003 0.37206785781249996 0.2457050609375 0.38664868124999996 0.243847340625 0.3932805078125 0.237471590625 0.3981996546875 0.227735303125 0.399495671875 0.2150445546875 0.39596085 0.198414521875
1 0.233463609375 0.2230221578125 0.2255146171875 0.218504134375 0.205905196875 0.22018918906249998 0.20067883593750002 0.22378314375000002 0.1915432828125 0.24186481718750003 0.1941776109375 0.263652365625 0.2000183984375 0.2723430875 0.21088778281249998 0.2812064734375 0.21833180156249998 0.2833487765625 0.2367335125 0.280678903125 0.24727453437500002 0.25981542812499997 0.2451451859375 0.24040359687500001 0.2417198140625 0.2336825203125 0.233463609375 0.2230221578125
1 0.8702312015624999 0.18451215468749999 0.8545309796874999 0.17170948749999998 0.8482946734375 0.17055199999999998 0.831605646875 0.1765824171875 0.8210646203125 0.1974458875 0.8261143671875001 0.221203078125 0.8290347609375001 0.2255484390625 0.8355782828124999 0.2328482609375 0.8516740296875 0.23811769531250002 0.8567026249999999 0.238290359375 0.8704712578124999 0.22791458437499998 0.8753904046875001 0.2181782953125 0.8766864218749999 0.20548754531250002 0.8702312015624999 0.18451215468749999
1 0.703715315625 0.21369856562499998 0.689837228125 0.21416538593749998 0.6827004265625 0.2181654171875 0.6721594015625 0.2390288890625 0.674288753125 0.25844071875 0.677714121875 0.2651617953125 0.6866730640625 0.274431259375 0.69844294375 0.27813712968750004 0.7111133234375 0.2766854875 0.71633968125 0.2730915359375 0.72688070625 0.2522280609375 0.7218309609375 0.2284708734375 0.703715315625 0.21369856562499998
1 0.627562453125 0.1889149546875 0.6166930671874999 0.18005156875 0.612367203125 0.17848800468749998 0.595173203125 0.182142703125 0.585027696875 0.1954729421875 0.5828311875 0.21332120625 0.5848510859375 0.2228240796875 0.5911968484375001 0.2338905203125 0.6020662328124999 0.24275390625 0.6176570046875 0.24564762343750002 0.6207751578125 0.24622636406249998 0.6274069875 0.23985061718749998 0.6356420468749999 0.22692645625000002 0.6344131890625 0.2023571140625 0.627562453125 0.1889149546875
1 0.48539851718750004 0.23403115937500002 0.48247812031250004 0.229685796875 0.464867453125 0.2172892078125 0.4457630078125 0.22134998281249998 0.4352219828125 0.2422134578125 0.4373513359375 0.2616252859375 0.44077670312499995 0.2683463640625 0.4526560375 0.2819611859375 0.4595950828125 0.28172777656250003 0.47799679375000004 0.27905789687500004 0.48131270625000006 0.2758700234375 0.48763732031250007 0.2633519390625 0.4894383140625 0.2530369109375 0.48539851718750004 0.23403115937500002
1 0.32169356875 0.2576539765625 0.3048950890625 0.2537754375 0.297253309375 0.255399746875 0.29202695156249997 0.2589936984375 0.2837918921875 0.271917859375 0.2819909 0.28223289218750003 0.286030696875 0.3012386421875 0.2918714859375 0.3099293609375 0.302740871875 0.318792746875 0.31782666718749997 0.31931074531250003 0.328081625 0.3158894609375 0.3396326 0.2997774234375 0.334077878125 0.2736445171875 0.32773211406249997 0.2625780765625 0.32169356875 0.2576539765625
1 0.17410551093749999 0.310130746875 0.16082070625 0.2992977203125 0.1521689765625 0.2961705953125 0.13879586875 0.29901313749999997 0.1321640375 0.3053888828125 0.124938928125 0.32306448125 0.13290906875 0.3511670328125 0.1461938734375 0.3620000578125 0.151222471875 0.36217272500000003 0.169624184375 0.359502846875 0.178364215625 0.3489544046875 0.1815706765625 0.33585757968749996 0.17702590468749999 0.3144761078125 0.17410551093749999 0.310130746875
1 0.8782647875 0.2833682734375 0.8591603421875 0.2874290484375 0.847213846875 0.311074315625 0.8517586187499999 0.3324557875 0.8710819734375 0.34821291875 0.8894836828124999 0.345543040625 0.9010346546875001 0.32943100625 0.9014301781249999 0.321897771875 0.8963804312500001 0.29814057968749996 0.8782647875 0.2833682734375
1 0.7907375640625001 0.24734555781249998 0.7697226749999999 0.251812409375 0.761487615625 0.26473657031250003 0.759686625 0.2750516046875 0.7642313953125 0.29643307343749997 0.7835547484375 0.312190203125 0.8019564593749999 0.309520325 0.8139029531249999 0.2858750578125 0.80935818125 0.2644935890625 0.80351739375 0.255802865625 0.7907375640625001 0.24734555781249998
1 0.6546121734375 0.29738586875 0.6485736281250001 0.2924617625 0.6317751484375 0.288583225 0.6175015421875 0.2965832859375 0.6107814031250001 0.3166346015625 0.6153261750000001 0.338016071875 0.618246571875 0.342361434375 0.6291159578125 0.35122481875 0.636559971875 0.3533671234375 0.653051240625 0.351103325 0.6631967421875 0.3377730875 0.6649977359375 0.3274580546875 0.6599479890625 0.3037008671875 0.6546121734375 0.29738586875
1 0.572925740625 0.2700538703125 0.5675899249999999 0.263738871875 0.55048423125 0.253718 0.5371111203125001 0.2565605421875 0.5304792921875 0.2629362890625 0.5232541796875 0.2806118875 0.5283039265625 0.304369078125 0.5341447171875 0.3130597953125 0.548834990625 0.321111028125 0.555774034375 0.32087761718749996 0.560802634375 0.3210502796875 0.5693449046875 0.31426845625 0.5770749921875 0.2989685765625 0.5778660312499999 0.2839021078125 0.572925740625 0.2700538703125
1 0.4264359390625 0.3136065125 0.420595153125 0.30491579375 0.40731034375 0.294082765625 0.40107403750000004 0.292925278125 0.38579048125000004 0.2961738984375 0.3824745671875 0.299361771875 0.37474448437499996 0.31466165468749996 0.373448465625 0.327352403125 0.3788937328125 0.3435763578125 0.384734521875 0.3522670796875 0.399424796875 0.3603183109375 0.4063638390625 0.360084896875 0.4133028828125 0.3598514859375 0.42184515781250004 0.35306966093750003 0.427664796875 0.33817585625 0.4289608125 0.3254851078125 0.4264359390625 0.3136065125
1 0.258405128125 0.33566576718749996 0.24733797968750001 0.3305689953125 0.230143978125 0.33422369218750003 0.21909797812499998 0.35271145000000004 0.22223728125000003 0.3768747140625 0.2256626484375 0.3835957921875 0.24257058437499998 0.3973832828125 0.25906185000000004 0.395119484375 0.26428820937499997 0.3915255328125 0.275334209375 0.37303777656250003 0.2702844625 0.34928058906250004 0.258405128125 0.33566576718749996
1 0.74354486875 0.33062678125 0.7307650359375 0.32216947500000004 0.720707840625 0.3218241421875 0.719302371875 0.3246059390625 0.707839703125 0.3270424046875 0.7010101140625 0.3371847703125 0.6983086265625 0.352657315625 0.7013384734375 0.3669116296875 0.7071792640625 0.3756023484375 0.72046406875 0.38643537499999997 0.7254926687500001 0.3866080421875 0.7400734875 0.38475031875 0.74670531875 0.3783745703125 0.753425453125 0.35832325625 0.7493856562500001 0.33931750625 0.74354486875 0.33062678125
1 0.9254500515625 0.4161143703125 0.9191042906250001 0.40504792968750003 0.9106503234375 0.3981541859375 0.90008815 0.39543313593749996 0.8833991234375 0.401463553125 0.875164065625 0.41438771250000006 0.873363071875 0.4247027421875 0.8744824765624999 0.439363134375 0.87740286875 0.44370849375 0.8960234890625 0.4608565234375 0.9010520906249999 0.461029190625 0.913722465625 0.45957754375000004 0.918948821875 0.45598359374999997 0.9243729421875001 0.44862302343750005 0.9284798984375 0.43036868124999994 0.9254500515625 0.4161143703125
1 0.8339924859375 0.37099485625 0.8231230999999999 0.3621314703125 0.801603234375 0.36422260624999997 0.79497140625 0.3705983515625 0.7886467921875 0.3831164359375 0.7917860937500001 0.40727970312500006 0.7952114625 0.4140007828125 0.8041704046874999 0.4232702453125 0.815940284375 0.42697611718750006 0.8267002171875 0.4259305515625 0.835242490625 0.41914872187499996 0.8419626250000001 0.39909740781249997 0.8413481968750001 0.38681273437499997 0.8339924859375 0.37099485625
1 0.684077315625 0.40782642031250005 0.67753379375 0.4005265984375 0.6645562015625 0.3958359046875 0.64595673125 0.4022723984375 0.638226646875 0.41757228125 0.6374356078125001 0.43263874687500004 0.6452962921875 0.45083234218749996 0.656165678125 0.459695728125 0.665520140625 0.46143195937500003 0.6781905171875 0.4599803171875 0.684822346875 0.45360456562499996 0.69204745625 0.43592896875 0.686997709375 0.41217178125 0.684077315625 0.40782642031250005
1 0.5608449281250001 0.3682193296875 0.5503039046875 0.3890828 0.552938228125 0.410870346875 0.5587790187499999 0.41956106875000004 0.572766559375 0.42900319531250003 0.5930787125 0.4259272421875 0.6050252078125 0.40228197187500003 0.5975600421875 0.37655514375 0.579949371875 0.3641585546875 0.5608449281250001 0.3682193296875
1 0.51053779375 0.34290814687500004 0.49483756718749994 0.3301054796875 0.4771385921875 0.331384459375 0.46719085156249995 0.340948078125 0.46277668125 0.35306008437499997 0.4618761875 0.358217603125 0.46591598437500004 0.3772233546875 0.47175677031249996 0.3859140734375 0.48262615625 0.39477745937500003 0.5015328421875 0.3944833 0.5046509953125 0.3950620421875 0.5156969953125 0.3765742890625 0.516488034375 0.3615078203125 0.5144681375 0.352004946875 0.51053779375 0.34290814687500004
1 0.43728046093749995 0.40689903593750004 0.42862873281249997 0.4037719109375 0.4114347328125 0.40742660781250006 0.4012892296875 0.420756846875 0.399488240625 0.43107187812500003 0.40403301249999996 0.45245334687499994 0.4098737984375 0.461144065625 0.421445921875 0.46861655625000004 0.4417580734375 0.4655405984375 0.448389903125 0.459164853125 0.45420954375000006 0.44427104999999995 0.4486548234375 0.41813814374999997 0.43728046093749995 0.40689903593750004
1 0.3621375484375 0.386866865625 0.35629676250000003 0.378176146875 0.3454273765625 0.3693127609375 0.3329547578125 0.3669977875 0.3200866203125 0.3722160484375 0.31095106875 0.3902977265625 0.3105555484375 0.397830959375 0.3140903703125 0.41446099218750004 0.31993115625 0.4231517109375 0.33512640625 0.4335786625 0.34015500468750004 0.4337513265625 0.3490044921875 0.4331118390625 0.3575467671875 0.4263300109375 0.36387138124999996 0.413811928125 0.365672371875 0.40349689843750003 0.3621375484375 0.386866865625
1 0.294413790625 0.4534061421875 0.2811289859375 0.44257311093749996 0.2724772578125 0.4394459859375 0.2591041453125 0.442288528125 0.25578823125 0.4454764015625 0.247553171875 0.45840056249999994 0.24575217968750002 0.4687155953125 0.2532173484375 0.494442421875 0.264086734375 0.5033058078125 0.271530753125 0.5054481156249999 0.289932459375 0.5027782421875 0.29324837812500004 0.49959036875 0.2995729921875 0.48707228125 0.30086900625 0.47438153281249995 0.294413790625 0.4534061421875
1 0.20166020625 0.420977378125 0.1907908203125 0.4121139921875 0.1821390953125 0.40898686562500003 0.1668555390625 0.41223548593750003 0.1602237078125 0.41861123281249996 0.15299859843750002 0.43628683125 0.1580483453125 0.46004402187500004 0.1609687390625 0.46438938125 0.171838125 0.47325276875 0.18360800625 0.4769586390625 0.195773409375 0.4731312734375 0.20572115468750002 0.463567653125 0.20963034687499998 0.4490799296875 0.20458059999999997 0.42532273906249995 0.20166020625 0.420977378125
1 0.5401123890624999 0.46325765468749996 0.530846234375 0.44784585468750004 0.51615595625 0.43979462500000005 0.5008724 0.44304324531250006 0.494240571875 0.4494189921875 0.4875204390625 0.46947031250000004 0.4915602359375 0.48847606250000003 0.494480628125 0.492821421875 0.5077654328125 0.5036544484375 0.5152094515625001 0.50579675625 0.527879828125 0.5043451109375 0.5331061890625 0.500751159375 0.540836271875 0.4854512796875 0.5421322875000001 0.4727605296875 0.5401123890624999 0.46325765468749996
1 0.7721095140625 0.44622485 0.758824709375 0.43539182343749994 0.7525883999999999 0.43423433906250003 0.7339889296875 0.44067083125 0.727159340625 0.450813196875 0.7253583515625001 0.46112822812500004 0.7264777515625 0.47578861874999995 0.735743909375 0.4912004171875 0.7485237390624999 0.49965772499999994 0.7554627828125 0.4994243140625 0.7643122703125 0.49878482343749997 0.7742600140625 0.48922120312499995 0.7790697046874999 0.4695759640625 0.7750299078125 0.4505702140625 0.7721095140625 0.44622485
1 0.8644675749999999 0.486186846875 0.8586267875000001 0.47749612812500003 0.8439365109375 0.4694448984375 0.8248320671875 0.4735056734375 0.81328109375 0.48961770781249997 0.8128855734375 0.4971509390625 0.8145099515625001 0.51418705 0.8203507390624999 0.522877771875 0.83363554375 0.5337107984375 0.84299000625 0.5354470296875 0.85183949375 0.5348075375 0.8603817687499999 0.5280257140625 0.86670638125 0.5155076296875001 0.8685073718749999 0.5051925984375 0.8644675749999999 0.486186846875
1 0.9290483140625 0.50349796875 0.9194960953125 0.5055283562499999 0.9057274625 0.515904134375 0.901818265625 0.530391859375 0.90978840625 0.558494409375 0.9206577921875001 0.5673577953125 0.928101809375 0.5695001000000001 0.944593075 0.5672363015624999 0.9565395703125 0.54359103125 0.9514898234375 0.5198338437500001 0.9456490359374999 0.511143125 0.9290483140625 0.50349796875
1 0.8709862359375 0.5779158109375 0.8537922359375001 0.5815705078125 0.8436467296875 0.5949007468749999 0.8418457390625 0.6052157765625 0.8493109046875 0.6309426078125 0.858269846875 0.640212071875 0.8657138640625 0.642354375 0.8841155765625001 0.6396844984375 0.89606206875 0.6160392296875 0.8915172968749999 0.5946577609375 0.8796379625 0.5810429375 0.8709862359375 0.5779158109375
1 0.7912102437499999 0.5501777375 0.7825585171875 0.5470506109375 0.7653645140625 0.550705309375 0.7552190109375 0.564035546875 0.7534180218750001 0.574350578125 0.7608831859375 0.6000774078125 0.7741679921875 0.610910434375 0.785432896875 0.6122405859375 0.788551053125 0.612819328125 0.7990037703125 0.6056314265625 0.8076343500000001 0.5851740328124999 0.8025846046874999 0.56141684375 0.7912102437499999 0.5501777375
1 0.7150573812500001 0.5253941296875 0.705593465625 0.5137489484375 0.6969417390625 0.5106218171875 0.68306365 0.5110886421874999 0.6759268453125 0.5150886703124999 0.6653858234375 0.5359521453125 0.6699305953125 0.557333615625 0.6757713828125 0.5660243328125001 0.68422535 0.5729180781250001 0.6916693671874999 0.5750603859375001 0.7062501875 0.573202665625 0.7114765484375 0.5696087140625 0.7206121015625 0.5515270359375 0.7189877234375001 0.5344909265625 0.7150573812500001 0.5253941296875
1 0.6271346375 0.49690464843750004 0.620788875 0.4858382109375 0.6123349078125 0.478944465625 0.595536428125 0.47506593124999996 0.5831732656249999 0.48265991093749994 0.5768486515625 0.49517799531250006 0.5750476609375 0.5054930234375 0.5820078515625 0.5288441359375 0.5977080765625 0.5416468046875 0.60464711875 0.5414133890625 0.61731749375 0.539961746875 0.6206334124999999 0.5367738734375 0.6297689640625 0.5186921984375 0.6301644843750001 0.5111589609375 0.6271346375 0.49690464843750004
1 0.5589059046875 0.56106820625 0.5412952343749999 0.548671615625 0.5221907906250001 0.552732390625 0.51395573125 0.5656565515625 0.512154740625 0.5759715796875 0.51961990625 0.6016984125 0.5329047109375 0.6125314390625001 0.5441696171875 0.6138615875 0.553019103125 0.6132221 0.558245465625 0.60962815 0.565470575 0.5919525515624999 0.566766590625 0.5792618015625 0.5589059046875 0.56106820625
1 0.47278415 0.52226369375 0.4619147640625 0.5134003093749999 0.4513525921875 0.5106792609374999 0.43988992656250003 0.513115725 0.43325809687500005 0.519491471875 0.42552801249999994 0.5347913515625 0.42563746562500004 0.5447003046875001 0.42816233906249995 0.5565788984375 0.4340031265625 0.56526961875 0.4448725140625 0.5741330062500001 0.45231653125 0.5762753140625 0.46689735 0.574417590625 0.47352918125 0.56804184375 0.480754290625 0.5503662453125 0.47570454375000004 0.5266090546875 0.47278415 0.52226369375
1 0.39019722031250004 0.5000892171875 0.38385145781249996 0.489022775 0.372982071875 0.4801593890625 0.3643303421875 0.47703226406250004 0.34573087343750003 0.4834687578125 0.3403067546875 0.4908293265625 0.33670477499999996 0.5114593875 0.33922964843750003 0.5233379828125 0.345070434375 0.5320287015625 0.3583552390625 0.5428617265625 0.3633838375 0.5430343953125 0.3779646578125 0.5411766703125 0.3845964875 0.534800925 0.390921103125 0.522282840625 0.39221711875 0.50959209375 0.39019722031250004 0.5000892171875
1 0.3195530671875 0.5622831296874999 0.30868368125 0.5534197421875 0.30003195312500003 0.5502926171875 0.286658840625 0.553135159375 0.2800270125 0.55951090625 0.2737023984375 0.572028990625 0.27190140937499996 0.582344021875 0.2754362328125 0.598974053125 0.2812770171875 0.607664771875 0.297175003125 0.6167008265625 0.3155767125 0.6140309515625 0.3222085421875 0.6076552000000001 0.328423703125 0.585228165625 0.3258988296875 0.5733495703125 0.3195530671875 0.5622831296874999
1 0.22921490625000002 0.531824009375 0.21160423593750002 0.51942741875 0.19963659218750002 0.5194881671875 0.192499790625 0.5234881953125 0.1828592625 0.5391941515625 0.18105826875 0.54950918125 0.185603040625 0.57089065 0.19456198281249998 0.5801601125 0.2068368390625 0.5862417046874999 0.22332810625000002 0.58397790625 0.22995993593750003 0.5776021578125 0.23808554062499998 0.5547690421875 0.23606564218749998 0.54526616875 0.22921490625000002 0.531824009375
1 0.978539546875 0.62830475625 0.975619153125 0.623959396875 0.958513459375 0.613938521875 0.9484562593750001 0.613593190625 0.9413194578124999 0.61759321875 0.9332821578124999 0.6267507671875 0.9288679890625 0.638862771875 0.933917734375 0.6626199609375 0.9433816500000001 0.674265140625 0.9532410875 0.678377090625 0.9716428 0.6757072140625 0.9749587125 0.672519340625 0.9812833265625001 0.6600012546875 0.9830843171874999 0.6496862265625001 0.978539546875 0.62830475625
1 1 0.7287280109375 0.998540771875 0.727100125 0.9812373171875001 0.720845871875 0.9735955374999999 0.7224701812500001 0.96314281875 0.7296580828125 0.9559177109375 0.747333684375 0.96096745625 0.771090871875 0.9638878484375001 0.7754362328125 0.9747572343750001 0.78429961875 0.982201253125 0.786441925 0.9986925203125001 0.7841781234375 1 0.781590275 1 0.7287280109375
1 0.9142411562499999 0.7015651093749999 0.9033717703124999 0.6927017249999999 0.8947200437499999 0.689574596875 0.874210125 0.69641716875 0.8674899921874999 0.716468484375 0.8725397375 0.740225671875 0.8754601328125 0.744571034375 0.8863295171875001 0.7534344203125001 0.8937735359375001 0.755576725 0.9083543578125 0.753719003125 0.9149861859374999 0.7473432578125 0.9199053312500001 0.7376069703125 0.9212013453125 0.7249162203124999 0.9142411562499999 0.7015651093749999
1 0.744127 0.6433679156250001 0.7372762640625 0.6299257578125 0.720170571875 0.6199048859375 0.7010661234375 0.6239656625000001 0.692831065625 0.636889821875 0.691030075 0.6472048546875 0.6950698734375 0.6662106062500001 0.7038310515624999 0.6792466828125 0.7161059109375 0.685328271875 0.7230449546875 0.6850948609375 0.7299839953125 0.6848614515625 0.7352103546875 0.681267496875 0.7434454140625 0.6683433359375 0.7461468984375 0.65287079375 0.744127 0.6433679156250001
1 0.6502540171875 0.5962787640625 0.6437104921875 0.58897894375 0.6283174812500001 0.5823186078125 0.61162845625 0.5883490234375001 0.6033933984375001 0.601273184375 0.6020973828125 0.613963934375 0.60462225625 0.62584253125 0.6138884124999999 0.6412543312500001 0.6273709765625 0.6483207390625 0.6438622453125 0.6460569406250001 0.6471781578125 0.6428690640625 0.654007746875 0.632726703125 0.6567092328124999 0.61725415625 0.6502540171875 0.5962787640625
1 0.5033686953125 0.6473646390625001 0.49651795937500004 0.6339224812500001 0.4813227109375 0.62349553125 0.47317595625 0.6227441234375 0.46030781718749997 0.6279623859375 0.45027176874999997 0.651201575 0.454816540625 0.67258304375 0.46065732812500004 0.6812737656250001 0.47343715781249995 0.6897310734375 0.47846575781249995 0.6899037406249999 0.4930465796875 0.688046015625 0.49636249374999997 0.6848581421875 0.5017866125 0.6774975750000001 0.50589356875 0.65924323125 0.5033686953125 0.6473646390625001
1 0.408990734375 0.597899765625 0.3981213484375 0.58903638125 0.3875591765625 0.5863153328124999 0.3760965125 0.588751796875 0.36946468125 0.59512754375 0.361734596875 0.6104274234375 0.36133907656250003 0.6179606578125 0.3653788734375 0.636966409375 0.3712196609375 0.645657128125 0.381584071875 0.6521447953124999 0.390938534375 0.6538810265625 0.40360890937500005 0.6524293812499999 0.41024074062500004 0.6460536328125001 0.41515988437500007 0.6363173453125001 0.4173563953125 0.6184690796875 0.408990734375 0.597899765625
1 0.3343279328125 0.664672453125 0.3256762046875 0.661545325 0.3070767359375 0.66798181875 0.29794118125 0.6860634953125 0.3005755078125 0.7078510437500001 0.3040008765625 0.7145721218750001 0.3209088109375 0.7283596125 0.3431314109375 0.724877578125 0.353167459375 0.7016383890625 0.35204805625 0.6869779968749999 0.34519731875000004 0.6735358375 0.3343279328125 0.664672453125
1 0.2596899953125 0.6470160015624999 0.25143378906249997 0.6363556375 0.245395240625 0.6314315359375 0.2285967609375 0.6275529984375 0.222865425 0.62877123125 0.211007240625 0.63874093125 0.206088096875 0.6484772203125 0.20479207656249998 0.6611679671874999 0.20731695 0.6730465640625 0.21366271406249998 0.6841129984375 0.2245321015625 0.692976384375 0.2343915359375 0.697088334375 0.24133058125 0.6968549234375 0.25369374375 0.68926094375 0.2614238265625 0.6739610609375 0.2632248171875 0.6636460328125 0.2596899953125 0.6470160015624999
1 0.67539329375 0.7051557515625 0.6577826250000001 0.6927591625 0.6496358703125 0.692007753125 0.6353622640625 0.7000078109375 0.6276321796875 0.7153076890625 0.627741634375 0.7252166453125 0.6302665078125 0.737095240625 0.6366122703125 0.748161678125 0.6474816546875 0.7570250640625 0.6587465609375001 0.758355215625 0.6656856046875 0.7581218015625 0.6789492625 0.7453703078125 0.6823534828125 0.728506865625 0.6783136859375001 0.7095011140625 0.67539329375 0.7051557515625
1 0.5806198124999999 0.663224115625 0.562108646875 0.6559850390624999 0.547835040625 0.6639850953125 0.5415104281249999 0.6765031828125 0.5397094359375 0.6868182109375 0.542739284375 0.7010725250000001 0.5490850468749999 0.7121389625 0.5623698515625 0.7229719921875 0.5693088937499999 0.7227385796875 0.5800688296875001 0.7216930125000001 0.58670065625 0.715317265625 0.595331234375 0.6948598703125 0.5923013859374999 0.68060555625 0.5806198124999999 0.663224115625
1 0.530923390625 0.758211271875 0.5240726546875 0.7447691125 0.51320326875 0.7359057265625 0.50455154375 0.7327785984374999 0.49117842968750003 0.7356211421875 0.4845466 0.7419968890625 0.4796274546875 0.7517331765625 0.478331440625 0.7644239234375 0.48529163124999997 0.7877750375 0.491835153125 0.7950748562500001 0.501694590625 0.79918680625 0.5220067453125 0.796110853125 0.5253226609375 0.792922978125 0.531647275 0.7804048953125 0.5329432890625 0.7677141453125 0.530923390625 0.758211271875
1 0.8509527140625 0.7795768984375 0.840083328125 0.7707135140625 0.831431603125 0.7675863875 0.8180584890624999 0.7704289296875 0.8147425765625 0.7736168015625 0.8065075140625 0.786540965625 0.8052115000000001 0.7992317156250001 0.8087463218750001 0.81586174375 0.8145871078125 0.824552465625 0.8230410750000001 0.8314462109375 0.8323955375000001 0.833182440625 0.8450659171874999 0.83173079375 0.8516977453125 0.8253550484375 0.858022359375 0.8128369640625 0.8593183734375 0.8001462140625 0.8509527140625 0.7795768984375
1 0.764435440625 0.7483056265625 0.755476496875 0.7390361578125 0.742498909375 0.7343454687500001 0.727215353125 0.7375940875 0.7238994359375 0.7407819625000001 0.7170698484375 0.7509243265625 0.7143683625 0.7663968734375 0.7203186046875001 0.784996546875 0.734108384375 0.7982052921875 0.7415524015625 0.8003475999999999 0.756133225 0.7984898796875 0.76135958125 0.7948959234374999 0.7690896671874999 0.7795960453124999 0.7694851875000001 0.7720628125 0.764435440625 0.7483056265625
1 0.6198560859375 0.7914521859375 0.613510321875 0.78038575 0.602640934375 0.771522359375 0.590168321875 0.7692073890625 0.5739842671875001 0.7776135234375 0.569065121875 0.787349809375 0.5677691078125 0.8000405609374999 0.5718089046875 0.8190463125 0.574729296875 0.8233916703125 0.5836882390625 0.8326611343750001 0.5973685671875 0.835960928125 0.60621805625 0.835321440625 0.6147603265625 0.8285396171875 0.6210849406250001 0.8160215296875 0.622380959375 0.80333078125 0.6198560859375 0.7914521859375
1 0.6996320765624999 0.8191902578124999 0.6868522453125 0.8107329468750001 0.6691532703124999 0.812011928125 0.6639269125 0.8156058765624999 0.65850279375 0.822966446875 0.6543958359375 0.841220790625 0.6574256843749999 0.855475103125 0.66377144375 0.866541540625 0.67966943125 0.8755775937499999 0.696160696875 0.8733137953125001 0.7027925234375 0.8669380468749999 0.709512659375 0.8468867296875 0.7054728625 0.8278809796875001 0.6996320765624999 0.8191902578124999
1 0.5393524937499999 0.849534153125 0.52024805 0.8535949281249999 0.5115080171875 0.8641433703124999 0.5083015578125 0.8772401953125 0.5094209578125 0.8919005875 0.5162716984375 0.9053427468749999 0.527141084375 0.9142061312499999 0.5345851015624999 0.916348440625 0.551076365625 0.9140846375 0.5630228609375 0.8904393703125001 0.5603885328125 0.8686518218750001 0.554547746875 0.859961103125 0.5393524937499999 0.849534153125
1 0.44749940937500005 0.8119478765625001 0.4283949640625 0.8160086515625 0.42507905 0.8191965250000001 0.4187544328125 0.8317146078125001 0.41695344375000004 0.842029640625 0.42149821562499995 0.8634111093750001 0.43528799375 0.8766198546874999 0.44273201249999994 0.8787621624999999 0.4592232796875 0.8764983609374999 0.46253919374999997 0.8733104859375 0.47257524531249995 0.8500712968749999 0.4651100796875 0.8243444640625001 0.44749940937500005 0.8119478765625001
1 0.3728614703125 0.794291425 0.361992084375 0.7854280390625 0.3533403578125 0.7823009078125 0.3380568015625 0.785549528125 0.33142497187500003 0.7919252796875 0.3247048359375 0.8119765953125 0.3292496078125 0.8333580640625 0.3321700015625 0.8377034218749999 0.34545480781250004 0.8485364531249999 0.35480926875 0.8502726796875001 0.3617483125 0.8500392703124999 0.37220103125000004 0.8428513687500001 0.3808316109375 0.8223939703125 0.3797122046875 0.8077335796874999 0.3728614703125 0.794291425
1 0.40906789374999997 0.90826518125 0.397693534375 0.8970260781249999 0.3890418046875 0.8938989484375 0.380895053125 0.8931475390625 0.366621446875 0.901147596875 0.36029683281249997 0.9136656828125 0.3584958421875 0.9239807109375 0.36253563906249997 0.9429864609375 0.36837642656249997 0.951677184375 0.3842744125 0.9607132328124999 0.3988552328125 0.9588555140624999 0.404081590625 0.9552615624999999 0.41231665156249997 0.9423374015625001 0.41411764062499995 0.93202236875 0.40906789374999997 0.90826518125
1 0.288254640625 0.76261406875 0.2819088796875 0.75154763125 0.2734549125 0.7446538875 0.2585668765625 0.7403692703125 0.2509251 0.7419935796875 0.24238282500000002 0.748775409375 0.2337522453125 0.7692328015625 0.241217409375 0.79495963125 0.254502215625 0.8057926562500001 0.263856678125 0.8075288875 0.274616609375 0.8064833218749999 0.2831588828125 0.79970149375 0.29088896875 0.784401615625 0.29128448906250004 0.77686838125 0.288254640625 0.76261406875
1 0.312998396875 0.8790242906250001 0.3071576109375 0.8703335718749999 0.29870364375 0.863439828125 0.2881414703125 0.8607187796875 0.2785892484375 0.8627491671874999 0.27004697499999997 0.8695309906249999 0.2614163953125 0.889988384375 0.2664661421875 0.9137455765625001 0.2693865359375 0.9180909343750001 0.280255921875 0.9269543203125 0.28961038437500003 0.9286905515624999 0.300370315625 0.9276449828125 0.3089125890625 0.9208631578125 0.3152372046875 0.9083450734375 0.3170381953125 0.8980300421875 0.312998396875 0.8790242906250001