1 0.10237010937499999 0.146070090625 0.08680927656250001 0.13101259062499998 0.07634605312500001 0.1281845515625 0.0486950515625 0.1310907890625 0.0336828453125 0.1454338796875 0.0359285734375 0.1668005578125 0.039054775 0.1723636328125 0.059438903125 0.1849502984375 0.07608437031250001 0.1861466140625 0.10230627031249999 0.1696434 0.10237010937499999 0.146070090625
1 0.1669167046875 0.16776227500000002 0.178802715625 0.147856115625 0.1748598828125 0.134523340625 0.1651431296875 0.1267071359375 0.151962025 0.12220087500000001 0.1293384796875 0.12457870468750001 0.11969188593749999 0.1295203734375 0.10970713437499999 0.14333505156249998 0.1146707484375 0.1663799546875 0.1346465671875 0.1750817734375 0.1460604171875 0.1748640703125 0.1669167046875 0.16776227500000002
1 0.2550311578125 0.147699715625 0.25319374375 0.13021788750000002 0.2326054515625 0.11568879531250001 0.20244072656249998 0.1188592359375 0.18742851875 0.1332023234375 0.189674246875 0.15456900468749998 0.19551833125 0.16181030000000002 0.2102625375 0.169098096875 0.23655459687499997 0.1653527484375 0.2427368375 0.163721028125 0.2550311578125 0.147699715625
1 0.33003465625 0.13588876249999998 0.32880971406250004 0.1242342109375 0.3229656328125 0.116992915625 0.30822142812500003 0.10970512031249999 0.2780567015625 0.1128755609375 0.2632486515625 0.12916107500000001 0.265086065625 0.146642903125 0.28818808281249997 0.1609077921875 0.309452684375 0.15769085 0.326027990625 0.1461293 0.33003465625 0.13588876249999998
1 0.40442568906250004 0.118250534375 0.398581609375 0.1110092390625 0.3915827390625 0.10487125625 0.3786057921875 0.10230742500000001 0.353672671875 0.10689188281249999 0.341174196875 0.12097076874999999 0.346341965625 0.145958096875 0.3610861703125 0.15324589375 0.38989195625 0.14923634218749998 0.406058946875 0.1337899390625 0.40442568906250004 0.118250534375
1 0.48147076718750004 0.12586383750000002 0.4800416671875 0.11226685781250001 0.4739934234375 0.1030831375 0.46448082812499997 0.097209359375 0.4542217625 0.0963237484375 0.4267749171875 0.10117240937500001 0.4186914265625 0.10889561249999999 0.4159097 0.13079069999999998 0.42447166875000003 0.1397102171875 0.43649798906250004 0.1453197921875 0.46530377500000003 0.141310240625 0.48147076718750004 0.12586383750000002
1 0.5521231265625001 0.09683525625 0.537378915625 0.0895474609375 0.5047004625 0.0929821046875 0.49220198593750003 0.107060990625 0.49403940156250004 0.1245428203125 0.509396078125 0.13765789374999998 0.5308648359375 0.136383378125 0.54689783125 0.1317524203125 0.5572908953125 0.12182258906250001 0.5521231265625001 0.09683525625
1 0.6306611375 0.09447223125000001 0.6102770093750001 0.0818855625 0.577802709375 0.08726263281249999 0.5676138 0.099134890625 0.5698595296875 0.12050157343750001 0.5875257796875 0.1314100140625 0.6089945390625 0.1301354984375 0.630597296875 0.11804554062499999 0.63460396875 0.10780500625 0.6306611375 0.09447223125000001
1 0.6607557093749999 0.0785439203125 0.6461518171875 0.0967718625 0.647785075 0.1123112671875 0.6681692078125 0.12489793125 0.69466541875 0.12309501249999999 0.711240725 0.11153345781249999 0.7111004078125001 0.0860177234375 0.6959478875 0.07484507343749999 0.6607557093749999 0.0785439203125
1 0.78379434375 0.0764133984375 0.7663322515625001 0.0674473796875 0.7411949812499999 0.0700894125 0.7215636359375 0.08884576250000001 0.72340105 0.106327590625 0.7410672953125 0.11723603281249999 0.7700772390624999 0.1151689109375 0.7810827734375 0.11106635312499999 0.7864483875 0.10166493125 0.78379434375 0.0764133984375
1 0.8404616 0.107771215625 0.85167129375 0.105611084375 0.8599589468750001 0.0998303109375 0.8660710296874999 0.085440721875 0.8650502437500001 0.07572859374999999 0.8494894046875 0.060671096875 0.83651245625 0.058107259375 0.8214300953125001 0.059692478125000004 0.7988767046875 0.0748281796875 0.7984045515625 0.09451663593750001 0.8137612265625 0.107631709375 0.82673818125 0.110195546875 0.8404616 0.107771215625
1 0.8971990156249999 0.151886896875 0.9069796078125 0.136129790625 0.9053463515625 0.1205903859375 0.8995022703125001 0.11334909062500001 0.8847580609374999 0.10606129375 0.857107065625 0.10896752968750001 0.8418907000000001 0.12136819218749999 0.837679871875 0.1296663015625 0.8422351750000001 0.1488263546875 0.8544656546875 0.1563783546875 0.8761385703125001 0.1570462625 0.8971990156249999 0.151886896875
1 0.8167597437499999 0.1603414046875 0.8271528078125 0.150411575 0.83013869375 0.1304589109375 0.82137256875 0.11959696875 0.8093462468749999 0.11398739531249999 0.7865185453125 0.1144228015625 0.7768719515625 0.11936446249999999 0.7645776265625 0.13538577499999999 0.7666191984374999 0.1548100328125 0.7738222265625 0.1628904390625 0.8055500515625 0.1625015328125 0.8167597437499999 0.1603414046875
1 0.7543185609374999 0.13450016250000002 0.739166040625 0.1233275140625 0.72870281875 0.12049947812499999 0.708593 0.12261310624999999 0.6966368375 0.1297614 0.6887574984375 0.1394270265625 0.691207384375 0.1627361328125 0.7111832031249999 0.171437946875 0.73496153125 0.16795680156249998 0.7517409953125 0.1583376765625 0.7543185609374999 0.13450016250000002
1 0.632977025 0.128596778125 0.6129373640625 0.14346827499999998 0.6124652109375 0.1631567359375 0.630539775 0.17795003125 0.6618592859375 0.1736762765625 0.6757167046875 0.1604365015625 0.6732668187499999 0.13712739375 0.6505731156250001 0.1267473546875 0.632977025 0.128596778125
1 0.5527419109375 0.138993715625 0.5377297078125001 0.1533368 0.53725755 0.17302526093749998 0.55512795625 0.18587613281249998 0.58644746875 0.181602378125 0.600304890625 0.1683626015625 0.6009812015625 0.15061656875 0.577879184375 0.13635168125 0.5527419109375 0.138993715625
1 0.5200697765625 0.178759534375 0.5240764421875 0.1685190015625 0.5228515 0.15686445 0.502263209375 0.1423353546875 0.4819492328125 0.14250655625 0.46170541875 0.155435628125 0.4583112234375 0.1715034390625 0.4618457359375 0.1809513625 0.46633087343749996 0.18735354843750002 0.48474359375000003 0.1932738265625 0.5034944703125 0.1903210890625 0.5200697765625 0.178759534375
1 0.39668666875 0.1534318953125 0.3816744609375 0.1677749859375 0.386638078125 0.1908198890625 0.406613890625 0.199521703125 0.43290595156249995 0.19577635468750001 0.446763375 0.18253658281250001 0.4443134890625 0.159227475 0.4241335125 0.14858323281250002 0.39668666875 0.1534318953125
1 0.35844476406250003 0.2006567171875 0.3665282609375 0.192933515625 0.37053492656250003 0.18269298125 0.36638794375 0.1674177796875 0.3462079671875 0.1567735375 0.3235844234375 0.15915136875 0.303544765625 0.1740228640625 0.3055863359375 0.19344711875 0.31143041562499996 0.2006884140625 0.32345673750000004 0.2062979890625 0.3474392296875 0.20475926875 0.35844476406250003 0.2006567171875
1 0.2680782640625 0.16302141875 0.247968446875 0.1651350453125 0.2358081265625 0.1703409125 0.22561921875 0.18221316875 0.23037867343750001 0.2033156484375 0.25055864843750003 0.2139598875 0.274336978125 0.21047874375000003 0.2928135390625 0.1928257125 0.2882582421875 0.1736656609375 0.2680782640625 0.16302141875
1 0.19497601874999998 0.1687408921875 0.1698387453125 0.1713829265625 0.16019215 0.1763245875 0.1502074 0.1901392703125 0.15476269843749998 0.20929932187500003 0.1724289484375 0.22020776718750001 0.19872100625 0.21646241875 0.217401725 0.2007518125 0.215360153125 0.181327559375 0.19497601874999998 0.1687408921875
1 0.1372304515625 0.187575434375 0.124795815625 0.1780810109375 0.11433259062500001 0.175252975 0.0893994734375 0.179837434375 0.0743872703125 0.19418051875 0.0764288421875 0.2136047765625 0.0822729234375 0.220846071875 0.0942992453125 0.2264556484375 0.12059130625 0.2227103 0.139067865625 0.20505726875 0.1372304515625 0.187575434375
1 0.075829003125 0.2804398546875 0.09186199687499999 0.2758088953125 0.1022550609375 0.26587906562499997 0.1033396875 0.25201788281250004 0.09960101875 0.240627534375 0.0871663828125 0.23113310625 0.076703159375 0.22830507187500002 0.06162079375 0.22989029218749998 0.041376978125000005 0.24281935937500002 0.037166148437500005 0.25111746875 0.0385952484375 0.2647144484375 0.0568739703125 0.2814501671875 0.075829003125 0.2804398546875
1 0.16529607968749999 0.224885228125 0.144777946875 0.22311400468749998 0.1252806015625 0.231054909375 0.11719710624999999 0.2387781109375 0.11672495000000001 0.25846656874999996 0.134799515625 0.2732598625 0.1612957265625 0.271456940625 0.1801806015625 0.2576887609375 0.18085691875 0.2399427296875 0.16529607968749999 0.224885228125
1 0.253691165625 0.2558541421875 0.2579019890625 0.2475560328125 0.2562687328125 0.232016628125 0.2504246515625 0.2247753328125 0.233166715625 0.2177517359375 0.2130568984375 0.2198653625 0.2008965765625 0.22507123281250002 0.1909118265625 0.238885915625 0.19567128125 0.259988390625 0.213133375 0.26895441249999996 0.2419391546875 0.26494486093749997 0.253691165625 0.2558541421875
1 0.3173509734375 0.257018759375 0.3269975671875 0.25207709375 0.33562337656249996 0.23742329843749999 0.334602590625 0.2277111734375 0.32311858125000004 0.21517100625 0.306064803125 0.21008983906249998 0.29098244218749997 0.2116750578125 0.27168925312500003 0.221558390625 0.26632364062499997 0.2309598140625 0.2673444265625 0.24067194062500002 0.27651886718749996 0.25541873593750003 0.29105891562499997 0.2607641078125 0.3173509734375 0.257018759375
1 0.41436555 0.237002696875 0.40919778124999995 0.21201536875000002 0.3892219640625 0.2033135546875 0.36911214531250003 0.2054271828125 0.3523326828125 0.2150463078125 0.345065815625 0.2305392125 0.3519306859375 0.2474926328125 0.3717023421875 0.2542520234375 0.3979944015625 0.250506675 0.40648621250000005 0.2466683234375 0.41436555 0.237002696875
1 0.4496278875 0.24606171875 0.4683787640625 0.24310898124999997 0.4793843 0.239006425 0.4897773640625 0.22907659531250002 0.49065783906249993 0.21327298749999998 0.4875316359375 0.2077099171875 0.4646337765625 0.19538745468750002 0.444523959375 0.19750108125000002 0.4325677953125 0.20464937499999997 0.4246884578125 0.2143150015625 0.42380798750000004 0.230118609375 0.4298562265625 0.2393023296875 0.4391646640625 0.2432336796875 0.4496278875 0.24606171875
1 0.5602255671874999 0.198105590625 0.5454813625 0.19081779375000002 0.5178303609375 0.19372403124999998 0.5005085859375 0.21027374999999998 0.502346 0.22775557812499997 0.5174985249999999 0.23892822812499998 0.546508465625 0.2368611015625 0.5655974984375 0.22503534687500001 0.566069653125 0.2053468859375 0.5602255671874999 0.198105590625
1 0.608605175 0.235244184375 0.6173011421875 0.23334825937499998 0.6331299734375 0.226774871875 0.64121346875 0.21905167187500002 0.641481465625 0.197420784375 0.626328946875 0.186248140625 0.6158657234375 0.1834201 0.59826963125 0.1852695234375 0.5805395421874999 0.1979343921875 0.5763287187499999 0.2062325015625 0.5773495046875 0.215944628125 0.5806798578125 0.22345012656250002 0.595628225 0.232680346875 0.608605175 0.235244184375
1 0.7191390140625 0.2108613671875 0.7192028546875 0.18728805625 0.7067682171875 0.1777936328125 0.6963049953125 0.17496559218750002 0.67368145 0.17734342187500002 0.6540501062499999 0.1960997671875 0.655887521875 0.2135816015625 0.673553765625 0.22449004218750002 0.69502253125 0.2232155265625 0.7062322234375 0.22105539843750002 0.7191390140625 0.2108613671875
1 0.7948188296875001 0.181304378125 0.774434696875 0.168717715625 0.751811153125 0.17109554531249999 0.7321798078125 0.1898518921875 0.7340172218750001 0.2073337203125 0.75440135 0.21992038906250003 0.7806934109375 0.21617504062499998 0.7891852203124999 0.21233668749999998 0.7968604015625 0.2007286359375 0.7948188296875001 0.181304378125
1 0.8700264875 0.171435853125 0.85005066875 0.16273404062500002 0.8249133984375 0.1653760734375 0.809901190625 0.179719159375 0.815068965625 0.20470649062500001 0.8298131703125 0.2119942875 0.86113268125 0.20772053281249997 0.87057511875 0.200836440625 0.8747859468750001 0.19253833125 0.8700264875 0.171435853125
1 0.9159625234375 0.221596515625 0.8980921203125 0.20874564375000002 0.8679273937499999 0.211916084375 0.850197303125 0.22458095312499998 0.8526471890625 0.24789006093750002 0.870313434375 0.2587985015625 0.8993233765624999 0.2567313765625 0.90550561875 0.2550996546875 0.9177999375000001 0.23907834375 0.9159625234375 0.221596515625
1 0.8375648234374999 0.24947528124999999 0.8349107796874999 0.2242237453125 0.8124212359375 0.215786134375 0.79482514375 0.21763555937499998 0.7851785484375 0.222577221875 0.7749896421875 0.2344494796875 0.7774395281250001 0.2577585859375 0.797415346875 0.26646040000000004 0.8211936796874999 0.26297925625 0.8298896421874999 0.2610833328125 0.8375648234374999 0.24947528124999999
1 0.7575338671875 0.2618146390625 0.7617446953125 0.2535165296875 0.763237634375 0.2435401984375 0.7569852406249999 0.23241404999999998 0.734495690625 0.223976440625 0.716899603125 0.22582586249999997 0.707253009375 0.2307675265625 0.697064103125 0.24263978281249998 0.69930983125 0.26400646562499996 0.71677191875 0.272972484375 0.7480914296875001 0.26869872968749997 0.7575338671875 0.2618146390625
1 0.6437973546875 0.2315453375 0.62375769375 0.2464168296875 0.623489696875 0.26804771562499996 0.6438738296875 0.28063438125 0.675193340625 0.2763606265625 0.686741190625 0.265327484375 0.6842913046875 0.2420183765625 0.6588797203125 0.2299601171875 0.6437973546875 0.2315453375
1 0.606365759375 0.25020868125 0.5859816312499999 0.2376220140625 0.5706951078125 0.237264809375 0.5585347890625 0.2424706765625 0.5435225796875 0.25681376562499997 0.5451558375000001 0.2723531703125 0.55371780625 0.2812726859375 0.5657441296875 0.2868822625 0.5920361875 0.2831369140625 0.60840733125 0.2696329359375 0.606365759375 0.25020868125
1 0.4902558375 0.2457193171875 0.46790660937500006 0.26279743906249997 0.46682197812500004 0.276658621875 0.4851007 0.29339434531249997 0.5141106421875 0.29132721875 0.5306859484374999 0.27976566406250003 0.5309539453125 0.2581347828125 0.5105698125 0.24554811562499998 0.4902558375 0.2457193171875
1 0.4530284 0.2663250875 0.43244011093749996 0.2517959953125 0.41212613437499995 0.25196719375 0.399965815625 0.25717306406249996 0.38726318125 0.269309521875 0.389508909375 0.290676203125 0.3992256640625 0.29849240625 0.40968888750000004 0.3013204453125 0.433467215625 0.2978392984375 0.4523520890625 0.28407111875 0.4530284 0.2663250875
1 0.37673611875 0.290054796875 0.377208271875 0.27036633593750004 0.35410625625000003 0.25610144687499997 0.3314827078125 0.258479278125 0.3118513625 0.2772356234375 0.3166108234375 0.2983381015625 0.32360968749999997 0.30447608437499996 0.3365866359375 0.307039915625 0.35785124375 0.303822975 0.3640334796875 0.30219125468749997 0.37673611875 0.290054796875
1 0.272384515625 0.312805890625 0.2835942078125 0.3106457625 0.2918818609375 0.304864984375 0.29989520000000003 0.2843839171875 0.293642803125 0.27325776875 0.2786944359375 0.2640275484375 0.26089418750000004 0.2639345484375 0.2439105734375 0.2716112484375 0.23351750937500002 0.281541078125 0.2320245625 0.29151740937500004 0.2386852765625 0.30652840625 0.24819787343750002 0.3124021859375 0.272384515625 0.312805890625
1 0.1731178953125 0.275124090625 0.1557961203125 0.29167380781249996 0.160555575 0.3127762875 0.17550393749999998 0.3220065078125 0.204309721875 0.31799695625 0.2204767140625 0.302550553125 0.21843514218750001 0.2831262984375 0.20328262343749998 0.27195365 0.1731178953125 0.275124090625
1 0.1444524234375 0.3046493765625 0.1430233234375 0.2910524 0.13717924374999999 0.2838111046875 0.1226391953125 0.278465734375 0.0975019203125 0.2811077671875 0.07977182968749999 0.2937726328125 0.07950383125 0.3154035171875 0.097374240625 0.3282543875 0.12135672500000001 0.3267156671875 0.1404457578125 0.3148899140625 0.1444524234375 0.3046493765625
1 0.107907615625 0.3438402921875 0.0875234875 0.331253625 0.0623862140625 0.333895659375 0.0450644375 0.3504453765625 0.047106009375 0.36986963125 0.0649764171875 0.3827205 0.08875474531250001 0.3792393578125 0.1055342078125 0.36962023125 0.11123797656250001 0.35134579062500004 0.107907615625 0.3438402921875
1 0.26416702187499996 0.3313445328125 0.2465007703125 0.3204360921875 0.21633604375 0.3236065328125 0.1990142734375 0.3401562484375 0.20397788437500003 0.363201153125 0.21872209062499998 0.3704889484375 0.24270458125 0.368950228125 0.258329253125 0.36043441718749997 0.26620859375 0.35076878906250003 0.26416702187499996 0.3313445328125
1 0.1730666875 0.3713597546875 0.185769321875 0.3592232984375 0.18603731875 0.3375924140625 0.1736026828125 0.3280979890625 0.15288039375 0.3243843375 0.131073478125 0.3345318703125 0.12298998125 0.34225507187500004 0.1221095140625 0.3580586796875 0.1283619078125 0.369184825 0.1378745046875 0.375058603125 0.16688444687499998 0.3729914765625 0.1730666875 0.3713597546875
1 0.339782996875 0.32536085937500003 0.3168851328125 0.313038396875 0.2992890453125 0.3148878203125 0.2767356546875 0.330023515625 0.27959385625 0.357217475 0.3020834015625 0.36565508593749996 0.32083427656249996 0.36270235 0.32953024375 0.360806425 0.3399233078125 0.35087659375 0.339782996875 0.32536085937500003
1 0.374700859375 0.30696171875 0.35466120156250003 0.3218332109375 0.3571110875 0.3451423171875 0.3772910625 0.3557865609375 0.398555665625 0.35256961875 0.4174405390625 0.3388014375 0.41791269375000006 0.31911297968749996 0.3975285609375 0.3065263125 0.374700859375 0.30696171875
1 0.4935286703125 0.313129303125 0.4783761453125 0.3019566546875 0.45765385625 0.2982430078125 0.4325867453125 0.31364290625 0.4293967046875 0.331653146875 0.4451617 0.34865306875 0.469348340625 0.34905677343749997 0.480353878125 0.344954221875 0.4930565109375 0.33281776406249997 0.4935286703125 0.313129303125
1 0.563306875 0.33623551093750004 0.57349578125 0.32436325625 0.571454209375 0.3049389984375 0.5537879640625001 0.294030553125 0.5332698328125 0.2922593296875 0.5141808 0.304085084375 0.5086110296874999 0.3115440828125 0.5106526015624999 0.330968340625 0.5230872390625 0.3404627640625 0.5335504624999999 0.34329080156249997 0.5548150640625 0.340073859375 0.563306875 0.33623551093750004
1 0.629199778125 0.28610445156250003 0.6088858046875 0.28627565312500003 0.5865365765624999 0.30335377812500003 0.58545195 0.3172149609375 0.5915001875 0.3263986828125 0.6037306671875 0.33395068125 0.6327406078125 0.33188355468749997 0.6470063453125 0.32252863125000003 0.6495839125 0.29869111875 0.629199778125 0.28610445156250003
1 0.727917771875 0.294385665625 0.722073690625 0.2871443703125 0.7073294812500001 0.27985657656249996 0.6845017796875 0.280291978125 0.664462121875 0.2951634734375 0.6604554499999999 0.3054040078125 0.6641941250000001 0.3167943578125 0.684578253125 0.3293810265625 0.70856074375 0.32784230625 0.7251360484375 0.31628075624999996 0.727917771875 0.294385665625
1 0.8049628484375001 0.30199896875 0.8027171203125001 0.2806322875 0.7800234125000001 0.27025225 0.7550903 0.2748367109375 0.74028225 0.29112222499999996 0.74171135 0.3047192015625 0.7502733187499999 0.31363872187499997 0.765017521875 0.32092651875 0.7862821296875 0.3177095765625 0.7972876671875 0.3136070203125 0.8049628484375001 0.30199896875
1 0.8856062765624999 0.29548688749999996 0.8837688625 0.27800505625 0.8779247765625 0.2707637609375 0.863384728125 0.265418390625 0.8355295703125 0.266382203125 0.8205173640625001 0.2807252890625 0.8229672499999999 0.3040343953125 0.8406335 0.314942840625 0.8696434421875001 0.312875715625 0.8813954484375 0.303784996875 0.8856062765624999 0.29548688749999996
1 0.9288244234375 0.3439693265625 0.9238608125000001 0.3209244234375 0.9089124500000001 0.31169420312499996 0.8714106984375001 0.31759967968749997 0.861425946875 0.3314143578125 0.863059203125 0.3469537625 0.8691074421874999 0.3561374859375 0.8890832609375 0.3648393 0.91286159375 0.3613581546875 0.9246136015624999 0.3522674359375 0.9288244234375 0.3439693265625
1 0.81944536875 0.36724882812500004 0.8331687921875 0.3648244953125 0.8437660156250001 0.356837090625 0.84634358125 0.33299957812500003 0.8311910625 0.32182693281249997 0.8207278375 0.3189988921875 0.803131746875 0.320848315625 0.7854016578125 0.3335131859375 0.7811908328125 0.34181129375 0.782415775 0.3534658453125 0.797772453125 0.36658091875 0.8107494015625001 0.3691447546875 0.81944536875 0.36724882812500004
1 0.7700512984375 0.3567292875 0.7684180421875 0.3411898828125 0.7532655171875 0.3300172375 0.74280229375 0.327189196875 0.722692475 0.3293028234375 0.7051665421875 0.3439101171875 0.7072081140625001 0.363334371875 0.727592246875 0.3759210375 0.7563980328125 0.37191148749999997 0.7658404703125 0.365027396875 0.7700512984375 0.3567292875
1 0.6932103796875 0.35105841249999997 0.6803674296875 0.3376791359375 0.661954709375 0.33175885781250003 0.6544135265625 0.3325514671875 0.6422532046875 0.3377573328125 0.627241003125 0.352100421875 0.6290784171875 0.3695822515625 0.6521804328125 0.3838471390625 0.6734450359374999 0.3806301984375 0.6900203421875 0.369068646875 0.6932103796875 0.35105841249999997
1 0.5716646859375001 0.343212603125 0.5518291828125 0.3600265234375 0.55427906875 0.3833356296875 0.5717411625000001 0.392301646875 0.6005469437500001 0.388292096875 0.6146085234374999 0.37699474843749997 0.6146723625 0.3534214390625 0.5867470515625001 0.3416273828125 0.5716646859375001 0.343212603125
1 0.49122541562500005 0.35166711093749997 0.4734953234375 0.364331975 0.47655768125 0.3934683609375 0.49381561874999996 0.40049195156249995 0.5201076718750001 0.39674660624999997 0.5370912921875 0.389069903125 0.5367468171875001 0.36161174375 0.513848959375 0.34928928125 0.49122541562500005 0.35166711093749997
1 0.45603955 0.3916971375 0.461947475 0.3753651234375 0.458617121875 0.3678596234375 0.44095087031249997 0.356951178125 0.4229464640625 0.35491575000000003 0.40596285 0.36259245 0.3955697796875 0.37252227968749996 0.395097625 0.392210740625 0.40094170937499995 0.3994520359375 0.418199640625 0.4064756296875 0.43946424375 0.4032586875 0.45603955 0.3916971375
1 0.377909846875 0.3979450140625 0.37817785000000004 0.37631413281250004 0.3655390578125 0.3648772796875 0.3550758328125 0.362049240625 0.34250719375 0.3633702578125 0.317644240625 0.380712584375 0.3202982828125 0.40596412031250007 0.3325287625 0.41351612031249996 0.356511246875 0.41197739999999994 0.3652072140625 0.41008147656249994 0.377909846875 0.3979450140625
1 0.302357715625 0.38035538125 0.2899230796875 0.37086095625 0.271918675 0.3688255265625 0.2524213265625 0.37676643125 0.2420282625 0.3866962625 0.24073948125000003 0.39861502031249996 0.2539907453125 0.41587914687499994 0.2696855828125 0.42012120468749997 0.28592272812499997 0.4174326703125 0.3022938765625 0.40392869062500003 0.302357715625 0.38035538125
1 0.226065434375 0.4040850890625 0.22381970468749998 0.38271840625000003 0.2063576125 0.373752390625 0.1862477953125 0.3758660171875 0.1692641734375 0.38354271875 0.1615889921875 0.3951507703125 0.1690663359375 0.4179314703125 0.17857893125 0.42380524687500004 0.2075888734375 0.421738121875 0.21377110937500002 0.4201064 0.226065434375 0.4040850890625
1 0.1308181125 0.42882511250000005 0.143520746875 0.41668865468750005 0.1431762765625 0.38923049062500004 0.125918340625 0.3822068984375 0.1032947984375 0.384584728125 0.0886207453125 0.3900547984375 0.0786359953125 0.40386948125 0.0831912921875 0.4230295359375 0.09290804531249999 0.43084573906249996 0.1033712703125 0.4336737734375 0.12463587031250001 0.43045683281249997 0.1308181125 0.42882511250000005
1 0.1917663546875 0.46464268437499995 0.19244266875 0.44689665156249997 0.17729014375000002 0.43572400624999996 0.14461169062499998 0.43915865 0.137274665625 0.4418936859375 0.12708575625000001 0.45376594062500003 0.1324576890625 0.4806956953125 0.14720189374999998 0.48798349218750003 0.1611294703125 0.4875015859375 0.1771624625 0.48287062656249996 0.1917663546875 0.46464268437499995
1 0.26840311250000004 0.4683711375 0.272409784375 0.45813060468750005 0.268466953125 0.444797828125 0.2505965515625 0.43194695781250003 0.22797300156250003 0.43432478906250005 0.20793334218749998 0.449196284375 0.21058738593749998 0.47444781562499994 0.22553575312500002 0.48367803593750003 0.2470045125 0.4824035203125 0.2557004796875 0.4805075953125 0.26840311250000004 0.4683711375
1 0.34503986875 0.4720995890625 0.3559752515625 0.4552391671875 0.3512157984375 0.4341366921875 0.344216928125 0.42799871093749997 0.32580420781249997 0.4220784328125 0.2983573625 0.42692709375 0.2877601421875 0.4349144984375 0.2814439015625 0.4473616609375 0.289125403125 0.47208478906250007 0.311614946875 0.4805224 0.33539328125 0.47704125468749997 0.34503986875 0.4720995890625
1 0.42201478750000004 0.46695502656250004 0.42968996875 0.45534697187499995 0.4270359265625 0.430095440625 0.40936967500000004 0.4191869953125 0.3840282484375 0.419886603125 0.3718679296875 0.4250924734375 0.361474859375 0.43502230312499995 0.3618193328125 0.4624804625 0.3769718578125 0.4736531109375 0.38743508125 0.47648115156250004 0.4061859515625 0.47352840937499996 0.42201478750000004 0.46695502656250004
1 0.496399503125 0.41298561874999995 0.4764236828125 0.40428380468749997 0.45149057187499997 0.4088682640625 0.43627420624999996 0.421268925 0.43872409218749997 0.44457803125 0.46162195156249997 0.4569004953125 0.482886553125 0.453683553125 0.501567271875 0.437972946875 0.5022435828125 0.4202269140625 0.496399503125 0.41298561874999995
1 0.55727126875 0.3997141453125 0.5321339984375 0.4023561796875 0.5201778312500001 0.409504475 0.512298496875 0.4191701 0.517466265625 0.44415742968750005 0.5374420843750001 0.45285924218750007 0.5637341375 0.44911389531249996 0.57990113125 0.4336674953125 0.577655403125 0.4123008125 0.55727126875 0.3997141453125
1 0.65531295 0.42574139375 0.6559892609375 0.4079953578125 0.637914696875 0.3932020625 0.6274514734375 0.39037402656250003 0.6148828375 0.39169504375 0.592329453125 0.4068307390625 0.5922656078124999 0.43040405000000004 0.6074181328125 0.44157669843749997 0.62909105 0.44224460624999995 0.6426103109375 0.43787785156250003 0.65531295 0.42574139375
1 0.8130652890625001 0.403269303125 0.8116361890625001 0.3896723234375 0.8044331671875 0.3815919171875 0.7833025625000001 0.3739934171875 0.7633969031250001 0.37804946875 0.7481805390625 0.3904501296875 0.750630425 0.4137592375 0.7735282828125001 0.4260817 0.7947928859375 0.4228647609375 0.8090586234374999 0.41350983750000003 0.8130652890625001 0.403269303125
1 0.8939128734375 0.3986996453125 0.8891534203125 0.3775971703125 0.8821545499999999 0.3714591890625 0.863741834375 0.365538909375 0.8436320171875 0.36765253593749997 0.826514396875 0.38614467812500003 0.831273853125 0.4072471578125 0.8539675546875 0.4176271921875 0.8752321578125001 0.4144102515625 0.8814143984375 0.41277853125 0.8939128734375 0.3986996453125
1 0.7232537390625 0.4313657671875 0.731337234375 0.42364256562499997 0.7341189640625 0.40174748125 0.71876228125 0.38863240781249997 0.708299059375 0.3858043671875 0.6881892406250001 0.38791799375 0.67045915 0.40058286406250004 0.669986996875 0.4202713203125 0.6880615609375 0.43506461406249997 0.701038509375 0.43762845156249996 0.709734478125 0.43573252812499996 0.7232537390625 0.4313657671875