1 0.918644875 0.10909892968749998 0.9011708234375 0.0977399890625 0.877304065625 0.09886086093749999 0.866287965625 0.10727058593750001 0.8612555937499999 0.114912115625 0.860846615625 0.126623728125 0.86526551875 0.1365496171875 0.8756681531250001 0.145707303125 0.881583721875 0.14689103750000002 0.8993985828125 0.1484903046875 0.9090543484375001 0.144918859375 0.9225866343750001 0.1326883671875 0.9231319390625 0.11707288593750001 0.918644875 0.10909892968749998
1 0.7867330796875 0.0996066828125 0.7583792578125 0.092753596875 0.7487916546875 0.0943731078125 0.7426716 0.099045178125 0.7424671109375 0.10490098437499999 0.7375029046875 0.1105905765625 0.7369576 0.1262060578125 0.7495356015625 0.14130265625 0.7649024437499999 0.14477075156250002 0.782853634375 0.1424661484375 0.7938697328125001 0.134056421875 0.799174759375 0.118607153125 0.792512321875 0.10469428437499999 0.7867330796875 0.0996066828125
1 0.8411231828125001 0.1796786484375 0.8293602124999999 0.17535924218750001 0.8126330359375 0.1767294328125 0.8016169328125 0.1851391625 0.7940683765625 0.1966014546875 0.7937957234375 0.20440919375000002 0.8005263234375001 0.216370125 0.8145328296875001 0.22467650312499998 0.8347275515625 0.22635887968750001 0.84438331875 0.2227874359375 0.8579156031249999 0.2105569390625 0.8561492093749999 0.19290641718749998 0.8411231828125001 0.1796786484375
1 0.9026528671875 0.2599999328125 0.8836821531249999 0.25738314375 0.860425940625 0.27513701562500004 0.8598806359375001 0.29075249687500004 0.8643677000000001 0.298726453125 0.8747703359375001 0.3078841375 0.8806859046875 0.309067875 0.9008806265624999 0.31075024687499997 0.9214843328125 0.300721009375 0.9222341265624999 0.27924972187499997 0.91774705625 0.2712757671875 0.9026528671875 0.2599999328125
1 0.8644300156250001 0.3651753546875 0.8578357437499999 0.349310553125 0.8379818359375 0.337868503125 0.818806634375 0.341107525 0.8053425109375001 0.35138608125 0.8001738109375 0.3629314796875 0.804456390625 0.37676123906250003 0.814859021875 0.3859189265625 0.823086284375 0.3891377015625 0.8385212937500001 0.3906538609375 0.84572903125 0.3889512484375 0.857832821875 0.383510975 0.8640210375 0.37688696718750003 0.8644300156250001 0.3651753546875
1 0.8967226796875 0.42981829375 0.8801318281249999 0.42728461093750003 0.8705442250000001 0.42890412187500004 0.854632078125 0.441051509375 0.8517069171875 0.45658388437499997 0.8538822843749999 0.4625227953125 0.8642167546874999 0.4736324203125 0.8724440171875001 0.47685119374999996 0.8950186015625 0.47861667656250007 0.9133787718749999 0.464600459375 0.9161676125 0.45297195312499994 0.9140604031249999 0.4450811078125 0.8967226796875 0.42981829375
1 0.777934196875 0.4198071609375 0.7588953203125001 0.4191423078125 0.7492395546874999 0.42271375312500004 0.7380871296875 0.43502735625 0.7353664531249999 0.44470392500000006 0.7374736625 0.45259477031250006 0.7559672328125 0.4688751046875 0.7785418171875 0.47064058593749997 0.79935000625 0.454755540625 0.7998271484374999 0.44109199375 0.795408246875 0.43116610624999996 0.777934196875 0.4198071609375
1 0.8518373921875 0.5210808515625 0.8296036234375 0.5095556953125 0.8177043265625 0.5091401624999999 0.8080485656249999 0.5127116093749999 0.794516275 0.524942103125 0.7961463421875 0.546496496875 0.812396378125 0.5587898499999999 0.8325911046875 0.5604722265625 0.84224686875 0.5569007796875 0.8533311328125001 0.5465391171875 0.8540809265625 0.5250678296875 0.8518373921875 0.5210808515625
1 0.7350879546875 0.520912503125 0.728289190625 0.5109035078125 0.710746978125 0.5014965 0.69646781875 0.5009978609375 0.6868120578125 0.504569303125 0.6732116046875001 0.5187517328125 0.674909834375 0.538354190625 0.6853124703125 0.5475118796875 0.6935397328125 0.5507306562500001 0.7113545984375 0.5523299203125001 0.7210103609375 0.548758478125 0.7344744875 0.5384799218749999 0.7370588328125 0.5327072203125 0.7350879546875 0.520912503125
1 0.8979320703125 0.599885978125 0.8694419203124999 0.5969367640625001 0.85108175 0.6109529796875 0.8481565859375 0.6264853546875 0.8526436515625001 0.6344593078125 0.8653579828125 0.6456520359375 0.8712735515625001 0.6468357703125001 0.891468275 0.6485181437499999 0.912276465625 0.6326331 0.912889934375 0.6150656828125001 0.9060911703125001 0.6050566875000001 0.8979320703125 0.599885978125
1 0.769555984375 0.591494353125 0.7481372515625 0.59074639375 0.72732905625 0.606631440625 0.7267837515625 0.622246921875 0.733582515625 0.63225591875 0.7440533125 0.63946166875 0.7523487390625 0.6407285093749999 0.7630240265625 0.6420784546875 0.7750596484375001 0.6385901171875 0.7885919390625 0.626359625 0.78920540625 0.6087922109374999 0.769555984375 0.591494353125
1 0.8527741296875 0.698956278125 0.840127965625 0.6858116125 0.8260532968750001 0.6794571687500001 0.80939428125 0.678875421875 0.799738515625 0.682446865625 0.7886542515625 0.6928085281249999 0.785865415625 0.7044370343749999 0.7879044578125 0.714279815625 0.798238928125 0.725389440625 0.806466190625 0.7286082171875 0.8266609171875 0.7302905890625 0.8338686546874999 0.7285879703125 0.8448165953125001 0.722130178125 0.8523651515624999 0.7106678859375 0.8527741296875 0.698956278125
1 0.6758992078125 0.1006220640625 0.665428409375 0.0934163140625 0.644077840625 0.090716421875 0.6258539953125 0.1008287640625 0.620821625 0.108470290625 0.6225880203124999 0.126120815625 0.6306107921875 0.13519539687499998 0.6388380546875 0.138414171875 0.659032778125 0.1400965453125 0.6748085984375 0.131853028125 0.67984096875 0.1242115015625 0.6826298078125 0.112582996875 0.6758992078125 0.1006220640625
1 0.7244419093750001 0.1775583609375 0.7150587953125 0.17332206562500002 0.69601991875 0.1726572125 0.68507198125 0.17911500625000001 0.6775915859375 0.1886253625 0.6792216546875001 0.21017975625 0.693159996875 0.2204380703125 0.7157345796875 0.222203553125 0.7315104 0.21396003593750001 0.7365427703125 0.20631850625 0.73484454375 0.18671605 0.7244419093750001 0.1775583609375
1 0.7858352656250001 0.26178351875 0.7764521531249999 0.25754721875 0.755033415625 0.25679925937500003 0.745377653125 0.2603707078125 0.7342933890625 0.2707323703125 0.7337480843749999 0.28634785156250003 0.7382351500000001 0.2943218078125 0.7486377828124999 0.30347949218750003 0.754553353125 0.3046632296875 0.7723682140625 0.30626249375 0.77957595625 0.3045598765625 0.7931082453125 0.292329384375 0.7961015703125 0.2748450765625 0.7858352656250001 0.26178351875
1 0.6725533687499999 0.2646677296875 0.6621507359375001 0.2555100421875 0.652767625 0.25127374687500004 0.631280725 0.25247772031250004 0.6153004156249999 0.26657704375 0.6146869484375 0.2841444625 0.6273331140625 0.2972891265625 0.6355603765625 0.30050790312500003 0.6486155250000001 0.3019409546875 0.655823265625 0.3002383375 0.669219225 0.29191171875 0.6742515953125 0.2842701890625 0.6725533687499999 0.2646677296875
1 0.6055170953125 0.1714511015625 0.5961339875 0.167214803125 0.5770951109375 0.16654995 0.5636991484375 0.17487657343750002 0.5561505953125 0.186338865625 0.555741615625 0.198050478125 0.56022868125 0.2060244296875 0.5660079203125 0.2111120359375 0.581306603125 0.2165320640625 0.591981884375 0.21788201406250002 0.6016376515624999 0.21431057031249998 0.6151699374999999 0.20208007343749998 0.6157834046875 0.184512659375 0.6055170953125 0.1714511015625
1 0.49672226875 0.182309265625 0.492235203125 0.1743353140625 0.47476115312499995 0.1629763703125 0.46286185625 0.1625608375 0.450826234375 0.166049178125 0.43722578125 0.180231603125 0.43674863906250005 0.19389515156249998 0.441235709375 0.201869103125 0.4493266453125 0.20899175312499998 0.45993376875 0.21229363124999998 0.4706090515625 0.21364358125 0.48264467968749997 0.21015524375 0.49366077812500003 0.20174551406250002 0.49624512656249997 0.1959728140625 0.49672226875 0.182309265625
1 0.553506853125 0.09146224375 0.5441237437499999 0.087225946875 0.5203933078125 0.08444294531249999 0.5045493265625 0.0946383953125 0.4995169546875 0.1022799234375 0.49903981406250003 0.1159434703125 0.5116178171875 0.1310400703125 0.5269846578124999 0.134508165625 0.54493585 0.1322035625 0.5559519515625 0.1237938328125 0.5584681390624999 0.11997306875 0.5592179328125 0.09850178125 0.553506853125 0.09146224375
1 0.44036128281250003 0.0904425859375 0.42050737656250003 0.079000534375 0.4062282171875 0.0785018953125 0.3831764921875 0.0903999625 0.3824266984375 0.1118712515625 0.40092026875000003 0.12815158437500002 0.42349485312499996 0.12991706249999999 0.43444279375 0.12345926874999999 0.4419231859375 0.1139489140625 0.4426048171875 0.0944295625 0.44036128281250003 0.0904425859375
1 0.284923546875 0.0723115296875 0.27533594843750003 0.0739310359375 0.2643198453125 0.0823407671875 0.2592874765625 0.089982296875 0.25887849687500003 0.10169390468749999 0.2656090984375 0.11365483750000001 0.27492404375 0.11984306874999999 0.297498628125 0.121608546875 0.3157906359375 0.10954426875 0.3188521265625 0.09010802343749999 0.30627412187499997 0.075011421875 0.284923546875 0.0723115296875
1 0.36882332500000004 0.1602540984375 0.35590450625000003 0.1549171734375 0.32965788906250004 0.1559549375 0.321157975 0.1605439015625 0.31612560312500004 0.16818543125000002 0.315443971875 0.1877047828125 0.317687503125 0.1916917578125 0.3280901390625 0.200849446875 0.34107711875 0.2042344359375 0.3542004296875 0.20371555468749997 0.3638561921875 0.2001441125 0.37514494531250003 0.1839266390625 0.3754175984375 0.1761189 0.36882332500000004 0.1602540984375
1 0.24969402500000001 0.1600026421875 0.2322199765625 0.1486437015625 0.2155609609375 0.14806195625000002 0.2059051953125 0.1516333984375 0.194889096875 0.1600431296875 0.19230474687500002 0.165815828125 0.19638283437499998 0.1855013921875 0.20678546875 0.19465908125 0.21501273125 0.1978778578125 0.22806787812499998 0.199310909375 0.24010350156250002 0.1958225734375 0.25384027656249997 0.177736275 0.2541129296875 0.16992853125000001 0.24969402500000001 0.1600026421875
1 0.5489370015625 0.256442321875 0.5337746484375 0.247118421875 0.517115634375 0.24653667499999998 0.50745986875 0.25010811875 0.498891790625 0.25664901875 0.49379125625000003 0.2662424796875 0.4935186046875 0.274050221875 0.4979375078125 0.28397611093749997 0.508340140625 0.2931338015625 0.5213271234375 0.2965187890625 0.5392783140625 0.2942141859375 0.550294415625 0.2858044546875 0.5554631125 0.27425905625 0.553492234375 0.2624643375 0.5489370015625 0.256442321875
1 0.42973954062499997 0.2581427984375 0.4252524734375 0.2501688453125 0.4077784234375 0.2388099046875 0.3934992671875 0.238311265625 0.3838435046875 0.2418827109375 0.3703112140625 0.2541132015625 0.369697746875 0.27168061718750003 0.37194128125 0.27566759687500003 0.3823439171875 0.28482528125 0.39295104062499997 0.2881271640625 0.4036263265625 0.2894771140625 0.41566194999999995 0.2859887734375 0.426678053125 0.277579046875 0.4292623984375 0.271806346875 0.42973954062499997 0.2581427984375
1 0.29585686718750004 0.23685583281249997 0.286473753125 0.2326195359375 0.2698147390625 0.23203779062500002 0.2601589734375 0.23560923437499998 0.24914287499999999 0.24401896406249998 0.2461495453125 0.26150327500000003 0.24832491874999998 0.267442184375 0.2645749546875 0.27973554218749996 0.28714953906249996 0.2815010203125 0.30550970781250003 0.2674848078125 0.3083667078125 0.253904365625 0.3061913390625 0.24796545625 0.29585686718750004 0.23685583281249997
1 0.1850229953125 0.23787121875 0.174552196875 0.230665465625 0.1532697859375 0.22601363281250003 0.143614025 0.22958508125 0.1301498984375 0.2398636375 0.1249812015625 0.2514090375 0.1316436390625 0.2653219015625 0.142046275 0.2744795890625 0.1550332546875 0.277864578125 0.1633286796875 0.27913141874999997 0.1839323859375 0.26910218124999996 0.18896475625 0.2614606515625 0.189510059375 0.24584517031250003 0.1850229953125 0.23787121875
1 0.1976156203125 0.081965721875 0.19081685625 0.071956725 0.1826577578125 0.0667860125 0.17082661875 0.06441854375 0.1516514171875 0.067657565625 0.13805096875 0.081839990625 0.137641990625 0.09355160312500001 0.1420608921875 0.10347749218749999 0.152463528125 0.1126351796875 0.1630706515625 0.1159370625 0.168986215625 0.11712079375 0.1834017 0.11371556406250001 0.1944178015625 0.10530583593750001 0.19951833593749999 0.09571237187500001 0.1976156203125 0.081965721875
1 0.7337422375 0.35474869062500003 0.729255171875 0.3467747359375 0.723475928125 0.3416871328125 0.707021403125 0.33524958125 0.6975019625 0.3349171546875 0.6878462 0.3384885984375 0.6743139125 0.350719090625 0.6737004453125001 0.36828650937499996 0.6759439796875 0.3722734859375 0.68865830625 0.38346621718749996 0.6945738765625 0.38464995 0.7100088796875 0.3861661078125 0.7172166234375 0.3844634953125 0.7306807453124999 0.3741849359375 0.7332650953125001 0.3684122359375 0.7337422375 0.35474869062500003
1 0.6021030953125 0.3374487 0.58564856875 0.3310111484375 0.56647336875 0.334250165625 0.5529410796875001 0.34648065781250004 0.5500840796875 0.36006110156250004 0.5522594484375001 0.3660000140625 0.568441325 0.3802453046875 0.593395765625 0.38209388906249997 0.6117559359375 0.3680776765625 0.6144766125000001 0.358401103125 0.6078823390625 0.342536303125 0.6021030953125 0.3374487
1 0.47134715156249996 0.328973971875 0.45958418125 0.324654565625 0.44768488125 0.3242390328125 0.43564925781249997 0.327727375 0.42456499687499993 0.33808903749999997 0.42388336718749997 0.3576083875 0.42612689687499994 0.36159536718749996 0.43652953125 0.3707530515625 0.44951651249999997 0.374138040625 0.46984756406250006 0.37191654375 0.4784156421875 0.3653756453125 0.4835161765625 0.35578218125 0.4817497828125 0.33813165624999997 0.47134715156249996 0.328973971875
1 0.6644478109375 0.4285471796875 0.6586685703125 0.423459578125 0.642214040625 0.41702202499999996 0.623038840625 0.42026104374999995 0.6145389234375 0.42485001093749997 0.6095065546875 0.43249153749999997 0.6088930859375 0.450058953125 0.6133801515624999 0.45803290625 0.6250067968749999 0.46625618125 0.64758138125 0.4680216609375 0.6633572015625 0.4597781421875 0.6683895703125 0.4521366171875 0.6689348749999999 0.43652113437500006 0.6644478109375 0.4285471796875
1 0.545114021875 0.43415152968750004 0.5406951203125 0.424225640625 0.5208412078125 0.41278359218749994 0.5065620546875 0.412284953125 0.4969062875 0.4158563984375 0.48330584062500004 0.43003882656250003 0.4828968609375 0.4417504390625 0.49193915625000006 0.455746409375 0.50009825625 0.460917121875 0.508393684375 0.46218396093749997 0.5166891125 0.4634508015625 0.528724734375 0.45996246406249996 0.54218885625 0.4496839046875 0.54477320625 0.44391120937500006 0.545114021875 0.43415152968750004
1 0.3430392296875 0.3186304140625 0.32162049375 0.31788245625 0.3032603265625 0.3318986671875 0.3004033234375 0.345479109375 0.3025786953125 0.3514180234375 0.31291316406249997 0.36252764375 0.3211404296875 0.3657464203125 0.338955290625 0.367345684375 0.3486110578125 0.3637742421875 0.36221150625 0.34959181250000004 0.3604451171875 0.331941290625 0.3430392296875 0.3186304140625
1 0.241452140625 0.3277859640625 0.238052759375 0.3227814640625 0.22404625625 0.31447508750000003 0.2026275203125 0.3137271296875 0.1818193296875 0.32961217187499997 0.18147851406249998 0.339371846875 0.185829253125 0.351249671875 0.19392019062500002 0.3583723171875 0.2021474546875 0.36159109375 0.2199623203125 0.363190359375 0.22961808593750002 0.359618915625 0.24070234687499997 0.349257253125 0.2435593484375 0.335676809375 0.241452140625 0.3277859640625
1 0.41463073125000005 0.4178690625 0.4019164 0.4066763296875 0.3925332890625 0.402440034375 0.3806339921875 0.402024503125 0.3661503453125 0.40738166875 0.354929753125 0.42164720468750005 0.3546571015625 0.42945494375 0.3590760046875 0.4393808328125 0.3717903375 0.4505735640625 0.3777059015625 0.451757296875 0.39076104843750004 0.45319034843750006 0.397968790625 0.4514877359375 0.4138809375 0.43934035 0.41653344687500005 0.4316157140625 0.41463073125000005 0.4178690625
1 0.2853032875 0.4026041109375 0.275920175 0.398367815625 0.2520534171875 0.3994886875 0.2410373140625 0.4078984125 0.23593678125 0.41749187968749996 0.23559596562500001 0.4272515546875 0.24232656718749998 0.43921248281249997 0.2610927890625 0.44768507656249995 0.2693882171875 0.44895191562500003 0.2814238390625 0.44546357968750006 0.294956125 0.4332330875 0.29563775468750003 0.4137137359375 0.2853032875 0.4026041109375
1 0.159375221875 0.392343659375 0.135576628125 0.39151259375 0.130748746875 0.3932983171875 0.11973264374999999 0.40170804687499995 0.1146321109375 0.411301509375 0.12109005937499999 0.43107018124999996 0.129180996875 0.43819282499999995 0.1421679765625 0.4415778140625 0.148083546875 0.44276155156249997 0.16249902968750002 0.4393563171875 0.17603131562500002 0.4271258234375 0.176712946875 0.40760647343749995 0.159375221875 0.392343659375
1 0.5844781 0.5009957234375 0.5727151296875 0.496676321875 0.563195690625 0.4963438953125 0.5511600671875 0.49983223125 0.5375596171875 0.5140146609375 0.53925784375 0.53361711875 0.555507884375 0.5459104765625 0.5780824671875 0.5476759546875 0.596374471875 0.535611675 0.5992996359375 0.5200793 0.594880734375 0.5101534125 0.5844781 0.5009957234375
1 0.4782676203125 0.5060811921874999 0.46555329062500006 0.494888465625 0.4584818734375 0.4926872078125 0.436994975 0.4938911859375 0.4210146671875 0.5079905046875 0.42040119843749996 0.5255579234375001 0.42264473281250003 0.5295448984375 0.4330473671875 0.5387025890625 0.4436544875 0.5420044703125 0.456709634375 0.5434375218749999 0.466365396875 0.5398660796875 0.47989768593750004 0.5276355859375 0.48051115468749994 0.5100681687499999 0.4782676203125 0.5060811921874999
1 0.3498233703125 0.49964150625 0.34180059687500003 0.490566925 0.3324174859375 0.48633062968749996 0.31099875 0.4855826703125 0.2926385796875 0.499598884375 0.28984974375 0.5112273890625 0.29195694843750003 0.519118234375 0.30460311875 0.5322629 0.31051868437499996 0.533446634375 0.330713409375 0.5351290078125001 0.34404120625 0.5287543203125 0.34907357656250004 0.5211127906249999 0.351930578125 0.507532353125 0.3498233703125 0.49964150625
1 0.22627516875000003 0.4894641625 0.211112815625 0.480140259375 0.192073940625 0.4794754078125 0.182418175 0.48304685156250005 0.171265746875 0.49536045156249997 0.172963978125 0.5149629078125 0.18098675 0.5240374890624999 0.189214015625 0.5272562671875 0.2117885953125 0.5290217453125 0.225184559375 0.520695125 0.23021693124999998 0.5130535953125 0.23076223593749998 0.4974381140625 0.22627516875000003 0.4894641625
1 0.6656572015625 0.598614865625 0.6576344265625 0.5895402828125 0.6482513125 0.5853039875 0.62683258125 0.5845560296875 0.6147287953125 0.5899963015624999 0.6085405734375 0.596620309375 0.6056835765625 0.610200746875 0.6077907796875001 0.618091596875 0.6239726531249999 0.6323368875 0.6465472359375 0.6341023640625 0.6562030015625 0.6305309218749999 0.6648392453125 0.6220380859375 0.6678325734375 0.604553778125 0.6656572015625 0.598614865625
1 0.541768184375 0.5981971953125 0.5267421578125 0.5849694234375 0.505391584375 0.582269528125 0.49573581874999995 0.5858409765625 0.4847197203125 0.5942507015625 0.481590065625 0.615638884375 0.489544675 0.6266654015625 0.5000836359374999 0.63191921875 0.5226582203125 0.6336846953124999 0.53476200625 0.6282444265625 0.540950228125 0.621620415625 0.543943553125 0.6041361078125 0.541768184375 0.5981971953125
1 0.7048167890625 0.6713148609374999 0.683398053125 0.670566903125 0.6712942671875 0.6760071765625 0.6602100015625 0.6863688421874999 0.6595965328125 0.7039362578125 0.66184006875 0.7079232375 0.6745544 0.719115965625 0.6827816640625 0.722334740625 0.705356246875 0.7241002187500001 0.715012009375 0.7205287765625 0.7260281109375 0.7121190453125 0.724602534375 0.6847088484375 0.7048167890625 0.6713148609374999
1 0.5833076296875 0.670980303125 0.5595090359375 0.6701492375 0.55468115625 0.67193495625 0.543665053125 0.6803446875 0.5386326828125 0.687986215625 0.5403990734375 0.7056367359375 0.5461101515625 0.7126762796875 0.5613406671875001 0.7200482453125 0.581535390625 0.7217306156250001 0.602343584375 0.705845575 0.602957053125 0.68827815625 0.5950024375 0.677251640625 0.5833076296875 0.670980303125
1 0.45731140468750003 0.6626717828124999 0.4479282953125 0.6584354875 0.4312692765625 0.657853740625 0.4216135140625 0.6614251859375 0.40801306249999997 0.6756076156249999 0.4097112921875 0.695210071875 0.42242562031249997 0.706402803125 0.43303274375 0.7097046859375 0.44132817031249993 0.7109715265625 0.45574365468750005 0.7075662953124999 0.4693441015625 0.693383865625 0.46771403906250003 0.6718294703125001 0.45731140468750003 0.6626717828124999
1 0.3890511203125 0.5703895703125 0.3651843640625 0.5715104375 0.3542364265625 0.577968234375 0.34920405468750004 0.5856097609375001 0.34865875 0.6012252421875 0.35314581718750004 0.6091991984375 0.3659283125 0.6184399890625001 0.3718438765625 0.6196237265625 0.3825191640625 0.6209736718750001 0.3945547859375 0.6174853359375 0.4080870765625 0.6052548421874999 0.40870054375000003 0.587687425 0.3890511203125 0.5703895703125
1 0.9070279093750001 0.7829321109375 0.8990051343750001 0.7738575296875 0.884930465625 0.767503084375 0.8682714515625 0.7669213375 0.8586156859375 0.7704927828125 0.8450152359375 0.7846752125 0.8445380953124999 0.798338759375 0.8490251609374999 0.8063127124999999 0.8547362406250001 0.81335225 0.8700349203125001 0.8187722828125 0.8854699234375 0.8202884421875 0.8902978046875001 0.818502721875 0.90376193125 0.8082241625 0.9087943015625 0.8005826359375 0.9070279093750001 0.7829321109375
1 0.7877622828125 0.786584525 0.7787199859375 0.7725885531250001 0.761177775 0.76318154375 0.74689861875 0.7626829046875 0.7372428531249999 0.76625435 0.723710565625 0.7784848453125 0.7230970984375 0.7960522609375 0.727584165625 0.8040262171875 0.7403666609374999 0.8132670109375001 0.7462822250000001 0.8144507437499999 0.7617172296875 0.8159669031250001 0.768924971875 0.8142642890625 0.7799410734375 0.8058545593750001 0.78755779375 0.7924403296875 0.7877622828125 0.786584525
1 0.661152590625 0.7958434265625 0.6640095890625 0.782262984375 0.661902384375 0.7743721390625 0.6468763578125001 0.76114436875 0.6351133875 0.7568249671875 0.6232140875 0.756409434375 0.6111784640625 0.7598977703124999 0.6001623656249999 0.7683075015624999 0.5948573390624999 0.78375676875 0.6014516125 0.7996215703125 0.6118542484375 0.8087792578125 0.62368538125 0.8111467250000001 0.6271529265625 0.8141992874999999 0.6354483531249999 0.8154661265625001 0.646259965625 0.812912203125 0.648844315625 0.8071395062500001 0.6561202171875 0.803484953125 0.661152590625 0.7958434265625
1 0.52781521875 0.758940975 0.5161204109375 0.752669640625 0.49225365468750004 0.7537905078125 0.481305715625 0.7602483015625 0.4762733453125 0.7678898296875001 0.47565987656250003 0.7854572484375 0.49415344843750003 0.8017375828125 0.514348171875 0.8034199546874999 0.5301239921875001 0.7951764375 0.535156365625 0.7875349125 0.535769834375 0.7699674937500001 0.52781521875 0.758940975
1 0.3334905515625 0.66030218125 0.32410743750000004 0.656065884375 0.3026887015625 0.6553179250000001 0.2818805109375 0.6712029687500001 0.28126704375 0.6887703859375 0.28351057812499997 0.6927573625 0.2915333515625 0.70183194375 0.3044521703125 0.7071688671875 0.31988717499999997 0.7086850296875 0.329542940625 0.7051135859375 0.3431433875 0.69093115625 0.341513325 0.6693767625 0.3334905515625 0.66030218125
1 0.28487968750000003 0.585317821875 0.2803926203125 0.577343865625 0.2699899859375 0.5681861765625 0.258227015625 0.5638667749999999 0.23422393281249998 0.5688915156250001 0.223071503125 0.581205115625 0.22259436250000003 0.5948686609375 0.227013265625 0.604794553125 0.2351042015625 0.6119171984375 0.24571132499999998 0.61521908125 0.25876647343750003 0.6166521328125001 0.2659742109375 0.614949515625 0.2793701734375 0.6066228953125 0.2844707078125 0.5970294296875001 0.28487968750000003 0.585317821875
1 0.1682665703125 0.5812456015625 0.16384766875 0.5713197125 0.1534450328125 0.562162025 0.14168206249999998 0.55784261875 0.1200588421875 0.562950465625 0.1114907640625 0.56949136875 0.1063902265625 0.5790848328125 0.10598124843750001 0.5907964406249999 0.11046831718750001 0.5987703953125 0.11855925468749999 0.6058930421875 0.131546234375 0.60927803125 0.13984165937499998 0.6105448703125 0.1542571453125 0.607139640625 0.16282522187499998 0.6005987390625 0.16799391875 0.589053340625 0.1682665703125 0.5812456015625
1 0.1604395140625 0.668916471875 0.15003687968749999 0.659758784375 0.1286863109375 0.6570588890625 0.12147856875 0.6587615062500001 0.108082609375 0.667088128125 0.1030502359375 0.6747296546875 0.1047484640625 0.694332115625 0.11508293750000001 0.7054417374999999 0.12099850000000001 0.7066254703125 0.141193228125 0.708307846875 0.15084899062499998 0.7047363984375 0.1619332546875 0.6943747359375 0.1648584171875 0.6788423609375001 0.1604395140625 0.668916471875