1 0.8293736640624999 0.1692826421875 0.8220559453125 0.1640619453125 0.8043068625 0.1604356203125 0.7798579734375 0.1685443265625 0.7735822031249999 0.177154265625 0.76962048125 0.19021953593750002 0.7724555046875 0.201590190625 0.78482535 0.2125964609375 0.7939361484375 0.21535717499999998 0.8021019328125 0.2143276765625 0.8147988796875 0.2121684296875 0.8251817796875001 0.205553846875 0.836364278125 0.1876688578125 0.8357948374999999 0.1757333328125 0.8293736640624999 0.1692826421875
1 0.6969764734375 0.1932348421875 0.6783793203124999 0.1958587140625 0.67205508125 0.1994484421875 0.6635137265625 0.2086232515625 0.6608725828125 0.2173334328125 0.6609695171875 0.22737385 0.6655976203125 0.236284521875 0.6847642125 0.2455961734375 0.706523484375 0.24117743749999998 0.7191234984375 0.22897777187499999 0.7217646421875 0.2202675921875 0.717512109375 0.2032116125 0.6969764734375 0.1932348421875
1 0.588894953125 0.2423246796875 0.563501053125 0.24664317656249998 0.5553837359375 0.2526928828125 0.54958046875 0.263197928125 0.551094915625 0.278923671875 0.554778009375 0.284044125 0.573944603125 0.293355775 0.5979694609374999 0.2883721640625 0.6096244640624999 0.27238228593749997 0.6076375125 0.25476143281249997 0.60395441875 0.24964097968750001 0.588894953125 0.2423246796875
1 0.46640815937499996 0.2577671890625 0.4536142734375 0.2498860171875 0.44360694062499995 0.2483552921875 0.42548229062500004 0.25287427500000004 0.4173649734375 0.2589239828125 0.41024113125 0.2737841203125 0.4140211609375 0.288944990625 0.42044233750000004 0.2953956796875 0.4300256375 0.30005150625 0.438663928125 0.300917115625 0.45589203593749994 0.2976281203125 0.4640093546875 0.2915784125 0.4716057 0.2786133859375 0.47009125 0.2628876421875 0.46640815937499996 0.2577671890625
1 0.3253242140625 0.2758335703125 0.3089926421875 0.2778925734375 0.3026683984375 0.2814822984375 0.2887478140625 0.29803705625 0.2907347640625 0.3156579046875 0.306739240625 0.3267644234375 0.3153775296875 0.32763003125 0.33487122343750003 0.323776165625 0.345678159375 0.314036484375 0.3501123828125 0.302866321875 0.34585984999999997 0.285810340625 0.3253242140625 0.2758335703125
1 0.747957975 0 0.7392226546875 0.0055649687500000005 0.73115380625 0.0166348859375 0.728512659375 0.025345067187499997 0.735030771875 0.041836174999999996 0.745086571875 0.0483871078125 0.7564629468749999 0.050582953124999996 0.773691059375 0.047293962499999995 0.781808375 0.0412442515625 0.792990878125 0.0233592625 0.7855277546874999 0.0030779375 0.7791922984374999 0 0.747957975 0
1 0.6731937015625 0.0351117953125 0.6526580625 0.025135026562500003 0.636326490625 0.027194028125000002 0.62773666875 0.031348628125 0.6156091625 0.0454434015625 0.6171236109375 0.06116914531249999 0.62127920625 0.0681847078125 0.6404458015625 0.077496359375 0.6622050749999999 0.073077621875 0.67032239375 0.0670279109375 0.6779187390625 0.054062885937500006 0.6773492937500001 0.042127359375 0.6731937015625 0.0351117953125
1 0.75194396875 0.100019675 0.7318808359375 0.09193801562500001 0.709225021875 0.09758674375000001 0.701107703125 0.10363645156250001 0.6953044359375 0.114141496875 0.6958738796875 0.1260770203125 0.7005019765625 0.13498769375 0.7219341531250001 0.143734471875 0.7414278453125001 0.13988060625 0.7495451640625 0.1338309 0.757141509375 0.120865871875 0.7556270609375 0.105140128125 0.75194396875 0.100019675
1 0.554062903125 0.0688402765625 0.5472176875 0.0655146859375 0.5349447781250001 0.0645488328125 0.5168201265625 0.069067815625 0.508702809375 0.0751175234375 0.500633959375 0.086187440625 0.505358996875 0.10513853124999999 0.5117801734375 0.1115892203125 0.5213634703125 0.116245046875 0.5345329249999999 0.1159809109375 0.5426987078125001 0.11495140781249999 0.557140265625 0.10531197031249999 0.5637916046875 0.088556728125 0.560484078125 0.075290965625 0.554062903125 0.0688402765625
1 0.6523553296875 0.1349145 0.631347190625 0.12304262031249999 0.6022702 0.12224065937499999 0.5932078765625 0.12450015 0.5914632640625 0.1319803390625 0.5820253765625 0.14238513749999998 0.5811773046875001 0.1486353375 0.5844848296875 0.1619010984375 0.5913785140625001 0.17024689843750002 0.6100726046875 0.17766344218750002 0.629566296875 0.173809575 0.6417422703125 0.1647350109375 0.6475455375 0.15422996718749998 0.6487691765625 0.13983446093750002 0.6523553296875 0.1349145
1 0.5031540640625 0.15903058750000001 0.4827638375 0.1641144421875 0.47464651875 0.17016415468749999 0.4688432484375 0.1806692 0.47083020312499996 0.1982900484375 0.47725137812499996 0.2047407390625 0.4895727609375 0.2107268 0.49821105 0.21159241093749998 0.5109079999999999 0.209433165625 0.5212909 0.20281858125 0.5302078171875 0.185498465625 0.5232171984375 0.1671122515625 0.5031540640625 0.15903058750000001
1 0.43625267812499996 0.0982136640625 0.4161895453125 0.0901320046875 0.3957993140625 0.0952158609375 0.381878728125 0.1117706125 0.38339317500000003 0.12749635625 0.38707626875 0.132616809375 0.40260823749999997 0.14182821875 0.41124652968750003 0.142693825 0.423943478125 0.140534578125 0.430267715625 0.13694485 0.44060214843749995 0.125310059375 0.44324329687499997 0.11659987812499999 0.43625267812499996 0.0982136640625
1 0.312493778125 0.12303147343750001 0.291958140625 0.1130547 0.267036746875 0.11926830156249998 0.2584953953125 0.1284431125 0.25585425 0.13715329375000002 0.2559511859375 0.14719370781250002 0.26010678125000003 0.1542092703125 0.2665279578125 0.16065996093749998 0.2797458796875 0.16541603124999998 0.303770734375 0.160432421875 0.314105165625 0.14879762968750002 0.3167463109375 0.14008745 0.316649375 0.1300470359375 0.312493778125 0.12303147343750001
1 0.39218905625 0.1917295671875 0.37165341875 0.1817527984375 0.34899760468749996 0.1874015265625 0.3355495234375 0.2058513890625 0.33980205625000004 0.22290736562500002 0.34301264531250003 0.22613271250000003 0.350330359375 0.2313534109375 0.3667104 0.23431461874999998 0.37940735000000003 0.23215537187500002 0.38752466874999997 0.22610566406250002 0.39691409218749996 0.21068065468750002 0.3963446484375 0.19874513124999998 0.39218905625 0.1917295671875
1 0.27437883125 0.22110295624999998 0.2679576515625 0.21465226718750002 0.24836702187499998 0.2084657125 0.22844929375 0.21544467812499998 0.218114865625 0.22707946875 0.215473715625 0.23578965 0.2187812421875 0.2490554109375 0.22520242031249998 0.25550609999999996 0.241158425 0.261592409375 0.2629177 0.2571736703125 0.2669763578125 0.25414881718750004 0.27504520625 0.2430788984375 0.27768635625 0.234368715625 0.27437883125 0.22110295624999998
1 0.1895829484375 0.14159907968750002 0.175468490625 0.1380729984375 0.1659336625 0.1384373796875 0.155078259375 0.1431568546875 0.1451678625 0.15166654531249998 0.1398371 0.1640667 0.14682771875 0.1824529125 0.16462527031250002 0.19109945 0.17052547812500002 0.190634821875 0.18548800468749999 0.1879107 0.19360532187499999 0.18186099375 0.20252224375 0.164540875 0.1987422140625 0.14938000468749998 0.1895829484375 0.14159907968750002
1 0.077248896875 0.173632940625 0.06492751249999999 0.1676468796875 0.0549201796875 0.16611615 0.0435922734375 0.1689405140625 0.033209378125 0.1755550984375 0.025140528125 0.186625015625 0.02259631875 0.2053756109375 0.038600790625 0.2164821296875 0.054980831249999994 0.2194433375 0.0740020203125 0.21369436406250003 0.0838639484375 0.2001644625 0.0860325890625 0.189559171875 0.0841425734375 0.1819787375 0.077248896875 0.173632940625
1 0.157416671875 0.2442261421875 0.150995496875 0.2377754515625 0.1364085328125 0.2323542625 0.1223425421875 0.23384839375 0.113752721875 0.238002990625 0.1011527078125 0.25020265468749997 0.09851156250000001 0.25891283593750003 0.10134658437499999 0.270283490625 0.10824026406250001 0.27862929062499997 0.117823565625 0.283285115625 0.12646185468749999 0.284150721875 0.1436899640625 0.2808617296875 0.150014203125 0.277272003125 0.15808305312499998 0.2662020875 0.16072419843750002 0.25749190781250003 0.157416671875 0.2442261421875
1 0.0955555 0.3290955125 0.083282584375 0.32812965625 0.0661029421875 0.33643886093750003 0.0562410171875 0.34996875625 0.055865450000000004 0.3581140640625 0.058227968750000005 0.367589609375 0.0646491484375 0.3740403 0.0797086125 0.3813566 0.08787439999999999 0.3803270984375 0.10463000625 0.3751429984375 0.118078090625 0.356693134375 0.11382555624999999 0.3396371546875 0.1106149671875 0.3364118078125 0.0955555 0.3290955125