0 0.9072212531250001 0.1288928625 0.8940690874999999 0.1341652515625 0.8904011031250001 0.14552163437500001 0.8957900375 0.175700203125 0.9149476078125 0.1770685625 0.933531534375 0.164591934375 0.9381516234375 0.1454812828125 0.9206602343749999 0.1305429609375 0.9072212531250001 0.1288928625
0 0.8208687640625 0.1192740046875 0.8144848921875001 0.1342325046875 0.8197762265625 0.14668895312500002 0.8386957781250001 0.14999587812499998 0.849846128125 0.1425099046875 0.8515123109375 0.1289399359375 0.8425041953125 0.1189788109375 0.8208687640625 0.1192740046875
0 0.7556268578124999 0.1043760328125 0.7469543625 0.11019845625 0.7425722921875 0.1273705390625 0.7505795125 0.136224875 0.7694990578125 0.13953179843750002 0.7756936999999999 0.13537292343750001 0.7803137875 0.1162622703125 0.7713056734375 0.10630115 0.7556268578124999 0.1043760328125
0 0.862717428125 0.17655887812499999 0.847087415625 0.183494825 0.8456592593750001 0.1951262234375 0.8514266453125 0.20370553593750002 0.8703461890625 0.207012465625 0.87654083125 0.20285359062500002 0.8804468421875 0.1895586359375 0.87591838125 0.18014754375 0.862717428125 0.17655887812499999
0 0.8117321437499999 0.2214612828125 0.803059640625 0.22728370625 0.80091740625 0.2447308046875 0.8134042906250001 0.254135175 0.830560053125 0.25328994531250004 0.836992721875 0.2471925046875 0.8386589046875 0.2336225375 0.831890615625 0.22393643124999998 0.8117321437499999 0.2214612828125
0 0.7823215609374999 0.1647197171875 0.7734110328125 0.1724807046875 0.7717448499999999 0.186050675 0.7819919 0.195180021875 0.798909640625 0.1962733640625 0.8080581890625 0.1865738046875 0.8072465171875001 0.174667390625 0.798238396875 0.1647062640625 0.7823215609374999 0.1647197171875
0 0.708645178125 0.1537056 0.6972568031249999 0.163130140625 0.697592421875 0.178913690625 0.708077496875 0.1861044734375 0.725233265625 0.1852592515625 0.7319039593750001 0.17722324218750002 0.7313303062500001 0.1633782546875 0.717842528125 0.1528671015625 0.708645178125 0.1537056
0 0.6864301375 0.0939119484375 0.6735160046875001 0.0972457734375 0.6691339421875 0.1144178625 0.67690313125 0.12521075625 0.689103190625 0.1276926359375 0.70225535 0.12242024062500001 0.704397584375 0.10497314218750001 0.6996310984375 0.09750061875 0.6864301375 0.0939119484375
0 0.6349688015625 0.1426914875 0.62358041875 0.1521160296875 0.6243920984375 0.16402244531250001 0.634639140625 0.17315179687499999 0.65131885625 0.176183703125 0.6604674109374999 0.1664841453125 0.66189556875 0.154852740625 0.6528874453125 0.1448916203125 0.6349688015625 0.1426914875
0 0.608036071875 0.0842863671875 0.5971237484375 0.08983378125 0.5947434890625 0.10921944374999999 0.6029887281249999 0.1161352078125 0.61766664375 0.116953534375 0.62905501875 0.1075289921875 0.6284813734375 0.0936840140625 0.619235225 0.08566145 0.608036071875 0.0842863671875
0 0.563294228125 0.13389095625 0.554145678125 0.143590515625 0.5547193265625 0.15743549375000002 0.5674442281250001 0.1649013 0.58236016875 0.16378105468749998 0.5890308640625 0.1557450453125 0.5899829671875 0.14799078125 0.581212871875 0.1360910890625 0.563294228125 0.13389095625
0 0.5281650531250001 0.07743113125 0.5217811828125 0.09238963125 0.5293123515625 0.105121096875 0.5459920703125001 0.10815300312500001 0.5544265390625001 0.1042691453125 0.55628195 0.07989955625 0.5477986765625 0.0749223546875 0.5281650531250001 0.07743113125
0 0.46068331875 0.062258143749999995 0.45201081875 0.0680805671875 0.450106609375 0.0835891 0.46211743437499997 0.0968705984375 0.4745555203125 0.0974139078125 0.48346604375 0.0896529140625 0.48537025156249997 0.0741443796875 0.476362128125 0.064183259375 0.46068331875 0.062258143749999995
0 0.38877072031250004 0.055396176562499996 0.3776203625 0.0628821546875 0.37571615468749997 0.0783906875 0.38372336875 0.0872450171875 0.39816325625000004 0.0900019078125 0.409551640625 0.080577365625 0.41097979531249995 0.0689459671875 0.404211503125 0.059259857812500004 0.38877072031250004 0.055396176562499996
0 0.30394398749999996 0.0518680359375 0.3062814078125 0.06986517343750001 0.316766484375 0.0770559546875 0.3292045625 0.07759926406249999 0.340830971875 0.066236153125 0.34001929999999997 0.054329737499999996 0.322051853125 0.04326854375 0.30394398749999996 0.0518680359375
0 0.22778974999999999 0.042517471875000004 0.22659962031249997 0.052210306250000005 0.235369709375 0.06410999687499999 0.24309010781249998 0.0660418375 0.257005140625 0.0638148078125 0.2641030890625 0.0430406015625 0.25261711249999996 0.034743029687499996 0.2391781265625 0.0330929296875 0.22778974999999999 0.042517471875000004
0 0.18995661875 0.082147484375 0.18080807031249999 0.0918470421875 0.18161974375 0.1037534578125 0.1918667921875 0.1128828046875 0.2063066796875 0.1156397015625 0.2199348890625 0.1064901765625 0.221363046875 0.094858771875 0.2103531234375 0.08268406406249999 0.18995661875 0.082147484375
0 0.26811265781250004 0.09371162968749999 0.25696230781249996 0.1011976078125 0.257535953125 0.1150425875 0.2677830015625 0.124171940625 0.2824609109375 0.1249902640625 0.293849290625 0.115565725 0.2948013953125 0.1078114546875 0.28155164374999997 0.0953617296875 0.26811265781250004 0.09371162968749999
0 0.22384686406249998 0.13943908437500002 0.21293453437499998 0.144986490625 0.21103032656249998 0.16049502499999999 0.22127737500000003 0.169624378125 0.233477428125 0.17210625 0.24438975937500002 0.1665588375 0.24629396875 0.151050303125 0.23728584531250002 0.1410891828125 0.22384686406249998 0.13943908437500002
0 0.1661908875 0.1923774921875 0.16157079218749998 0.21148814374999997 0.1695780140625 0.2203424734375 0.1889736109375 0.21977226875000003 0.200123965625 0.21228629062499998 0.1972616890625 0.189305234375 0.1773412375 0.1848915203125 0.1661908875 0.1923774921875
0 0.2530194234375 0.1981192140625 0.24434692500000002 0.20394164374999998 0.24268074374999998 0.21751160625 0.2506879578125 0.2263659421875 0.2628880125 0.228847815625 0.2738003421875 0.223300409375 0.277944378125 0.20806689218750002 0.2709380671875 0.20031934687500003 0.2530194234375 0.1981192140625
0 0.297523240625 0.150453196875 0.28861271875 0.158214190625 0.28694653593749997 0.171784153125 0.2949537578125 0.1806384890625 0.309393640625 0.1833953796875 0.32030596875 0.1778479734375 0.32445000625 0.16261445624999998 0.3134400828125 0.15043974843750002 0.297523240625 0.150453196875
0 0.33978723125 0.1025121609375 0.330400659375 0.11415028437500001 0.3314503625 0.12411813593750001 0.3416974046875 0.13324748749999998 0.35637531875 0.1340658125 0.36776369999999997 0.124641271875 0.3691918578125 0.11300986718749999 0.3579439015625 0.102773728125 0.33978723125 0.1025121609375
0 0.413463615625 0.11352627500000001 0.40455309218749996 0.12128726875 0.40712854062500003 0.137345834375 0.413371978125 0.14204801875 0.42781186718750003 0.14480490937499998 0.43920024843750005 0.1353803671875 0.44062840468750003 0.12374896875000001 0.42938045 0.113512825 0.413463615625 0.11352627500000001
0 0.4891417984375 0.1267539734375 0.4782294703125 0.1323013796875 0.4765632875 0.14587135 0.4890501625 0.15527571874999999 0.5084457609374999 0.15470550624999999 0.5151164546875 0.146669496875 0.5160685578125 0.1389152328125 0.5048206078125 0.1286790890625 0.4891417984375 0.1267539734375
0 0.4451140265625 0.17054285625 0.4339636765625 0.17802883281249998 0.4345373203125 0.19187381875 0.44478437031249995 0.20100316718750003 0.459462278125 0.20182149218749998 0.46813477968750006 0.19599906875 0.47003898906249997 0.1804905359375 0.4607928421875 0.17246797187500001 0.4451140265625 0.17054285625
0 0.3759173125 0.160078778125 0.36500498124999997 0.1656261828125 0.362862746875 0.1830732890625 0.37110798749999996 0.189989053125 0.3810682140625 0.1921959109375 0.39445839843749997 0.18498494999999998 0.39612458125 0.1714149875 0.387116459375 0.1614538609375 0.3759173125 0.160078778125
0 0.329411684375 0.2055312140625 0.31849935625 0.2110786203125 0.3163571203125 0.22852572499999999 0.32236253125 0.2351664734375 0.33904225 0.23819837968750002 0.35019260625 0.230712403125 0.3518587875 0.217142440625 0.342850665625 0.2071813125 0.329411684375 0.2055312140625
0 0.2826680328125 0.252922215625 0.273757509375 0.260683209375 0.2720913265625 0.2742531734375 0.280098540625 0.283107509375 0.29453843125 0.2858643984375 0.308166640625 0.2767148734375 0.30935677031250003 0.267022040625 0.300586675 0.2551223484375 0.2826680328125 0.252922215625
0 0.2112314828125 0.24218311875 0.1978413 0.24939407500000002 0.1977008671875 0.269054759375 0.20842396718749998 0.274306978125 0.22310188125 0.275125303125 0.2320124046875 0.267364309375 0.231676784375 0.251580759375 0.22243063593749998 0.24355820156250002 0.2112314828125 0.24218311875
0 0.1667276640625 0.28984913749999996 0.155815334375 0.2953965453125 0.1534350734375 0.3147822140625 0.161680321875 0.3216979796875 0.180837890625 0.32306633749999997 0.18727055937499998 0.3169688921875 0.18917476718749998 0.3014603578125 0.1779268171875 0.29122422187499997 0.1667276640625 0.28984913749999996
0 0.237450134375 0.3064039328125 0.2265378046875 0.31195134687500004 0.225347675 0.3216441734375 0.23311686874999998 0.33243707499999997 0.2497965796875 0.33546898125 0.26094693593749996 0.32798301093750004 0.26437689375 0.3185651921875 0.2596104078125 0.31109266875 0.237450134375 0.3064039328125
0 0.311840590625 0.3116023453125 0.29773632656250004 0.32462900625 0.30054980625 0.3387490078125 0.3067932453125 0.3434511921875 0.325950815625 0.3448195453125 0.337577225 0.333456440625 0.3365275203125 0.3234885875 0.32327776875 0.311038865625 0.311840590625 0.3116023453125
0 0.35586835625 0.26781346250000004 0.3449560328125 0.27336086875 0.34328985 0.2869308390625 0.34905723437499997 0.29551015937499997 0.365736953125 0.298542065625 0.3768873015625 0.2910560875 0.3780774328125 0.281363253125 0.37130914531250003 0.27167715000000003 0.35586835625 0.26781346250000004
0 0.400848234375 0.21627030937499997 0.3896978765625 0.22375628593750002 0.3897954765625 0.2414784015625 0.3980407171875 0.2483941671875 0.412718625 0.2492124921875 0.42139112812499996 0.24339006875 0.4232953359375 0.2278815359375 0.4142872140625 0.217920409375 0.400848234375 0.21627030937499997
0 0.46313623281250005 0.2367089703125 0.4617080765625 0.24834036875 0.46847636406250004 0.258026478125 0.4781985578125 0.2621718984375 0.49459145156249995 0.25828131718749997 0.4984974703125 0.2449863640625 0.4899654 0.2311481078125 0.47428658281249997 0.22922299218750003 0.46313623281250005 0.2367089703125
0 0.4324986453125 0.2732868921875 0.41910846093750004 0.28049785312500003 0.4192060609375 0.2982199671875 0.429691128125 0.30541075625 0.4421292078125 0.305954059375 0.453517590625 0.2965295171875 0.4529439453125 0.2826845375 0.4414579703125 0.274386959375 0.4324986453125 0.2732868921875
0 0.38551696562500004 0.3226164625 0.3768444703125 0.3284388875 0.3749402609375 0.34394742031250003 0.385187309375 0.3530767734375 0.397625390625 0.3536200765625 0.4090137734375 0.344195534375 0.41020390312500005 0.3345027078125 0.40119578125000005 0.3245415796875 0.38551696562500004 0.3226164625
0 0.4614331765625 0.3339055921875 0.44556513750000004 0.3427801015625 0.44613878281249997 0.35662508593750003 0.45638583125 0.36575443281250003 0.4710637390625 0.366572759375 0.48245212187500003 0.3571482171875 0.48364225312500003 0.3474553828125 0.4726323296875 0.33528067500000003 0.4614331765625 0.3339055921875
0 0.5259122078125 0.345758209375 0.5194795390625 0.3518556484375 0.5180513828125 0.36348705468750003 0.5280604078125 0.3745549640625 0.540260459375 0.37703684375 0.5561285046875 0.3681623375 0.5575566625 0.35653093125 0.5420670750000001 0.343806190625 0.5259122078125 0.345758209375
0 0.5016953656250001 0.28375097656250003 0.4903069828125 0.29317551875 0.49064260937500004 0.3089590703125 0.5031294859375001 0.3183634328125 0.51780739375 0.3191817578125 0.5291957765624999 0.3097572171875 0.5308619593749999 0.29618724687500003 0.5218538359375 0.2862261265625 0.5016953656250001 0.28375097656250003
0 0.552442621875 0.2407871375 0.541292271875 0.24827311562499998 0.5393880640625001 0.2637816484375 0.5476333046875 0.2706974140625 0.56231121875 0.271515740625 0.571221740625 0.263754746875 0.572649896875 0.2521233484375 0.5658816109375 0.24243723906249998 0.552442621875 0.2407871375
0 0.5927048109374999 0.190632521875 0.5790765999999999 0.199782046875 0.58165205625 0.2158406140625 0.5878954921874999 0.2205427984375 0.6048132359375 0.22163613437500002 0.6162016109375 0.2122115921875 0.617153715625 0.204457328125 0.6061437921875 0.1922826203125 0.5927048109374999 0.190632521875
0 0.5210302375 0.181831990625 0.51011790625 0.187379396875 0.5082136984375001 0.20288793125 0.5142191109375001 0.20952868125 0.5308988265625 0.2125605875 0.5418111578125 0.20701317968750002 0.543715365625 0.191504646875 0.536709053125 0.18375710625 0.5210302375 0.181831990625
0 0.6666192125 0.19970806875 0.6532290281249999 0.20691903125 0.6535646546875 0.22270258125 0.66605153125 0.23210694375 0.6787276375 0.23071168281249999 0.687638159375 0.2229506953125 0.6870645140625 0.20910570781249999 0.6778183656250001 0.2010831515625 0.6666192125 0.19970806875
0 0.6109650375 0.2548600640625 0.608822803125 0.27230716250000003 0.6168300234374999 0.2811615 0.6337477671875 0.2822548359375 0.64537416875 0.270891728125 0.642798721875 0.2548331625 0.633314546875 0.2487491703125 0.6109650375 0.2548600640625
0 0.5776115765625 0.29504010625 0.56646121875 0.302526084375 0.5667968390625 0.3183096328125 0.5772819124999999 0.325500415625 0.5894819671875 0.32798228906250004 0.603110178125 0.3188327640625 0.602774559375 0.30304921406249996 0.5890487484375 0.2944766234375 0.5776115765625 0.29504010625
0 0.6401375953125 0.3135401953125 0.6384714125000001 0.3271101640625 0.6440007734375001 0.3376280484375 0.656200828125 0.3401099203125 0.66959101875 0.33289896093750004 0.670970371875 0.3124065015625 0.6580074421875 0.3068792734375 0.6401375953125 0.3135401953125
0 0.6910740890625 0.2597767375 0.684641421875 0.26587417812499997 0.683451290625 0.2755670109375 0.690982453125 0.28829847656249996 0.70766216875 0.29133038437500003 0.7163346640625 0.285507959375 0.7184768984375001 0.26806086093750003 0.7092307578125 0.2600383 0.6910740890625 0.2597767375
0 0.74277345 0.2090586328125 0.7318611203125001 0.21460604062500002 0.729718884375 0.23205314531250001 0.73796413125 0.2389689109375 0.7501641859375 0.24145078281250001 0.76331634375 0.23617839375 0.765458578125 0.2187312890625 0.7562124296875 0.2107087328125 0.74277345 0.2090586328125
0 0.8854085203125001 0.2324753953125 0.87697405 0.23635925468750002 0.8728300078125001 0.2515927703125 0.88307705625 0.2607221171875 0.8952771109375 0.263203996875 0.9086672953124999 0.2559930359375 0.9120972593750001 0.2465752203125 0.9033271640624999 0.234675528125 0.8854085203125001 0.2324753953125
0 0.8431445296875 0.28041643125000004 0.8322322 0.28596383593749997 0.8303279921875 0.3014723703125 0.8425768484375 0.3128153046875 0.85277509375 0.313083596875 0.8641634765624999 0.30365905625 0.865829659375 0.2900890859375 0.8588233453124999 0.282341546875 0.8431445296875 0.28041643125000004
0 0.769230128125 0.2713408828125 0.758317796875 0.2768882890625 0.7564135890625 0.292396821875 0.764658828125 0.2993125953125 0.7790987171875 0.302069484375 0.7875331875 0.2981856265625 0.79191525625 0.2810135375 0.7849089375 0.273266 0.769230128125 0.2713408828125
0 0.7272041625 0.31734335156250004 0.7138139781249999 0.3245543140625 0.712385821875 0.33618571249999996 0.7201550109375 0.3469786125 0.7368347265625 0.35001051875 0.7502249109375 0.3427995578125 0.7516530671874999 0.331168159375 0.74688658125 0.3236956359375 0.7272041625 0.31734335156250004
0 0.793923021875 0.329470984375 0.7847744734375001 0.33917054375 0.7855861453124999 0.351076959375 0.7958331953125 0.36020630625 0.8105111031250001 0.36102463125 0.821899484375 0.3516000890625 0.8193240312500001 0.335541521875 0.8120796921875 0.3297325484375 0.793923021875 0.329470984375
0 0.8698392328125 0.3407601140625 0.8606906796875 0.3504596734375 0.8612643312499999 0.3643046578125 0.8695095703125 0.371220425 0.8864273125000001 0.372313765625 0.8978156953124999 0.362889225 0.89724204375 0.3490442375 0.8879959015625 0.3410216828125 0.8698392328125 0.3407601140625
0 0.830291121875 0.38509903125 0.8193787921875 0.39064644375 0.8152347546875 0.405879959375 0.825243778125 0.41694787812499995 0.8396836609375 0.41970476718749994 0.8508340171875 0.412218790625 0.8527382265625001 0.3967102578125 0.8414902765625 0.3864741140625 0.830291121875 0.38509903125
0 0.8487893765625 0.447388009375 0.8441692875 0.4664986625 0.8521765 0.47535299062499997 0.8666163906250001 0.47810988125 0.875050859375 0.474226021875 0.8816727578125001 0.45732895781250005 0.8769062703125 0.449856434375 0.8487893765625 0.447388009375
0 0.7857873046875 0.43276504843749997 0.7721590921875 0.44191458125 0.7724947125 0.45769813125000003 0.778500125 0.46433887812499997 0.7929400125 0.46709576875 0.8065682234375 0.4579462453125 0.8079963796875 0.446314846875 0.7992262859375 0.43441514843749995 0.7857873046875 0.43276504843749997
0 0.749419203125 0.3771370046875 0.7427485093749999 0.3851730078125 0.7430841296875 0.40095655781249995 0.7558090328125 0.4084223640625 0.7729648 0.407577134375 0.7801115453125 0.39566399531249996 0.777060040625 0.38348255781249996 0.7678138984375 0.3754600015625 0.749419203125 0.3771370046875
0 0.680698534375 0.3627957890625 0.6673083515625 0.3700067453125 0.66564216875 0.38357671249999997 0.6778910203125 0.3949196484375 0.692568934375 0.3957379734375 0.7037192828125 0.3882519953125 0.7051474390625 0.376620596875 0.6941375171875 0.36444588906250003 0.680698534375 0.3627957890625
0 0.6023044703125 0.35317020781249997 0.5956337765625 0.3612062140625 0.5942056203125 0.37283761875 0.6022128343750001 0.3816919484375 0.6166527234375 0.3844488390625 0.630280934375 0.37529931250000004 0.6297072874999999 0.36145433437499996 0.61845933125 0.3512181890625 0.6023044703125 0.35317020781249997
0 0.6312390015625 0.41378890312500005 0.6250443609375 0.417947778125 0.6226640999999999 0.43733344687500003 0.635389003125 0.444799246875 0.6500669171875 0.44561757343749997 0.6589774390625001 0.437856578125 0.6604055953125 0.42622517968749996 0.6493956703125 0.414050471875 0.6312390015625 0.41378890312500005
0 0.7073932390625 0.42313946874999997 0.6987207359375 0.428961896875 0.6965785015625 0.4464089953125 0.70482375 0.45332476093749996 0.7170238046875 0.455806634375 0.7304139859375 0.44859567968749997 0.7323181953125 0.433087146875 0.7253118828125 0.42533960000000004 0.7073932390625 0.42313946874999997
0 0.741521503125 0.4784925015625 0.7278932953125 0.48764202812499996 0.7262271124999999 0.5012119968750001 0.740715796875 0.5128299484375 0.7531538765625 0.5133732546875 0.764542259375 0.503948715625 0.7657323890625001 0.49425587968749995 0.7549604921874999 0.4801426015625 0.741521503125 0.4784925015625
0 0.819201490625 0.4939337828125 0.8058113078125 0.5011447437500001 0.8043831515625 0.5127761421875 0.8143921734375 0.523844059375 0.8265922281250001 0.5263259328125 0.837742584375 0.5188399609375 0.8394087671875001 0.5052699921875 0.83040064375 0.49530886562500004 0.819201490625 0.4939337828125
0 0.8334581156249999 0.5537341578125 0.8313158796875 0.5711812625 0.8482824203125 0.581135659375 0.8649133375 0.5753065109375 0.866817546875 0.559797978125 0.8640528625 0.5545390343750001 0.8488501015625 0.5487367843750001 0.8334581156249999 0.5537341578125
0 0.7729338953125 0.5374476546875 0.7595437125 0.544658609375 0.7556376953124999 0.5579535625 0.7656467171875 0.5690214796874999 0.782326434375 0.5720533875 0.7909989296875 0.5662309624999999 0.7929031390625 0.5507224296875 0.7841330484375 0.5388227390625 0.7729338953125 0.5374476546875
0 0.685629303125 0.5355830609375001 0.6857269031250001 0.5533051828125 0.6962119718750001 0.5604959640625 0.70841203125 0.5629778390625 0.7225162953125001 0.5499511796875 0.7194647875 0.537769746875 0.7079788125 0.5294721734375 0.685629303125 0.5355830609375001
0 0.6097130984375 0.5242939343749999 0.607808890625 0.5398024671874999 0.6138143031250001 0.546443215625 0.6386904640625 0.5475298343749999 0.6453123609375 0.5306327640624999 0.638544065625 0.5209466593750001 0.6231032843750001 0.5170829734375 0.6097130984375 0.5242939343749999
0 0.5496649265625 0.5041302953125 0.5355606640625 0.5171569500000001 0.53813611875 0.5332155171874999 0.54885921875 0.538467734375 0.5612972984375 0.53901104375 0.56996979375 0.5331886203125 0.571874003125 0.5176800859374999 0.5608640796875 0.505505378125 0.5496649265625 0.5041302953125
0 0.47127086093750004 0.4945047140625 0.4598824796875 0.50392925625 0.4606941578125 0.515835671875 0.4729430078125 0.52717860625 0.482903234375 0.5293854625 0.49629341875 0.522174503125 0.4981976265625 0.5066659687499999 0.4827080421875 0.493941228125 0.47127086093750004 0.4945047140625
0 0.3951166234375 0.48515414999999995 0.3859680765625 0.49485370937499995 0.3867797484375 0.5067601234375 0.3970267984375 0.5158894703125 0.40922685156250005 0.51837135 0.422617034375 0.5111603890625 0.42452124375 0.49565185625 0.4155131296875 0.4856907296875 0.3951166234375 0.48515414999999995
0 0.3681839015625 0.4267490328125 0.35951140000000004 0.432571453125 0.3578452171875 0.44614142343749996 0.3656144109375 0.4569343234375 0.377814465625 0.4594161984375 0.3889648234375 0.4519302203125 0.3928708328125 0.43863527500000005 0.3838627109375 0.42867414843749996 0.3681839015625 0.4267490328125
0 0.4194072109375 0.37990806250000003 0.40601702656249994 0.38711902343750004 0.4043508453125 0.4006889875 0.41011823124999996 0.40926830625 0.426797946875 0.41230021250000004 0.4379483046875 0.40481423593750004 0.43937646093750005 0.3931828375 0.4283665359375 0.3810081296875 0.4194072109375 0.37990806250000003
0 0.34301494843749997 0.3724960640625 0.3363442609375 0.38053207499999997 0.3366798796875 0.3963156234375 0.3409215171875 0.398804221875 0.353121571875 0.4012861 0.3642719203125 0.39380012343750004 0.3657000765625 0.3821687234375 0.3566919625 0.3722075984375 0.34301494843749997 0.3724960640625
0 0.2603792546875 0.360381884375 0.2537085609375 0.3684178953125 0.25452023125 0.380324309375 0.26476728125000004 0.38945365625 0.276967334375 0.39193553593749997 0.2905955453125 0.3827860125 0.2900219 0.368941025 0.27877395 0.3587048828125 0.2603792546875 0.360381884375
0 0.1825100375 0.355740228125 0.1826076328125 0.37346234375 0.19309270625 0.380653125 0.208008640625 0.3795328859375 0.21444130781249998 0.37343544687499997 0.21634551562499998 0.3579269140625 0.20285773906250001 0.347415753125 0.1825100375 0.355740228125
0 0.1449149328125 0.393431671875 0.1362424375 0.3992540953125 0.1341002015625 0.4167012 0.144109225 0.42776911718750005 0.15854910625000002 0.43052600625000004 0.17241534375 0.41943791093750005 0.17408152500000001 0.40586794687500005 0.16507340937499998 0.39590682187500004 0.1449149328125 0.393431671875
0 0.223070971875 0.4049958171875 0.21168259531250003 0.41442035937500005 0.212256240625 0.42826534531249993 0.2247431171875 0.4376697140625 0.23246351562499998 0.43960155468749995 0.24361386562499998 0.432115578125 0.24551807343749998 0.41660704375 0.23650995937500002 0.40664591874999995 0.223070971875 0.4049958171875
0 0.2942694921875 0.417673484375 0.285358971875 0.425434478125 0.283930815625 0.43706587656250007 0.2984195 0.4486838265625 0.30861774531249997 0.44895211875 0.3224839828125 0.4378640234375 0.31967050937499997 0.4237440265625 0.31042436093750003 0.415721465625 0.2942694921875 0.417673484375
0 0.4441001046875 0.438038165625 0.43318778281250003 0.4435855734375 0.43152160000000006 0.4571555359375 0.4435324234375 0.4704370390625 0.4559705046875 0.47098034999999994 0.4648810265625 0.46321935625000005 0.466547209375 0.4496493859375 0.45753909375 0.43968826562499996 0.4441001046875 0.438038165625
0 0.48860393125 0.3903721421875 0.47721555000000004 0.3997966828125 0.47778920156250004 0.4136416703125 0.486034440625 0.42055743437500004 0.5004743234375 0.42331432500000005 0.51186270625 0.41388978437499996 0.5112890609375 0.400044803125 0.5000411109375 0.3898086609375 0.48860393125 0.3903721421875
0 0.5600404796875 0.40111124374999996 0.5508919328124999 0.41081080312499996 0.551465578125 0.42465578125 0.5617126265625 0.433785134375 0.57415070625 0.43432844375 0.5828232015625 0.42850601250000003 0.5852034625 0.4091203515625 0.575957315625 0.4010977890625 0.5600404796875 0.40111124374999996
0 0.5130588 0.45044080937500003 0.503910253125 0.46014036875000003 0.5047219234375 0.47204678906249997 0.5172088015625 0.481451153125 0.5296468812499999 0.4819944609375 0.5412732890624999 0.47063134843750004 0.5404616171875001 0.458724934375 0.5292136671875001 0.448488796875 0.5130588 0.45044080937500003
0 0.591452865625 0.46006639062500004 0.58278036875 0.46588882031249995 0.5791123859375 0.477245203125 0.591123209375 0.49052670000000004 0.608040953125 0.4916200421875 0.6144736203125001 0.485522603125 0.616139803125 0.4719526328125 0.6093715078125 0.46226652343749997 0.591452865625 0.46006639062500004
0 0.665367275 0.4691419375 0.656932796875 0.473025796875 0.652550734375 0.490197884375 0.658318121875 0.49877719843749996 0.6749978375000001 0.5018091046875 0.6834323078125 0.49792524531250004 0.6893401265625 0.48684388125 0.6810460843749999 0.4710670546875 0.665367275 0.4691419375
0 0.7973887656249999 0.5975163218749999 0.786238409375 0.6050022937499999 0.7845722265624999 0.6185722625000001 0.7990609125 0.6301902140625 0.813976846875 0.62906996875 0.8206475390625 0.6210339640625 0.8200738937500001 0.6071889781250001 0.8108277453125 0.599166421875 0.7973887656249999 0.5975163218749999
0 0.7239504140624999 0.5845636390625 0.713038084375 0.5901110468749999 0.7108958484375 0.6075581515625 0.7189030640625 0.61641248125 0.7358208078125 0.617505821875 0.7474472171875 0.6061427109374999 0.744395709375 0.593961278125 0.7351495609375001 0.5859387218750001 0.7239504140624999 0.5845636390625
0 0.647796178125 0.575213075 0.6386476296875 0.584912634375 0.6392212749999999 0.5987576203125 0.649468325 0.6078869671875 0.65942854375 0.6100938234375 0.6703408750000001 0.604546415625 0.674246890625 0.5912514640625 0.6637130140624999 0.5751996203124999 0.647796178125 0.575213075
0 0.5765976562499999 0.5625354109375 0.5654472984375001 0.5700213875 0.5650688484375 0.5916206359375 0.578031775 0.5971478703125 0.59046985625 0.5976911734375 0.599380378125 0.5899301859375 0.6012845875 0.574421653125 0.5900366375 0.564185509375 0.5765976562499999 0.5625354109375
0 0.50044341875 0.5531848453125 0.49177092343749995 0.5590072687500001 0.489866715625 0.5745158015625 0.5021155671875001 0.5858587359375 0.5098359578125 0.5877905765625 0.525465975 0.5808546390625 0.5271321578125 0.5672846687499999 0.516122234375 0.5551099625 0.50044341875 0.5531848453125
0 0.421811328125 0.545497828125 0.415140634375 0.5535338390625 0.41547625312500003 0.5693173890625001 0.4237215015625 0.57623315625 0.44063924375 0.5773264984375001 0.45202762031250004 0.56790195625 0.45321775000000003 0.5582091203124999 0.4424458515625 0.5440958484375 0.421811328125 0.545497828125
0 0.3553304953125 0.5314316328124999 0.341702284375 0.54058115625 0.3440397046875 0.55857829375 0.352522978125 0.5635554953125 0.3649610578125 0.5640987984375 0.376111415625 0.5566128265625 0.377777596875 0.5430428578125001 0.368769475 0.53308173125 0.3553304953125 0.5314316328124999
0 0.33287742656249997 0.47357655000000004 0.3152456078125 0.47829890781250006 0.31086354374999997 0.49547099687499996 0.318870759375 0.5043253265625001 0.33779030312499997 0.5076322484375 0.3462247796875 0.503748390625 0.3506068421875 0.4865763078125 0.34584035625 0.479103784375 0.33287742656249997 0.47357655000000004
0 0.279414284375 0.520142503125 0.2660241 0.5273534625 0.2643579171875 0.5409234265625 0.2743669390625 0.5519913437499999 0.2935245109375 0.553359703125 0.3053889453125 0.5400580265625 0.3041012140625 0.5320287453125 0.2906134359375 0.5215175859375 0.279414284375 0.520142503125
0 0.2386153171875 0.47282547812500003 0.2391889703125 0.48667046562499994 0.24943601875 0.49579981249999994 0.2618741 0.49634312031250005 0.2757403359375 0.485255025 0.26768431875 0.467539634375 0.249765675 0.4653395015625 0.2386153171875 0.47282547812500003
0 0.20326004687500002 0.5107919375 0.1916336375 0.52215504375 0.19444711875 0.5362750468749999 0.2006905578125 0.5409772312500001 0.21737027343749998 0.5440091375 0.22875865625 0.534584596875 0.2301868125 0.5229531984375 0.21917688906250002 0.5107784890625 0.20326004687500002 0.5107919375
0 0.167654821875 0.4582092484375 0.1637488125 0.47150419374999997 0.1712799734375 0.484235665625 0.1857198625 0.48699255468749997 0.199348071875 0.47784303125000005 0.20077622812499998 0.4662116328125 0.19600974375 0.458739103125 0.167654821875 0.4582092484375
0 0.1251040078125 0.4992277921875 0.11371562500000001 0.508652334375 0.11133536562499999 0.528037996875 0.1213443890625 0.5391059140625 0.1405019578125 0.5404742734375 0.15436819375 0.5293861828125 0.1567484546875 0.5100005140625 0.143260678125 0.4994893546875 0.1251040078125 0.4992277921875
0 0.16099605625 0.5587329734375001 0.15256158749999998 0.5626168328125 0.14841754375 0.5778503484375 0.1561867390625 0.58864325 0.1728664546875 0.5916751578125 0.18153895 0.5858527328124999 0.1856829859375 0.5706192156250001 0.18091650937499998 0.56314669375 0.16099605625 0.5587329734375001
0 0.21880439375 0.5786216 0.2218559 0.5908030328125 0.23210294843749998 0.5999323796875 0.24678085625 0.6007507046875 0.2586452921875 0.587449028125 0.24587158593749997 0.5711221734375 0.23019277656249998 0.5691970578125 0.21880439375 0.5786216
0 0.3041071796875 0.57827260625 0.29024094218749996 0.5893606953125 0.2941041203125 0.6134485421875 0.30506524687500003 0.616762196875 0.32469886875 0.61425341875 0.33360939843750004 0.6064924265625 0.3355136078125 0.5909838921875 0.3222638484375 0.57853416875 0.3041071796875 0.57827260625
0 0.3800233890625 0.5895617343749999 0.37135089374999997 0.5953841578125 0.369208659375 0.6128312625000001 0.3816955359375 0.6222356265625 0.39908933125 0.6194518343750001 0.405760025 0.611415821875 0.40494834687500003 0.5995094062499999 0.393700396875 0.5892732703125 0.3800233890625 0.5895617343749999
0 0.45593959999999994 0.6008508640625 0.44030958125 0.60778680625 0.4341637359375 0.62080674375 0.43721524218749996 0.632988175 0.445698515625 0.637965378125 0.45789857031250003 0.64044725 0.475768415625 0.6337863234375 0.4803885046875 0.6146756703125 0.4736202171875 0.6049895656250001 0.45593959999999994 0.6008508640625
0 0.5412911828125 0.6093629296875 0.5187036468749999 0.6174123875 0.5147976359374999 0.6307073421875 0.5245686328125 0.6437138234375 0.5390085140624999 0.6464707125 0.554876559375 0.6375962046875 0.5583065171875 0.6281783859375001 0.5520142828125 0.6146151468750001 0.5412911828125 0.6093629296875
0 0.5884740125000001 0.641721453125 0.60048484375 0.6550029515625 0.6149247265625 0.6577598421874999 0.6295896109375 0.636790553125 0.6156433828125001 0.6227181359375 0.5956207578125 0.6298083078125 0.5884740125000001 0.641721453125
0 0.679684615625 0.6302910921875 0.66629443125 0.6375020484375 0.6643902234375 0.6530105828125 0.6788789093750001 0.6646285328125 0.6865992999999999 0.6665603734375 0.69774965625 0.6590744015625 0.699891890625 0.6416272984375 0.69088376875 0.6316661765625 0.679684615625 0.6302910921875
0 0.7553628 0.6435187874999999 0.7444504703125 0.6490662 0.7423082359375 0.6665132984375 0.752555284375 0.6756426515625 0.7672331984375 0.676460971875 0.7786215750000001 0.6670364281250001 0.7780479296875 0.6531914484375 0.76880178125 0.6451688875 0.7553628 0.6435187874999999
0 0.8290391765624999 0.6545329046874999 0.8178888265625 0.6620188765624999 0.8142208359374999 0.6733752640625 0.8219900296875 0.6841681656249999 0.8386697484375001 0.687200071875 0.8471042171875001 0.6833162140625 0.8534880875 0.6683577125 0.8447179921875 0.656458021875 0.8290391765624999 0.6545329046874999
0 0.7845353578125 0.702198921875 0.773146975 0.7116234640625 0.7714807921875 0.7251934343750001 0.7794880140625 0.7340477640625 0.7939278953125 0.7368046546875 0.8050782515625 0.7293186828125 0.8069824609375 0.71381015 0.7979743390625 0.703849021875 0.7845353578125 0.702198921875
0 0.713098809375 0.691459828125 0.69994665 0.69673221875 0.69380080625 0.709752146875 0.7033337765625001 0.7246972 0.7177736593749999 0.7274540890625001 0.7284479640625 0.7238452484375 0.734593809375 0.7108253171875 0.7262997640625 0.695048490625 0.713098809375 0.691459828125
0 0.6555772953125001 0.678493690625 0.6376586515625 0.6762935578125 0.6267463265625 0.6818409703125 0.621076534375 0.690983771875 0.62188820625 0.7028901875 0.6341370562499999 0.7142331203125 0.6485769453125 0.7169900109375 0.6619671296875 0.7097790500000001 0.6730686828125 0.69343201875 0.668302196875 0.6859594953125 0.6555772953125001 0.678493690625
0 0.5565487046875 0.6702700953125 0.5476381781249999 0.6780310890625 0.547973803125 0.693814640625 0.558220853125 0.7029439875 0.568181071875 0.7051508484375 0.5840491171875 0.696276334375 0.5854772734375 0.6846449359375 0.572465540625 0.670256646875 0.5565487046875 0.6702700953125
0 0.48735198437499994 0.659806015625 0.4739618015625 0.6670169703125 0.47229561875000003 0.680586940625 0.4823046421875 0.6916548578125 0.4967445234375 0.6944117484375 0.5130886203125 0.6816601046875 0.511800890625 0.6736308234374999 0.4985511390625 0.6611811000000001 0.48735198437499994 0.659806015625
0 0.40028542500000003 0.656002859375 0.39838121718749997 0.67151139375 0.41510972968750004 0.683404359375 0.4315026171875 0.6795137765625 0.4358846859375 0.6623416890625 0.43111820156249997 0.6548691671875 0.4159154375 0.649066915625 0.40028542500000003 0.656002859375
0 0.337521371875 0.6394413343750001 0.3238931625 0.6485908578124999 0.3279486140625 0.66517143125 0.3344467640625 0.6689839453124999 0.3487277453125 0.674656465625 0.36549783593749996 0.66157044375 0.3644481375 0.6516025937500001 0.348958553125 0.638877853125 0.337521371875 0.6394413343750001
0 0.26160516093749997 0.6281522046875 0.2526946390625 0.6359131984374999 0.251266484375 0.647544596875 0.26351533437499997 0.65888753125 0.280671103125 0.658042303125 0.287341796875 0.6500062984375 0.28629209218749996 0.640038446875 0.27528216875 0.6278637390624999 0.26160516093749997 0.6281522046875
0 0.1879287859375 0.6171380921875 0.17901825625 0.6248990796875 0.17735207343749998 0.6384690484375 0.191840759375 0.650087 0.2020390125 0.6503552921875 0.2159052484375 0.639267196875 0.21309176718749998 0.6251472015624999 0.2058474296875 0.619338225 0.1879287859375 0.6171380921875
0 0.1164922375 0.606398990625 0.10557990625 0.6119464046875 0.103437671875 0.6293935015625001 0.11592454999999999 0.6387978640624999 0.1283626296875 0.6393411734375001 0.1424668921875 0.6263145140625 0.13941539218750001 0.6141330828125 0.12993121875 0.608049090625 0.1164922375 0.606398990625
0 0.098921140625 0.712470128125 0.0875327578125 0.7218946703125 0.0881064109375 0.7357396578125 0.0963516515625 0.742655421875 0.10855170624999999 0.7451372953125001 0.12418172499999999 0.7382013515625 0.12560988125 0.7265699531250001 0.11459995625 0.7143952437500001 0.098921140625 0.712470128125
0 0.143424959375 0.6648041109375 0.13227461093749998 0.67229008125 0.13461203125 0.69028721875 0.147336940625 0.6977530187500001 0.1575351875 0.6980213109375 0.1686855421875 0.690535334375 0.170351725 0.6769653640625 0.1613436046875 0.66700424375 0.143424959375 0.6648041109375
0 0.21710134218750002 0.6758182234375 0.2059509859375 0.6833042 0.208288415625 0.70130133125 0.21677168125000001 0.7062785328125 0.2336894234375 0.707371875 0.2425999453125 0.69961088125 0.24379007656249999 0.689918046875 0.2350199859375 0.6780183562500001 0.21710134218750002 0.6758182234375
0 0.1607330890625 0.73678591875 0.1620208125 0.7448152046875001 0.1765094984375 0.7564331484375 0.19762007343750002 0.7511540328125 0.19976230781249998 0.7337069359374999 0.18851436093750001 0.7234707921875 0.17259751875 0.723484240625 0.1607330890625 0.73678591875
0 0.1323353359375 0.7736388625 0.11918317656249999 0.778911253125 0.11704094375 0.79635835 0.12528618281249998 0.8032741234375 0.1397260703125 0.8060310125000001 0.1506383953125 0.8004836 0.15430638593749998 0.7891272171875 0.14777611875000002 0.77750254375 0.1323353359375 0.7736388625
0 0.20153205000000002 0.7841029421875 0.192859553125 0.7899253640625 0.18919156875 0.801281753125 0.1989625671875 0.814288234375 0.21340244843749998 0.8170451265625 0.227030659375 0.8078955999999999 0.2282207890625 0.7982027656249999 0.21945069374999998 0.786303075 0.20153205000000002 0.7841029421875
0 0.25099158906249996 0.7331098218750001 0.237839425 0.73838221875 0.233933415625 0.7516771640625 0.2437044109375 0.7646836453125 0.2603841265625 0.7677155578125 0.268818596875 0.7638317 0.273200659375 0.7466596125 0.26843418125 0.739187090625 0.25099158906249996 0.7331098218750001
0 0.2979732609375 0.68378025625 0.28234325 0.6907161937499999 0.27796118124999997 0.70788828125 0.28596840156250003 0.7167426125 0.304887946875 0.720049534375 0.3160383015625 0.7125635640625 0.3197062859375 0.70120718125 0.3089343890625 0.6870939046875 0.2979732609375 0.68378025625
0 0.3644541015625 0.697846453125 0.3557816 0.7036688765625 0.3541154171875 0.7172388468750001 0.3638864140625 0.730245328125 0.37608646874999996 0.7327272015624999 0.3897146796875 0.723577675 0.3916188875 0.7080691421875 0.3846125734375 0.7003216015625 0.3644541015625 0.697846453125
0 0.3197122515625 0.7474510359375001 0.31056370312500003 0.7571505937499999 0.3113753734375 0.769057015625 0.32162242343749997 0.7781863625 0.338540165625 0.7792797046875 0.3474506890625 0.7715187109375 0.3491168703125 0.757948746875 0.3401087546875 0.7479876203125 0.3197122515625 0.7474510359375001
0 0.26677395625 0.7990009125 0.264631721875 0.8164480171875 0.27711860625 0.82585238125 0.29822918125000003 0.820573265625 0.3001333890625 0.8050647328125 0.2911252671875 0.79510360625 0.2754464578125 0.793178490625 0.26677395625 0.7990009125
0 0.35560429843749997 0.8069562203125 0.3426901671875 0.8102900484375001 0.3363062953125 0.8252485484375001 0.3440754890625 0.8360414484375 0.3607552078125 0.8390733546875 0.3716675296875 0.8335259484374999 0.37533552187499997 0.8221695609375 0.3708070609375 0.812758471875 0.35560429843749997 0.8069562203125
0 0.4383685046875 0.7069219999999999 0.4321738625 0.7110808765625001 0.43003162812499995 0.728527975 0.44027867656249997 0.737657328125 0.45247873125 0.7401392 0.46339106093750004 0.7345917953125001 0.46529526875 0.7190832609375 0.4562871484375 0.7091221328125 0.4383685046875 0.7069219999999999
0 0.3938646859375 0.75458801875 0.385192184375 0.7604104421875 0.383287975 0.7759189765625 0.3912951953125 0.7847733125 0.4079749125 0.78780521875 0.4164093828125 0.7839213609375 0.42102947031250004 0.7648107078125 0.41402315625 0.75706316875 0.3938646859375 0.75458801875
0 0.47225875000000006 0.7642135999999999 0.4586305390625 0.7733631265625001 0.45672633124999995 0.788871659375 0.46697338125 0.7980010125 0.4814132625 0.8007579015624999 0.497519328125 0.7899448234374999 0.49670765625 0.7780384078125 0.48569773125 0.7658636999999999 0.47225875000000006 0.7642135999999999
0 0.5140466890625001 0.7201497 0.5056122125 0.724033559375 0.4997044 0.735114925 0.5069975359375001 0.749784953125 0.52591708125 0.7530918828125001 0.5368294125 0.7475444718750001 0.5404973953125001 0.7361880890625 0.5339671359375 0.7245634140625 0.5140466890625001 0.7201497
0 0.5792885953125 0.7350476718750001 0.5809119453125 0.7588605015625001 0.60207131875 0.762442446875 0.6107438140625 0.75662001875 0.612648021875 0.741111484375 0.5993982703125 0.7286617609375 0.5792885953125 0.7350476718750001
0 0.5412174375000001 0.77661625 0.5323069171875 0.7843772375 0.530640734375 0.79794720625 0.5386479546875 0.80680154375 0.5553276640625 0.80983345 0.568955875 0.8006839234375001 0.56862025625 0.7849003734375 0.55737230625 0.77466423125 0.5412174375000001 0.77661625
0 0.5009552562499999 0.8267708656250001 0.4875650703125 0.8339818250000001 0.4879006921875 0.8497653765625 0.50038756875 0.8591697390625 0.51506548125 0.8599880656250001 0.526453859375 0.850563521875 0.5276439890625 0.8408706890625 0.5188738984375 0.8289709984375 0.5009552562499999 0.8267708656250001
0 0.4248010203125 0.8174203015625 0.4136506625 0.8249062781250001 0.41222250625 0.8365376765624999 0.4244713640625 0.8478806109375 0.4413891 0.8489739515625001 0.45029962812499996 0.8412129593750001 0.45172778437499994 0.8295815609374999 0.44271966406249996 0.8196204343750001 0.4248010203125 0.8174203015625
0 0.454211603125 0.8741618671875001 0.4405833921875 0.8833113921875 0.4391552359375 0.8949427968749999 0.44592352343749997 0.9046289015625 0.45564572343750004 0.908774328125 0.465843975 0.9090426203125 0.476994325 0.90155664375 0.47842248125 0.8899252453125 0.46965239218750005 0.8780255531250001 0.454211603125 0.8741618671875001
0 0.525410125 0.8868395328125 0.5167376296875 0.8926619562500001 0.5130696375 0.90401834375 0.522840634375 0.917024825 0.5417601796875 0.9203317500000001 0.5531485625 0.9109072078124999 0.5525749171875 0.897062221875 0.5413269671875 0.8868260843750001 0.525410125 0.8868395328125
0 0.605805990625 0.8986786999999999 0.5924158078125 0.9058896546874999 0.592989459375 0.9197346421875 0.6012346984375 0.92665040625 0.6156745890625 0.9294072984374999 0.6243470828125 0.9235848734375001 0.6277770421875 0.9141670546875 0.6192449796874999 0.9003287999999999 0.605805990625 0.8986786999999999
0 0.677480565625 0.90747923125 0.663376303125 0.9205058859375 0.6661897828125001 0.9346258875 0.6766748578125 0.9418166703124999 0.6891129375 0.9423599781249999 0.7002632953125 0.9348740015624999 0.70016569375 0.9171518875 0.6886797171875 0.9088543140625 0.677480565625 0.90747923125
0 0.7551605578125 0.9229205109375 0.741770375 0.9301314671875 0.7403422187500001 0.9417628718750001 0.7483494312500001 0.9506172015625 0.7627893140625 0.9533740906249999 0.7739396703125 0.9458881203124999 0.7753678265625 0.934256715625 0.7706013421875 0.9267841921875 0.7551605578125 0.9229205109375
0 0.7244622453125 0.858149659375 0.710834034375 0.8672991859374999 0.711169659375 0.8830827359375 0.7261343921875001 0.89082355 0.738572471875 0.8913668593749999 0.7477210265625 0.8816673015625 0.7471473734375 0.867822315625 0.737901225 0.859799759375 0.7244622453125 0.858149659375
0 0.6480699828125001 0.8507376609374999 0.637157659375 0.8562850734375 0.63525345 0.87179360625 0.6412588609375 0.87843435625 0.662418234375 0.8820162953124999 0.6686128765625 0.8778574203125 0.6729949453125 0.8606853390625 0.665988625 0.85293779375 0.6480699828125001 0.8507376609374999
0 0.5612414484375 0.8449959390625 0.559575265625 0.85856590625 0.5695842875 0.869633825 0.5840241703125 0.8723907140625 0.5976523796875 0.8632411890625 0.5990805359375 0.851609790625 0.5815891484375 0.8366714625 0.5612414484375 0.8449959390625
0 0.6171336484375 0.7879053796875 0.6057452671875 0.79732991875 0.60631891875 0.81117490625 0.6143261328125 0.8200292359375 0.628766021875 0.8227861265625 0.6396783453125 0.81723871875 0.6418205796875001 0.7997916218750001 0.6350522921875 0.7901055125 0.6171336484375 0.7879053796875
0 0.6593976390625 0.73996434375 0.6502490921875 0.749663903125 0.6510607640625 0.7615703171875 0.66554945 0.7731882671875 0.67574769375 0.773456559375 0.684420196875 0.7676341359375 0.6885642328125 0.7524006187500001 0.6795561109375 0.7424394921874999 0.6593976390625 0.73996434375
0 0.7400315390625 0.749864940625 0.7291192093750001 0.7554123484375 0.7252131984375 0.7687073 0.731743459375 0.780331975 0.7414656515625 0.784477403125 0.746946215625 0.7861342265625 0.7605744343749999 0.7769847015625 0.7622406171875 0.7634147328124999 0.755472321875 0.753728621875 0.7400315390625 0.749864940625
0 0.8109920359375 0.7644811734375 0.8025575593750001 0.76836503125 0.798175496875 0.7855371124999999 0.8084225453125 0.7946664640625001 0.8228624265625 0.79742335625 0.8337747578125001 0.7918759484375 0.837442740625 0.7805195656249999 0.8331523078125 0.7691699078124999 0.8109920359375 0.7644811734375
0 0.76053159375 0.8143675015625 0.75438575625 0.82738743125 0.764156746875 0.8403939171875001 0.7808364625 0.843425825 0.79198681875 0.8359398468749999 0.7888865171874999 0.81489735625 0.7667262359375 0.8102086249999999 0.76053159375 0.8143675015625
0 0.6910480515625 0.7969809265625 0.6798977015625 0.8044669046875 0.6784695453125 0.816098303125 0.6947220062499999 0.8318684031249999 0.7049202515624999 0.8321366906250001 0.7187864937499999 0.8210486015624999 0.72021465 0.809417203125 0.7112065296875001 0.7994560765625 0.6910480515625 0.7969809265625
0 0.8050961437499999 0.8680502578124999 0.789466125 0.8749862015625001 0.7875619171875 0.890494734375 0.798046990625 0.8976855171875 0.8124868812500001 0.9004424078125 0.8211593765625 0.894619984375 0.8233016109375001 0.8771728796874999 0.8182971 0.871638921875 0.8050961437499999 0.8680502578124999