1 0.1412517703125 0.08448133906250001 0.1554183375 0.0959512296875 0.1623510453125 0.09574069375000001 0.1715444625 0.0934781515625 0.1862390765625 0.080140121875 0.19143912031250002 0.0571736671875 0.1888772546875 0.0473347109375 0.18164339375 0.0356542875 0.164889525 0.0285602296875 0.1568264625 0.02979676875 0.14471915156249998 0.03875896875 0.1398711375 0.0451868078125 0.1353242796875 0.0635056046875 0.1359520265625 0.0730727375 0.1412517703125 0.08448133906250001
1 0.3403152765625 0.10653357187500001 0.345816475 0.0954580796875 0.3474494375 0.08383894374999999 0.3395878296875 0.0625913875 0.332504546875 0.0568564390625 0.313163371875 0.0541382140625 0.296208046875 0.069528253125 0.2910080046875 0.0924947046875 0.29356986875 0.10233365937500001 0.3043453703125 0.116881559375 0.32481689999999996 0.11857378125 0.3403152765625 0.10653357187500001
1 0.494868646875 0.1365486765625 0.5034343171875 0.12471900625000001 0.50670024375 0.101480728125 0.49303628593750004 0.07941770468750001 0.4736951109375 0.0766994796875 0.46530545625 0.080259846875 0.45480566875 0.0918176953125 0.44927903281250003 0.11710797656250001 0.451840896875 0.1269469328125 0.46455051718749996 0.14176665 0.4830879296875 0.14318705 0.494868646875 0.1365486765625
1 0.6101373640625 0.1373454125 0.613980159375 0.1521038453125 0.6196064953125 0.1611886203125 0.6266897796875 0.1669235640625 0.643293071875 0.1680721421875 0.650552371875 0.1655377796875 0.6607255671875001 0.1563037578125 0.665900171875 0.1475520921875 0.6685129140625 0.1289614734375 0.66595105 0.1191225171875 0.6587171890625 0.10744209375 0.6496997875 0.10143532343749999 0.640029203125 0.10007621093750001 0.6297054265625001 0.10336475625 0.619532234375 0.112598778125 0.6146842218749999 0.11902661249999999 0.6101373640625 0.1373454125
1 0.8015641 0.1926854109375 0.808496809375 0.192474875 0.825125540625 0.17940866718749998 0.8313053609375001 0.149470728125 0.8227905671875 0.132870828125 0.8060366984374999 0.12577676875 0.7918446890624999 0.12852166874999998 0.781671496875 0.1377556921875 0.776496890625 0.1465073578125 0.7735575578125 0.167421803125 0.7852874015625 0.18921300624999998 0.7907631578125 0.1923523 0.8015641 0.1926854109375
1 0.23381163124999998 0.1626572765625 0.2509175328125 0.153212715625 0.2560921390625 0.1444610515625 0.25935806562499997 0.1212227765625 0.2473016296875 0.1017554015625 0.2282870484375 0.09671335 0.21989739375 0.10027371249999999 0.2093976078125 0.11183156718750001 0.20387097031249998 0.1371218453125 0.20804035937499998 0.1495564515625 0.21560081250000002 0.15891305 0.22107657343749998 0.16205234375 0.23381163124999998 0.1626572765625
1 0.372264315625 0.18093066875 0.3832158359375 0.1872092578125 0.390148540625 0.1869987234375 0.399341959375 0.184736184375 0.41177586406250005 0.173450153125 0.4169504703125 0.1646984890625 0.4189100265625 0.1507555265625 0.4110484171875 0.12950796874999998 0.4039651328125 0.1237730203125 0.38655807656249996 0.12132661874999999 0.378168421875 0.1248869859375 0.367668634375 0.136444834375 0.36508133125 0.140820665625 0.36214199687500004 0.161735115625 0.372264315625 0.18093066875
1 0.534403578125 0.2060875828125 0.543420978125 0.21209434843750002 0.5503536859375 0.21188381406249998 0.56826335 0.2037370796875 0.57424171875 0.196283240625 0.5797683546875 0.170992959375 0.5715801546875 0.1520692328125 0.5644968703125001 0.1463342859375 0.5470898171874999 0.1438878828125 0.5387001609375 0.14744825156250002 0.5282003734375 0.15900609999999998 0.5256130703124999 0.1633819296875 0.5226737359375 0.18429638125 0.526843125 0.1967309859375 0.534403578125 0.2060875828125
1 0.7016920078125 0.2367076171875 0.714427065625 0.23731255 0.7318595593749999 0.225544165625 0.7399480609375 0.210092840625 0.7399735 0.1958780546875 0.737411634375 0.1860390984375 0.7301777734375 0.174358675 0.7247020171874999 0.1712193765625 0.7011660171874999 0.17028133750000002 0.6909928187500001 0.17951535937500002 0.6858182140625 0.188267025 0.68127135625 0.20658582343749998 0.6891329640625 0.2278333796875 0.7016920078125 0.2367076171875
1 0.1249221375 0.20067271562500003 0.13393953593750002 0.20667948281249998 0.14474047968749998 0.20701259374999997 0.153933896875 0.20475005156249998 0.1663678015625 0.19346402499999998 0.172848778125 0.17541705000000002 0.1709400984375 0.1609304375 0.1656403546875 0.149521834375 0.1585570703125 0.14378689218750001 0.14534484375 0.1395603046875 0.13502106875 0.1428488484375 0.1248478765625 0.152082871875 0.1161061921875 0.17218185156250002 0.11801486875 0.1866684625 0.1249221375 0.20067271562500003
1 0.2848006890625 0.2278816359375 0.293818090625 0.23388840156250001 0.302684915625 0.2339496890625 0.3194642234375 0.2268289578125 0.329813434375 0.209325628125 0.3314463984375 0.1977064921875 0.3292111265625 0.185543709375 0.3203697390625 0.17126763125 0.3013551609375 0.16622558125 0.295226215625 0.167733940625 0.2827923109375 0.1790199703125 0.2776177046875 0.1877716359375 0.27500496406249997 0.20636225625 0.277566828125 0.2162012109375 0.2848006890625 0.2278816359375
1 0.4433983078125 0.2501710765625 0.4524157125 0.2561778421875 0.4612825359375 0.25623913125 0.4704759515625 0.2539765921875 0.48517056875 0.24063855781250001 0.49004401875000003 0.2199959328125 0.48780874687500003 0.20783315156249998 0.4805748859375 0.196152728125 0.47349160156250003 0.1904177796875 0.4599527796875 0.188515021875 0.4417165234375 0.1989855828125 0.43654191875 0.207737246875 0.4323216515625 0.22373221875 0.434556925 0.23589500000000002 0.4433983078125 0.2501710765625
1 0.6253559156249999 0.28166786718750003 0.63035450625 0.28118550937500003 0.642788409375 0.2698994828125 0.6479630125 0.2611478171875 0.6496214171875 0.23531389218749998 0.6372383875 0.21817034687499998 0.63176263125 0.21503104843749998 0.6159631 0.21518030000000002 0.596747065625 0.2326223421875 0.593154546875 0.25818444218750003 0.6071450984375 0.27792364062499997 0.6126208546874999 0.2810629328125 0.6253559156249999 0.28166786718750003
1 0.7613973140625 0.2960477875 0.7708918828125 0.30567620624999997 0.7813662328125 0.3083331421875 0.794427884375 0.3066142453125 0.8068617890625 0.29532821875000004 0.8120363953125 0.286576553125 0.8146491359375 0.267985934375 0.8120872718750001 0.258146978125 0.79937765 0.243327259375 0.7819705953125 0.2408808578125 0.7777757703125 0.242661040625 0.763407746875 0.25367524375 0.757579953125 0.267074565625 0.75690133125 0.285937009375 0.7613973140625 0.2960477875
1 0.21846177656250002 0.2718771671875 0.223460365625 0.2713948109375 0.2358942703125 0.2601087828125 0.24106887656249998 0.25135711875 0.242074090625 0.23017084843750002 0.230017659375 0.2107034734375 0.2087423671875 0.20771342656249997 0.1917870421875 0.223103465625 0.188873146875 0.22980312343749998 0.1878679296875 0.25098939531250003 0.1947751984375 0.264993646875 0.2018584828125 0.27072859375 0.21846177656250002 0.2718771671875
1 0.356261275 0.2947982171875 0.372211384375 0.3005944484375 0.3833389203125 0.29860373125 0.3954462296875 0.28964153125 0.4009474296875 0.2785660375 0.40323357812499994 0.262299246875 0.3934378515625 0.24077986718750002 0.3844204515625 0.2347730984375 0.3747498625 0.2334139859375 0.3568402 0.24156071875000001 0.3494048828125 0.2523643875 0.345837803125 0.26371170625 0.347419890625 0.28052214062499997 0.356261275 0.2947982171875
1 0.5362847656249999 0.326023184375 0.553717259375 0.3142548 0.5588918640625 0.305503134375 0.5615046046875001 0.286912515625 0.557335215625 0.2744779109375 0.5462331218750001 0.2622538421875 0.526891946875 0.25953561718749996 0.5125239265625 0.27054982031249997 0.5073493203125 0.2793014859375 0.5053643250000001 0.3074592390625 0.5180739453125 0.32227895625 0.5235497046875001 0.32541825 0.5362847656249999 0.326023184375
1 0.678279090625 0.3471640484375 0.6837548515625 0.350303346875 0.6964899078125 0.35090827812500003 0.7037492078125 0.3483739125 0.7161831109375 0.33708788749999996 0.718770415625 0.33271205312499996 0.722362934375 0.30714995312500004 0.713848140625 0.2905500484375 0.70676485625 0.28481510625 0.6912919171875 0.2826405265625 0.6727290703125 0.29543491093749996 0.6675544640625 0.3041865765625 0.6649417234375 0.32277719843749997 0.6691111109375 0.33521180156249997 0.678279090625 0.3471640484375
1 0.135192975 0.3170479515625 0.15069135312499998 0.305007746875 0.155865959375 0.29625608125 0.15654458124999998 0.2773936375 0.148029790625 0.26079373437500003 0.14094650625 0.2550587921875 0.1254735671875 0.25288421250000004 0.11708391250000001 0.256444575 0.106584125 0.2680024265625 0.10367022968749999 0.2747020859375 0.1023384203125 0.2982121859375 0.11472144843750001 0.31535573281249996 0.135192975 0.3170479515625
1 0.2934640046875 0.341661225 0.31154968437499997 0.3252451828125 0.31576995 0.3092502125 0.313861271875 0.29476360156250003 0.305019884375 0.280487528125 0.2976100078125 0.2770764109375 0.2798763609375 0.2769538359375 0.27229046874999996 0.281812028125 0.26226785 0.296991528125 0.2609360390625 0.3205016265625 0.26784331093749997 0.334505878125 0.2749265953125 0.3402408234375 0.2934640046875 0.341661225
1 0.4273952671875 0.364038625 0.4383467875 0.3703172140625 0.4452794953125 0.37010667812500003 0.45221220312500005 0.3698961453125 0.469167528125 0.35450610625 0.4717548296875 0.350130275 0.47469416249999996 0.329215828125 0.4645718453125 0.31002027499999996 0.45555444375 0.30401350625 0.445883859375 0.30265439375000003 0.43556008437499993 0.3059429375 0.42312618124999996 0.31722896562499997 0.420538878125 0.3216047984375 0.4172729515625 0.3448430734375 0.4273952671875 0.364038625
1 0.585666296875 0.3886518953125 0.5982253421875 0.397526134375 0.6051580484375 0.3973156015625 0.6185462921875 0.3932728765625 0.6264587765625 0.3860908578125 0.6316333796875 0.3773391921875 0.634246121875 0.358748571875 0.6332917828125 0.3515052703125 0.622842875 0.33463354375 0.6057624078125 0.32986331406249997 0.5954386390625 0.33315185468749997 0.5830047328125 0.3444378859375 0.5804174328125 0.3488137171875 0.5771515046875 0.37205199375000003 0.585666296875 0.3886518953125
1 0.7534573328125 0.408678796875 0.7622987203125 0.4229548703125 0.7763147109374999 0.42847928281250003 0.7893763609375 0.42676038437499997 0.8040709765624999 0.4134223546875 0.8069848734375 0.40672269375000003 0.8095976140625 0.3881320734375 0.80703575 0.37829311875 0.7943261296874999 0.3634733953125 0.7788531921875 0.361298815625 0.7685294203125 0.3645873609375 0.7583562234375 0.3738213828125 0.7528550265625 0.384896875 0.7512220625 0.396516015625 0.7534573328125 0.408678796875
1 0.203111921875 0.3810970625 0.21037122031250002 0.3785627015625 0.22506583593750001 0.3652246671875 0.2267242359375 0.33939074062499996 0.21981696718750002 0.3253864890625 0.212733684375 0.3196515421875 0.1953266296875 0.317205140625 0.17869789687499998 0.330271353125 0.1735232921875 0.33902301874999996 0.17123714375000001 0.3552898109375 0.17942534375000002 0.3742135421875 0.186508628125 0.379948484375 0.203111921875 0.3810970625
1 0.330462509375 0.3871463859375 0.33463189843749996 0.3995809890625 0.344126471875 0.4092094109375 0.36266388125 0.41062981093750006 0.372183890625 0.406043440625 0.382683678125 0.3944855921875 0.384316640625 0.38286645625000004 0.38657735312499997 0.380814446875 0.3849698265625 0.3782187984375 0.3866027890625 0.3665996625 0.37615388125 0.34972793593749996 0.35520518125 0.3444140625 0.34681552656250003 0.347974428125 0.334055028125 0.3615842828125 0.33114113437500003 0.3682839421875 0.330462509375 0.3871463859375
1 0.491295403125 0.421598609375 0.49852926406250003 0.43327903437500004 0.5075466640624999 0.43928580312500004 0.51834760625 0.43961891406250003 0.5252803125 0.439408375 0.5373876265625 0.43044617656249995 0.545476125 0.41499485312499995 0.5471090890625 0.4033757109375 0.54326629375 0.38861728281249996 0.5357058375 0.37926068281249997 0.5321641968749999 0.3763932109375 0.51475714375 0.373946809375 0.5063674890625001 0.3775071734375 0.49619429375 0.38674119687499997 0.48938672343749995 0.40711200156249994 0.491295403125 0.421598609375
1 0.664863353125 0.456655765625 0.6719466359374999 0.46239071249999997 0.6904840484375 0.4638111140625 0.6977433453125 0.46127674843750005 0.705982425 0.4517709015625 0.7111570296874999 0.4430192375 0.713769771875 0.4244286171875 0.7112079078125 0.41458966249999996 0.7020399296875001 0.40263741406250003 0.6984982859375 0.39976994375 0.68109123125 0.397323540625 0.6596144859375 0.41681758750000003 0.6567005890625001 0.42351725 0.656348559375 0.44005586562500004 0.664863353125 0.456655765625
1 0.093895834375 0.42143633124999996 0.1009791171875 0.427171278125 0.11564829375 0.4280480296875 0.12064688593749999 0.42756567187499994 0.1353414984375 0.41422764218749997 0.140842696875 0.403152146875 0.1421490671875 0.3938568359375 0.138306271875 0.3790984046875 0.1307458171875 0.36974180625 0.12720417343749998 0.3668743359375 0.107863003125 0.3641561109375 0.0912342703125 0.37722231875 0.085707634375 0.4025126 0.0866619734375 0.40975590625 0.093895834375 0.42143633124999996
1 0.2739193203125 0.45266130000000004 0.28909110625 0.44294491718750006 0.2975062 0.42516976562500003 0.2972050453125 0.41327880625 0.2835410875 0.39121578125 0.2780653265625 0.3880764875 0.26419991249999997 0.38849755625000004 0.244983878125 0.40593959999999996 0.2420699828125 0.412639259375 0.2417179515625 0.42917787656249995 0.245887340625 0.44161247968749995 0.25344779375000004 0.4509690796875 0.2739193203125 0.45266130000000004
1 0.40481155312499995 0.46157809531250005 0.41204541250000004 0.4732585203125 0.419128696875 0.4789934640625 0.43379787500000005 0.47987021875 0.43879646406250006 0.4793878625 0.45349108125 0.46604982812499995 0.45901771562500004 0.44075954843750004 0.45806337812500003 0.43351624375000003 0.4508295140625 0.4218358203125 0.4437462296875 0.416100871875 0.42827329062499997 0.4139262921875 0.4198836359375 0.4174866609375 0.40971044375 0.42672068281250003 0.4042092453125 0.4377961734375 0.40224968906249997 0.451739140625 0.40481155312499995 0.46157809531250005
1 0.584809603125 0.5070178515625 0.5994787781250001 0.5078946078125 0.6044773671875 0.507412246875 0.6191719828125 0.494074215625 0.6217592859375001 0.48969838125000004 0.6246986203125 0.46878393437500004 0.6145763046875 0.44958838281249996 0.6074930203125 0.44385343906249997 0.5939541968750001 0.4419506828125 0.5855645421875 0.4455110453125 0.5731306359375 0.4567970734375 0.5676040015625 0.482087353125 0.575792203125 0.5010110828125 0.584809603125 0.5070178515625
1 0.7653102578125 0.5418644734375 0.7799794359375001 0.5427412281249999 0.7894994453125 0.538154859375 0.7999992312499999 0.5265970109375 0.804872684375 0.5059543828125 0.80135648125 0.488872125 0.7937960281249999 0.47951552656249996 0.7747814453124999 0.4744734734375 0.7621969656250001 0.4798140203125 0.7520237703125 0.48904804375 0.74943646875 0.49342387812500005 0.7464971359375 0.5143383265625 0.754685334375 0.5332620546875 0.7653102578125 0.5418644734375
1 0.1867822875 0.49728844062500005 0.20454137499999997 0.4831962265625 0.2071286765625 0.47882039218749994 0.2100680109375 0.45790594531249995 0.19640405 0.43584292031249994 0.1812577046875 0.4313445140625 0.17093393437499999 0.43463305625000004 0.1607607390625 0.443867078125 0.15558613593749998 0.45261874375 0.1529733953125 0.47120936249999995 0.1555352578125 0.48104831875 0.1663107609375 0.49559621875 0.1867822875 0.49728844062500005
1 0.3213667390625 0.5150181890625001 0.33199166406249997 0.523620603125 0.3427926046875 0.5239537125 0.35618085 0.51991099375 0.364093334375 0.512728975 0.369594534375 0.5016534781249999 0.3712274984375 0.49003434375 0.368992225 0.47787156093750005 0.36015084062499997 0.4635954875 0.341136259375 0.4585534328125 0.3308124859375 0.461841978125 0.3229000015625 0.46902399531250005 0.3177253953125 0.47777565937500005 0.3147860609375 0.4986901078125 0.3213667390625 0.5150181890625001
1 0.52444905625 0.5435595484375 0.5352754375 0.52967786875 0.5385413640625 0.506439590625 0.526484928125 0.4869722203125 0.519075053125 0.4835610984375 0.5032755203125 0.48371034999999996 0.48632019687500005 0.499100384375 0.48340630156250003 0.5058000453125 0.482401084375 0.5269863140625 0.496391634375 0.5467255125 0.5149290468750001 0.5481459125 0.52444905625 0.5435595484375
1 0.6607916109375 0.569830421875 0.66787489375 0.57556536875 0.6783492421874999 0.57822230625 0.687216065625 0.5782835921875 0.6993233765625 0.5693213921875 0.70675869375 0.5585177203125 0.71065236875 0.5448465796875 0.7087436890625 0.5303599671875 0.7015098265625 0.51867954375 0.69442654375 0.5129446 0.6789536046875 0.5107700203125 0.67056395 0.514330384375 0.6581300437500001 0.5256164125 0.6526034093749999 0.550906690625 0.6607916109375 0.569830421875
1 0.0619426859375 0.5295076484375 0.0698042921875 0.5507552046875 0.076887575 0.5564901515625 0.093490871875 0.557638725 0.10075016875000001 0.5551043640625 0.111249959375 0.543546515625 0.11675115625000002 0.53247101875 0.11805752656249999 0.523175709375 0.11582225625 0.511012928125 0.10858839218750001 0.4993325046875 0.09957099375 0.49332573437500005 0.08990040625 0.49196662187499995 0.0795766359375 0.49525516718749996 0.069403440625 0.5044891890625001 0.0639022421875 0.5155646796875 0.0619426859375 0.5295076484375
1 0.2302108921875 0.553156203125 0.23583722968749998 0.562240978125 0.2429205140625 0.5679759203125 0.2575896875 0.568852675 0.2648489875 0.5663183140625 0.27502218125 0.5570842921875 0.28052338125 0.5460087953125 0.2828095296875 0.5297420078124999 0.2786401421875 0.5173073984375 0.2710796875 0.5079508046875 0.25206510937500004 0.50290875 0.2459361625 0.5044171125 0.23350225624999998 0.5157031390625 0.228001059375 0.52677863125 0.226368096875 0.5383977671875 0.2302108921875 0.553156203125
1 0.4277920125 0.5927730515625 0.4350513109375 0.590238690625 0.44813840312500003 0.5743050078125 0.4514043296875 0.5510667296875 0.4393478953125 0.531599359375 0.43193801875000004 0.5281882390625 0.41613848593749997 0.5283374890625 0.40177046406250005 0.53935169375 0.39659585937499997 0.548103359375 0.39398311874999997 0.566693978125 0.3965449828125 0.5765329343750001 0.40925460312500006 0.5913526515624999 0.4277920125 0.5927730515625
1 0.55386166875 0.5939028953125 0.5639839890625 0.6130984500000001 0.571067271875 0.618833396875 0.58380233125 0.619438328125 0.590735040625 0.619227790625 0.6054296531250001 0.605889759375 0.6080169578125 0.601513925 0.611282884375 0.5782756531250001 0.6090476109375 0.5661128703125 0.60309468125 0.559351921875 0.5940772796875 0.55334515625 0.5844066953125 0.55198604375 0.5763436328125 0.55322258125 0.561975609375 0.564236784375 0.556801003125 0.57298845 0.55386166875 0.5939028953125
1 0.78238866875 0.6378689093750001 0.785328003125 0.6169544578124999 0.781158615625 0.60451985625 0.7700565187499999 0.5922957859375 0.7526494640625 0.589849384375 0.7400649796875001 0.5951899328125 0.7318259031250001 0.6046957765625 0.727906790625 0.63258170625 0.729187725 0.637501184375 0.7415707484375 0.65464473125 0.7659105125 0.6568806 0.78238866875 0.6378689093750001
1 0.15578347812499999 0.612603059375 0.17045265468749998 0.613479815625 0.1777119546875 0.6109454546875 0.1927331625 0.5952835921874999 0.1956724953125 0.574369146875 0.183942653125 0.5525779453124999 0.1668621921875 0.5478077109374999 0.1565384171875 0.5510962562499999 0.1463652234375 0.560330278125 0.14119061875 0.56908194375 0.1389044703125 0.5853487375 0.139858809375 0.5925920390625 0.1503077203125 0.6094637656249999 0.15578347812499999 0.612603059375
1 0.342111925 0.6340503625 0.3568065421875 0.620712328125 0.35939384375 0.6163364984374999 0.362333178125 0.595422046875 0.3502767421875 0.5759546765625 0.329328046875 0.5706407984374999 0.31302590625 0.581383184375 0.3078513 0.59013485 0.3049119671875 0.6110492953125 0.318575925 0.6331123203125 0.329050275 0.6357692578125 0.342111925 0.6340503625
1 0.5011867171875 0.6599614578125 0.519272396875 0.643545415625 0.5218597 0.639169584375 0.524472440625 0.620578965625 0.5186955281250001 0.6055487078125 0.5092009562500001 0.5959202875 0.4875990734375 0.595254071875 0.477752471875 0.6021642640625 0.47031715625 0.6129679359375 0.467377821875 0.6338823828125 0.47154721093749996 0.6463169875 0.4826493078125 0.65854105625 0.5011867171875 0.6599614578125
1 0.68688741875 0.6718416281249999 0.6898013140625 0.6651419656249999 0.6908065296875 0.643955696875 0.6803576203125 0.6270839703125 0.66327715625 0.6223137421875 0.6453674921875 0.6304604734375 0.637932178125 0.64126414375 0.6337119109375 0.6572591140624999 0.6412469265625 0.6808304984375 0.6483302109375 0.6865654453125 0.6688017390625001 0.6882576671875 0.68688741875 0.6718416281249999
1 0.0449598671875 0.6503466796875 0.052193728125000005 0.662027103125 0.059277012500000004 0.66776205 0.0739461890625 0.6686388015625 0.0808788953125 0.6684282671874999 0.0884647875 0.663570078125 0.0959001046875 0.65276640625 0.10012036875000001 0.6367714390625 0.0962775734375 0.6220130046875 0.09065123593749999 0.6129282296875 0.07583148281249999 0.606105996875 0.0593787671875 0.6109028999999999 0.05372699374999999 0.6160329109375 0.045638490625 0.6314842359374999 0.044005528125 0.6431033734375 0.0449598671875 0.6503466796875
1 0.22498335468750003 0.6815716453125 0.24352076562499997 0.682992046875 0.253040775 0.6784056796875 0.26386715625 0.6645240015625 0.2671330828125 0.641285728125 0.25861829062499997 0.6246858234375 0.25153500625 0.61895088125 0.23799618437499998 0.6170481234375 0.2276724140625 0.6203366640625 0.2171726234375 0.6318945125 0.214585321875 0.6362703484375001 0.21164598906249998 0.65718479375 0.21420785156250002 0.66702375 0.22498335468750003 0.6815716453125
1 0.379587603125 0.6831571750000001 0.38842898593749997 0.697433253125 0.39551227031249997 0.7031681953125 0.4043790984375 0.703229484375 0.41324592187500003 0.703290771875 0.4279405359375 0.6899527359375 0.433115140625 0.681201071875 0.43540128906250003 0.6649342828125 0.43283942499999994 0.6550953265625 0.423998040625 0.6408192484375 0.4049834578125 0.6357771984375 0.396593803125 0.639337565625 0.3841599 0.6506235921875 0.378658703125 0.661699084375 0.3773523328125 0.6709943953125 0.379587603125 0.6831571750000001
1 0.541400271875 0.7106379203125 0.548307540625 0.7246421703125 0.555390825 0.7303771171875 0.5719941171875 0.7315256953125 0.5792534171875 0.7289913296874999 0.5894266125 0.7197573078125 0.59460121875 0.7110056421875 0.597213959375 0.692415021875 0.5949786875 0.680252240625 0.585810709375 0.66829999375 0.582269065625 0.665432521875 0.5648620109375 0.6629861203125 0.548559871875 0.6737285015625 0.5433852671875 0.6824801671875 0.5391649984375 0.6984751375 0.541400271875 0.7106379203125
1 0.12385576875 0.7064595921875 0.132697153125 0.7207356640625 0.1397804375 0.7264706078125001 0.15058137968750002 0.72680371875 0.159774796875 0.7245411796875 0.1722087015625 0.713255153125 0.1770567140625 0.7068273140625 0.1793428625 0.6905605203125 0.1714812546875 0.6693129625 0.166332090625 0.66384984375 0.15311986093750002 0.65962325625 0.1386012609375 0.6646919812500001 0.1306887765625 0.6718740000000001 0.1255141703125 0.680625665625 0.1229014296875 0.699216284375 0.12385576875 0.7064595921875
1 0.2929023 0.74562075625 0.298378059375 0.74876005 0.3169154703125 0.75018045 0.33500114999999997 0.7337644109375 0.337588453125 0.729388578125 0.34020119531250004 0.710797959375 0.3376393296875 0.700959003125 0.328471353125 0.68900675625 0.324929709375 0.686139284375 0.3094567703125 0.6839647046875 0.301067115625 0.6875250687500001 0.290893921875 0.696759090625 0.2857193140625 0.70551075625 0.283433165625 0.7217775484375 0.2929023 0.74562075625
1 0.464712146875 0.77213678125 0.48518367656250005 0.7738290046875 0.500682053125 0.7617887984375 0.505856659375 0.7530371328125 0.5084694 0.7344465125 0.5059075359375 0.7246075578125 0.49867367656250006 0.7129271328125 0.4951320328125 0.7100596625 0.4757908609375 0.7073414375 0.4674012078125 0.7109018 0.4569014171875 0.7224596484375 0.45137478125 0.7477499296875 0.4555441703125 0.760184534375 0.464712146875 0.77213678125
1 0.617030246875 0.78998910625 0.6265248171875 0.799617525 0.632000578125 0.80275681875 0.6447356359375 0.803361753125 0.6539290531249999 0.8010992140625 0.6618415375 0.7939171953125 0.670909815625 0.7714943859375001 0.6677202062500001 0.752088296875 0.66370139375 0.745599175 0.6550105859375 0.7372685796875 0.6414717640625 0.735365821875 0.63114799375 0.7386543624999999 0.620974796875 0.7478883890625 0.6183874968749999 0.7522642203125 0.6144683843750001 0.78015015 0.617030246875 0.78998910625
1 0.037471618750000005 0.78081413125 0.0464890234375 0.786820896875 0.05342172656250001 0.7866103609375 0.066809971875 0.7825676421875001 0.0769831671875 0.773333615625 0.079570471875 0.7689577843750001 0.083162990625 0.74339568125 0.0746481953125 0.72679578125 0.0656307953125 0.7207890109374999 0.055960209375 0.7194299 0.045636434375 0.72271844375 0.035463240624999996 0.7319524671875001 0.030288635937500002 0.74070413125 0.0273493015625 0.761618578125 0.037471618750000005 0.78081413125
1 0.1221698734375 0.8377425078125 0.1326442234375 0.8403994484374999 0.139576928125 0.840188909375 0.1584663703125 0.825070696875 0.1610536734375 0.8206948625000001 0.16399300781249998 0.799780415625 0.15580480624999998 0.780856684375 0.1374434125 0.7711669765625 0.12485892968750001 0.776507525 0.1146857359375 0.7857415484375 0.10951113125 0.7944932125 0.1068983890625 0.813083834375 0.1150865890625 0.8320075640625 0.1221698734375 0.8377425078125
1 0.217847140625 0.795500484375 0.23090879062499997 0.7937815875 0.24334269375 0.7824955609375001 0.251104603125 0.7693680609375 0.2485681765625 0.7453143203125 0.2339244390625 0.7302227796875 0.21425667499999998 0.72982838125 0.20182276875 0.741114409375 0.19664816406250002 0.7498660734375 0.1940354234375 0.7684566937499999 0.1965972859375 0.7782956484375 0.20383115 0.7899760734375 0.217847140625 0.795500484375
1 0.36436288437500003 0.8125373375 0.37144616875 0.818272284375 0.3861153453125 0.8191490390625 0.3911139359375 0.8186666796875001 0.4077426671875 0.8056004703124999 0.41294271250000003 0.782634015625 0.40701522187499994 0.76165828125 0.394456178125 0.75278404375 0.384785590625 0.75142493125 0.374461821875 0.7547134718749999 0.3642886265625 0.763947496875 0.35620012343749996 0.779398821875 0.3552203453125 0.7863703046875 0.35745561718749996 0.7985330859374999 0.36436288437500003 0.8125373375
1 0.29445689062499997 0.8678801875 0.309302084375 0.860487634375 0.32158541406249996 0.8432561281250001 0.3225651921875 0.83628464375 0.3193755796875 0.81687855625 0.31374924375 0.80779378125 0.3027977234375 0.8015151921875001 0.2892589046875 0.799612434375 0.270369459375 0.8147306499999999 0.26451623125 0.8423447578125 0.2707703125 0.8609966671875 0.28365595 0.8675470765625001 0.29445689062499997 0.8678801875
1 0.4837501125 0.8541982546875 0.470086153125 0.8321352296875 0.446550153125 0.8311971874999999 0.4292682359375 0.8489110515625 0.427609834375 0.874744978125 0.4396662671875 0.8942123531249999 0.46013779687499995 0.8959045765625 0.46965780625000003 0.89131820625 0.48048418593750003 0.8774365265625 0.4837501125 0.8541982546875
1 0.531324721875 0.8454812015625001 0.53680048125 0.8486205 0.5514696578125 0.8494972515624999 0.560663075 0.8472347125 0.57083626875 0.8380006906249999 0.5760108765624999 0.829249025 0.5786236171875 0.8106584046875 0.5707620078125 0.7894108484375 0.563678725 0.7836759 0.544337553125 0.7809576765624999 0.5277088187500001 0.7940238875000001 0.522207621875 0.8050993796875 0.5202480656249999 0.819042346875 0.52376426875 0.8361246046874999 0.531324721875 0.8454812015625001
1 0.6027853078125001 0.9123977828125 0.609868590625 0.9181327312500001 0.6264718874999999 0.9192813078125001 0.633731184375 0.9167469421875 0.6439043828125001 0.9075129203125 0.649405578125 0.896437428125 0.651365134375 0.8824944625000001 0.643503528125 0.8612469046875001 0.6328786015625 0.8526444874999999 0.6212738984375 0.851013553125 0.6030376421875 0.8614841140625 0.5952757328125 0.8746116109375001 0.5933161765625 0.8885545765625 0.595551446875 0.900717359375 0.6027853078125001 0.9123977828125