1 0.7447895421874999 0 0.742833571875 0.0032308609375 0.7458666078125 0.014550304687499998 0.756110759375 0.023937534375 0.7807771515625 0.0294603390625 0.7894428718750001 0.0281493765625 0.7980466859375 0.021799943750000002 0.8074757734375 0.0041082484375 0.806374971875 0 0.7447895421874999 0
1 0.70584039375 0 0.68546440625 0.0054597296875 0.6726205968750001 0.0200223484375 0.6786866671875 0.042661234375 0.689879925 0.050783140625 0.703858565625 0.0500706125 0.7264410140625001 0.043008648437500005 0.7368811187500001 0.0290901 0.7332187515624999 0.0058071453124999995 0.7196218234375 0 0.70584039375 0
1 0.6181606390625001 0.0234937203125 0.6114550296875 0.0273125046875 0.6010149296875 0.041231051562499996 0.607081 0.0638699375 0.62403076875 0.0694383796875 0.654329840625 0.062330779687500004 0.664769940625 0.0484122328125 0.662118590625 0.028902425 0.6451069140625 0.018295509374999998 0.6181606390625001 0.0234937203125
1 0.5735012421875 0.0395042140625 0.5460494671875 0.04281585 0.53934385625 0.0466346359375 0.52890375625 0.060553182812499995 0.535475334375 0.08507864375 0.5524250984375 0.0906470875 0.5755130578125 0.0854716984375 0.5841168671875 0.0791222671875 0.5902550625 0.0683784328125 0.5870982031249999 0.04698205 0.5735012421875 0.0395042140625
1 0.49658265625000003 0.060114485937499997 0.47254560156250003 0.06655519531250001 0.46394178750000004 0.0729046296875 0.45590539375 0.08617910625 0.460454946875 0.1031582703125 0.47645561093750005 0.1099920359375 0.48803054843749993 0.109923578125 0.50820929375 0.1035056875 0.5210531015625001 0.08894306874999999 0.5189072515625 0.07131983125 0.5120778140625 0.0650616796875 0.49658265625000003 0.060114485937499997
1 0.424976990625 0.08132319375 0.3985362265625 0.088407975 0.38518691562499996 0.101084015625 0.382401528125 0.10991845625 0.38594006875 0.123124471875 0.39276950624999996 0.1293826265625 0.414526678125 0.133662928125 0.43951283593749996 0.125956896875 0.45096394531249995 0.11581149531249998 0.447301584375 0.0925285375 0.440472146875 0.0862703828125 0.424976990625 0.08132319375
1 0.3528658171875 0.10064532500000001 0.3240213453125 0.10837417812500001 0.3116830484375 0.1248233671875 0.3172436125 0.14557567968750001 0.3365970796875 0.150500053125 0.359685040625 0.1453246625 0.37683075 0.12758733125 0.3751904109375 0.11185066875 0.365451759375 0.1043500140625 0.3528658171875 0.10064532500000001
1 0.28606755625 0.1205658875 0.256717584375 0.12640816562499999 0.24147007187499997 0.14161485468749999 0.245132440625 0.1648978109375 0.2519618734375 0.17115596718749998 0.263093215625 0.1742394015625 0.295795996875 0.1664877296875 0.30534890937500003 0.158872975 0.3076287875 0.148151965625 0.302573728125 0.129286225 0.28606755625 0.1205658875
1 0.182202703125 0.14637436875 0.1688533921875 0.15905040937499998 0.1665735109375 0.169771421875 0.1696065453125 0.1810908640625 0.17352676875 0.1861065171875 0.1904765359375 0.1916749578125 0.21837190468749998 0.18521143125 0.2317212140625 0.1725353859375 0.22856435625 0.15113900156249999 0.21155268125 0.14053208749999999 0.182202703125 0.14637436875
1 0.1341285890625 0.1592557875 0.1076878265625 0.16634056875 0.095349525 0.1827897609375 0.0969898671875 0.198526421875 0.10432480468750001 0.20667114999999997 0.11400154375 0.2091333359375 0.125070975 0.207178303125 0.1452497203125 0.20076041249999999 0.159991725 0.18366714687500002 0.1564531828125 0.17046113125 0.1496237453125 0.1642029765625 0.1341285890625 0.1592557875
1 0.0785235859375 0.1872982578125 0.0625229171875 0.1804644921875 0.05480629375 0.1805101328125 0.03798035625 0.1850186296875 0.0293765421875 0.191368059375 0.019947456250000002 0.20905975468750002 0.02740621875 0.22728142343750002 0.052578115625 0.2346908015625 0.0660512515625 0.23209169843750002 0.07705876874999999 0.22509819375 0.08370246718749999 0.21624093906250003 0.087375040625 0.20110270625 0.0785235859375 0.1872982578125
1 0.7341576421875 0.042963009375 0.7256157421875 0.0543509140625 0.723841365625 0.0669584984375 0.730289115625 0.08140701875 0.736613046875 0.085778596875 0.7573592109375 0.0862857515625 0.779436159375 0.0773372171875 0.7869670484375 0.0621761640625 0.77849726875 0.0401813515625 0.7504780734375001 0.036567937499999995 0.7341576421875 0.042963009375
1 0.7068916015625 0.061390054687499994 0.694305653125 0.0576853671875 0.667359384375 0.062883571875 0.6559082734375 0.0730289734375 0.6536283890625 0.0837499828125 0.6581779437499999 0.1007291484375 0.6756332171875 0.108184165625 0.7011248765625 0.10236470625 0.714979696875 0.0915752359375 0.7172595796875 0.080854225 0.7137210375 0.06764820625 0.7068916015625 0.061390054687499994
1 0.5957537171875 0.084092278125 0.5810117109374999 0.101185540625 0.5860667703125 0.1200512796875 0.5967545171874999 0.12628661562500001 0.6059257484375 0.126862225 0.624206290625 0.122974978125 0.6437557093749999 0.104593575 0.63870065 0.0857278359375 0.6149833625000001 0.07893971093749999 0.5957537171875 0.084092278125
1 0.5404684828125 0.0989059125 0.5236425453125 0.10341440937499999 0.507507840625 0.124924890625 0.51787581875 0.14438906093749998 0.5396329953125 0.1486693625 0.550702425 0.1467143296875 0.5593062343749999 0.140364896875 0.5716445359375 0.12391570468749999 0.56418576875 0.10569403749999999 0.5404684828125 0.0989059125
1 0.468357309375 0.11822804375 0.44722946406249997 0.1259112546875 0.4353966671875 0.144247021875 0.44336094218750005 0.16435526250000002 0.462714409375 0.1692796359375 0.48339866093749995 0.16474831875 0.49630438125 0.1552241703125 0.50193706875 0.14259376562499998 0.4949838046875 0.1262586703125 0.468357309375 0.11822804375
1 0.39675164218750003 0.13943674687500002 0.375623790625 0.147119959375 0.3646781875 0.1591519328125 0.361892803125 0.167986371875 0.368846059375 0.1843214640625 0.3911087421875 0.1904883390625 0.413691190625 0.183426378125 0.42463679687500006 0.1713944046875 0.42742218593750003 0.16255996718750002 0.42046892812500003 0.146224871875 0.39675164218750003 0.13943674687500002
1 0.3102182296875 0.1626233046875 0.301614421875 0.1689727375 0.291174321875 0.1828912828125 0.29622938125 0.2017570234375 0.3040079171875 0.2067498515625 0.3160883546875 0.20856796875 0.3343689015625 0.20468072187500003 0.3515146125 0.186943390625 0.34595404687500003 0.16619107500000002 0.322236759375 0.1594029484375 0.3102182296875 0.1626233046875
1 0.22950324375000003 0.18829486875 0.21716494687500001 0.204744059375 0.22614022656250002 0.22862544843750002 0.24498819374999997 0.2316632484375 0.2699743515625 0.2239572125 0.2828181546875 0.2093945953125 0.27675208281249997 0.186755709375 0.2530347953125 0.17996758125 0.22950324375000003 0.18829486875
1 0.17851991875 0.19993378281250002 0.1597957796875 0.20697292812499998 0.15119196562499998 0.21332236093749998 0.1450537734375 0.22406618906250003 0.14719961875 0.241689428125 0.16421129375000001 0.25229633749999997 0.1704733125 0.25162945 0.193561271875 0.24645406250000002 0.20216508125 0.24010462968750002 0.210201475 0.22683015312500002 0.20223720625000002 0.20672191093749998 0.17851991875 0.19993378281250002
1 0.10400503593749999 0.21989998437499997 0.09198650781249999 0.22312034062500002 0.0790807921875 0.23264449062499998 0.071044396875 0.2459189671875 0.0750884453125 0.26101155781249996 0.0824233875 0.2691562828125 0.10127135312499999 0.27219408125 0.1286612171875 0.2638439796875 0.1396068203125 0.2518120046875 0.1384719828125 0.237961915625 0.130126034375 0.226044040625 0.10400503593749999 0.21989998437499997
1 0 0.276004303125 0.00107906875 0.2828643328125 0.0079085046875 0.289122484375 0.0190398484375 0.29220592500000003 0.049338921875000004 0.285098325 0.061677221875 0.2686491296875 0.0585203625 0.247252746875 0.0420141921875 0.238532409375 0.010260509375 0.24501875625 0 0.256652371875 0 0.276004303125
1 0.0888092265625 0.2785663328125 0.0666703703125 0.2824763984375 0.055662851562500004 0.2894699015625 0.0471209515625 0.30085780624999997 0.049266801562500004 0.318481040625 0.06773308125000001 0.32970920625 0.09803215781249999 0.3226016046875 0.1075850703125 0.31498685000000004 0.109864953125 0.3042658359375 0.10531539999999999 0.28728667343750003 0.0888092265625 0.2785663328125
1 0.1454871546875 0.25933548281249996 0.125432234375 0.2758303125 0.1226468453125 0.2846647484375 0.12719640000000002 0.30164391562500004 0.1345313421875 0.30978864375000004 0.1451571734375 0.31098550468749997 0.173052546875 0.3045219765625 0.19120926875 0.2905577890625 0.18805240781250002 0.26916140781250003 0.1657278125 0.257956059375 0.1454871546875 0.25933548281249996
1 0.22721315312499998 0.2374370671875 0.21759833125 0.24001335156249998 0.2022889078125 0.25018156875 0.19285982031249999 0.26787326562499997 0.20031858281249998 0.28609493124999996 0.2134100375 0.29168619375 0.22447946718749998 0.289731159375 0.2470619171875 0.2826692 0.26230942968750004 0.2674625109375 0.256243359375 0.24482362656249998 0.2431519046875 0.2392323625 0.22721315312499998 0.2374370671875
1 0.280600184375 0.22515407812500002 0.266363690625 0.24413391406249998 0.2748334640625 0.266128728125 0.28792491875000004 0.2717199921875 0.301398053125 0.2691208875 0.319173096875 0.26334706875 0.33189307343749996 0.2387075109375 0.3259508265625 0.226145565625 0.30172803593749997 0.217470865625 0.280600184375 0.22515407812500002
1 0.3762429109375 0.1975046640625 0.3570132640625 0.20265723281249998 0.340878565625 0.22416771249999998 0.34884284062500004 0.244275953125 0.3681963078125 0.24920032656250002 0.38647685625 0.2453130796875 0.3993825703125 0.23578893281250002 0.4050152625 0.22315852656250001 0.39996020312499997 0.2042927890625 0.3762429109375 0.1975046640625
1 0.43342634375 0.1801603828125 0.42482253437499995 0.186509815625 0.41628063437499996 0.19789771875 0.41400075625 0.2086187296875 0.41994300156250003 0.2211806734375 0.430630746875 0.227416009375 0.43980197499999996 0.22799162343749999 0.47199925625 0.2183533734375 0.47902463281249996 0.201305753125 0.4715658703125 0.18308408437499998 0.445444875 0.176940028125 0.43342634375 0.1801603828125
1 0.5199597546875 0.15697382499999998 0.5007301078124999 0.16212639375 0.48598810312499996 0.1792196578125 0.4851009171875 0.18552344999999998 0.49445788281249997 0.20121447187500002 0.5104585484374999 0.20804823749999998 0.5167205609375001 0.20738135 0.5368993109375 0.20096345625 0.5497431140625 0.1864008390625 0.5506303 0.18009704843750002 0.5436770421875 0.163761953125 0.5199597546875 0.15697382499999998
1 0.599787553125 0.1376060578125 0.5843543062500001 0.137697334375 0.5685393750000001 0.1459789828125 0.5580992765625 0.159897528125 0.5631543359375 0.1787632671875 0.5772568015624999 0.1881276765625 0.58642803125 0.188703290625 0.6114141890625 0.1809972546875 0.6218542859375 0.1670787078125 0.622741478125 0.160774915625 0.615282709375 0.14255324687499998 0.599787553125 0.1376060578125
1 0.6607673859375 0.1152004890625 0.6420432453125 0.12223962968749999 0.631097640625 0.1342716046875 0.630715959375 0.14246197031250002 0.6376692171875 0.158797065625 0.6565790921875 0.1668733328125 0.66524481875 0.1655623703125 0.67631424375 0.1636073375 0.6873217625 0.1566138375 0.6948526515625 0.1414527859375 0.686382875 0.11945797031250001 0.6607673859375 0.1152004890625
1 0.732878559375 0.095878359375 0.71415441875 0.1029175 0.70371431875 0.116836046875 0.709780390625 0.139474934375 0.7262865609375 0.1481952734375 0.7325485781250001 0.1475283828125 0.7575347375 0.13982235 0.7641784406250001 0.13096509218750002 0.76544730625 0.11647093281250001 0.7555848390625 0.098893334375 0.732878559375 0.095878359375
1 0.8151100640625 0.07586651562499999 0.7996768171874999 0.0759577921875 0.785760090625 0.0817087953125 0.7753199859375 0.09562734375000001 0.7744328 0.10193113437500001 0.7818915640624999 0.1201528046875 0.79498301875 0.1257440640625 0.8094671640625 0.126918109375 0.82724220625 0.12114428906250001 0.83578410625 0.10975638593749999 0.8361657859375 0.10156602031249999 0.82820151875 0.0814577796875 0.8151100640625 0.07586651562499999
1 0.8028234671875 0.1357753671875 0.7844810046874999 0.134624140625 0.7700587734375001 0.138488565625 0.756203959375 0.14927803906249998 0.7535423890625 0.1681894171875 0.758979134375 0.1788647859375 0.7788381125 0.1856757359375 0.8019260671874999 0.1805003484375 0.8133771781249999 0.1703549453125 0.8166680734374999 0.16340708125 0.8111075078125 0.1426547703125 0.8028234671875 0.1357753671875
1 0.728308584375 0.1557415703125 0.7176827515624999 0.15454470625 0.69364569375 0.160985415625 0.680296384375 0.17366145625 0.6775109953125 0.182495896875 0.68054403125 0.19381533906249998 0.6844642515625 0.19883098906250002 0.70432323125 0.20564193749999998 0.7322186 0.1991784078125 0.73936780625 0.1922077234375 0.7440513953125001 0.180842640625 0.7389963359375 0.1619769015625 0.728308584375 0.1557415703125
1 0.659106621875 0.176306203125 0.640764165625 0.175154978125 0.626341934375 0.1790194046875 0.6110944203125 0.1942260921875 0.60830903125 0.20306052812500003 0.6118475734375 0.21626654687500002 0.6259500390625 0.22563095625 0.6351212687500001 0.22620657031250002 0.6582092281249999 0.22103118125000001 0.6696603390625 0.2108857828125 0.6724457234375001 0.20205134375 0.6668851578125 0.18129903281249998 0.659106621875 0.176306203125
1 0.5821880359375 0.196916475 0.5662492859375 0.19512118125 0.5566344640625001 0.1976974640625 0.54372874375 0.2072216125 0.53429965625 0.2249133078125 0.54024190625 0.23747525 0.5606063859375 0.24617277187500003 0.58609805 0.2403533140625 0.5971055671875 0.233359809375 0.6013455624999999 0.2251466234375 0.5952794921875 0.2025077390625 0.5821880359375 0.196916475
1 0.49704732187499995 0.21568581406249998 0.48262508750000005 0.2195502390625 0.4740212796875 0.22589967031249997 0.464973871875 0.23540100000000003 0.4621884828125 0.24423543906249998 0.4701527578125 0.26434367812500004 0.4803349984375 0.2686924375 0.49912105 0.2666917671875 0.52600540625 0.25645508906250003 0.5311325874999999 0.24193811250000002 0.5270885390625 0.2268455203125 0.520259103125 0.220587365625 0.49704732187499995 0.21568581406249998
1 0.43847119531249995 0.23744730937499997 0.4201287359375 0.23629608593749998 0.4062120078125 0.24204708749999998 0.395709996875 0.25092716406250004 0.3881791125 0.26608821250000003 0.3985470859375 0.2855523828125 0.41353673750000003 0.288613 0.42700987343749996 0.28601390000000004 0.4490868203125 0.2770653625 0.4571232171875 0.2637908859375 0.457504896875 0.25560052031249997 0.4515626515625 0.24303857187500003 0.43847119531249995 0.23744730937499997
1 0.3389082484375 0.2600810765625 0.3236607375 0.275287765625 0.32087534687499997 0.2841222015625 0.32491939531249997 0.2992147921875 0.34237466250000004 0.306669809375 0.3702700359375 0.300206278125 0.38071013593749997 0.28628773125 0.37805878125 0.266777925 0.361552609375 0.25805758125 0.3389082484375 0.2600810765625
1 0.2304217140625 0.3022931078125 0.21492655468750002 0.2973459140625 0.1994933109375 0.2974371953125 0.17937647343750002 0.3088935578125 0.169947384375 0.32658525 0.1779116609375 0.3466934921875 0.191003109375 0.352284753125 0.20257804687499997 0.3522162953125 0.2208585921875 0.34832905 0.2342698140625 0.34069147499999997 0.24129519687499998 0.32364385156250003 0.23775665625000003 0.3104378359375 0.2304217140625 0.3022931078125
1 0.2624951671875 0.282577921875 0.25199315625 0.2914579984375 0.245854959375 0.30220183125 0.25192103125 0.32484071718749996 0.26210327499999997 0.3291894734375 0.2736782078125 0.3291210171875 0.2962606609375 0.32205905625 0.3120136796875 0.30873894062499996 0.3049365953125 0.28232690625 0.2841285171875 0.2767812828125 0.2624951671875 0.282577921875
1 0.12067652031250001 0.3205781125 0.1053671015625 0.33074633124999997 0.09783621249999999 0.34590737968749996 0.10580048125 0.366015625 0.12224474375000001 0.3696974921875 0.1544420203125 0.3600592453125 0.16247841406250002 0.3467847703125 0.1564123421875 0.32414588125 0.1326950515625 0.31735775781250003 0.12067652031250001 0.3205781125
1 0.04135423125 0.34183245625 0.032750423437499995 0.3481818890625 0.02610671875 0.35703914531250003 0.0238268359375 0.3677601578125 0.030780098437499997 0.38409525 0.055951990625 0.3915046296875 0.082330846875 0.3793813765625 0.0917599328125 0.36168968281249997 0.084301165625 0.3434680140625 0.060583878125000004 0.3366798875 0.04135423125 0.34183245625
1 0.10016779687499999 0.3786460296875 0.0824546671875 0.38945831875 0.0758109703125 0.398315575 0.0760586171875 0.41846945625 0.082888053125 0.4247276078125 0.099837815625 0.430296053125 0.1320350921875 0.42065780625000004 0.146777096875 0.4035645453125 0.14222754375 0.386585378125 0.12040845468750001 0.37726660624999997 0.10016779687499999 0.3786460296875
1 0.197327040625 0.3566563328125 0.1867012078125 0.35545947187500004 0.169875265625 0.35996796875000003 0.149820340625 0.3764628015625 0.150067990625 0.396616678125 0.15499922500000002 0.4054054765625 0.1680906796875 0.410996740625 0.1743526984375 0.41032985 0.202248065625 0.40386631875 0.213255584375 0.39687281875 0.21939377499999999 0.3861289875 0.213327703125 0.3634900984375 0.197327040625 0.3566563328125
1 0.25881238125 0.336137340625 0.2419864390625 0.3406458390625 0.22382971562499998 0.354610021875 0.221044328125 0.3634444609375 0.22559388125000002 0.3804236265625 0.22951410625 0.385439275 0.24355466093749997 0.389765215625 0.27385373281250003 0.382657615625 0.28960675 0.3693374984375 0.28543888125 0.3441679671875 0.2718419203125 0.33669013125 0.25881238125 0.336137340625
1 0.307392 0.32514249375 0.2950537015625 0.34159168281249996 0.30402898437500003 0.3654730734375 0.31661493281249997 0.36917776406249997 0.3252806546875 0.3678668015625 0.3502668125 0.3601607703125 0.36070691250000003 0.3462422234375 0.354135334375 0.3217167640625 0.338640175 0.3167695703125 0.307392 0.32514249375
1 0.3838050796875 0.3026456484375 0.3752012703125 0.30899507656249997 0.367164875 0.322269553125 0.37563465625000003 0.34426436875 0.38581689531249996 0.348613128125 0.3973918328125 0.3485446703125 0.41997428281250004 0.3414827109375 0.43332359531250003 0.3288066640625 0.42915572187500006 0.303637134375 0.4102458484375 0.295560865625 0.3838050796875 0.3026456484375
1 0.47653859687500005 0.273753728125 0.45730895 0.278906296875 0.43826504218749995 0.2991742765625 0.448251334375 0.3268288109375 0.472412215625 0.33046504374999996 0.4949946703125 0.32340308125 0.507838471875 0.3088404640625 0.5087256625000001 0.3025366703125 0.5002558828125 0.280541853125 0.47653859687500005 0.273753728125
1 0.5592756078125001 0.2556284625 0.5462460640625 0.25507566875 0.53182383125 0.25894009375000004 0.5208163140625001 0.26593359843750003 0.5122744124999999 0.2773214984375 0.5193514968749999 0.3037335359375 0.5242208234375 0.3074838625 0.5387049671875 0.3086579046875 0.5641966328125 0.3028384484375 0.578051446875 0.29204897500000004 0.5803313296875 0.2813279640625 0.5762872828125001 0.2662353734375 0.5592756078125001 0.2556284625
1 0.63619419375 0.2350181890625 0.61785173125 0.2338669625 0.605833203125 0.2370873171875 0.5905856953125 0.252294009375 0.5883058109375 0.2630150171875 0.5913388484375 0.2743344640625 0.6059468156250001 0.28558545 0.6146125421875 0.28427448593750004 0.63529679375 0.27974316875 0.648708015625 0.2721055953125 0.652948009375 0.263892409375 0.6468819375 0.2412535203125 0.63619419375 0.2350181890625
1 0.6755406703125 0.2184092578125 0.6664313578125001 0.22287211718750002 0.6559912578125 0.2367906640625 0.662562834375 0.2613161234375 0.6703413703125001 0.26630895468750004 0.6843200125 0.26559642656250004 0.7074079656250001 0.2604210375 0.723160984375 0.247100921875 0.7194986171875 0.22381796718750002 0.7053961546874999 0.21445355312499997 0.6755406703125 0.2184092578125
1 0.77459811875 0.1938889203125 0.7428444359374999 0.20037526875 0.73189883125 0.21240724218749998 0.7394814203125 0.24070585156250002 0.74725995625 0.24569868125 0.761238596875 0.244986153125 0.78622475625 0.23728012031249998 0.7961593484375 0.22147499843750001 0.7911042875 0.2026092578125 0.7842748515625 0.19635110625000002 0.77459811875 0.1938889203125
1 0.8408908671875001 0.172081784375 0.8120463984375 0.1798106359375 0.7978099000000001 0.1987904734375 0.8003374296875 0.2082233421875 0.8120981 0.22327029375000002 0.8328442640624999 0.223777446875 0.8554267125000001 0.2167154875 0.862575921875 0.209744803125 0.8653613109375 0.20091036562500003 0.859800746875 0.180158053125 0.8408908671875001 0.172081784375
1 0.8155747281249999 0.2314378421875 0.7987487859375 0.2359463390625 0.7824902671875 0.24737987968750003 0.787669146875 0.276322559375 0.8070226203124999 0.2812469328125 0.8392198953125 0.27160868437499996 0.8477617953125 0.2602207828125 0.8456159453125001 0.2425975453125 0.8286042703125001 0.2319906359375 0.8155747281249999 0.2314378421875
1 0.8802067171875001 0.2707364171875 0.8695808796875 0.26953955625 0.8431401171875 0.27662433750000004 0.8308018203125 0.293073528125 0.8373733968750001 0.3175989890625 0.8596360796875 0.3237658625 0.8803203312500001 0.3192345453125 0.8889241453125001 0.312885115625 0.8969605359375 0.299610640625 0.89139996875 0.27885832499999996 0.8802067171875001 0.2707364171875
1 0.8056918359375 0.29070261875000003 0.7758363562499999 0.2946583265625 0.75578143125 0.3111531578125 0.7604548109375 0.3382092609375 0.7711425578125 0.344444596875 0.78271749375 0.3443761359375 0.8106128609375001 0.3379126046875 0.8239621749999999 0.3252365640625 0.8237145234375 0.3050826828125 0.818783290625 0.2962938828125 0.8056918359375 0.29070261875000003
1 0.741565353125 0.253290615625 0.719932003125 0.2590872546875 0.7065826937499999 0.27176330000000004 0.7037973046875 0.2805977359375 0.7107505625 0.2969328328125 0.730104034375 0.30185720625 0.7604031109375 0.294749603125 0.77375241875 0.282073559375 0.7716065703125 0.2644503234375 0.756998603125 0.2531993375 0.741565353125 0.253290615625
1 0.6718578875000001 0.271968675 0.6502245328125 0.277765315625 0.6416207234375 0.2841147484375 0.6354825265625 0.29485858125000003 0.6420541046875 0.3193840421875 0.6619130828124999 0.3261949859375 0.687404746875 0.3203755265625 0.7026522578125001 0.3051688375 0.6994953984375 0.2837724546875 0.684887425 0.27252147031249996 0.6718578875000001 0.271968675
1 0.5786188671875 0.298974021875 0.5700150515625 0.30532345156249996 0.5619786625 0.31859792656249997 0.5646300125 0.33810773906249997 0.5787324796875 0.34747215 0.590307415625 0.347403690625 0.622504690625 0.33776544375 0.6310465859375001 0.32637754218750004 0.627384225 0.30309458437500003 0.6026559265625 0.2925333125 0.5786188671875 0.298974021875
1 0.531050253125 0.31374201562500004 0.5022057859375 0.3214708671875 0.4879692859375 0.3404507046875 0.49694457343750004 0.3643320953125 0.5071268124999999 0.368680853125 0.5240146625000001 0.369210828125 0.537487796875 0.36661172343750004 0.552797221875 0.35644350468749997 0.5603281124999999 0.34128245625 0.5523638359375 0.3211742125 0.531050253125 0.31374201562500004
1 0.42819640937500003 0.3433236421875 0.4191490078125 0.3528249734375 0.41636361875 0.36165940937499996 0.42141867812499995 0.38052514843749996 0.4282481140625 0.3867833 0.4519034890625 0.38853295781249997 0.472082234375 0.38211506875 0.486824240625 0.365021803125 0.47734345468750006 0.33925384062499997 0.45122245781250003 0.33310978750000003 0.42819640937500003 0.3433236421875
1 0.3955555421875 0.3561137859375 0.379616790625 0.354318490625 0.36038714375 0.3594710578125 0.3442524453125 0.380981540625 0.353227728125 0.40486292968750004 0.374984903125 0.40914323125 0.39997106250000003 0.4014372 0.40857487031249995 0.3950877671875 0.41281486562499997 0.3868745828125 0.4062432875 0.3623491203125 0.3955555421875 0.3561137859375
1 0.3181314515625 0.3748374859375 0.29118518125000004 0.38003569062500003 0.2763812625 0.3920904859375 0.27214126875 0.400303671875 0.27820734062499997 0.422942559375 0.285985875 0.4279353890625 0.30287372968750004 0.4284653609375 0.3259616875 0.423289975 0.33456549999999996 0.416940540625 0.3445000921875 0.401135421875 0.3370413296875 0.382913753125 0.3181314515625 0.3748374859375
1 0.23830365312500001 0.394205253125 0.21426659531249997 0.40064596406249997 0.2037645828125 0.40952604062500003 0.1976263921875 0.4202698734375 0.20369246406250002 0.44290876093750003 0.21438020781249997 0.4491440921875 0.2259551453125 0.44907563437500003 0.258152421875 0.43943739062500004 0.26669432187500003 0.4280494859375 0.26252644687500004 0.4028799546875 0.24892948750000002 0.39540211875 0.23830365312500001 0.394205253125
1 0.1720109015625 0.41601239218749997 0.1493665390625 0.41803588124999996 0.131653409375 0.428848171875 0.1269079109375 0.435174784375 0.12462802656250001 0.4458957953125 0.1276610640625 0.4572152421875 0.13499600625 0.465359965625 0.1514402640625 0.4690418375 0.17933563125000002 0.4625783078125 0.19508865 0.449258190625 0.1914262859375 0.42597523437499996 0.1875060609375 0.420959584375 0.1720109015625 0.41601239218749997
1 0.0945868109375 0.4347360921875 0.0614404359375 0.445639659375 0.051000337500000006 0.45955820625 0.0536516875 0.4790680171875 0.07066336875 0.4896749296875 0.079834596875 0.49025053906249993 0.1053262609375 0.484431084375 0.12253388437499999 0.47173221875 0.124875675 0.466049678125 0.1153948875 0.44028171406250005 0.0945868109375 0.4347360921875
1 0.30780496562500004 0.4372541609375 0.29230980624999997 0.43230696875 0.2634653390625 0.4400358203125 0.24872333281249998 0.457129084375 0.255294909375 0.48165454218750003 0.2635789515625 0.4885339484375 0.27755759375 0.48782142031250003 0.30304925781250003 0.48200195937499996 0.3188022734375 0.4686818453125 0.319060128125 0.4504145390625 0.3146344015625 0.44351231249999995 0.30780496562500004 0.4372541609375
1 0.36442097812499996 0.4129848375 0.33798021562499997 0.42006961875000004 0.32937640625000003 0.42641904999999997 0.3232382109375 0.437162884375 0.33031529375 0.4635749171875 0.3380938296875 0.46856774687499997 0.34966876562500004 0.4684992890625 0.3751604296875 0.4626798296875 0.386167946875 0.4556863265625 0.3923061390625 0.44494249375 0.3857345625 0.4204170359375 0.36442097812499996 0.4129848375
1 0.44133956406249997 0.392374565625 0.4119895921875 0.39821684375 0.39674207968749997 0.41342353281250005 0.401415459375 0.4404796375 0.41210320468750006 0.4467149734375 0.42899105468750004 0.447244946875 0.442464190625 0.44464584062499996 0.4558754171875 0.437008265625 0.46391180624999995 0.42373379062499994 0.4578457359375 0.40109490625 0.44133956406249997 0.392374565625
1 0.51876365625 0.37365086718749996 0.508137825 0.372454003125 0.48410076562500004 0.37889471406249997 0.47119504843750004 0.388418859375 0.4669550546875 0.39663204531249996 0.469606409375 0.41614185625 0.47694134843749997 0.424286584375 0.484214378125 0.42739284218750007 0.505909640625 0.42663467343750006 0.5121716593750001 0.42596778124999995 0.5298847875 0.41515549218750003 0.536022984375 0.404411659375 0.5294514078125 0.3798861984375 0.51876365625 0.37365086718749996
1 0.5850564109375 0.3518437296875 0.5605138453125 0.35639786406249996 0.5452044203125 0.3665660859375 0.539066228125 0.377309915625 0.5451323 0.399948803125 0.553416340625 0.4068282046875 0.570304190625 0.40735817812499997 0.590988446875 0.4028268609375 0.6019959671875 0.3958333609375 0.6081341578125 0.385089528125 0.6010570734375 0.35867749375 0.5850564109375 0.3518437296875
1 0.66488420625 0.332475959375 0.654258371875 0.33127909375 0.6254139000000001 0.339007946875 0.6125700968750001 0.3535705640625 0.6201526859375 0.38186917343750004 0.6279312234375001 0.38686200312499996 0.6419098625 0.38614947499999996 0.6601904109375 0.382262228125 0.6788526390625 0.370184615625 0.681132515625 0.35946360624999996 0.6765829625 0.3424844421875 0.66488420625 0.332475959375
1 0.7364898734375 0.31126725624999996 0.7210566265625 0.31135853281250003 0.6994232765625 0.317155171875 0.68556845625 0.327944640625 0.681390375 0.3411963 0.6854344234374999 0.3562888921875 0.699536890625 0.3656533 0.7188284484375 0.36553920156249997 0.7390071953125 0.3591213125 0.752356503125 0.3464452671875 0.75210885625 0.326291384375 0.7471776234374999 0.31750258593749997 0.7364898734375 0.31126725624999996
1 0.700547903125 0.3694264484375 0.683721959375 0.373934946875 0.6703107375 0.3815725171875 0.6636670390625 0.390429775 0.671755134375 0.4206149578125 0.6911086015625 0.4255393328125 0.7184984703125 0.417189228125 0.731847778125 0.40451318281250004 0.7276799046875 0.3793436515625 0.7135774421875001 0.36997923906249996 0.700547903125 0.3694264484375
1 0.8495776609375 0.32949404531250004 0.8231368984375 0.3365788265625 0.8097875890624999 0.3492548671875 0.8153481546875 0.3700071828125 0.8255923062500001 0.3793944125 0.8328653359375 0.3825006703125 0.8463384703125 0.379901565625 0.8684154140624999 0.3709530296875 0.8778445015624999 0.3532613375 0.8748114656249999 0.34194189062499997 0.867476528125 0.3337971625 0.8495776609375 0.32949404531250004
1 0.7750627828125001 0.349460246875 0.7510257250000001 0.3559009578125 0.7357782125 0.3711076453125 0.738935075 0.39250402812499996 0.7462700109375 0.40064875625 0.759805059375 0.4030881234375 0.7901041359375001 0.395980521875 0.8034534453125 0.3833044765625 0.7987800703125 0.35624837187499997 0.785688615625 0.3506571078125 0.7750627828125001 0.349460246875
1 0.6073088796875 0.3964317921875 0.598705071875 0.4027812234375 0.5906686750000001 0.4160557 0.6001494671875001 0.44182366249999994 0.6103317078125 0.44617242343749997 0.6267140515625 0.44481582187499996 0.6511947046875 0.4352232171875 0.6592311 0.4219487375 0.6526595234375 0.3974232796875 0.63665885625 0.3905895109375 0.6073088796875 0.3964317921875
1 0.5308957984375 0.4189286375 0.5180519968749999 0.43349125781250003 0.5256345859375 0.46178986406250006 0.5358168265625001 0.46613862656249994 0.5473917625 0.466070165625 0.5747816234374999 0.45772006249999997 0.5871199265625 0.44127086875000004 0.5810538546874999 0.41863198281249997 0.562143975 0.41055571406249997 0.5308957984375 0.4189286375
1 0.46118833124999997 0.437606696875 0.447839021875 0.4502827421875 0.4450536328125 0.45911718125 0.45010869218750005 0.47798291718749997 0.463705653125 0.4854607578125 0.4752805890625 0.485392296875 0.49836854375 0.4802169078125 0.51361605625 0.4650102203125 0.512862903125 0.442969765625 0.4929420125 0.43112035000000004 0.46118833124999997 0.437606696875
1 0.418427134375 0.45108655000000003 0.387178959375 0.4594594734375 0.3785751453125 0.4658089078125 0.37053875625 0.47908338281249996 0.37508830937500004 0.496062546875 0.381917740625 0.502320703125 0.4036749171875 0.5066010000000001 0.4267628765625 0.501425615625 0.437264890625 0.4925455375 0.44340308124999994 0.48180170625 0.43733700937500003 0.45916281875 0.418427134375 0.45108655000000003
1 0.3594074125 0.475999946875 0.34391225468750003 0.47105275312500006 0.31266407812499997 0.47942567656249996 0.298427578125 0.498405515625 0.30398814375 0.5191578265625 0.3108175796875 0.5254159781250001 0.3291600390625 0.5265672015625 0.35224799687499997 0.5213918171875 0.3651537171875 0.51186766875 0.3693937109375 0.50365448125 0.3662368484375 0.48225809843749995 0.3594074125 0.475999946875
1 0.2645899640625 0.492307096875 0.2362509984375 0.501922521875 0.22581089843750002 0.51584106875 0.23339348750000002 0.544139678125 0.243575728125 0.5484884375 0.2551506640625 0.5484199796875 0.28494423593749996 0.5394258062499999 0.2972825328125 0.5229766125 0.2917219671875 0.5022243 0.27521579687500003 0.4935039625 0.2645899640625 0.492307096875
1 0.1953880015625 0.512871728125 0.164139825 0.5212446515625 0.1518015234375 0.5376938484375 0.154452878125 0.5572036546875 0.1617878203125 0.56534838125 0.1743737703125 0.5690530734375 0.1854431953125 0.5670980390625 0.21042935468750001 0.5593920078125 0.2232731609375 0.5448293890625 0.21720708906250003 0.5221905015625 0.20601383437499998 0.51406859375 0.1953880015625 0.512871728125
1 0.10113796562499999 0.5361039265625 0.0896249421875 0.5412108546875001 0.07918484375 0.5551294015625 0.0769049609375 0.565850415625 0.0838582234375 0.582185509375 0.1066264125 0.59023895625 0.1345217796875 0.5837754265624999 0.1502747984375 0.5704553140625 0.14459040625 0.5396260609375 0.13149895625000002 0.5340347953125 0.10113796562499999 0.5361039265625
1 0.168173659375 0.57475843125 0.1441366046875 0.581199140625 0.13078729218750001 0.5938751875 0.12800190312499998 0.6027096265624999 0.13305696250000001 0.6215753625 0.1437447125 0.627810696875 0.152915940625 0.6283863109375 0.1832150171875 0.6212787093750001 0.19175691718750001 0.6098908062499999 0.19150926562499998 0.589736925 0.183668821875 0.5797056234375 0.168173659375 0.57475843125
1 0.22361335000000002 0.4547581765625 0.1894559640625 0.46188859843749996 0.17851035937499998 0.47392056875 0.1762304765625 0.48464158125 0.17976901875 0.49784759999999995 0.19001316875000002 0.507234828125 0.1953260875 0.507833259375 0.23043257343749998 0.49943751562500005 0.2394799796875 0.4899361890625 0.23923233281249998 0.46978230625000006 0.23088637968749998 0.4578644328125 0.22361335000000002 0.4547581765625
1 0.144291059375 0.47601252031249996 0.11974849531250001 0.48056665781249996 0.1068427796875 0.4900908046875 0.099311890625 0.5052518546875 0.106265146875 0.5215869468750001 0.11695289843750001 0.52782228125 0.1309315375 0.527109753125 0.1492120859375 0.52322250625 0.1630669015625 0.5124330375 0.1618082421875 0.4885060078125 0.15396779375 0.47847470625 0.144291059375 0.47601252031249996
1 0.23977933125 0.5535497281249999 0.21624777812499998 0.5618770109375 0.2034039703125 0.5764396296875 0.2104810546875 0.6028516671874999 0.2182595890625 0.6078444968750001 0.2298345265625 0.6077760390625 0.255326190625 0.6019565796874999 0.269562690625 0.582976740625 0.26400212500000003 0.5622244281250001 0.25040516562500004 0.55474659375 0.23977933125 0.5535497281249999
1 0.31138499999999997 0.532341025 0.2926608578125 0.539380165625 0.277918853125 0.5564734265625 0.2844904296875 0.5809988875000001 0.3058040125 0.5884310875 0.314469734375 0.587120125 0.3322447765625 0.5813463062500001 0.3483794734375 0.5598358250000001 0.33990969843749996 0.5378410078125 0.32972745937500003 0.5334922484375 0.31138499999999997 0.532341025
1 0.387798078125 0.509844175 0.3709721359375 0.514352671875 0.3580664203125 0.5238768203124999 0.350030025 0.5371512968750001 0.356601603125 0.56167675625 0.366783846875 0.56602551875 0.39138832031250004 0.5665098515625 0.4105560546875 0.5563188140624999 0.4204906515625 0.54051369375 0.41493008593749997 0.519761378125 0.39842391250000003 0.511041040625 0.387798078125 0.509844175
1 0.529111215625 0.4699574109375 0.5079833687499999 0.4776406234375 0.49564506875000003 0.49408981875 0.505631365625 0.5217443515625 0.51581360625 0.5260931156249999 0.529792246875 0.525380584375 0.5523747015625 0.518318621875 0.561422103125 0.508817296875 0.5642074906250001 0.49998285625000005 0.555232209375 0.47610146562500005 0.529111215625 0.4699574109375
1 0.46471666406249995 0.48923390156249996 0.4406796046875 0.49567461249999994 0.43017759375000003 0.5045546890625 0.422141203125 0.5178291640625 0.4266907578125 0.53480833125 0.4340256953125 0.5429530609375 0.4557828703125 0.5472333625 0.47836532500000006 0.540171396875 0.48981643437500005 0.5300259984375 0.49260182500000005 0.5211915625 0.48653575312499997 0.498552675 0.46471666406249995 0.48923390156249996
1 0.6137464234375 0.4493014984375 0.6060298015625001 0.4493471390625 0.5843964500000001 0.45514377812499995 0.5757926359375001 0.4614932125 0.56585804375 0.47729833125 0.574833328125 0.5011797203125 0.6019034203125 0.506058453125 0.6177802625 0.5028152765625 0.630685978125 0.4932911296875 0.6382168671875 0.4781300796875 0.6297470859375001 0.45613526406249993 0.6137464234375 0.4493014984375
1 0.685352090625 0.42809279531250005 0.658405821875 0.4332910046875 0.6498020109375 0.4396404328125 0.63986741875 0.45544555625000005 0.6459334890624999 0.4780844421875 0.6537120265625 0.4830772703125 0.6711053828125 0.48549381875000003 0.6893859296875 0.4816065734375 0.706593553125 0.4689077078125 0.710328040625 0.45880795 0.701352753125 0.43492656093750004 0.685352090625 0.42809279531250005
1 0.7768786484375 0.41873350781249996 0.7700492109375 0.41247535312499994 0.7545540546875 0.40752816249999996 0.7257095859375 0.41525701406250004 0.711473084375 0.4342368484375 0.7214593796875 0.4618913875 0.748529475 0.4667701203125 0.7571951953125 0.4654591578125 0.7706064234375 0.4578215859375 0.781552028125 0.44578961093749997 0.7824392140625 0.43948581875 0.7768786484375 0.41873350781249996
1 0.9132605500000001 0.3700579421875 0.9006746015625 0.3663532546875 0.8857468624999999 0.3683311078125 0.8579753140624999 0.38487157656250004 0.8675799281250001 0.4207164828125 0.8936390109374999 0.42182206562499996 0.9119195578125 0.41793481874999994 0.9271670703125 0.40272813125000007 0.92805425625 0.3964243390625 0.923504703125 0.37944517499999997 0.9132605500000001 0.3700579421875
1 0.8319781453124999 0.3888044625 0.8098392890625 0.3927145296875 0.7911770609375 0.40479213906249994 0.7894026828125 0.417399725 0.79243571875 0.4287191671875 0.7992651546875 0.43497732187500004 0.7973669531249999 0.43750796718749996 0.8022362796875001 0.4412582953125 0.8191241296875 0.44178826875 0.8441102890625001 0.4340822359375 0.8550558921875 0.4220502625 0.8484843140624999 0.3975248 0.8416548828125 0.3912666484375 0.8319781453124999 0.3888044625
1 0.8859843015625 0.42690617656249996 0.8614417359375001 0.4314603109375 0.8523324171875 0.435923171875 0.8456887171874999 0.4447804265625 0.842903328125 0.4536148640625 0.846060190625 0.47501125 0.8567479359375 0.48124658125 0.8683228734374999 0.4811781234375 0.8933090328125 0.47347209218749997 0.9066583406250001 0.460796046875 0.9089382234375 0.450075034375 0.902490471875 0.4356265140625 0.8859843015625 0.42690617656249996
1 0.8066620062500001 0.44816052187500005 0.78502865625 0.453957159375 0.7697811437500001 0.46916385 0.7720508140625 0.496864025 0.7851422703125001 0.5024552890625 0.7967172062500001 0.502386828125 0.8241070687500001 0.49403672500000007 0.83365998125 0.4864219703125 0.8364453656249999 0.477587534375 0.8279755906249999 0.4555927171875 0.8066620062500001 0.44816052187500005
1 0.7268342109375 0.4675282875 0.7033026578125 0.47585557500000003 0.6909643609375 0.492304765625 0.69804144375 0.5187167984375 0.7058199796875 0.5237096328125 0.7304244515625 0.524193965625 0.7562978031250001 0.5101841406250001 0.7609194765625 0.49378058593749996 0.7534607078125 0.47555891875 0.7427729609375 0.469323584375 0.7268342109375 0.4675282875
1 0.6576322484375 0.488092925 0.631696990625 0.497064278125 0.6183476828125001 0.5097403234375 0.617460490625 0.516044115625 0.6264357781250001 0.53992550625 0.653505865625 0.5448042375 0.6645752984375 0.5428492046875 0.6798847218749999 0.5326809859375 0.6879211125 0.5194065109375 0.6784403265625001 0.4936385484375 0.6576322484375 0.488092925
1 0.5937432031250001 0.5092559875 0.5783099593750001 0.50934726875 0.5509820046875 0.5227358421875 0.5462365046875 0.5290624546875 0.54446213125 0.5416700375 0.5474951671875 0.55298948125 0.5548301062500001 0.561134209375 0.578990990625 0.5647704390625 0.5991697359375 0.5583525500000001 0.6077735453125 0.5520031171875 0.6158099390625 0.538728640625 0.606834659375 0.5148472515625 0.5937432031250001 0.5092559875
1 0.5318142703125 0.53292688125 0.5115116984375 0.5292678296875 0.48557644062499994 0.538239184375 0.47323814375 0.5546883765625 0.47930421562500003 0.5773272609375 0.49049746718750004 0.5854491703125 0.5020724046875 0.5853807125 0.5275640687500001 0.579561253125 0.5409133765624999 0.5668852078125 0.5436987671875 0.558050771875 0.53864370625 0.5391850328125 0.5318142703125 0.53292688125
1 0.4423097359375 0.5498324625000001 0.41586897343749996 0.55691724375 0.40726516406249996 0.5632666765625001 0.40112696718749996 0.5740105078125 0.40769854531250005 0.5985359703124999 0.4212955046875 0.60601380625 0.43046673281250003 0.606589415625 0.45355469218750005 0.601414028125 0.4640567046875 0.5925339515625 0.470194896875 0.5817901234375 0.4631178125 0.5553780859375 0.4423097359375 0.5498324625000001
1 0.3418596015625 0.578770021875 0.3304084859375 0.5889154203125 0.327623103125 0.597749859375 0.328757934375 0.611599946875 0.3400130984375 0.624760325 0.364173984375 0.628396553125 0.3776471171875 0.6257974484375 0.3971965375 0.60741604375 0.3915121453125 0.5765867921875001 0.3731077734375 0.5703971 0.3418596015625 0.578770021875
1 0.3175027703125 0.59843956875 0.306815025 0.5922042359375 0.29378548437499996 0.5916514421875 0.26304281406249996 0.6019109390625 0.25399540468750004 0.6114122656250001 0.2531082203125 0.6177160609375 0.26258900625 0.6434840234375 0.2727712515625 0.6478327828125 0.2920628109375 0.647718684375 0.30072853125 0.646407721875 0.3136342484375 0.6368835749999999 0.3207834578125 0.629912890625 0.3235688421875 0.62107845625 0.3175027703125 0.59843956875
1 0.2274927359375 0.613458578125 0.20484836718750002 0.615482071875 0.19333534375 0.6205889984375 0.1818842328125 0.630734396875 0.17909884375000001 0.6395688359375 0.1817502 0.6590786468750001 0.1890851421875 0.6672233734375 0.21274051562500002 0.6689730296875 0.235322971875 0.6619110671875 0.2500649765625 0.6448178015625 0.24399890468750002 0.6221789171875 0.23716946718749998 0.6159207624999999 0.2274927359375 0.613458578125
1 0.12362787500000001 0.6392670593750001 0.11692226406249999 0.643085846875 0.10648216562499999 0.6570043937500001 0.10470778750000001 0.6696119781250001 0.11065003749999999 0.682173921875 0.131014521875 0.69087144375 0.15650618125 0.685051984375 0.17175369375 0.6698452953125 0.16758582500000002 0.6446757625 0.153483359375 0.635311353125 0.12362787500000001 0.6392670593750001
1 0.21096614374999997 0.6815806125 0.1925617703125 0.67539091875 0.175735828125 0.679899415625 0.164728315625 0.68689291875 0.1571974265625 0.7020539671875 0.16275799375 0.7228062828125 0.17875865625 0.7296400484375 0.1850206734375 0.7289731578125 0.20810862968750002 0.7237977703125 0.21905423906250002 0.7117657937499999 0.22183962343750002 0.7029313593750001 0.2177955765625 0.6878387671875 0.21096614374999997 0.6815806125
1 0.2718840609375 0.654136575 0.2406358890625 0.662509496875 0.23348668125 0.6694801828125 0.23070129218750002 0.678314621875 0.2372728703125 0.7028400828125 0.25953555625 0.7090069546875 0.2778160984375 0.705119709375 0.29072181874999997 0.6955955609375 0.29686001093750003 0.6848517296875001 0.291299446875 0.6640994171875 0.2718840609375 0.654136575
1 0.348297140625 0.6316397296875 0.3170489703125 0.6400126515625 0.3047106671875 0.6564618421875 0.30786752812499996 0.6778582265625 0.3243737 0.6865785671875 0.3335449265625 0.687154178125 0.354229178125 0.6826228640625 0.3718803984375 0.666772103125 0.371127240625 0.6447316468750001 0.3608830890625 0.6353444171875 0.348297140625 0.6316397296875
1 0.4030768703125 0.61493951875 0.3872619390625 0.623221165625 0.3806182421875 0.632078425 0.38529162031249997 0.659134528125 0.4012922859375 0.66596829375 0.41577643125 0.6671423375 0.4311477640625 0.6620125921875 0.448293478125 0.6442752546875 0.4412163953125 0.6178632203125 0.42521572656249995 0.61102945625 0.4030768703125 0.61493951875
1 0.49922510156250005 0.5891766781250001 0.46506771718750006 0.5963071 0.4536166046875 0.6064524984374999 0.45083121562499995 0.6152869375 0.4568972875 0.637925821875 0.4704942484375 0.6454036624999999 0.49218951093749996 0.644645490625 0.505157140625 0.6401598125 0.51660825 0.6300144140625 0.5207863328125 0.616762759375 0.516236778125 0.5997835921875 0.49922510156250005 0.5891766781250001
1 0.5839222234375 0.5735592375 0.563114146875 0.568013615625 0.541480796875 0.5738102546875 0.5285750796875 0.5833344015625 0.5229423890625 0.59596480625 0.5319176765625 0.6198461953125001 0.5420999140625 0.62419495625 0.558987765625 0.6247249296875 0.5676534921874999 0.623413965625 0.5810647140625 0.61577639375 0.5882139171875 0.6088057124999999 0.5923919984375 0.595554053125 0.5839222234375 0.5735592375
1 0.6555278890625 0.5523505328125 0.6347198140625 0.5468049078125 0.6130864625 0.552601546875 0.5959407531250001 0.5703388828125 0.5990976140625001 0.591735265625 0.6064325515625 0.59987999375 0.6329971421875 0.6028721546875 0.644066571875 0.6009171203125 0.6593759921875 0.590748903125 0.664121490625 0.5844222890624999 0.6658958687500001 0.57181470625 0.6555278890625 0.5523505328125
1 0.7271335578125 0.5311418296875 0.7044272828125 0.5281268484375 0.6808957343750001 0.536454134375 0.6694446234375 0.5465995328125001 0.666659234375 0.555433971875 0.6717142921875 0.5742997078125 0.6785437296875 0.5805578625 0.7027046109375 0.5841940937500001 0.7185814500000001 0.5809509187499999 0.7333853671874999 0.5688961234375001 0.739523559375 0.558152296875 0.7344685 0.53928655625 0.7271335578125 0.5311418296875
1 0.79677911875 0.5074252968749999 0.7784366578124999 0.5062740734375 0.7549051046875 0.51460135625 0.746301296875 0.5209507890625 0.7401631 0.531694621875 0.749643890625 0.557462584375 0.762735340625 0.56305385 0.774310278125 0.5629853875 0.7877834125 0.5603862859375 0.806002046875 0.5514605703125001 0.8140384421875 0.53818609375 0.8045576484374999 0.512418128125 0.79677911875 0.5074252968749999
1 0.865981078125 0.4868606671875 0.8505478312499999 0.48695194375 0.8337218937499999 0.4914604390625 0.8117687703125 0.5104859140625 0.8207440515625001 0.5343673046874999 0.8290280953125 0.5412467109375 0.84642145 0.54366325625 0.8714076093750001 0.535957225 0.8871606265624999 0.5226371078125001 0.8834982578125 0.499354153125 0.8761633218749999 0.4912094234375 0.865981078125 0.4868606671875
1 0.9250627140625 0.46698574062500003 0.908742275 0.47338081093750006 0.899694875 0.48288214218750003 0.8955167890625001 0.496133796875 0.89804431875 0.5055666671875 0.9117031921875001 0.5180829734375 0.92764194375 0.51987826875 0.9363076640625 0.5185673078125 0.951617090625 0.5083990875 0.9562387640625 0.4919955359375 0.94878 0.473773865625 0.9250627140625 0.46698574062500003
1 0.9209982453125001 0.5287355234375 0.9103724078125 0.5275386640625 0.882033446875 0.5371540875 0.8748842421875 0.5441247703125 0.8726043593749999 0.554845784375 0.8810741343749999 0.5768405984375 0.9028313109375 0.5811208999999999 0.913900740625 0.579165865625 0.9316138703125001 0.5683535765625 0.9391447546875 0.5531925296875 0.931685990625 0.534970859375 0.9209982453125001 0.5287355234375
1 0.8411704437499999 0.548103296875 0.8080240703125 0.5590068625 0.8004931875000001 0.5741679140625 0.8070647640624999 0.5986933750000001 0.8249636265625 0.60299649375 0.833629346875 0.6016855328124999 0.855706296875 0.592736996875 0.8666519015624999 0.580705025 0.8605858312500001 0.5580661390625 0.85375639375 0.551807984375 0.8411704437499999 0.548103296875
1 0.7666555671874999 0.568069496875 0.742113003125 0.5726236359375 0.7287017812500001 0.58026120625 0.7225635890625 0.5910050390625 0.7301461781249999 0.6193036484375 0.7543070578125 0.6229398765624999 0.76778019375 0.6203407750000001 0.7787877109375 0.6133472703125 0.789227809375 0.5994287234375 0.7836672453125 0.5786764125 0.7666555671874999 0.568069496875
1 0.68973698125 0.5886797703125 0.665699921875 0.59512048125 0.6523506140625 0.6077965265625 0.6505762359375 0.6204041109375 0.6575294953124999 0.6367392046875 0.6623988203125 0.6404895328125 0.676882965625 0.6416635765625001 0.7023746296875 0.635844115625 0.715723940625 0.6231680749999999 0.7120615781249999 0.599885115625 0.7003628156249999 0.5898766359375001 0.68973698125 0.5886797703125
1 0.617120303125 0.606115328125 0.5906795359375 0.6132001109375 0.5773302265625 0.625876153125 0.5745448375 0.6347105921875 0.5835201234375 0.6585919812500001 0.6019244921875 0.6647816765625 0.613499428125 0.664713215625 0.62646705625 0.6602275375 0.6393727734375 0.650703390625 0.64639815625 0.6336557671875 0.63843388125 0.6135475265625 0.617120303125 0.606115328125
1 0.5431109265625 0.627968103125 0.51907386875 0.6344088140624999 0.510470059375 0.640758246875 0.502433665625 0.6540327234375 0.5090052421875 0.6785581828125 0.5138745671875 0.6823085078125 0.5341771343749999 0.6859675609375 0.5524576796875 0.6820803125 0.5672615999999999 0.6700255203125 0.57150159375 0.6618123359375 0.564424509375 0.6354002984375 0.5431109265625 0.627968103125
1 0.4763126671875 0.647888665625 0.4469626953125 0.6537309437500001 0.4340569796875 0.6632550921875 0.42842428750000006 0.6758854984375 0.43790507968750003 0.701653459375 0.46257146718750003 0.707176265625 0.47844831093750007 0.703933090625 0.4951504265625 0.6893476515625 0.4993904203125 0.6811344671875 0.4962335578125 0.65973808125 0.4763126671875 0.647888665625
1 0.42171867812499997 0.6797042828125 0.4148892453125 0.6734461296875 0.3940811671875 0.6679005078125 0.37244781250000003 0.673697146875 0.359542096875 0.6832212953125001 0.3544149171875 0.697738271875 0.3633901984375 0.7216196609375001 0.37357243906250004 0.725968425 0.39046029375 0.7264983968750001 0.40393342812500005 0.72389929375 0.414940946875 0.7169057890625 0.42538104375 0.7029872421875 0.42626823125 0.69668345 0.42171867812499997 0.6797042828125
1 0.3200717921875 0.68975328125 0.29843844218750004 0.6955499203125 0.285532721875 0.70507406875 0.2812927265625 0.713287259375 0.28546060156249997 0.7384567890625 0.2995630671875 0.7478211984375001 0.311138003125 0.747752740625 0.334225959375 0.742577353125 0.353269871875 0.722309371875 0.3472038 0.699670484375 0.33069763124999996 0.6909501453125 0.3200717921875 0.68975328125
1 0.21582525624999999 0.723752128125 0.2063961640625 0.741443825 0.2124622359375 0.7640827140625001 0.22846290625000001 0.770916478125 0.2400378375 0.7708480171875001 0.2626202921875 0.7637860562500001 0.27875499062500003 0.7422755750000001 0.2702852140625 0.7202807578125 0.2436587140625 0.71225013125 0.21582525624999999 0.723752128125
1 0.1725585515625 0.73534540625 0.1485214921875 0.7417861171875 0.1323867953125 0.7632966015625 0.13794736093749999 0.7840489140625 0.15831184375000001 0.79274643125 0.183803503125 0.7869269765625 0.19240731718749998 0.78057754375 0.20234191093749998 0.7647724203124999 0.1972868515625 0.745906684375 0.1725585515625 0.73534540625
1 0.22997942343750002 0.7765761984374999 0.200629446875 0.782418478125 0.193923834375 0.7862372640624999 0.18398924218749999 0.8020423828125001 0.1900553140625 0.8246812718750001 0.20314676718750002 0.8302725328125 0.2171254078125 0.8295600046875 0.2305985421875 0.8269608984374999 0.24160605937500002 0.8199673953125 0.2510351484375 0.8022757046875 0.2469911015625 0.7871831125 0.22997942343750002 0.7765761984374999
1 0.302090596875 0.7572540671875 0.2684387171875 0.7662710609375 0.25850411875 0.7820761828125 0.26747940625 0.8059575718750001 0.2916402859375 0.8095938031250001 0.307517128125 0.8063506265625 0.321753628125 0.7873707890625 0.3196077796875 0.7697475546875 0.3122728375 0.761602828125 0.302090596875 0.7572540671875
1 0.3491537 0.7405995 0.340044384375 0.7450623578125 0.33340068125 0.753919615625 0.34098327031250003 0.782218221875 0.356478434375 0.7871654140625 0.367547859375 0.78521038125 0.3877266046875 0.7787924921875 0.3976612015625 0.762987371875 0.3921006375 0.742235059375 0.3785036765625 0.734757221875 0.3491537 0.7405995
1 0.448211146875 0.7160791625 0.42366857968750005 0.720633296875 0.4145592609375 0.7250961578124999 0.40842106874999995 0.7358399859375 0.4120834359375 0.7591229453125 0.4256803921875 0.7666007828125 0.44497195156249997 0.766486684375 0.45793957812499997 0.7620010046875 0.4669869859375 0.7524996765624999 0.4706595625 0.7373614484375001 0.46712102031249997 0.7241554296875 0.448211146875 0.7160791625
1 0.529937140625 0.6941807484375 0.5145038937499999 0.6942720265625 0.495779753125 0.7013111671875001 0.48344145625 0.7177603593749999 0.48799100937500006 0.7347395234375 0.494820440625 0.7409976765625 0.5141739125 0.7459220484375 0.534352659375 0.739504159375 0.542894559375 0.7281162546875 0.5470726421875 0.7148646000000001 0.5440396062499999 0.7035451562499999 0.529937140625 0.6941807484375
1 0.5996446078125001 0.6755026875000001 0.5702946359375 0.6813449640625 0.5598545359375 0.6952635109374999 0.56301139375 0.7166598937499999 0.5862850859375001 0.7265999171875 0.6021619312500001 0.7233567421875 0.6107657390625 0.7170073140625 0.6207003328125 0.7012021890625 0.6151397671875001 0.680449878125 0.5996446078125001 0.6755026875000001
1 0.9494508187499999 0.567618228125 0.9403415031250001 0.5720810843749999 0.9293958999999999 0.584113059375 0.9257233250000001 0.599251290625 0.9321710765625 0.6136998109375 0.954939265625 0.6217532578125 0.9775217187499999 0.6146912953125 0.98695080625 0.5969996015625 0.978481025 0.5750047875 0.9707024890625 0.5700119546875 0.9494508187499999 0.567618228125
1 0.9501937640625 0.6280798703125 0.9189455875 0.63645279375 0.9079999843750001 0.6484847671875 0.9052145984375001 0.6573192015625 0.9087531406249999 0.6705252203125001 0.9155825734375 0.6767833734375001 0.9286740265625 0.6823746374999999 0.93493604375 0.6817077453125 0.960427709375 0.6758882890625 0.9722605 0.657552525 0.967710946875 0.64057335625 0.9603760031249999 0.6324286296875 0.9501937640625 0.6280798703125
1 0.87618439375 0.6499326437499999 0.8631548531250001 0.6493798546875 0.8358268984375 0.6627684281249999 0.8306997171875 0.6772854046875 0.83815848125 0.695507075 0.8459370156249999 0.700499903125 0.8604211625 0.7016739484375 0.8830036171875 0.6946119875 0.8934437171875 0.680693440625 0.894330903125 0.6743896484375 0.886366634375 0.65428140625 0.87618439375 0.6499326437499999
1 0.7867417718749999 0.6718767 0.772319534375 0.6757411265625 0.759919325 0.68715185 0.7558031546875 0.705441975 0.764654615625 0.7192464234375 0.7777460656249999 0.7248376890625 0.7893210015625 0.724769228125 0.80709604375 0.7189954078125 0.8189288343750001 0.7006596421875 0.81336826875 0.6799073296875 0.8065388328124999 0.673649175 0.7867417718749999 0.6718767
1 0.69881566875 0.6994804765625 0.68457916875 0.7184603140625 0.690139734375 0.739212625 0.7099987125 0.746023571875 0.7306829625 0.741492253125 0.7468176609375 0.7199817734375 0.7393588984374999 0.701760103125 0.718045315625 0.6943279078125 0.69881566875 0.6994804765625
1 0.6224025875 0.7219773218750001 0.6086715953125 0.7428437328124999 0.6161303578124999 0.7610654015625 0.6359893359375001 0.767876346875 0.6590772968749999 0.7627009609375001 0.673313790625 0.7437211234375 0.6677532265624999 0.7229688125 0.6488433515625001 0.714892540625 0.6224025875 0.7219773218750001
1 0.4872895578125 0.7561587265624999 0.4781802375 0.760621584375 0.4686273296875 0.7682363390625 0.4639437375 0.779601421875 0.46608958749999996 0.7972246562499999 0.48936328125 0.8071646781249999 0.514349440625 0.7994586453125 0.5237785265625 0.7817669515625 0.5221381875 0.7660302890625 0.5051265078125 0.7554233796875 0.4872895578125 0.7561587265624999
1 0.416189396875 0.77925400625 0.4041708671875 0.7824743609375 0.395567053125 0.788823790625 0.385632459375 0.8046289140624999 0.3896765078125 0.8197215046874999 0.399920659375 0.829108734375 0.41345570781249996 0.8315481015625 0.4360381609375 0.8244861390624999 0.446859940625 0.8023772250000001 0.44332139843749996 0.789171209375 0.4297244390625 0.7816933734375 0.416189396875 0.77925400625
1 0.36438078906250004 0.802235184375 0.3435727125 0.7966895609375 0.326746775 0.8011980578125 0.3157392578125 0.8081915625 0.30871387499999997 0.8252391859375001 0.3161726375 0.8434608562499999 0.32926409218749997 0.849052115625 0.3408390296875 0.8489836578125001 0.34950475000000003 0.847672696875 0.362915971875 0.840035121875 0.369559675 0.8311778656250001 0.3718395578125 0.820456853125 0.36438078906250004 0.802235184375
1 0.24653729531250002 0.82875619375 0.2379953921875 0.8401440984375 0.24216326718749998 0.8653136296874999 0.2586694375 0.8740339671875 0.26493145625 0.8733670796874999 0.28751390312499997 0.8663051156250001 0.2979540078125 0.8523865671875 0.293786134375 0.8272170375 0.2777854703125 0.8203832703125 0.24653729531250002 0.82875619375
1 0.2085835078125 0.8409479078125001 0.1902410484375 0.839796684375 0.1758188140625 0.843661109375 0.1610768078125 0.8607543718749999 0.15829141875 0.8695888109375 0.161324453125 0.8809082531250001 0.168659396875 0.8890529812500001 0.18560916562500002 0.8946214234375001 0.208697121875 0.8894460359374999 0.21919913281249997 0.880565959375 0.225337325 0.8698221265624999 0.219271253125 0.8471832390625 0.2085835078125 0.8409479078125001
1 0.5748339765625 0.7367453187499999 0.5550988234374999 0.7400113109374999 0.54409130625 0.747004815625 0.53567323125 0.768469659375 0.5411099765625 0.7791450296875 0.5508486218749999 0.7866456875 0.5667873734375 0.7884409812500001 0.5778568046875 0.7864859484375 0.5888643203124999 0.7794924437499999 0.5982934078125 0.7618007484375 0.5942493609375 0.7467081578125 0.5748339765625 0.7367453187499999
1 0.7947264625 0.615142565625 0.77947895 0.6303492562499999 0.7771990718749999 0.641070265625 0.7807376125000001 0.6542762843750001 0.804011303125 0.664216309375 0.8174844421874999 0.6616172031249999 0.8399430656250001 0.644478303125 0.835775196875 0.6193087687500001 0.82167273125 0.6099443578125 0.7947264625 0.615142565625
1 0.7447541453125 0.63055463125 0.7322301109375 0.6318884125 0.7121132765625 0.6433447734375 0.7054695796875 0.6522020296875 0.7047062140625 0.6685827625 0.7067282374999999 0.676129059375 0.7256381125 0.6842053265625 0.7401222578125 0.6853793718750001 0.754988090625 0.6783630515625 0.7697300953124999 0.6612697843750001 0.7646750359375 0.6424040484375 0.75734009375 0.634259321875 0.7447541453125 0.63055463125
1 0.6862399328125 0.6573545968750001 0.6683410656250001 0.6530514796875 0.6467077156250001 0.65884811875 0.6324712156250001 0.67782795625 0.6375262734375 0.6966936921875 0.6482140203125 0.702929028125 0.66560738125 0.705345571875 0.6718693984375 0.70467868125 0.684775115625 0.6951545343750001 0.6957207203125 0.6831225640625 0.69660790625 0.6768187718750001 0.6862399328125 0.6573545968750001
1 0.8903691890625 0.587493153125 0.8644339296875 0.59646450625 0.8520956328124999 0.612913696875 0.8581617046875 0.635552584375 0.8780206796875 0.64236353125 0.8987049296875 0.6378322125 0.9177488421875 0.6175642359375 0.9097845671875 0.5974559937499999 0.9029551375 0.5911978390625 0.8903691890625 0.587493153125