1 0.11181638281249999 0.15752922656249999 0.1260302671875 0.1435418671875 0.12651475625 0.1219330375 0.10756073125000001 0.10888690937500001 0.0860074796875 0.1068514 0.0678325640625 0.11628384218750001 0.0625359125 0.12360929062499999 0.061881196875 0.1432724265625 0.0647488515625 0.1489032953125 0.0835326546875 0.1600037328125 0.1060090484375 0.159017596875 0.11181638281249999 0.15752922656249999
1 0.1496000390625 0.141479778125 0.16602686093750002 0.152786425 0.17579522187500002 0.1558529734375 0.1910304671875 0.1535397703125 0.20356827187499998 0.1475413921875 0.21122190624999998 0.140009734375 0.21542518125000001 0.133760240625 0.21659057499999998 0.11993418125 0.2111957171875 0.11256382812500002 0.1949391203125 0.103202875 0.185170759375 0.1001363265625 0.16867191718750002 0.1015797875 0.1595844578125 0.10629600624999999 0.1477275515625 0.12007715781249999 0.1460514796875 0.1280661375 0.1496000390625 0.141479778125
1 0.2630033890625 0.148223246875 0.2782386296875 0.14591004531250001 0.28623271093749997 0.142269775 0.29825984375000003 0.1304343171875 0.301441765625 0.11251066406250002 0.2960469046875 0.10514031093750001 0.2747359 0.0923003921875 0.2511661265625 0.0943624796875 0.24207866875 0.0990786984375 0.2324085125 0.11070794843750001 0.2315835703125 0.1284253921875 0.23697842812499997 0.1357957453125 0.250878046875 0.1453629078125 0.2630033890625 0.148223246875
1 0.345497596875 0.1410059390625 0.360732840625 0.1386927375 0.375627628125 0.13248815 0.38109450625 0.1271083953125 0.384957328125 0.11696751093749999 0.380898090625 0.09771679375 0.36211429375000004 0.0866163578125 0.35251615625 0.0854955 0.3314735828125 0.0892970734375 0.32146297968750004 0.0970349359375 0.3154134015625 0.1093277203125 0.3191321859375 0.12468705312499999 0.335729234375 0.137939390625 0.345497596875 0.1410059390625
1 0.4180532203125 0.128776390625 0.435062740625 0.1331700046875 0.44794100312499996 0.1310630109375 0.45829206093749997 0.1272165328125 0.46997874062499995 0.111489690625 0.4719952703125 0.10739209375 0.4681062546875 0.09008706875 0.4542066359375 0.08051990625 0.442081296875 0.07765956562500001 0.4186817515625 0.081667346875 0.4108578921875 0.0872533078125 0.4046380890625 0.0976003984375 0.402791790625 0.1036436859375 0.40634034999999996 0.117057328125 0.4180532203125 0.128776390625
1 0.519913928125 0.1257464875 0.528078234375 0.1240519125 0.542973021875 0.11784732499999999 0.548439903125 0.11246757031250001 0.55431925 0.09822909375 0.55329789375 0.086554934375 0.5367008453125 0.0733025984375 0.5245755078125 0.07044225781249999 0.510433640625 0.0716795109375 0.4968024578125 0.0787538390625 0.489148828125 0.086285496875 0.48883456093750005 0.1098400203125 0.49819045468749995 0.12176529218750001 0.519913928125 0.1257464875
1 0.619830128125 0.114064078125 0.6256374578125 0.1125757078125 0.635477840625 0.10289214843750001 0.6393406625 0.09275126875 0.6381490796875 0.07913141875 0.6327542234375 0.0717610640625 0.6164976281250001 0.0624001140625 0.6068994921875001 0.06127925468749999 0.5905708749999999 0.0646684109375 0.5719834859375 0.0829595734375 0.5762129500000001 0.1041559859375 0.594996753125 0.115256421875 0.619830128125 0.114064078125
1 0.6823751421875001 0.1095723875 0.704681315625 0.1066405609375 0.718142278125 0.0976205359375 0.7241918515625 0.0853277515625 0.7231704953125 0.073653596875 0.7087601968749999 0.0582493546875 0.6989918359375 0.05518280625000001 0.6754220625 0.0572448953125 0.6641478546874999 0.0641130140625 0.656834675 0.07553605625000001 0.66140459375 0.1006238515625 0.6678928281250001 0.1069182578125 0.6749637578125001 0.10629963125 0.6823751421875001 0.1095723875
1 0.7717700609375 0.0997907609375 0.791719253125 0.0970651390625 0.7975265828125 0.0955767734375 0.8073669656250001 0.08589321562499999 0.8112297921874999 0.0757523328125 0.8100382093749999 0.062132484375 0.7957981390625 0.0486739375 0.786029775 0.045607384375 0.7648169765625 0.047463264062499996 0.75135601875 0.0564832875 0.7462295921875 0.0657544296875 0.747931853125 0.08521135468749999 0.7645289015625 0.09846369687499999 0.7717700609375 0.0997907609375
1 0.894404903125 0.076317796875 0.89488939375 0.0547089671875 0.8894945359375 0.0473386140625 0.875594915625 0.03777145 0.85421189375 0.0376816390625 0.8427674609375 0.04260406875 0.830910553125 0.0563852203125 0.8326128140625 0.075842146875 0.851737065625 0.090833971875 0.8566212468750001 0.0923672453125 0.876570440625 0.089641621875 0.894404903125 0.076317796875
1 0.7845108265625 0.2182718109375 0.8021030437500001 0.2157524015625 0.807910371875 0.21426403125000001 0.8201077328125 0.2043742640625 0.824140784375 0.196179075 0.82260875 0.1786678421875 0.8034844953125001 0.1636760171875 0.793886359375 0.162555159375 0.772843790625 0.16635673125 0.7650199359375 0.171942696875 0.7547670796875 0.190484975 0.7605023921875 0.2017467125 0.7613535234375 0.2114751796875 0.7845108265625 0.2182718109375
1 0.8218296359374999 0.156189271875 0.8370648796875001 0.1538760671875 0.85195966875 0.1476714765625 0.8638165703125 0.1338903265625 0.860097784375 0.1185309921875 0.8520055 0.1074754609375 0.8433305109375 0.103332959375 0.83356215 0.10026641249999999 0.812349353125 0.10212229218749999 0.79796524375 0.11416395937499998 0.7939321921875 0.1223591484375 0.7985021109375 0.14744694375 0.80482011875 0.151795653125 0.8218296359374999 0.156189271875
1 0.7320942703125 0.1620795140625 0.7544004421875 0.15914768125 0.7602077734375 0.1576593125 0.7700481531250001 0.1479757578125 0.7740812046875 0.13978056875 0.77254916875 0.12226933124999999 0.7559521218749999 0.10901699375 0.725141190625 0.10975201718750001 0.7127736046875001 0.1176960890625 0.706724028125 0.1299888734375 0.7107832640625 0.149239590625 0.7161781265625 0.15660994374999998 0.7248531109374999 0.16075244375 0.7320942703125 0.1620795140625
1 0.66736250625 0.1687231 0.6777135624999999 0.1648766203125 0.6872134921875 0.1513016796875 0.688889565625 0.14331270000000002 0.68534100625 0.1298990578125 0.676325565625 0.1218651734375 0.6640300015625 0.11705913750000001 0.633559521875 0.12168554375 0.621872840625 0.137412390625 0.62323465 0.1529779328125 0.6286295109375 0.1603482859375 0.647413309375 0.1714487234375 0.66736250625 0.1687231
1 0.5576779390625 0.177338965625 0.5777973609375 0.1765590359375 0.5881484234375 0.1727125546875 0.5979888015625 0.1630290015625 0.6038681515625 0.14879052343750002 0.6033574734375 0.1429534453125 0.5979626140625001 0.1355830921875 0.584062996875 0.126015928125 0.5695806796875 0.12336179843749999 0.550895084375 0.1269571609375 0.54307123125 0.13254312343750002 0.5348349031249999 0.1469878078125 0.5387239140625 0.164292834375 0.5576779390625 0.177338965625
1 0.475353959375 0.18650196562500002 0.5000171078125 0.183363925 0.5133078390625 0.172398209375 0.5171706671875 0.1622573296875 0.5161493109374999 0.1505831703125 0.5107544484375001 0.1432128171875 0.49685482968750005 0.1336456546875 0.4896136734375 0.1323185890625 0.463857146875 0.136532578125 0.44998371718749997 0.15441132500000002 0.4481374140625 0.1604546140625 0.45134552499999997 0.1699768671875 0.46811279843750003 0.1851749 0.475353959375 0.18650196562500002
1 0.42845665312500003 0.1798217265625 0.43231947968749995 0.1696808453125 0.43112789687499997 0.1560609953125 0.41200364218749996 0.141069171875 0.39516435156249996 0.13862125 0.3811927109375 0.14180419375 0.3689953515625 0.1516939625 0.364962303125 0.15988914999999998 0.3664943375 0.177400384375 0.390502771875 0.1939254828125 0.412808940625 0.1909936515625 0.42845665312500003 0.1798217265625
1 0.3256007765625 0.1986233765625 0.34141871562500004 0.18939714375 0.3452815421875 0.17925626249999999 0.34408995937500003 0.16563641406250001 0.3386950984375 0.1582660609375 0.3247954796875 0.148698896875 0.31755431875 0.1473718328125 0.29179779687499996 0.1515858203125 0.2779243609375 0.1694645671875 0.27928617031249997 0.185030109375 0.28468103125 0.1924004625 0.30093762812499997 0.20176141718750001 0.3256007765625 0.1986233765625
1 0.243106565625 0.2058406859375 0.25110065000000004 0.2022004140625 0.2609410296875 0.19251685937500002 0.26125529687500004 0.1689623375 0.2399442921875 0.1561224140625 0.2114903359375 0.156651228125 0.20021612812499998 0.1635193515625 0.192902953125 0.17494239218750002 0.19122687656249998 0.1829313734375 0.1944349875 0.1924536265625 0.1998298453125 0.19982397968750001 0.216086440625 0.209184934375 0.243106565625 0.2058406859375
1 0.17776591875 0.191951396875 0.1765743359375 0.1783315453125 0.1576203078125 0.1652854171875 0.1478519453125 0.162218865625 0.12899612656249998 0.1638685359375 0.11006829062500001 0.17826831406250002 0.10975402187500001 0.2018228359375 0.131235253125 0.21660845156250003 0.1582553828125 0.2132642015625 0.173732865625 0.2001465859375 0.17776591875 0.191951396875
1 0.10604178125 0.281551334375 0.11420608750000001 0.27985675625 0.1223703984375 0.2781621796875 0.136924734375 0.26806620312499996 0.1399364265625 0.2481968578125 0.13437134374999998 0.2388808125 0.1179445203125 0.2275741671875 0.09420451875 0.2276905640625 0.082760084375 0.232612990625 0.072919703125 0.2422965484375 0.0724352125 0.2639053796875 0.0753028671875 0.2695362453125 0.08920248593749999 0.2791034078125 0.10604178125 0.281551334375
1 0.20360100625 0.270075128125 0.21395206249999998 0.26622865 0.2194189453125 0.2608488953125 0.22328176718749998 0.250708015625 0.2217497328125 0.233196778125 0.2002685015625 0.21841116718750003 0.1835994359375 0.21790893281249998 0.171984771875 0.22088567343749999 0.1576006640625 0.232927340625 0.1572864 0.2564818625 0.162681259375 0.263852215625 0.181294834375 0.273006959375 0.20360100625 0.270075128125
1 0.28845219375000003 0.2626516109375 0.2942595234375 0.2611632421875 0.3064568828125 0.251273478125 0.310149478125 0.23918690312500002 0.30643069375 0.22382757031249997 0.290003871875 0.2125209234375 0.259192940625 0.213255946875 0.2448088265625 0.22529761406249998 0.240775778125 0.233492803125 0.24196736093750001 0.24711265 0.258734634375 0.26231068281250003 0.268502996875 0.265377234375 0.28845219375000003 0.2626516109375
1 0.353354184375 0.25795371718750004 0.3733033796875 0.25522809375 0.3812974609375 0.251587825 0.3931543671875 0.2378066734375 0.39500066562499997 0.23176338593749998 0.39128188124999996 0.216404053125 0.37232785625 0.203357925 0.365086696875 0.20203085468749998 0.341687146875 0.20603863906250003 0.3294897921875 0.21592840156249998 0.3254567390625 0.224123590625 0.3295159765625 0.2433743109375 0.343585821875 0.25488716562499997 0.353354184375 0.25795371718750004
1 0.47380227656249996 0.23663265312499998 0.479851853125 0.22433986875 0.4786602703125 0.21072001875000002 0.45465183593749997 0.19419492031250002 0.4310820640625 0.1962570078125 0.41249467656250005 0.21454817343750002 0.410648378125 0.2205914609375 0.41402671093750004 0.23205940625000002 0.421948775 0.24116924687500002 0.43803514374999997 0.2485845046875 0.46034131718750004 0.245652678125 0.47380227656249996 0.23663265312499998
1 0.54754948125 0.2380229515625 0.5610104437500001 0.22900292812499998 0.5650434921875 0.2208077390625 0.566038659375 0.20503598906249998 0.560643803125 0.197665634375 0.5467441843749999 0.1880984734375 0.5159332515624999 0.1888334921875 0.5015491421875 0.200875159375 0.49970284375 0.206918446875 0.5044429859374999 0.2339519390625 0.5107609937500001 0.2383006484375 0.5252433078125 0.2409547796875 0.54754948125 0.2380229515625
1 0.6382079984375 0.229111065625 0.6480483796875001 0.21942750625000002 0.65174098125 0.2073409328125 0.650719625 0.19566677500000001 0.6267111921875 0.17914167812499998 0.6007844390625 0.181409975 0.58219705 0.1997011390625 0.5864265140625 0.22089755156250002 0.59561218125 0.23087713281250002 0.614978678125 0.23506454062499998 0.627856940625 0.23295754375 0.6382079984375 0.229111065625
1 0.6996596390625001 0.2256953265625 0.714894878125 0.2233821265625 0.7297896671874999 0.21717753437499998 0.7372730703125 0.20770018750000002 0.7379277890625 0.18803704999999998 0.7236877171875 0.174578503125 0.7139193546875 0.17151195156250001 0.6972502859375 0.1710097203125 0.681262121875 0.1782902625 0.67579524375 0.18367001562500002 0.6717621953124999 0.19186520468749999 0.673124003125 0.207430746875 0.6898912765625 0.2226287796875 0.6996596390625001 0.2256953265625
1 0.8845972546875001 0.2085350921875 0.8949483140625001 0.2046886140625 0.9026019421875 0.1971569546875 0.9084812921875001 0.1829184828125 0.9049327312500001 0.169504840625 0.8859787046875001 0.156458709375 0.8763805703124999 0.1553378515625 0.8576949765625 0.158933215625 0.8433108671875 0.1709748828125 0.8428263765624999 0.1925837125 0.859593653125 0.20778174531250002 0.8693620125000001 0.21084829374999997 0.8845972546875001 0.2085350921875
1 0.8135998531249999 0.265721784375 0.8248020437499999 0.27160376875000003 0.8320432 0.2729308375 0.8519923953124999 0.270205215625 0.8599864765625 0.26656494375 0.869826859375 0.2568813890625 0.8703113484375 0.23527255937499997 0.8623892906249999 0.22616272343750002 0.846302915625 0.21874746093750003 0.8390617609375 0.217420396875 0.820376165625 0.2210157578125 0.8125523093749999 0.2266017203125 0.80414575625 0.23910071406250002 0.802469684375 0.24708969375 0.805677790625 0.256611946875 0.8135998531249999 0.265721784375
1 0.7694981859375 0.27742252343749996 0.7774922703125 0.2737822515625 0.7869921953125 0.2602073109375 0.78259250625 0.23706520625 0.7614517281250001 0.226170978125 0.7542105734375 0.22484391406249998 0.7378819562500001 0.228233065625 0.7213110921875 0.24242663593749997 0.71946479375 0.248469921875 0.72352403125 0.267720640625 0.732539471875 0.275754528125 0.7471920125 0.2803543546875 0.7694981859375 0.27742252343749996
1 0.641029825 0.27493794843749997 0.6525724640624999 0.28471131875 0.662340825 0.28777787187500004 0.6799330453125 0.28525845781250003 0.69247085625 0.279260078125 0.6977675078125001 0.27193463281249997 0.70163033125 0.26179374843750003 0.700608975 0.2501195921875 0.686368903125 0.23666104375 0.6717163625 0.232061221875 0.6575744953125 0.233298475 0.6506737921875 0.2358627921875 0.638646659375 0.24769825 0.6347838328125001 0.2578391328125 0.6354647375 0.265621903125 0.641029825 0.27493794843749997
1 0.5606503484375 0.2927534609375 0.5800168453125 0.296940871875 0.58818115 0.2952462921875 0.5987024390625 0.29334550937500004 0.61072956875 0.28151004999999996 0.61459239375 0.27136917031249996 0.6135710375000001 0.25969501093749997 0.6107033828125 0.254064140625 0.5968037640625 0.24449697812500001 0.5870354015625 0.2414304296875 0.56817958125 0.24308010000000002 0.5514384921875 0.2553279765625 0.54740544375 0.263523165625 0.5485970265625 0.277143015625 0.5606503484375 0.2927534609375
1 0.492808678125 0.304570596875 0.5033299640625 0.302669809375 0.5114942703125 0.30097523593750003 0.5236916296875 0.29108546875 0.52957098125 0.276846990625 0.5288900765625 0.26906421875 0.52332499375 0.259748175 0.50706839375 0.2503872203125 0.48097141875 0.250709825 0.46423032812500004 0.2629577015625 0.46036750625 0.2730985828125 0.4612186359375 0.2828270453125 0.4734421796875 0.3003831875 0.492808678125 0.304570596875
1 0.3936454015625 0.31128567500000004 0.4008865609375 0.312612740625 0.4231927296875 0.30968090937500004 0.4388404421875 0.298508984375 0.44471979375000004 0.28427050781249996 0.444209115625 0.2784334328125 0.43611682500000004 0.2673779 0.42727161562499993 0.2612897078125 0.4126190703125 0.25668988125 0.400834184375 0.257720925 0.3793791421875 0.27038121875 0.37517586718749996 0.2766307171875 0.3740104734375 0.290456771875 0.37957555625 0.29977282031249997 0.3936454015625 0.31128567500000004
1 0.3064372375 0.3189154015625 0.31620560000000003 0.3219819484375 0.333797815625 0.3194625390625 0.339605146875 0.31797416875 0.3539892546875 0.30593250156249996 0.3580223078125 0.2977373125 0.353963071875 0.27848659531250003 0.3474748328125 0.272192190625 0.332652065625 0.265646671875 0.320696953125 0.264732025 0.3067253125 0.26791496875 0.29763785625 0.2726311921875 0.288137925 0.28620613437500003 0.289669959375 0.30371736875 0.3064372375 0.3189154015625
1 0.2217562765625 0.328284609375 0.24658965312499997 0.327092265625 0.2592976890625 0.323039578125 0.26476456718749997 0.3176598234375 0.27081414062500003 0.30536703906249996 0.269792784375 0.293692884375 0.2617004984375 0.28263735156249997 0.252855284375 0.276549159375 0.24072994531249997 0.273688815625 0.224231103125 0.2751322765625 0.20513304062499998 0.2875863640625 0.2012702140625 0.29772724375 0.202461796875 0.31134709374999997 0.2217562765625 0.328284609375
1 0.1392620671875 0.3355019171875 0.146503225 0.3368289828125 0.16645241875 0.3341033640625 0.1722597484375 0.33261499375 0.18428688124999998 0.32077953593749997 0.188149709375 0.3106386546875 0.18460115 0.2972250140625 0.170531303125 0.285712159375 0.158235734375 0.2809061234375 0.1324792125 0.28512011249999997 0.1204520796875 0.296955571875 0.1164190265625 0.30515076093750004 0.1201378125 0.32051009375 0.12553267343750002 0.327880446875 0.1392620671875 0.3355019171875
1 0.0970590734375 0.3960511828125 0.11406859531249999 0.4004448 0.1222329015625 0.398750221875 0.1349409375 0.394697534375 0.1447813171875 0.3850139796875 0.1477930140625 0.36514463125 0.144925359375 0.359513765625 0.12597133124999998 0.3464676328125 0.11620296875 0.34340108593749996 0.09751737499999999 0.34699644687500003 0.083133265625 0.35903811406249997 0.07927044375 0.3691789953125 0.08012157343750001 0.3789074578125 0.0856866578125 0.3882235078125 0.0970590734375 0.3960511828125
1 0.2117980453125 0.3909142875 0.21979212499999998 0.3872740171875 0.22963250937500002 0.3775904625 0.2333251046875 0.3655038859375 0.22994677187499998 0.35403593906249997 0.2108225171875 0.33904411562500003 0.18472554375 0.339366721875 0.16798445312500002 0.3516145984375 0.16412163125 0.3617554796875 0.16548343906250002 0.377321021875 0.18208048593749998 0.3905733578125 0.1918488484375 0.3936399109375 0.2117980453125 0.3909142875
1 0.2552188046875 0.371430778125 0.2642342453125 0.379464665625 0.2788867859375 0.38406449375 0.2964790015625 0.3815450796875 0.31137379374999996 0.375340490625 0.316840671875 0.3699607359375 0.3208737203125 0.361765546875 0.3198523640625 0.35009138906250004 0.31428728125 0.34077534531250003 0.30038766250000004 0.33120818125 0.2882623234375 0.3283478421875 0.27647743281250003 0.3293788875 0.2650329984375 0.3343013140625 0.25081911562500003 0.34828867343750003 0.24948349531249997 0.360169040625 0.2552188046875 0.371430778125
1 0.388230896875 0.37155724375 0.40169185937499996 0.36253721875 0.40774143125 0.350244434375 0.40654985000000005 0.33662458906250003 0.39248000781250003 0.32511173125 0.3778274625 0.3205119078125 0.3566146671875 0.3223677875 0.3380272796875 0.3406589484375 0.33618098125 0.3467022359375 0.33972953906250003 0.3601158765625 0.3476516046875 0.36922571406250004 0.3612107703125 0.3749014890625 0.388230896875 0.37155724375
1 0.4865430453125 0.3551137015625 0.4925926234375 0.34282091718749996 0.4910605890625 0.32530968437499996 0.469919809375 0.31441545625 0.45543749218749996 0.311761325 0.4347353734375 0.3194542796875 0.42287846562500003 0.33323543125 0.42710792968750005 0.35443184375 0.43865057343749997 0.3642052140625 0.44841893437499997 0.3672717640625 0.475439065625 0.3639275171875 0.4865430453125 0.3551137015625
1 0.560290246875 0.35650400000000004 0.5735809828125 0.34553828593749997 0.57761403125 0.337343096875 0.576081996875 0.31983185937499997 0.5497165875000001 0.3035129734375 0.53321775 0.30495643437500003 0.5241302906249999 0.309672653125 0.5099164078125 0.3236600140625 0.5085807828125 0.33554038125 0.5144863234375 0.348747809375 0.5235017609375 0.35678169843749996 0.535627096875 0.3596420375 0.560290246875 0.35650400000000004
1 0.610369471875 0.3452605875 0.6226650390625 0.35006661875 0.6451414390625 0.3490804828125 0.65313551875 0.34544021406250003 0.6629759015625 0.3357566546875 0.6659875937499999 0.3158873109375 0.6604225109375 0.30657126562500003 0.6466931171875 0.2989497953125 0.6369247546875 0.295883246875 0.6204259125 0.297326709375 0.6113384546875 0.302042928125 0.5994815484375 0.3158240796875 0.59763525 0.321867365625 0.601354034375 0.3372267 0.610369471875 0.3452605875
1 0.7476568593749999 0.326387446875 0.7481413515625001 0.30477861562499997 0.7315443046875 0.291526278125 0.7217759421875 0.2884597296875 0.7029201234375 0.2901094 0.684162509375 0.30645487031249996 0.6835077921875 0.32611800468749996 0.691600078125 0.3371735359375 0.7002750671875 0.3413160375 0.7124004046875 0.344176378125 0.7299926203125 0.3416569671875 0.7476568593749999 0.326387446875
1 0.7710564078125001 0.322379665625 0.782599053125 0.3321530375 0.7972515921875 0.3367528609375 0.8148438125 0.33423345000000004 0.8206511421875 0.3327450796875 0.8326782749999999 0.32090962031250003 0.8365410984375 0.31076874062500004 0.8329925390625 0.2973550984375 0.8250704765625001 0.2882452625 0.8115113078125 0.2825694890625 0.80427015 0.281242421875 0.78558455625 0.28483778593750003 0.7733872015625 0.2947275484375 0.769354146875 0.3029227359375 0.767678075 0.3109117171875 0.7710564078125001 0.322379665625
1 0.8971677937500001 0.32507045 0.905332103125 0.323375871875 0.9195459859374999 0.30938851093749997 0.9205411546875 0.2936167609375 0.91497606875 0.28430071562500003 0.8985492453124999 0.2729940703125 0.8748092468750001 0.2731104625 0.8602549125 0.28320643749999996 0.8540351093749999 0.293553528125 0.8526994890624999 0.3054338953125 0.8672800140625 0.322783828125 0.8842895296875 0.3271774421875 0.8971677937500001 0.32507045
1 0.8375428109374999 0.39008482187500004 0.8520251249999999 0.3927389515625 0.8601894359375001 0.3910443765625 0.8728974734375001 0.3869916890625 0.8849246015625001 0.3751562296875 0.8884469765624999 0.3611239625 0.880014234375 0.346177046875 0.871169025 0.3400888546875 0.8565164796875001 0.335489028125 0.8400176406250001 0.3369324890625 0.8309301828125 0.34164871093750004 0.8190732765625001 0.35542986249999997 0.8180781078124999 0.37120161406249996 0.82617039375 0.3822571421875 0.8375428109374999 0.39008482187500004
1 0.7601030093750001 0.40078109531250006 0.7800522015625 0.3980554765625 0.7858595312500001 0.39656710624999997 0.80007341875 0.38257974687499996 0.8014090390625 0.3706993796875 0.7980307062499999 0.35923143281250003 0.7864880640624999 0.3494580625 0.7718355171875 0.3448582359375 0.7529796984375 0.34650790625 0.7364088390625 0.360701475 0.7323757859375 0.3688966640625 0.734078046875 0.38835359375 0.7454504640625 0.396181271875 0.7601030093750001 0.40078109531250006
1 0.6517540671875001 0.39751659375 0.6680106625 0.406877546875 0.6928440375 0.405685203125 0.69865136875 0.40419683281249996 0.712695025 0.38826378125 0.7140306453124999 0.37638341406250003 0.7108225375 0.366861159375 0.6918685140624999 0.35381503125 0.679743175 0.3509546875 0.6703152671875 0.35177952343749996 0.656684078125 0.35885385625 0.6490304499999999 0.36638550937500003 0.645167621875 0.3765263890625 0.646188978125 0.3882005484375 0.6517540671875001 0.39751659375
1 0.5708639125 0.409495028125 0.583159475 0.41430106406249995 0.590400634375 0.415628128125 0.610349828125 0.4129025109375 0.6183439109375 0.40926224062500005 0.63020081875 0.3954810890625 0.6315364390625 0.383600721875 0.6283283328125 0.37407846718750004 0.61190150625 0.36277182343750003 0.6021331437499999 0.3597052703125 0.5856343046875 0.36114873125 0.576546846875 0.3658649546875 0.564689940625 0.37964610468750004 0.5628436375 0.38568939375 0.5669028796875 0.40494011093750004 0.5708639125 0.409495028125
1 0.4823921453125 0.4162550140625 0.4912373546875 0.42234320781249995 0.50336269375 0.425203546875 0.51624095625 0.42309655468749996 0.5244052671875 0.42140197500000004 0.5366026265625 0.41151221250000003 0.54180106875 0.3894909640625 0.5387631875000001 0.3819144015625 0.527390771875 0.37408672187500003 0.5102110265625 0.3677474125 0.50078311875 0.36857224843749997 0.48479495312500004 0.37585278906249997 0.477141325 0.38338444374999997 0.4732784984375 0.393525328125 0.4742998546875 0.4051994828125 0.4823921453125 0.4162550140625
1 0.4462845578125 0.42431548281250003 0.4537679640625 0.4148381328125 0.4544226796875 0.39517499843750004 0.43529842968750004 0.380183175 0.4255300671875 0.377116625 0.402130515625 0.38112440625 0.3857298828125 0.3972636671875 0.38726191718749997 0.4147749 0.392827 0.42409094999999997 0.41144057656250005 0.433245690625 0.4337467453125 0.4303138625 0.4462845578125 0.42431548281250003
1 0.3291165921875 0.44240869531250004 0.339637875 0.44050790781250004 0.35453266562499997 0.4343033171875 0.3643730453125 0.42461975937499996 0.368235871875 0.41447887968749997 0.3673847421875 0.40475041562499997 0.3592924515625 0.393694884375 0.34303585625 0.38433393437499996 0.3194660796875 0.386396021875 0.30272499375 0.3986438953125 0.29869194062500004 0.40683908437499994 0.30022397500000003 0.424350321875 0.3144640484375 0.4378088671875 0.3291165921875 0.44240869531250004
1 0.2547866921875 0.4479314234375 0.2696814796875 0.441726834375 0.2751483578125 0.43634708125 0.27918140625 0.42815189218749994 0.277649371875 0.410640659375 0.2634093 0.3971821078125 0.2416858265625 0.3932009125 0.22334068437500001 0.40068765781250004 0.21350030625 0.4103712171875 0.21335626406250002 0.43587143125 0.2297830859375 0.44717807656249997 0.2395514484375 0.4502446296875 0.2547866921875 0.4479314234375
1 0.142574921875 0.4548078015625 0.152343284375 0.4578743546875 0.17229248125000002 0.4551487328125 0.188110415625 0.4459225 0.19231369375000001 0.4396730015625 0.19330886249999998 0.4239012515625 0.1877437796875 0.41458520625000006 0.1738441609375 0.4050180421875 0.1640757984375 0.4019514953125 0.1475769546875 0.4033949578125 0.1284788890625 0.4158490421875 0.124445840625 0.42404423125 0.125637421875 0.43766407812499997 0.13120250625000002 0.44698012656249997 0.142574921875 0.4548078015625
1 0.13295714375 0.5213288687500001 0.143308203125 0.5174823875000001 0.1553353328125 0.5056469296875 0.15564960156250002 0.48209240624999994 0.1341683703125 0.467306796875 0.11278534843750002 0.4672169828125 0.0958740328125 0.47751916562499996 0.0896542328125 0.487866253125 0.0883186140625 0.49974662031249995 0.096581125 0.5127478453125 0.1079535421875 0.5205755203125 0.12479283593749999 0.523023446875 0.13295714375 0.5213288687500001
1 0.1951617046875 0.5129457937499999 0.2000458890625 0.5144790687499999 0.21999508125 0.5117534499999999 0.2258024109375 0.5102650796875 0.239846071875 0.494332028125 0.24169237031250002 0.488288740625 0.2379735859375 0.47292940781250004 0.2239037390625 0.461416553125 0.214135378125 0.4583500046875 0.192922578125 0.460205884375 0.1761814921875 0.47245375625 0.1721484390625 0.48064894531249996 0.173510246875 0.49621448749999997 0.17890510937499998 0.5035848406250001 0.1951617046875 0.5129457937499999
1 0.2919680046875 0.5064369265625001 0.30484626718749996 0.5043299328125 0.3151973296875 0.500483453125 0.32503770625 0.4907998953125 0.329070759375 0.48260470624999996 0.32753872500000003 0.4650934734375 0.310941678125 0.4518411359375 0.301173315625 0.4487745828125 0.27323003749999997 0.45514047656249995 0.26557640625 0.46267213125 0.2595268328125 0.47496491562500004 0.26324561874999997 0.4903242484375 0.27984266562500004 0.5035765859375 0.2919680046875 0.5064369265625001
1 0.3967683890625 0.49628778906250004 0.406949221875 0.49049561875 0.41644914999999993 0.47692067656250003 0.4147468890625 0.45746374687499997 0.4032042484375 0.447690375 0.388381478125 0.44114485625000005 0.3649819328125 0.44515264062500004 0.34841106875 0.45934620937500004 0.3470754484375 0.4712265734375 0.35045378125000004 0.48269452343749997 0.3670508296875 0.49594686093749996 0.37681919218750004 0.499013409375 0.3967683890625 0.49628778906250004
1 0.5014705625 0.47144285156250004 0.50178483125 0.447888328125 0.48030359999999994 0.4331027140625 0.4612775546875 0.4328066921875 0.43982251093749997 0.44546698593749995 0.4357894578125 0.453662175 0.43732149218750005 0.4711734109375 0.4454137828125 0.4822289421875 0.4566159734375 0.488110925 0.46385713281249996 0.48943799062500004 0.48380632500000004 0.48671237187500005 0.5014705625 0.47144285156250004
1 0.5663005359375 0.47949506406250003 0.5766515984375 0.475648584375 0.5885085 0.46186743437500005 0.58899299375 0.44025860312500004 0.5675117625 0.42547298749999996 0.546128740625 0.425383175 0.532497553125 0.432457509375 0.524843925 0.43998916250000003 0.5208108765625 0.4481843515625 0.5220024578125 0.4618042 0.532621946875 0.4745992171875 0.5438241374999999 0.4804812 0.5663005359375 0.47949506406250003
1 0.6357462578125 0.47243905625 0.6487947468749999 0.47227775625 0.6660465125 0.4658669578125 0.67370014375 0.4583353 0.6779034171875 0.452085803125 0.6790688125 0.43825974843750004 0.669542696875 0.4243887796875 0.65236295 0.41804947031250006 0.6333369046875 0.41775345 0.6140686171875 0.42826184375 0.6100355640624999 0.4364570328125 0.61190805 0.45785964999999995 0.6259778953125 0.46937250781250006 0.6357462578125 0.47243905625
1 0.722954421875 0.46480933125 0.7452605937500001 0.46187749843750003 0.76292483125 0.4466079828125 0.7646009031250001 0.438619003125 0.7607118921875 0.4213139734375 0.7542236578125 0.415019571875 0.7395711125 0.4104197453125 0.729972978125 0.40929888906249995 0.7136443640625 0.4126880421875 0.6970735 0.4268816109375 0.6953974281249999 0.434870590625 0.6992864390625 0.4521756203125 0.713186059375 0.46174278125 0.722954421875 0.46480933125
1 0.8426495921875 0.44845560156250003 0.85013299375 0.43897825625 0.8519792921875 0.43293496875 0.84809028125 0.41562994375000006 0.8340204359375001 0.4041170890625 0.8242520734375001 0.4010505375 0.8006823015625001 0.403112625 0.7820949140625 0.421403790625 0.783797175 0.44086071562500007 0.80527840625 0.45564633125 0.83011178125 0.4544539828125 0.8426495921875 0.44845560156250003
1 0.9126059921874999 0.4472366734375 0.918413321875 0.445748309375 0.9324569781250001 0.429815253125 0.9343032765625001 0.42377196875 0.9304142656250001 0.40646693906250003 0.9188716234375001 0.396693571875 0.9091032609375 0.39362702031249996 0.8995051265624999 0.3925061640625 0.8855334890625001 0.3956891078125 0.8669461015625 0.41398027343750005 0.8689888140625 0.43732858593749996 0.8877726156250001 0.4484290234375 0.9126059921874999 0.4472366734375
1 0.8778143796875 0.5110587015625 0.8836217156249999 0.509570334375 0.8958190687500001 0.49968056718750004 0.9016984203125 0.485442090625 0.8984903140625 0.4759198359375 0.881723040625 0.46072180312500005 0.8578128109375 0.45889250937500004 0.8418246500000001 0.4661730484375 0.8321544937500001 0.4778022953125 0.8338567546875 0.49725922499999997 0.848096825 0.5107177703125 0.8578651890625 0.5137843234374999 0.8778143796875 0.5110587015625
1 0.8151711609375001 0.5008545875 0.810771471875 0.4777124828125 0.79434465 0.4664058375 0.7660609218750001 0.46888034375 0.7474735328125 0.48717150781249996 0.7490055671875 0.5046827421875 0.7544004296875 0.5120530953125 0.7730140015625 0.521207840625 0.7976771515625 0.5180697999999999 0.8133248625 0.506897875 0.8151711609375001 0.5008545875
1 0.7256060171875001 0.508690521875 0.7210361015625 0.483602725 0.712190890625 0.4775145328125 0.6951813703124999 0.473120915625 0.683396484375 0.474151959375 0.6674083203125 0.48143250000000004 0.657567940625 0.4911160546875 0.659440428125 0.5125186765625 0.664835284375 0.5198890296875 0.68344885625 0.529043775 0.70811200625 0.525905734375 0.7256060171875001 0.508690521875
1 0.588999534375 0.535346434375 0.5987678953125 0.5384129843750001 0.614003134375 0.536099778125 0.622167446875 0.5344052046875001 0.6343648046875 0.5245154375000001 0.64024415625 0.510276959375 0.638712121875 0.4927657265625 0.634751090625 0.48821080781250004 0.6152143671875 0.48207770625 0.591644590625 0.4841397953125 0.58020015625 0.4890622265625 0.5725465234375 0.4965938796875 0.572062034375 0.5182027109375 0.577627121875 0.5275187546875 0.588999534375 0.535346434375
1 0.53386590625 0.543110878125 0.5515301421875 0.5278413609375 0.5518444062500001 0.5042868390625 0.5403017671875 0.49451346875 0.525649221875 0.48991364062500004 0.5044364265625 0.4917695203125 0.49534896875 0.4964857421875 0.48567881249999995 0.5081149890625001 0.4838325140625 0.514158278125 0.4875512984375 0.5295176109375 0.4929461609375 0.536887965625 0.5115597328125 0.546042709375 0.53386590625 0.543110878125
1 0.44682796874999997 0.5526863 0.4570088 0.546894128125 0.4644922046875 0.537416778125 0.46633850312499997 0.531373490625 0.46210904062499997 0.510177078125 0.4409682609375 0.49928285 0.41975546562500005 0.501138728125 0.40831103124999996 0.5060611609375 0.398640875 0.5176904109375 0.40321079062500004 0.5427782062500001 0.4196376125 0.554084853125 0.42687877187499995 0.5554119171874999 0.44682796874999997 0.5526863
1 0.35726282343750004 0.560522234375 0.365427134375 0.5588276546875 0.377113815625 0.5431008125 0.37878988750000003 0.5351118328125 0.3752413296875 0.521698190625 0.35628730000000003 0.5086520625000001 0.3301903203125 0.5089746640625 0.3165591375 0.5160489953125 0.3112624859375 0.5233744406249999 0.3109482171875 0.5469289640625 0.330072471875 0.5619207875 0.33731363124999997 0.5632478515625 0.35726282343750004 0.560522234375
1 0.2453915109375 0.5712899953125 0.27005466093749997 0.568151959375 0.27804874218750003 0.5645116890625 0.287718896875 0.5528824390625 0.28854383906250003 0.5351649968750001 0.28297875625 0.525848946875 0.2716063390625 0.518021271875 0.25948099999999996 0.515160928125 0.245339134375 0.5163981796875 0.22935097343750002 0.523678721875 0.22002126875 0.5391993562499999 0.22121285156249998 0.5528192062499999 0.2267779390625 0.5621352515625 0.2453915109375 0.5712899953125
1 0.1830167234375 0.5777273765625 0.19336777968750002 0.5738808984375 0.2030379359375 0.5622516484375 0.204884234375 0.556208359375 0.2009952234375 0.538903334375 0.1843981765625 0.5256509984375 0.177157015625 0.52432393125 0.1490435125 0.5287441296875001 0.13920312968749998 0.538427684375 0.1353403078125 0.54856856875 0.1393995453125 0.5678192859375 0.158183346875 0.5789197203125 0.1830167234375 0.5777273765625
1 0.14822511249999998 0.6415494046875 0.16168607343750002 0.6325293796875 0.167565425 0.618290903125 0.16654406875 0.60661674375 0.163676409375 0.600985878125 0.14724958906250002 0.5896792328125 0.1327672734375 0.5870250984375 0.12098238750000001 0.5880561421875 0.1118949296875 0.5927723640625 0.099867796875 0.6046078203125 0.0995535328125 0.6281623421875 0.1235619625 0.6446874390625 0.14822511249999998 0.6415494046875
1 0.20117199375 0.6359368578125 0.20841314843749997 0.6372639234374999 0.233076303125 0.6341258859375001 0.24107038281249998 0.6304856171875 0.250740540625 0.618856365625 0.25224638593750004 0.6089216937499999 0.24852760156249998 0.5935623609375 0.23445775468750002 0.58204950625 0.2248596203125 0.5809286453125 0.20364681875 0.582784525 0.1922023859375 0.5877069578125 0.1827024546875 0.6012818984375 0.184404715625 0.620738825 0.1897995765625 0.628109178125 0.20117199375 0.6359368578125
1 0.28820993125 0.626361440625 0.29797829375 0.6294279875 0.3202844671875 0.6264961609374999 0.328278546875 0.622855890625 0.337948703125 0.6112266390625 0.33979500156250003 0.6051833531249999 0.3357357640625 0.585932634375 0.314424759375 0.5730927109375 0.302469646875 0.5721780640625 0.2861410296875 0.5755672171875 0.2783171765625 0.5811531796875 0.2722676 0.5934459640624999 0.2704213015625 0.599489253125 0.2741400859375 0.6148485859374999 0.28820993125 0.626361440625
1 0.3801320515625 0.618319296875 0.40496542812499997 0.6171269484375 0.4196899890625 0.6089766671875 0.42498664062499997 0.6016512234375 0.4288494625 0.5915103390625001 0.42530090468750004 0.5780967 0.41737884531249997 0.568986859375 0.40870385625 0.564844359375 0.401462696875 0.56351729375 0.37334919375000003 0.567937490625 0.363338590625 0.5756753578125 0.3593055375 0.583870546875 0.3611780234375 0.6052731640625 0.3801320515625 0.618319296875
1 0.47441115 0.6100709453125 0.496717321875 0.6071391140625 0.5047114015624999 0.6034988421875 0.5143815593750001 0.5918695921875 0.5162278578125 0.5858263078125 0.5121686203125 0.5665755875 0.50568038125 0.5602811875 0.48850063906249996 0.5539418765625 0.472001796875 0.5553853390625 0.45820038125 0.5605139734375 0.450546753125 0.5680456328125 0.44685415156249997 0.58013220625 0.45327037031249995 0.5991767171875 0.47441115 0.6100709453125
1 0.5518509500000001 0.599374665625 0.5639762890625 0.6022350109375 0.5768545515625 0.6001280140625 0.5917493390625 0.5939234250000001 0.5972162171875001 0.588543671875 0.6032657953125 0.5762508859375 0.6019039859374999 0.56068534375 0.59903633125 0.555054478125 0.5901911156249999 0.54896628125 0.57082461875 0.5447788734375 0.5590397328125001 0.5458099171875 0.5375846906249999 0.5584702109374999 0.5335516421875 0.5666654 0.5350836765625 0.5841766374999999 0.5518509500000001 0.599374665625
1 0.6488274765625001 0.59481149375 0.666419696875 0.5922920796875 0.6813144828125 0.586087490625 0.688627659375 0.57466445 0.6904739578125 0.5686211609375 0.6864147203125001 0.54937044375 0.6773992843750001 0.5413365546875 0.662916965625 0.538682425 0.6348034625000001 0.5431026218749999 0.6247928578125 0.550840484375 0.6207598046875 0.5590356734374999 0.62515949375 0.5821777781249999 0.6390591140625 0.591744940625 0.6488274765625001 0.59481149375
1 0.763808690625 0.5788701828125 0.7736490734375 0.5691866234375 0.773622884375 0.5417407171875 0.7571960625 0.5304340734374999 0.7475979265625 0.5293132125 0.7218414 0.5335272062499999 0.70796796875 0.5514059484375 0.709500003125 0.5689171859375 0.723740075 0.5823757328125 0.7335084375 0.585442284375 0.753457634375 0.5827166609375001 0.763808690625 0.5788701828125
1 0.8207166000000001 0.5778125578125 0.84537975 0.5746745171875001 0.853373834375 0.5710342484375001 0.8630439859375001 0.5594049984375 0.8583038453125 0.532371509375 0.84693143125 0.5245438296875 0.8324491125 0.5218896953125001 0.8183072515625 0.5231269484375 0.80921979375 0.5278431703125 0.7971926609375 0.5396786296875 0.7953463625 0.54572191875 0.7994055999999999 0.5649726359375 0.8109482390625 0.57474600625 0.8207166000000001 0.5778125578125
1 0.9005133828125 0.566910071875 0.9126387218750001 0.5697704140625001 0.9231600078125 0.5678696265625 0.9358680453125 0.5638169390625001 0.9435216734375 0.5562852859375 0.9475547265625 0.548090096875 0.946022690625 0.530578859375 0.9406278296874999 0.52320850625 0.9243712343749999 0.513847553125 0.9053451890625 0.5135515296875 0.8939007546875001 0.5184739625 0.884060371875 0.5281575171874999 0.880367771875 0.5402440921875 0.8840865609374999 0.5556034265625 0.9005133828125 0.566910071875
1 0.8954393296875001 0.631073028125 0.9012466609375 0.6295846578125001 0.9131035671875001 0.61580350625 0.91477964375 0.6078145265625 0.911060853125 0.59245519375 0.8895796265625 0.577669578125 0.86600985 0.579731665625 0.8569223921875 0.584447890625 0.8452357125000001 0.6001747328125 0.8469379734375 0.6196316625 0.8610078187499999 0.6311445171875001 0.8707761796875 0.6342110640625 0.8954393296875001 0.631073028125
1 0.8036874390625 0.6410608625 0.8140384968750001 0.637214384375 0.8238788781249999 0.627530825 0.8253847249999999 0.6175961546875001 0.8214957140625 0.6002911281250001 0.8123100484375 0.5903115484375 0.800184709375 0.5874512046875 0.7766149375 0.58951329375 0.7578573234375 0.6058587656250001 0.75720260625 0.6255219000000001 0.77396988125 0.6407199328125001 0.78373824375 0.6437864859375 0.8036874390625 0.6410608625
1 0.6867617171875 0.648349659375 0.6965300796875 0.6514162109375 0.716479271875 0.6486905890625 0.7335608140625001 0.6403340953125001 0.738687240625 0.6310629578125 0.7403633125 0.623073978125 0.7364743015624999 0.605768953125 0.727458859375 0.597735065625 0.715333521875 0.594874721875 0.703378409375 0.5939600734375 0.6870497921875 0.597349228125 0.670649159375 0.613488490625 0.6688028609375001 0.6195317796875 0.672691871875 0.6368368046875 0.6867617171875 0.648349659375
1 0.585313478125 0.6425208390625 0.5881811375 0.6481517046875 0.60208075625 0.6577188671875 0.6223704 0.6588846328125 0.6305347125 0.6571900578125 0.6474460234375 0.646887871875 0.6514790765625 0.638692684375 0.65247424375 0.6229209328125 0.6467389296875 0.6116591921875 0.640420921875 0.6073104828125 0.6234114015625 0.602916865625 0.6069125625 0.6043603265625 0.5954681234375 0.609282759375 0.587814496875 0.6168144125 0.58378144375 0.6250096015625 0.585313478125 0.6425208390625
1 0.5271681578125 0.6701546281249999 0.5376894390625 0.6682538421875 0.5549412078125 0.66184304375 0.5625948359375 0.6543113890625001 0.566627884375 0.6461162015624999 0.564585171875 0.6227678875 0.555569734375 0.614734 0.5434443984375 0.6118736609375001 0.531489284375 0.6109590093749999 0.5104467109375 0.614760584375 0.49623282812499997 0.6287479421875 0.496088790625 0.6542481578125 0.5101586359375 0.6657610109375 0.5271681578125 0.6701546281249999
1 0.47521644687500003 0.6599954234375 0.4755307109375 0.6364409015625 0.45876343750000004 0.62124286875 0.441924140625 0.61879494375 0.42105179687499994 0.624542209375 0.4093651171875 0.640269053125 0.41393503281250005 0.665356853125 0.4350758109375 0.67625108125 0.455025003125 0.6735254578125 0.46537606406250004 0.669678978125 0.47521644687500003 0.6599954234375
1 0.367987065625 0.6831008749999999 0.373794396875 0.6816125093750001 0.3859917546875 0.6717227421875 0.3917008796875 0.6555385734375 0.388322546875 0.6440706281249999 0.3742527 0.6325577734375 0.3644843390625 0.6294912218750001 0.334013859375 0.6341176265625 0.32249740625 0.651790165625 0.32706732031249997 0.6768779625 0.3333853296875 0.6812266703125001 0.35039485 0.6856202890625 0.367987065625 0.6831008749999999
1 0.256115753125 0.6938686421875 0.276235175 0.6930887140624999 0.2865862328125 0.6892422359375 0.29861336562499996 0.677406775 0.301965509375 0.661428815625 0.29370299843750003 0.6484275921875 0.284857784375 0.6423394 0.27020524218749997 0.6377395734375 0.2537064 0.639183034375 0.2468056921875 0.641747353125 0.232762034375 0.6576804093749999 0.2348047484375 0.681028721875 0.246347390625 0.6908020921875 0.256115753125 0.6938686421875
1 0.178505725 0.7026192234375 0.18667003124999998 0.7009246484375 0.19937806875 0.6968719609375 0.20921844687500002 0.687188403125 0.2129110484375 0.6751018296875 0.21188969218749998 0.663427671875 0.20396762656249998 0.654317834375 0.190238234375 0.6466963640625 0.1712121890625 0.64640034375 0.1528670484375 0.65388709375 0.1431968953125 0.66551634375 0.14489915625 0.6849732687500001 0.1616664296875 0.7001713031250001 0.178505725 0.7026192234375
1 0.1344564296875 0.7692117765625001 0.15204865 0.7666923671875 0.15785598125 0.765203996875 0.1722400890625 0.7531623296875 0.1762731375 0.7449671421875 0.1749113296875 0.7294016 0.15814405625 0.71420356875 0.14601871718749998 0.7113432265624999 0.12244894531249999 0.7134053140625001 0.106388759375 0.7334359625 0.1045424609375 0.73947925 0.1080910203125 0.7528928875 0.1246880671875 0.7661452296875 0.1344564296875 0.7692117765625001
1 0.2201129140625 0.8117127406250001 0.2204271828125 0.78815821875 0.21250511875 0.77904838125 0.1964187484375 0.77163311875 0.1704919953125 0.7739014156249999 0.1520748390625 0.7941382734375 0.1561340765625 0.81338899375 0.1776153015625 0.8281746046875 0.20227845156250002 0.8250365687500001 0.2102725375 0.8213962984375 0.2201129140625 0.8117127406250001
1 0.23437263125 0.7575293640625 0.24708066875 0.7534766796875 0.25692105 0.7437931203125 0.260783878125 0.733652240625 0.25976252187500004 0.72197808125 0.254367659375 0.7146077281250001 0.240468040625 0.705040565625 0.22127176875000001 0.702798853125 0.2005696515625 0.7104918109375 0.19308624531250002 0.7199691578125 0.19294220625 0.7454693703124999 0.2118962359375 0.758515503125 0.23437263125 0.7575293640625
1 0.30381835156250003 0.7504733609375001 0.333195459375 0.746922903125 0.34337629375 0.74113073125 0.3506894703125 0.7297076890625 0.349157434375 0.7121964546874999 0.3437625734375 0.7048261015625 0.3323901609375 0.6969984218749999 0.320264821875 0.6941380828125 0.296865271875 0.6981458625 0.28282161562499997 0.7140789140625 0.2811455421875 0.72206789375 0.2850345546875 0.7393729234374999 0.294049990625 0.7474068078125 0.30381835156250003 0.7504733609375001
1 0.39085629375000003 0.7408979421875 0.39809744999999996 0.7422250078125 0.42040362187499997 0.7392931765624999 0.436051334375 0.7281212515625 0.4399141578125 0.717980371875 0.438722575 0.7043605203125 0.4333277171875 0.6969901671875001 0.4194280984375 0.6874230046875 0.41218693906250004 0.686095940625 0.38878739218749997 0.69010371875 0.378776784375 0.6978415828125 0.37255698593750003 0.7081886749999999 0.371051134375 0.718123346875 0.374429471875 0.7295912921875 0.39085629375000003 0.7408979421875
1 0.505254809375 0.731869659375 0.5232594984375 0.720491525 0.5272925515625 0.7122963359375001 0.5257605171875 0.694785103125 0.517838453125 0.6856752625 0.504109059375 0.678053796875 0.4827260375 0.6779639796875 0.463627971875 0.6904180656250001 0.4595949234375 0.698613253125 0.4612971828125 0.7180701828125 0.4641648375 0.7237010546875 0.480421434375 0.7330620078125001 0.505254809375 0.731869659375
1 0.5877490203125 0.7246523515625001 0.6026438062499999 0.7184477625000001 0.6081106843749999 0.7130680078125 0.6139900359375 0.6988295328125 0.6133091328125 0.6910467609375 0.6025194140625 0.6763060546874999 0.5913172234374999 0.6704240718750001 0.5628632671875 0.6709528812500001 0.544275884375 0.6892440453125 0.54597814375 0.708700975 0.560218215625 0.7221595203125 0.5772277328125 0.7265531390625 0.5877490203125 0.7246523515625001
1 0.67260020625 0.717228834375 0.6807645140624999 0.715534259375 0.6953188531250001 0.7054382828125 0.6993519015625 0.69724309375 0.697649640625 0.6777861640625 0.6947819859375 0.6721552984375 0.6736412078125 0.6612610671875 0.6500714359375 0.6633231546875 0.633500571875 0.6775167265625 0.633526759375 0.7049626328125 0.6499535812499999 0.716269278125 0.6620789203124999 0.719129621875 0.67260020625 0.717228834375
1 0.7418757015625 0.708227134375 0.7596381437499999 0.7076534156250001 0.77015943125 0.7057526281250001 0.7847137671875 0.69565665625 0.78857659375 0.685515771875 0.7872147859374999 0.6699502296875 0.781479471875 0.6586884921875 0.7751614625000001 0.6543397843750001 0.76067914375 0.6516856484375 0.741823325 0.6533353187500001 0.728192140625 0.6604096515625 0.7207087343749999 0.6698870015625 0.7203944718749999 0.6934415234375 0.7418757015625 0.708227134375
1 0.82167248125 0.697324653125 0.8314408421874999 0.7003912 0.853747015625 0.6974593734375001 0.8595543453125 0.695971003125 0.871751703125 0.6860812359375 0.8757847578125 0.677886046875 0.8747634015625 0.666211890625 0.8663306578125001 0.6512649749999999 0.86001265 0.6469162671875 0.8502442890624999 0.6438497140624999 0.8335752203125001 0.643347484375 0.81758705625 0.6506280265625 0.8077466765624999 0.6603115796875 0.8076026390625 0.685811796875 0.82167248125 0.697324653125
1 0.9316974953124999 0.6926001734375 0.951306240625 0.68598316875 0.960976396875 0.6743539171874999 0.959103909375 0.652951296875 0.9459572109375 0.6384167984375 0.9372822265625 0.6342742968749999 0.9115256984375 0.6384882859375 0.9024382421875 0.6432045093750001 0.892768090625 0.654833759375 0.8946405765625001 0.6762363765625 0.9000354328125001 0.6836067296875 0.9139350531250001 0.6931738921874999 0.9316974953124999 0.6926001734375
1 0.88638460625 0.7583229828125 0.8992628640625 0.7562159921875 0.9119709015625 0.7521633046875 0.9236575828125 0.73643645625 0.91925789375 0.7132943515625 0.9051880484374999 0.7017814984374999 0.8955899109375001 0.7006606421875 0.872190365625 0.7046684203125 0.8631029078125 0.7093846453125 0.855789728125 0.7208076859375 0.85428388125 0.7307423562500001 0.8576622140625 0.742210303125 0.8742592625000001 0.7554626453125 0.88638460625 0.7583229828125
1 0.7873915515625 0.766983753125 0.80515399375 0.766410034375 0.8156752796875001 0.764509246875 0.8269494890625 0.7576411249999999 0.8340924421875 0.7442723906250001 0.829692753125 0.7211302859375001 0.8242978921875 0.7137599328124999 0.8156229078124999 0.7096174328125 0.7849821968749999 0.712298146875 0.775894740625 0.7170143703125 0.7640378328125 0.7307955203125001 0.7657400937500001 0.750252446875 0.7711349546874999 0.7576228 0.7873915515625 0.766983753125
1 0.7273737390624999 0.773214925 0.7353678234375 0.76957465625 0.7473949531249999 0.757739196875 0.745522465625 0.7363365749999999 0.7374301796875 0.725281046875 0.7287551921875 0.721138546875 0.70484496875 0.7193092453125 0.688856803125 0.7265897875 0.683389925 0.7319695421875 0.6793568765625 0.7401647296875 0.6812293640625 0.76156735 0.702710590625 0.776352965625 0.7273737390624999 0.773214925
1 0.6225733609375 0.783364065625 0.6401655765625 0.7808446515624999 0.64597290625 0.77935628125 0.660357015625 0.7673146140625 0.660671284375 0.7437600921875 0.6551061953125 0.734444046875 0.641376803125 0.7268225765625 0.6176368046875 0.726938971875 0.604005615625 0.7340133046874999 0.5987089640625001 0.7413387499999999 0.5946759109374999 0.7495339390625 0.5960377203125 0.7650994812499999 0.6104480171875 0.780503721875 0.6225733609375 0.783364065625
1 0.533008215625 0.7912 0.557671365625 0.788061959375 0.56566545 0.7844216890625 0.5731488515625001 0.7749443390625 0.577011675 0.764803459375 0.57599031875 0.7531293046875 0.570425234375 0.7438132546875 0.5615800234375 0.7377250625 0.544570503125 0.7333314453125 0.5351425937500001 0.7341562796875001 0.5236981593750001 0.7390787125 0.5115008015625 0.7489684750000001 0.5115269890625 0.776414384375 0.533008215625 0.7912
1 0.4434430765625 0.799035934375 0.4704632015625 0.7956916859375001 0.48375393437499997 0.7847259703125 0.4876167609375 0.7745850859375001 0.4865954046875 0.7629109296875 0.4810303171875 0.7535948859375 0.45988954218749994 0.7427006546875 0.44339069999999997 0.7441441156249999 0.431946265625 0.749066546875 0.42429263281249996 0.7565982015625 0.42042981093750004 0.7667390859375 0.4246592734375 0.7879354937499999 0.4336747140625 0.7959693828125001 0.4434430765625 0.799035934375
1 0.346466546875 0.8035991078125001 0.3562349078125 0.8066656609375 0.3787113078125 0.805679521875 0.38687561718749996 0.8039849453125001 0.396715996875 0.7943013875 0.40074905000000005 0.7861061984375 0.399217015625 0.768594965625 0.3936519265625 0.759278915625 0.384806715625 0.7531907234374999 0.3750383546875 0.750124171875 0.35618253593750004 0.7517738421875 0.33944145 0.76402171875 0.3333918734375 0.7763145031249999 0.33492390781250003 0.7938257375 0.346466546875 0.8035991078125001
1 0.25471465625 0.8135869421875 0.2670102203125 0.8183929781250001 0.2869594171875 0.81566735625 0.297310475 0.8118208796875 0.30715085625 0.802137321875 0.3110136796875 0.7919964421875 0.30729489375 0.7766371078125001 0.3019000375 0.7692667546874999 0.28817064375 0.761645284375 0.2644306421875 0.76176168125 0.25298620625 0.7666841078125 0.24533257968750002 0.7742157656249999 0.23979367968749998 0.7923456265625 0.2431720125 0.803813571875 0.25471465625 0.8135869421875
1 0.133225559375 0.8908757749999999 0.1453508984375 0.8937361140625001 0.1582291609375 0.8916291218750001 0.1709371984375 0.8875764343749999 0.18296433125 0.875740975 0.186656928125 0.8636543984375 0.18310836875 0.8502407609375 0.1690385234375 0.8387279062499999 0.1592701609375 0.8356613546875 0.1355301640625 0.8357777515624999 0.12114605468749999 0.84781941875 0.1150964765625 0.8601122 0.116288059375 0.8737320499999999 0.121853146875 0.8830480953125001 0.133225559375 0.8908757749999999
1 0.222790703125 0.883039840625 0.2276748828125 0.8845731140625 0.24526710000000002 0.8820536999999999 0.25343140937499997 0.8803591265625 0.26781551875 0.8683174578124999 0.271848571875 0.86012226875 0.2704867625 0.8445567265625 0.253719484375 0.82935869375 0.24395112187499998 0.826292146875 0.22509530312499998 0.8279418171874999 0.20927736874999997 0.83716805 0.2039807125 0.8444934953125 0.2036664484375 0.8680480171875 0.2090613109375 0.8754183703124999 0.222790703125 0.883039840625
1 0.33701899218750003 0.872065865625 0.3473700546875 0.8682193859374999 0.3572104328125 0.85853583125 0.361073259375 0.848394946875 0.360051903125 0.8367207921875 0.354486815625 0.8274047484375 0.3405872 0.8178375859375 0.3121332453125 0.8183663953125 0.29556238125 0.8325599671875 0.292720915625 0.8543750031249999 0.303510634375 0.869115709375 0.3147128203125 0.8749976984375 0.33701899218750003 0.872065865625
1 0.40899191718749994 0.8667493453124999 0.4265841375 0.86422993125 0.43693519375 0.8603834515625 0.449132553125 0.8504936890625 0.4496170421875 0.8288848578125 0.44152475625000004 0.8178293249999999 0.43267954218750004 0.8117411328124999 0.4229111796875 0.80867458125 0.40405536093750005 0.8103242515625 0.3896712515625 0.8223659203125001 0.383451453125 0.8327130125 0.3849834875 0.8502242453125 0.40410773750000006 0.8652160703125 0.40899191718749994 0.8667493453124999
1 0.5183360328125 0.8542420953125 0.5263301109375 0.850601825 0.53600026875 0.838972575 0.5363145328125001 0.815418053125 0.5148333015625 0.8006324375 0.4912635296875 0.8026945265625001 0.47687941875 0.81473619375 0.47284636718749995 0.8229313828124999 0.47100006875 0.8289746703124999 0.474718853125 0.8443340046875001 0.4812070890625 0.85062840625 0.4935026515625 0.855434440625 0.5183360328125 0.8542420953125
1 0.5568726125000001 0.8332253125 0.5624376953125 0.8425413578125 0.571282909375 0.8486295484375 0.5834082484375 0.85148989375 0.5962865109375 0.849382896875 0.613538275 0.8429721000000001 0.621191903125 0.8354404453125 0.6250547296875 0.8252995609375 0.6240333734375 0.8136254062500001 0.618298059375 0.8023636656249999 0.6069256484375 0.794535990625 0.5971572859375 0.7914694375 0.5806584421875 0.7929128984375 0.5692140078125 0.7978353312500001 0.5593736265625 0.8075188859375 0.555340578125 0.8157140734375 0.5568726125000001 0.8332253125
1 0.692922584375 0.8409283359374999 0.7082298453125 0.8258650234375 0.71007614375 0.819821740625 0.7058466796875 0.7986253265625 0.6868926515625 0.7855791953125 0.679651496875 0.7842521296875 0.6609659031249999 0.7878474921875 0.642378515625 0.8061386578124999 0.6405322171875001 0.81218194375 0.6444212281249999 0.8294869703125001 0.6633752515625 0.8425331015624999 0.6706164125 0.84386016875 0.692922584375 0.8409283359374999
1 0.77524656875 0.8317653359375001 0.787614153125 0.8238212609375 0.7949273296875 0.8123982234374999 0.7905276406249999 0.78925611875 0.77410081875 0.7779494703125 0.766859659375 0.776622403125 0.743460109375 0.780630184375 0.729076 0.7926718515625 0.7250429515625 0.8008670406249999 0.7289319625 0.8181720703125 0.74064483125 0.8298911328124999 0.7552973734374999 0.8344909578124999 0.77524656875 0.8317653359375001
1 0.8206838578125 0.8081842296874999 0.8286059171875 0.8172940703125 0.8398081078124999 0.8231760546875 0.8646414828125 0.821983709375 0.8726355671875 0.8183434406250001 0.8824759453125001 0.80865988125 0.888185071875 0.7924757125 0.8849769640625 0.7829534578125 0.8821093046874999 0.7773225890625 0.8707368921875001 0.769494909375 0.8586115546875 0.76663456875 0.8397557359375 0.7682842390625 0.8284815234374999 0.7751523625 0.818981596875 0.7887273046875001 0.8171352984375 0.7947705921875 0.8206838578125 0.8081842296874999
1 0.7097422359375 0.911018184375 0.7215991390625 0.8972370328125001 0.716858996875 0.8702035421875 0.693020790625 0.8556241390625001 0.6672642671875 0.8598381281249999 0.652880159375 0.8718797953124999 0.6488471046875001 0.880074984375 0.6475114859375 0.8919553484374999 0.6512302703125 0.9073146812499999 0.6698438421875 0.9164694250000001 0.7039349015624999 0.91250655 0.7097422359375 0.911018184375
1 0.48203857499999997 0.9279987937499999 0.49963079062500004 0.9254793796874999 0.506361271875 0.9209693703124999 0.5153505234375 0.9015573484375 0.508083175 0.872784375 0.48745307968749996 0.8677272265625 0.459339575 0.8721474234375 0.44075218749999995 0.8904385874999999 0.4389058890625 0.896481871875 0.4377404921875 0.91030793125 0.440778375 0.9178844937499999 0.4570349734375 0.927245446875 0.48203857499999997 0.9279987937499999
1 0.5849926546875001 0.9238929421875 0.6143697625 0.920342484375 0.6270777984375 0.916289796875 0.6367479546875 0.90466055 0.6385942531250001 0.8986172609375 0.6335136593749999 0.8676923859375 0.6196140406249999 0.8581252234375001 0.5958740375 0.858241621875 0.57500169375 0.8639888828125001 0.5629745625 0.8758243421874999 0.5611282640625 0.8818676296874999 0.56385188125 0.9129987140625 0.570340115625 0.9192931156249999 0.5849926546875001 0.9238929421875