1 0.0909853484375 0.202459834375 0.10237594531250001 0.19029732500000002 0.105303240625 0.1817695921875 0.1026945234375 0.1683489046875 0.0967858375 0.16153871250000001 0.08037766874999999 0.1537848953125 0.071169015625 0.15358519375 0.056078728125 0.15850813125000002 0.0423063234375 0.17610782187500001 0.045660387499999996 0.1933629890625 0.05156906875 0.20017318125 0.0679772390625 0.2079269984375 0.0909853484375 0.202459834375
1 0.192426284375 0.1877159203125 0.208807409375 0.183536909375 0.2178161984375 0.17681157812499998 0.22387065 0.166681146875 0.222725578125 0.1489965953125 0.21644422031250002 0.14026916250000002 0.20740838125 0.13506166718749998 0.19782705625000002 0.132944728125 0.18015509999999998 0.136379809375 0.1720644671875 0.141931828125 0.164546371875 0.15632612343750002 0.1679004375 0.173581290625 0.18284495781250001 0.1855989765625 0.192426284375 0.1877159203125
1 0.13885440625 0.2777164796875 0.152853721875 0.27897464843750003 0.160398865625 0.2765131796875 0.17474380625 0.2677557640625 0.1795074203125 0.2568814046875 0.17948037187500002 0.24494857812499998 0.1728263390625 0.234303903125 0.163417825 0.22717916875 0.142791528125 0.227209153125 0.134328225 0.2308439359375 0.1234831109375 0.23991589375000003 0.11909217187500001 0.25270749062500003 0.12132821406250001 0.2642109359375 0.127236896875 0.2710211296875 0.13885440625 0.2777164796875
1 0.29770215625 0.239875721875 0.3006294484375 0.2313479890625 0.2976480578125 0.216010065625 0.282703534375 0.20399237499999998 0.2598682390625 0.204451746875 0.2477322953125 0.2127797765625 0.23984152656250002 0.22525683437500002 0.24319559062499999 0.242512 0.249104271875 0.24932219375 0.26513977187500004 0.2551587703125 0.288147878125 0.24969160937499998 0.29770215625 0.239875721875
1 0.3043396625 0.16198279843750002 0.31612998124999997 0.1636703578125 0.32588412031249997 0.160779503125 0.335265584375 0.15597140781250002 0.3435290296875 0.1454115921875 0.344992678125 0.14114772656250002 0.34052059218749997 0.11814083906249999 0.3289030828125 0.111445490625 0.3193217578125 0.10932855 0.3016498015625 0.11276363125 0.2871320484375 0.126528840625 0.284204753125 0.1350565734375 0.2864407953125 0.14656001875 0.29272215468749996 0.1552874484375 0.3043396625 0.16198279843750002
1 0.4033882703125 0.22928082500000002 0.4123970609375 0.2225554921875 0.41807883593749995 0.21050781875000002 0.41177043125 0.189847559375 0.3975712546875 0.1816643515625 0.3883626015625 0.1814646546875 0.37106331875 0.18681697343749998 0.36059087968750003 0.1978061734375 0.3576635875 0.20633390624999998 0.363599321875 0.22507692812500002 0.3777984953125 0.2332601328125 0.38479815156249997 0.2338892171875 0.4033882703125 0.22928082500000002
1 0.52158300625 0.212275140625 0.535182596875 0.1996832421875 0.53773721875 0.18923826875 0.5355011765625 0.1777348265625 0.532174159375 0.1724124859375 0.5179749828125 0.164229284375 0.5017666734375 0.1634004953125 0.4892580546875 0.1698112890625 0.4791582890625 0.182717728125 0.4806760328125 0.20231952031249997 0.49562055625 0.2143372078125 0.505201884375 0.21645414999999998 0.52158300625 0.212275140625
1 0.47501078281250003 0.302904784375 0.48401957500000004 0.2961794515625 0.4897013484375 0.2841317796875 0.49079232343749996 0.2779506734375 0.4859746109375 0.264959375 0.46661209843749996 0.253800459375 0.44047683906249996 0.2608703203125 0.430377071875 0.27377676093750003 0.42965877499999994 0.2818751078125 0.434476484375 0.29486640468749997 0.4403851703125 0.30167659687500004 0.45642066562499994 0.307513178125 0.47501078281250003 0.302904784375
1 0.5375974578125 0.37132124843750003 0.5561875749999999 0.36671285625 0.563360046875 0.36233415 0.56978716875 0.3541209609375 0.570851090625 0.3360070234375 0.564569734375 0.327279590625 0.5529522265625 0.3205842390625 0.5411619046875 0.3188966875 0.5323259265625 0.3206142265625 0.5220263 0.32659563125 0.513762859375 0.337155446875 0.5156532765625 0.3586744765625 0.5215619593749999 0.3654846703125 0.5375974578125 0.37132124843750003
1 0.41280278593749997 0.40154791875000007 0.429183909375 0.39736891406249997 0.43635637968749996 0.3929902046875 0.44461982187500004 0.3824303890625 0.4460564234375 0.36623369375000003 0.43682071875000006 0.354101165625 0.42778488125 0.34889367187500003 0.4229942203125 0.3478352 0.400904271875 0.35212905 0.388595515625 0.365464878125 0.38566821875 0.37399261093749997 0.3882769359375 0.38741329375 0.4032214609375 0.3994309796875 0.41280278593749997 0.40154791875000007
1 0.3411802734375 0.3279239625 0.3553524 0.3241743390625 0.3606885515625 0.32214225625 0.37262463437500004 0.3068891875 0.371852240625 0.2911218765625 0.3655708796875 0.28239444687500004 0.3539533765625 0.275699096875 0.33774506249999997 0.274870309375 0.321191128125 0.2840571140625 0.31476400625 0.292270303125 0.313327409375 0.30846699843750003 0.3199814390625 0.3191116703125 0.33418061718750003 0.3272948765625 0.3411802734375 0.3279239625
1 0.4265797125 0.1422011046875 0.44775149687500004 0.1390805671875 0.4530876484375 0.13704848281249998 0.46318741093750004 0.1241420421875 0.46129699375 0.10262300937499999 0.44635247187499993 0.0906053234375 0.43677114531249994 0.0884883796875 0.42572617187499995 0.0906353046875 0.4154265453125 0.096616715625 0.407163103125 0.10717653125 0.40535383124999996 0.1214559828125 0.40942619375 0.130612803125 0.4153348796875 0.1374229953125 0.4265797125 0.1422011046875
1 0.53482045 0.12116123593749999 0.5466107671875 0.12284879062500001 0.5585739015625 0.1195285515625 0.5639100499999999 0.11749646875 0.5758461375 0.10224340312499999 0.57470106875 0.08455885156250001 0.568419709375 0.075831421875 0.5619655375 0.0721117796875 0.5475935484375001 0.0689363703125 0.5365485734375001 0.0710832953125 0.5262489515625 0.0770647 0.519821828125 0.08527789218750001 0.5168945328125 0.093805625 0.5198759234375 0.10914355 0.53482045 0.12116123593749999
1 0.62299689375 0.18559839218750002 0.6437960078125 0.180560615625 0.6566502515625 0.16413423437500002 0.6577412265625 0.157953128125 0.652550840625 0.1430445890625 0.6431423281249999 0.1359198515625 0.6335610015625 0.1338029140625 0.6265613453125 0.13317382656250001 0.61147105625 0.1380967640625 0.5995349703125 0.1533498296875 0.5984439953125 0.1595309359375 0.6040070562500001 0.17635671718749998 0.6134155671875 0.1834814515625 0.62299689375 0.18559839218750002
1 0.6526154609375 0.09030548125 0.6644057812499999 0.091993034375 0.6741599203125 0.08910218125 0.6835413859374999 0.084294090625 0.6918048265625 0.0737342734375 0.692868753125 0.0556203390625 0.6891690625 0.0483807609375 0.6771788812499999 0.039768171875 0.6653885625 0.038080614062500004 0.6521345921874999 0.040656925 0.6372441656250001 0.0525048953125 0.6332259 0.067213734375 0.6347165953125 0.074882696875 0.6409979515625001 0.0836101296875 0.6526154609375 0.09030548125
1 0.7744828359375 0.06860654375 0.7886549656249999 0.0648569203125 0.7958274359375 0.0604782109375 0.8059272 0.04757176875 0.805154803125 0.031804459375 0.798873446875 0.023077028125 0.7872559390625 0.016381678125 0.768838634375 0.015982275 0.7563300125 0.0223930703125 0.7476938984375 0.0310356421875 0.74623025 0.0352995078125 0.7503296625 0.0563891578125 0.769692175 0.0675480734375 0.7744828359375 0.06860654375
1 0.7656363359375 0.1469288484375 0.769654603125 0.1322200109375 0.762255225 0.11774085625 0.74584705 0.10998703437499999 0.7344294062500001 0.1102167171875 0.715666475 0.1198329046875 0.7099847015625 0.13188057656250002 0.7092664015625 0.139978925 0.7166657828125 0.154458078125 0.733073953125 0.1622119015625 0.75608205625 0.1567447359375 0.7656363359375 0.1469288484375
1 0.5863786734375 0.280262221875 0.6027597953125 0.27608321406249997 0.608095946875 0.2740511296875 0.61965935625 0.2568808234375 0.6159326187499999 0.237708415625 0.6013607703125 0.22760797031250002 0.5851524578125 0.2267791828125 0.57043484375 0.23361936249999998 0.563635046875 0.239915309375 0.5592441078125 0.252706909375 0.561852825 0.26612759218750004 0.56776150625 0.272937784375 0.579379015625 0.2796331359375 0.5863786734375 0.280262221875
1 0.7012463921875 0.2579341984375 0.715418521875 0.25418457499999997 0.7207546703125 0.25215249375000004 0.7308544359375 0.23924605 0.7322910312500001 0.22304935625 0.725637003125 0.2124046828125 0.7114378234375 0.20422147656249998 0.6911841984375 0.2061687 0.6766664453125 0.2199339125 0.6733664796875 0.22654440468749998 0.6737662 0.24039447187500002 0.6830019 0.2525270046875 0.6916650640625 0.25581725624999996 0.7012463921875 0.2579341984375
1 0.810950775 0.23263046406250001 0.8273318984375001 0.2284514546875 0.8363406890625 0.2217261234375 0.843858784375 0.20733182343749998 0.8416227421875 0.19582838125 0.8353413828124999 0.1871009484375 0.8263055421875001 0.1818934546875 0.8167242171875 0.1797765109375 0.7990522609374999 0.1832115921875 0.783443534375 0.203157909375 0.7827252359375 0.21125625625 0.7867975984375 0.2204130765625 0.80395111875 0.23200137656250003 0.810950775 0.23263046406250001
1 0.12340797031249999 0.3692597703125 0.1305804390625 0.364881059375 0.138471209375 0.35240400156249996 0.1395621796875 0.34622289687499996 0.1343717984375 0.33131435625 0.119799946875 0.32121391250000003 0.1102186203125 0.31909696875 0.0907103421875 0.32487867656249997 0.07693793593750001 0.34247836875000004 0.0765923140625 0.35249395625 0.08066467499999999 0.3616507765625 0.10260885625 0.3742975484375 0.12340797031249999 0.3692597703125
1 0.216731228125 0.3481350421875 0.22373088437500002 0.34876412968750004 0.237903015625 0.3450145046875 0.2450754859375 0.3406357953125 0.25517525 0.32772935625 0.254402853125 0.311962046875 0.2481214953125 0.3032346125 0.23650398749999998 0.29653926249999996 0.2158776859375 0.2965692453125 0.20557806093750003 0.302550653125 0.19731462187499998 0.31311046875000004 0.19476 0.32355544375 0.1966233671875 0.33314164375 0.20253205468750002 0.3399518359375 0.216731228125 0.3481350421875
1 0.1734860234375 0.44408702499999997 0.18527634375 0.4457745796875 0.19503048125 0.4428837296875 0.2044119453125 0.43807563437499997 0.212675390625 0.42751581875 0.2152300109375 0.41707084375000003 0.21336664375 0.40748464375 0.20745795625 0.400674453125 0.1932587828125 0.3924912453125 0.17079615937499998 0.3948678546875 0.15627840625 0.40863306718750003 0.15188746718749999 0.4214246640625 0.1533781625 0.429093625 0.156705175 0.43441596562499996 0.1734860234375 0.44408702499999997
1 0.3249614421875 0.40369993906249996 0.327888734375 0.39517220625 0.3219530015625 0.3764291875 0.3077538265625 0.3682459796875 0.2830822109375 0.371051978125 0.27499157812499997 0.3766039984375 0.2674734859375 0.39099829375 0.27120022499999996 0.4101707 0.283190403125 0.41878329374999995 0.2927717296875 0.4209002328125 0.3135708421875 0.4158624546875 0.3249614421875 0.40369993906249996
1 0.2710709859375 0.51564891875 0.276407134375 0.5136168359375 0.2865068984375 0.50071039375 0.2890615171875 0.49026541874999996 0.28424380781249997 0.477274121875 0.2648812921875 0.4661152046875 0.2424186734375 0.4684918140625 0.2282735953125 0.48417426875 0.23016401250000001 0.5056932984375 0.2334910296875 0.511015634375 0.24769020312499998 0.5191988421875 0.2546898640625 0.5198279265625 0.2710709859375 0.51564891875
1 0.1693760859375 0.49960214531249997 0.15222256875 0.48801384218750005 0.136014259375 0.48718505468749995 0.1231329640625 0.49167860625 0.1111968796875 0.5069316765625 0.11050563124999999 0.52696285 0.12765914843749998 0.53855115 0.1372404734375 0.5406680953125 0.15803958437500001 0.535630315625 0.17273015 0.516857309375 0.1693760859375 0.49960214531249997
1 0.22966209843750002 0.609254275 0.24105269843750002 0.5970917609375 0.24397999062500003 0.5885640296875 0.2409986 0.5732261046875 0.226426753125 0.563125659375 0.21684542499999998 0.561008715625 0.201382459375 0.5640144109375 0.18465571249999999 0.578209009375 0.1839644640625 0.5982401828125 0.1928274890625 0.6084554734375 0.2040723234375 0.6132335828125 0.2088629890625 0.6142920546874999 0.22966209843750002 0.609254275
1 0.1726174390625 0.710873121875 0.1889985625 0.7066941140624999 0.19433471093750002 0.70466203125 0.20589812031250002 0.687491725 0.20217138124999998 0.6683193171874999 0.19921704375 0.6649142218749999 0.190181203125 0.6597067265625001 0.17360021718750002 0.6569606984374999 0.150046625 0.6655184171874999 0.14031953749999998 0.680342096875 0.1436736015625 0.6975972625 0.146627940625 0.7010023578125 0.16561778124999998 0.7102440375 0.1726174390625 0.710873121875
1 0.2860215109375 0.6928089640625 0.3024026328125 0.68862995625 0.30773878125 0.686597871875 0.317838546875 0.673691434375 0.32039316875 0.663246459375 0.3189024734375 0.655577496875 0.31262111406250004 0.6468500640625 0.29621294374999996 0.6390962453125 0.27412299687499997 0.6433900953125 0.2618142390625 0.6567259203125 0.25888694375 0.665253653125 0.261495659375 0.6786743359375 0.276440184375 0.6906920249999999 0.2860215109375 0.6928089640625
1 0.33864818125 0.5920488875000001 0.34802964687500004 0.5872407953125001 0.35629309062500003 0.5766809796875 0.3573570140625 0.55856704375 0.35107565625000003 0.549839609375 0.3394581484375 0.543144259375 0.334667484375 0.5420857921875 0.312577540625 0.5463796421875 0.298805134375 0.5639793328125 0.29771416093749997 0.570160440625 0.302904546875 0.5850689796874999 0.3196853890625 0.5947400390625 0.33864818125 0.5920488875000001
1 0.4555250359375 0.56236644375 0.4696971625 0.5586168218750001 0.47686963125000004 0.554238115625 0.48329675468750005 0.5460249265625 0.48622405 0.5374971937499999 0.48286998593749997 0.5202420265625001 0.473461471875 0.5131172921875 0.46129847812499997 0.509512496875 0.44141752656250005 0.5133769625 0.42910876875000004 0.526712784375 0.426181471875 0.5352405171875 0.4287901890625 0.5486612046875 0.4437347140625 0.560678890625 0.4555250359375 0.56236644375
1 0.4411425234375 0.6357957984375 0.437788459375 0.6185406359375001 0.4318797734375 0.61173044375 0.4158442765625 0.6058938640625 0.395963325 0.6097583296875 0.3836545671875 0.623094153125 0.380727271875 0.6316218859375 0.3837086625 0.646959809375 0.39219901875 0.655257859375 0.40565284375 0.65960658125 0.42645195625000004 0.654568803125 0.4411425234375 0.6357957984375
1 0.3739755703125 0.496641134375 0.38372970781250004 0.49375028125 0.3931111734375 0.4889421859375 0.4013746171875 0.47838237031249997 0.4028112140625 0.4621856765625 0.39615718437499997 0.4515410046875 0.3845396765625 0.4448456546875 0.372749353125 0.44315809531249994 0.3594953875 0.4457344046875 0.3449776328125 0.45949961874999995 0.34242301406250003 0.46994459375000003 0.34465905625 0.48144803437499994 0.3573945875 0.49389510468750003 0.3739755703125 0.496641134375
1 0.5129423671875 0.4626648390625 0.5223238328125 0.4578567484375 0.5305872765624999 0.44729693125000003 0.5320238765624999 0.4311002359375 0.5257425171875 0.42237280312500003 0.5115433390625 0.414189596875 0.489080721875 0.416566209375 0.48099009062500003 0.422118228125 0.47309932187500003 0.4345952859375 0.47387171562499997 0.4503625953125 0.4891889140625 0.4642975234375 0.5031882265625 0.46555569218750004 0.5129423671875 0.4626648390625
1 0.5946481203125 0.43484476406250006 0.606265628125 0.44154011562499995 0.618055946875 0.44322766874999997 0.6300190812500001 0.43990743125 0.6394005484374999 0.435099340625 0.643991346875 0.4292327734375 0.6472913171875 0.42262228281249997 0.6468915921875 0.4087722140625 0.6402375609375001 0.3981275390625 0.6312017234375 0.39292004375 0.6124117453125 0.3906034046875 0.603948440625 0.39423818593750004 0.5931033265625001 0.4033101453125 0.5879670390625 0.4122672625 0.5883667609375001 0.42611733125000006 0.5946481203125 0.43484476406250006
1 0.65504684375 0.35048108437500003 0.666837165625 0.3521686375 0.6765913046875001 0.3492777875 0.6819274531249999 0.3472457046875 0.6905635703125 0.33860313125 0.69750913125 0.31536655625 0.6916004484375 0.30855636249999996 0.677401271875 0.3003731609375 0.66561095 0.2986856015625 0.652356984375 0.3012619125 0.646102671875 0.304467309375 0.63821190625 0.31694436718749996 0.637147978125 0.3350583 0.6434293390625 0.34378573281249997 0.65504684375 0.35048108437500003
1 0.767332896875 0.326665203125 0.776914221875 0.32878214843750003 0.79329534375 0.32460313749999997 0.8004678140625 0.320224428125 0.8068949375000001 0.3120112390625 0.810913203125 0.2973024015625 0.8097951812499999 0.29155068125 0.8035138249999999 0.2828232453125 0.7944779859375 0.277615753125 0.784896659375 0.27549880937500004 0.76501570625 0.279363275 0.752706946875 0.292699103125 0.7497796546875 0.30122683437500003 0.7523883703124999 0.31464751875 0.767332896875 0.326665203125
1 0.731460021875 0.425163515625 0.746004821875 0.42333113281249996 0.7575952828125 0.418093653125 0.765858728125 0.40753383750000005 0.7684133453124999 0.39708886250000003 0.7669226499999999 0.3894199 0.76064129375 0.3806924703125 0.7490237859375 0.3739971203125 0.7442331203125 0.3729386484375 0.7243521687500001 0.3768031140625 0.718097859375 0.3800085109375 0.7083707703125001 0.39483219062499997 0.712097509375 0.4140045984375 0.731460021875 0.425163515625
1 0.685260471875 0.5177103984375 0.7038505875000001 0.51310200625 0.7152411890625 0.5009394953124999 0.7181684796875001 0.4924117640625 0.7155597625000001 0.47899107656249995 0.71223275 0.473668740625 0.700615240625 0.4669733890625 0.6910339171875 0.4648564515625 0.675570953125 0.46786214687500005 0.661053196875 0.4816273546875 0.6581259046875 0.4901550875 0.660734621875 0.5035757750000001 0.6756791484375 0.5155934609374999 0.685260471875 0.5177103984375
1 0.8662086890625 0.39897102812499996 0.8781447765625 0.3837179578125 0.8762543578124999 0.362198928125 0.85689184375 0.3510400109375 0.8348019000000001 0.35533386093749997 0.8221204640625001 0.36675244687499997 0.8191931734375 0.3752801796875 0.8221745640625 0.3906181046875 0.82550158125 0.395940440625 0.83932808125 0.40220640625000004 0.856454553125 0.4018618796875 0.8662086890625 0.39897102812499996
1 0.5867738765625 0.5358594125 0.5939463468749999 0.5314807078125 0.60037346875 0.52326751875 0.6033007640625 0.5147397859375 0.6003193734375001 0.4994018609375 0.5783751921875 0.4867550890625 0.554448921875 0.49339556562500003 0.54618548125 0.5039553765625 0.5432581859375001 0.512483109375 0.5458669031250001 0.525903796875 0.560811428125 0.5379214828125 0.5703927546875 0.5400384218750001 0.5867738765625 0.5358594125
1 0.6628143765625001 0.608624603125 0.6718231703125 0.6018992703125 0.67750494375 0.5898515984375 0.6711965359375001 0.5691913375000001 0.6569973625000001 0.56100813125 0.6499977015625 0.5603790484375 0.6304894265625001 0.5661607515625 0.6189260140624999 0.5833310625 0.6178350421875 0.5895121671875 0.6226527515625 0.6025034671875 0.634642934375 0.611116059375 0.6442242593749999 0.613232996875 0.6628143765625001 0.608624603125
1 0.8415265546875 0.47838178437499995 0.8455448203125 0.46367294687499994 0.8418451296875 0.45643337031250003 0.8324366171875001 0.4493086328125 0.8180646296875 0.4461332234375 0.7981836765625 0.4499976890625 0.788256725 0.457896334375 0.78257495 0.46994400625 0.7885106828125 0.4886870265625 0.8052915265625 0.498358090625 0.830508628125 0.492461540625 0.8415265546875 0.47838178437499995
1 0.752092321875 0.5902758875 0.7638826437499999 0.5919634453125 0.7758457765625 0.5886432078125 0.7811819265625 0.5866111234375 0.7912816890625 0.573704684375 0.7942089859375 0.5651769515625 0.7919729421875 0.5536735078125 0.78606425625 0.546863315625 0.774446746875 0.5401679640625 0.7560294437499999 0.539768565625 0.73984818125 0.550872609375 0.7356300546875 0.5586564125 0.73416640625 0.5629202765625 0.7375204703125 0.58017544375 0.752092321875 0.5902758875
1 0.8817047015625 0.5730405203125 0.9002948203125 0.568432128125 0.9149853875 0.549659121875 0.9157036875 0.541560775 0.9112586484375 0.5304867140625 0.8992684656250001 0.5218741265625 0.8896871390625 0.5197571828124999 0.8720151828124999 0.5231922640625 0.8574974296875 0.5369574765625 0.8549428125 0.5474024453124999 0.85680618125 0.55698865 0.8627148640625 0.56379884375 0.8769140421875001 0.57198205 0.8817047015625 0.5730405203125
1 0.562637225 0.6121796203125001 0.5592831609375 0.5949244578124999 0.5507928078125001 0.586626409375 0.539547975 0.5818483015625 0.5134127125 0.588918159375 0.50514926875 0.599477975 0.5022219734375 0.6080057078125 0.504830690625 0.6214263953125 0.519775215625 0.63344408125 0.529356540625 0.63556101875 0.547946659375 0.630952625 0.562637225 0.6121796203125001
1 0.258784753125 0.7826646968750001 0.264120903125 0.7806326140625 0.27384799375 0.7658089328125001 0.274938965625 0.7596278265625 0.26974858125 0.7447192874999999 0.2577584 0.7361066953125001 0.248177075 0.73398975625 0.2264598 0.7402008453125 0.21306006875 0.759717778125 0.21604145937500002 0.7750557031249999 0.2306133109375 0.7851561515625 0.2401946359375 0.7872730890625 0.258784753125 0.7826646968750001
1 0.38578841875 0.75200864375 0.3929608875 0.7476299359375 0.4012243328125 0.7370701203125 0.399333915625 0.7155510859375 0.3960068984375 0.7102287515625 0.379598728125 0.7024749328125 0.3575087796875 0.7067687828125 0.3433637015625 0.7224512328125 0.34488144374999996 0.7420530234375 0.3482084609375 0.7473753624999999 0.3598259703125 0.7540707125 0.3694072953125 0.7561876515625 0.38578841875 0.75200864375
1 0.505074128125 0.72882185 0.5164647234374999 0.7166593359375 0.5193920203125 0.708131603125 0.516783303125 0.6947109203124999 0.5018387765625001 0.6826932343750001 0.492257453125 0.68057629375 0.476794490625 0.6835819890625 0.468703859375 0.689134009375 0.4604404171875 0.699693825 0.45897676875000004 0.7039576890625 0.46270350625 0.7231300968750001 0.48206601875 0.7342890140625 0.505074128125 0.72882185
1 0.596188390625 0.7081265109375 0.60318805 0.7087555937500001 0.619569171875 0.7045765859374999 0.62674164375 0.7001978796875 0.6350050859375 0.6896380625 0.636468734375 0.6853741953125 0.6331146703125 0.6681190328125 0.6272059828125001 0.6613088406250001 0.61596115 0.6565307312499999 0.5934985312500001 0.658907340625 0.578980778125 0.6726725484375 0.5764261562499999 0.6831175234375 0.5786622 0.69462096875 0.5845708859375 0.7014311609375 0.596188390625 0.7081265109375
1 0.7366458828125 0.681819178125 0.74987280625 0.667310040625 0.7509637765625 0.6611289359375 0.745028046875 0.6423859125 0.7334105375 0.6356905609375 0.7216202171874999 0.6340030078125001 0.7043209328125 0.6393553296875 0.690548528125 0.656955021875 0.6898302265625 0.66505336875 0.693902590625 0.674210184375 0.699811275 0.6810203765625 0.7158467734375 0.68685695625 0.7366458828125 0.681819178125
1 0.835505153125 0.66558740625 0.849677284375 0.66183778125 0.8627313890625 0.6523364375 0.8669495203125 0.6445526328125 0.8658044484375 0.6268680828125001 0.8624774343749999 0.6215457453125001 0.8482782562500001 0.6133625390625 0.8434875906249999 0.612304071875 0.8213976484375 0.6165979218750001 0.8109252078125 0.62758711875 0.8079979156249999 0.6361148515624999 0.81135198125 0.65337001875 0.8259238281249999 0.663470465625 0.835505153125 0.66558740625
1 0.9495629078125001 0.692164009375 0.9436542234375 0.6853538171875 0.9294550453125 0.6771706109375 0.924664384375 0.67611214375 0.9047834312499999 0.6799766093749999 0.8891747046875 0.6999229234375 0.8925287687499999 0.717178090625 0.9144729500000001 0.7298248625 0.937481059375 0.7243576984375 0.94887165625 0.712195184375 0.9495629078125001 0.692164009375
1 0.7718064625000001 0.756561578125 0.783051296875 0.7613396859375 0.790050953125 0.7619687734375 0.8064320765625 0.757789765625 0.8136045484375 0.7534110546874999 0.8214953156250001 0.740934 0.8225862906250001 0.7347528953125 0.8170232296875 0.7179271125 0.8076147171875 0.710802378125 0.7980333921875 0.7086854359375 0.7888247390625 0.7084857390625 0.7869884203125 0.7108323609375 0.775943446875 0.7129792859374999 0.7621710421875 0.73057898125 0.7658977796875 0.7497513859375 0.7718064625000001 0.756561578125
1 0.8686460765625 0.8242889874999999 0.8756457328125 0.824918075 0.8898178625 0.8211684515625001 0.9037901296875 0.8104937937500001 0.906717421875 0.8019660625 0.9033633562500001 0.7847108953124999 0.9000363453125001 0.779388559375 0.8884188359375 0.7726932078125001 0.8766285140625 0.7710056546875 0.8677925359374999 0.7727231953125 0.8506931140624999 0.7850005515625 0.8463021734374999 0.7977921484375 0.8485382156249999 0.8092955937499999 0.8548195734374999 0.8180230234374999 0.8686460765625 0.8242889874999999
1 0.9443139046875 0.895136940625 0.965312878125 0.8970241968750001 0.9684400328124999 0.895421496875 0.9737761828125 0.8933894140625 0.9842486203125 0.8824002140625 0.9890122359375001 0.8715258546875001 0.9867761921874999 0.8600224125 0.9736679890625 0.8456581 0.96150499375 0.8420533046875001 0.945669359375 0.8431417578125 0.9353697328124999 0.8491231656249999 0.9252699703125 0.8620296046875 0.926042365625 0.8777969156250001 0.92974205625 0.8850364921875 0.9443139046875 0.895136940625
1 0.5947848453125 0.9013983921875001 0.6017845015625001 0.9020274781250001 0.6137476328125 0.8987072406250001 0.6249654203125 0.8915525234375 0.6310198687499999 0.881422090625 0.6324835156249999 0.8771582234374999 0.6291294515625 0.8599030609374999 0.6145576015625 0.8498026125000001 0.6027672828124999 0.848115059375 0.5917223093749999 0.8502619843750001 0.5749955609375 0.8644565765625 0.5720682640625 0.872984309375 0.5750496546874999 0.8883222343750001 0.5861216812500001 0.8981081390625001 0.5947848453125 0.9013983921875001
1 0.5511068625 0.8064251171875 0.56510618125 0.8076832906250001 0.5726513234375 0.8052218203124999 0.5820327890625 0.800413725 0.5902962328125 0.7898539109375 0.59136015625 0.7717399781250001 0.587660465625 0.7645004015625 0.578251953125 0.7573756656249999 0.563879965625 0.7542002515624999 0.550625996875 0.7567765609375 0.5443716875 0.7599819578125 0.5324356031249999 0.7752350265625 0.5332079984375 0.7910023359375 0.5369076890625 0.7982419140625 0.5511068625 0.8064251171875
1 0.4754285140625 0.8121819328125 0.4742834453125 0.7944973859375 0.46800208593750003 0.7857699515625 0.45896624687500004 0.7805624578125 0.44938492031250005 0.7784455140625 0.433921959375 0.781451209375 0.41940420625 0.795216421875 0.41647691093750006 0.8037441546874999 0.419830975 0.820999321875 0.4391934875 0.8321582390625 0.46220159687500006 0.8266910734374999 0.4754285140625 0.8121819328125
1 0.4802898 0.9256436562499999 0.48728945625 0.92627274375 0.5036705796875001 0.922093734375 0.5108430484375 0.9177150234375 0.5201974671875 0.900974103125 0.5138890593750001 0.8803138421875 0.497480890625 0.87256001875 0.48827223750000004 0.872360321875 0.4731819453125 0.8772832562499999 0.4627095109375 0.88827245625 0.4597822140625 0.896800190625 0.45869124531249994 0.9029812937499999 0.463136278125 0.9140553546874999 0.47162663125000004 0.9223534046875 0.4802898 0.9256436562499999
1 0.2946365828125 0.8373759218749999 0.2983362734375 0.8446155 0.30774478437499997 0.85174023125 0.3221167734375 0.8549156468750001 0.33407990781249997 0.8515954062500001 0.3434613734375 0.8467873109375 0.352097490625 0.8381447375000001 0.354652109375 0.8276997640625 0.35204339375 0.8142790812499999 0.3487163796875 0.8089567437499999 0.3370988703125 0.8022613937499999 0.3275175453125 0.8001444515625 0.3120545796875 0.803150146875 0.30396395 0.8087021703125 0.295700509375 0.819261984375 0.29314588750000004 0.829706959375 0.2946365828125 0.8373759218749999
1 0.34015088125 0.9300025703125 0.3464322390625 0.9387300046875 0.36063141718749997 0.9469132078125 0.3676310734375 0.94754229375 0.3840121953125 0.9433632859375001 0.39118466875 0.9389845781249999 0.39761179062499996 0.9307713859375 0.4005390828125 0.9222436546875 0.39755769218750003 0.9069057296875 0.39423067500000003 0.90158339375 0.38261317031250003 0.8948880421875 0.37082285000000004 0.8932004890625 0.3619868703125 0.8949180296874999 0.34764193125 0.9036754453125001 0.3430511265625 0.9095420078125 0.33866018593749997 0.9223336078125 0.34015088125 0.9300025703125
1 0.2875347328125 0.9541578812499999 0.281226328125 0.93349761875 0.26223648593750004 0.9242559421875001 0.2383102203125 0.9308964187500001 0.2230741671875 0.952759978125 0.225682884375 0.9661806625 0.238045740625 0.9767104921875 0.25241773125 0.97988590625 0.2710078484375 0.9752775109374999 0.27818031875 0.9708988015625 0.2875347328125 0.9541578812499999
1 0.175750596875 0.8744127828125 0.185159109375 0.8815375187500001 0.202112765625 0.8862007859375 0.220702884375 0.8815923921875 0.227875353125 0.87721368125 0.2343024765625 0.86900049375 0.237229771875 0.8604727609375 0.23424838124999997 0.8451348359375 0.2283396953125 0.83832464375 0.2170948609375 0.833546534375 0.20530454374999998 0.8318589796875001 0.1964685640625 0.8335765203125 0.182123621875 0.8423339375 0.1734875078125 0.8509765109374999 0.172023859375 0.8552403749999999 0.175750596875 0.8744127828125
1 0.6729742421875 0.78472618125 0.6959823468749999 0.7792590171875 0.7013184953125 0.7772269328125 0.7095819390625 0.7666671171874999 0.7125092343749999 0.758139384375 0.70990051875 0.7447187015625001 0.7039918328125 0.7379085109375 0.6923743250000001 0.731213159375 0.683165671875 0.7310134578125 0.66991170625 0.73358976875 0.6555667671875 0.7423471890625 0.64842134375 0.758658725 0.6539844031250001 0.77548450625 0.6729742421875 0.78472618125