1 0.0409418875 0.2519829140625 0.058850590625 0.2469936078125 0.0648155796875 0.24217762187499997 0.0707668265625 0.227902990625 0.0707530890625 0.2184443453125 0.0654753234375 0.20300843125 0.059730253125 0.19476801875 0.04944959375 0.18867436875000002 0.027953654687500003 0.19087808281250002 0.0212739671875 0.1970286734375 0.0153227203125 0.2113033046875 0.018222734375 0.23434080000000002 0.023967803125 0.24258121406250002 0.0409418875 0.2519829140625
1 0.19425849687500002 0.22175985781250002 0.21216719843749998 0.2167705453125 0.2195615828125 0.20928534375000002 0.2236023890625 0.19541678906249998 0.2235886515625 0.18595814375 0.2183108875 0.1705222296875 0.2046766421875 0.15804523125 0.18461010625000002 0.157579725 0.17459057656250002 0.16680561562500001 0.1686393296875 0.1810802453125 0.17105829687500002 0.20185459843750003 0.1772844109375 0.21235815625 0.1899565609375 0.22030886718749998 0.19425849687500002 0.22175985781250002
1 0.344702571875 0.1874165875 0.35330644218749996 0.1903185625 0.3616629171875 0.18735964375 0.37144879531249997 0.181731503125 0.379791534375 0.16931393749999998 0.3816882375 0.159449215625 0.37783987343750003 0.1413440796875 0.3720948046875 0.1331036671875 0.3589416078125 0.1228898109375 0.33744566875 0.1250935234375 0.33076598125 0.1312441140625 0.32481473437499997 0.1455187453125 0.32819579062500004 0.17081938593749998 0.33394086562499997 0.1790597984375 0.344702571875 0.1874165875
1 0.49250776093750004 0.1453553640625 0.5032694656250001 0.1537121546875 0.5156942234375 0.1558019734375 0.5221402578125 0.15324913281250002 0.53335553125 0.1449517703125 0.5383584296875 0.1356095046875 0.5402551359375 0.12574478125 0.5364067703125001 0.1076396453125 0.533053190625 0.1012562953125 0.5175085015625001 0.0891853765625 0.4998334578125 0.090576934375 0.48981392812499996 0.0998028234375 0.4848110296875 0.10914509375 0.48291432343749996 0.11900981562499999 0.4867626890625 0.1371149515625 0.49250776093750004 0.1453553640625
1 0.6826176 0.1191386203125 0.6924034765625 0.113510478125 0.7002651703125 0.098829771875 0.6968841109375 0.0735291328125 0.6911390390625 0.065288721875 0.6803773343749999 0.056931928124999996 0.6641316875000001 0.055654267187499995 0.65029126875 0.0656923125 0.6467177703125 0.07236535937500001 0.6433916640625 0.084899303125 0.647721075 0.1052675796875 0.6661383 0.121458709375 0.6826176 0.1191386203125
1 0.15587090625 0.2713137375 0.1577676125 0.2614490140625 0.153919246875 0.2433438796875 0.1398039578125 0.22860374062500002 0.1312000890625 0.2257017703125 0.11400609218749999 0.2293564671875 0.1018562015625 0.25204483125 0.1013888921875 0.25924033281250003 0.107147703125 0.27693939218749997 0.1250838765625 0.2908673765625 0.1468134671875 0.285065915625 0.15587090625 0.2713137375
1 0.29296934375 0.25873030625000004 0.3118263953125 0.248808634375 0.3144240640625 0.22815065781250002 0.3077031640625 0.205925315625 0.298851903125 0.1971624484375 0.2859461 0.192809490625 0.272572984375 0.19565203281250002 0.26398285625 0.2022087 0.2570832515625 0.22141569374999998 0.26141266406249997 0.24178397187499998 0.26715773593750003 0.2500243859375 0.2779194390625 0.258381175 0.29296934375 0.25873030625000004
1 0.4340948453125 0.2228196734375 0.442698715625 0.22572165156250001 0.456786528125 0.221544496875 0.46966485625 0.20698016875 0.47250991718749996 0.19218308281250002 0.46962364218749997 0.17860423125 0.4638785671875 0.17036381875 0.45311686093750003 0.1620070265625 0.4445129921875 0.15910505625 0.4292294359375 0.1623536765625 0.41611745625 0.18051575625 0.4147017953125 0.19264362031249999 0.41710702343749995 0.20395933125000001 0.42572462968749997 0.2163199515625 0.4340948453125 0.2228196734375
1 0.6055675484374999 0.1934682015625 0.613924025 0.19050928281249999 0.6217994546875001 0.185287221875 0.62966115 0.1706065125 0.6305957656250001 0.1562155046875 0.625318 0.1407795921875 0.6073818265625001 0.12685160625 0.599259003125 0.12621277656250002 0.5825460437500001 0.132130615625 0.5742033078125 0.144548178125 0.5723065984375 0.154412903125 0.5799895921875 0.18116452656249998 0.5912323421875 0.19178446093749998 0.6055675484374999 0.1934682015625
1 0.0709591609375 0.36032402812500003 0.0840848828125 0.3516205921875 0.08908777812499999 0.34227832343750003 0.091465528125 0.33467674375 0.0866550703125 0.31204532500000004 0.07302083125 0.29956832499999997 0.0644169625 0.2966663546875 0.047222959375 0.300321053125 0.037450821875 0.31540783437500003 0.0360488984375 0.33699434687499996 0.0398835265625 0.3456408375 0.05590925625 0.359974896875 0.0709591609375 0.36032402812500003
1 0.2319175484375 0.3284766609375 0.23979297812499997 0.323254596875 0.24765467343749997 0.3085738890625 0.24475466250000003 0.2855363921875 0.236137053125 0.273175771875 0.2234649015625 0.2652250609375 0.20436045625000002 0.2692858359375 0.1941072734375 0.282109478125 0.191262215625 0.29690656249999997 0.19414848906249998 0.3104854140625 0.20037460468749999 0.3209889703125 0.2154382484375 0.33079675000000003 0.2319175484375 0.3284766609375
1 0.3634908296875 0.29459641406250003 0.378307075 0.2985433 0.38475311093750003 0.295990459375 0.3945389875 0.2903623171875 0.402881728125 0.277944753125 0.4023732015625 0.25676431875 0.3956660421875 0.24399762187500001 0.38681478125 0.23523475624999998 0.3739089765625 0.23088179531250003 0.362446309375 0.23331826093750002 0.355766621875 0.2394688515625 0.3479049265625 0.2541495609375 0.347932403125 0.27306685 0.3546395671875 0.2858335484375 0.3634908296875 0.29459641406250003
1 0.555016328125 0.25625180625 0.56191593125 0.23704481406250003 0.5571054734375 0.21441339375 0.5434712328125 0.2019363984375 0.5348673625 0.199034425 0.514333515625 0.2057644171875 0.5040940734375 0.228046709375 0.508423484375 0.248414984375 0.5165600453125 0.2585124640625 0.5311426375 0.26605709843750003 0.5490513406249999 0.2610677921875 0.555016328125 0.25625180625
1 0.711920171875 0.22881434218750002 0.7193145578125 0.22132913906249999 0.7238364093749999 0.2097237296875 0.72045535 0.1844230890625 0.714710278125 0.1761826765625 0.6996466375 0.166374896875 0.6772023500000001 0.173510971875 0.668859609375 0.1859285375 0.6669629031250001 0.1957932609375 0.671773359375 0.2184246796875 0.685407603125 0.2309016796875 0.694011471875 0.23380364843749998 0.711920171875 0.22881434218750002
1 0.1268843125 0.37918685937499996 0.132629384375 0.387427271875 0.14578258125000002 0.3976411234375 0.1500845171875 0.3990921140625 0.164172328125 0.3949149625 0.168707915625 0.39276819375 0.17705065625 0.3803506296875 0.178947359375 0.37048590625 0.17509899375 0.352380771875 0.1688728796875 0.34187721875 0.1605026640625 0.3353774921875 0.15189879374999998 0.3324755171875 0.13852567968750001 0.3353180609375 0.1299355515625 0.34187473281249997 0.1254136984375 0.3534801421875 0.12351699218750001 0.363344865625 0.1268843125 0.37918685937499996
1 0.30100963125 0.367011990625 0.31605953593749997 0.36736112187500003 0.3244160125 0.364402203125 0.3325251 0.35558238750000004 0.337527996875 0.3462401171875 0.33751425625000003 0.336781471875 0.335109028125 0.325465765625 0.3288829109375 0.3149622078125 0.3200316484375 0.3061993421875 0.3090362921875 0.3014403046875 0.2923233328125 0.30735814375000003 0.28017344375 0.3300465078125 0.2878564359375 0.356798134375 0.30100963125 0.367011990625
1 0.4667509984375 0.33887874687499997 0.47892836875 0.335107671875 0.488233196875 0.32721639375 0.49418444531250005 0.3129417609375 0.48841189687500003 0.285784059375 0.47477765781250003 0.2733070609375 0.46426334062499997 0.2708111671875 0.45471112187499996 0.272841553125 0.44421054531250004 0.27980430156249997 0.43682989687499996 0.2967481515625 0.43924886093750004 0.317522509375 0.44260244374999996 0.3239058546875 0.4581471296875 0.3359767765625 0.4667509984375 0.33887874687499997
1 0.62340745 0.305580390625 0.6374952625 0.30140323750000003 0.651802990625 0.2841696890625 0.6536996937499999 0.2743049671875 0.6498513296875 0.2561998296875 0.6357360453124999 0.24145969531249997 0.62091979375 0.237512809375 0.613278015625 0.23913712031249998 0.6046878859375 0.245693790625 0.595396790625 0.2630437171875 0.5968536671875 0.2792917890625 0.60643336875 0.2961786921875 0.61480358125 0.30267842031250003 0.62340745 0.305580390625
1 0.108604471875 0.457582190625 0.113126321875 0.4459767765625 0.10974526250000001 0.42067614062500003 0.089417596875 0.40489109218749997 0.0703131515625 0.4089518671875 0.059592662500000004 0.4289710109375 0.0596063984375 0.43842965781250004 0.0653652109375 0.4561287140625 0.0766079625 0.46674864843749997 0.08521183125000001 0.46965062187499995 0.1012100859375 0.4650673921875 0.108604471875 0.457582190625
1 0.2313539671875 0.43385637031249996 0.2418682828125 0.4363522640625 0.2540456484375 0.432581190625 0.2604916828125 0.430028346875 0.2683533734375 0.41534764218750003 0.27025008281249996 0.40548291875000003 0.26736380937500004 0.3919040671875 0.2546779171875 0.37449470625000003 0.2460740484375 0.37159273593750003 0.22505916093749997 0.3760595875 0.2167164203125 0.38847715312500003 0.2138713625 0.40327423749999997 0.21627659062500001 0.4145899453125 0.2253752421875 0.4292137078125 0.2313539671875 0.43385637031249996
1 0.42740131718749996 0.3839063484375 0.424501303125 0.3608688515625 0.418756234375 0.3526284375 0.40130110312499995 0.340963596875 0.38076725625 0.34769358906250003 0.37147616562499997 0.36504351874999996 0.37100885625 0.372239021875 0.37772975937500003 0.39446436406249996 0.388972509375 0.40508429687499997 0.3975763796875 0.4079862703125 0.41548508125000005 0.40299696406249996 0.42740131718749996 0.3839063484375
1 0.7529190625 0.3324558515625 0.7588703109375 0.31818122031249996 0.7554892546875001 0.29288058281249996 0.73707203125 0.2766894578125 0.7193969874999999 0.2780810125 0.710806853125 0.284637684375 0.7029451625 0.2993183921875 0.7068072640625 0.3268821734375 0.7204415078124999 0.33935916875 0.729045378125 0.34226114218750003 0.746954075 0.3372718359375 0.7529190625 0.3324558515625
1 0.5461100078125 0.374049084375 0.560926259375 0.3779959640625 0.5711931781249999 0.37463096875 0.577158165625 0.369814984375 0.585019859375 0.355134275 0.5869165656249999 0.3452695515625 0.5845113390625001 0.3339538453125 0.5754126828125 0.31933008125 0.5694339578125 0.31468742031249997 0.548886375 0.31195876718750004 0.5383858 0.3189215203125 0.53052410625 0.33360222500000003 0.5291084484375 0.3457300921875 0.53103263125 0.354782659375 0.5461100078125 0.374049084375
1 0.1886919171875 0.5008765562499999 0.196086303125 0.493391353125 0.20060815468749998 0.48178594375 0.20009963281249998 0.460605509375 0.193873515625 0.45010195625 0.178809875 0.44029417656250003 0.159224384375 0.44209180937500003 0.148022846875 0.45984781718749995 0.146126140625 0.46971254062499995 0.149493459375 0.48555453125000003 0.1640897953125 0.5025578140625 0.1746041046875 0.5050537078125 0.1886919171875 0.5008765562499999
1 0.10160859687499998 0.5749733859374999 0.1166585 0.57532251875 0.1283548203125 0.5692883015625 0.13478711875 0.5572768140625 0.136683821875 0.547412090625 0.13283545624999998 0.5293069546875 0.12709038749999998 0.521066540625 0.11441823749999999 0.5131158296875 0.0948327453125 0.5149134609375 0.0845795578125 0.5277371046875 0.082215546875 0.5447973328125 0.08510182031249999 0.5583761843749999 0.088455403125 0.56475953125 0.10160859687499998 0.5749733859374999
1 0.3444000140625 0.47251056093750005 0.34893560625000003 0.47036379687499996 0.358226696875 0.4530138703125 0.3543645953125 0.42545009062499994 0.3383388609375 0.41111602812500003 0.3187533703125 0.4129136640625 0.30516034375 0.4288126 0.3032636375 0.4386773234375 0.3075930484375 0.459045603125 0.31333812031249997 0.46728601562499994 0.326010271875 0.4752367265625 0.3303122078125 0.47668771562499995 0.3444000140625 0.47251056093750005
1 0.5077498921875 0.4425202546875 0.5191850828125 0.4211664984375 0.51965239375 0.413970996875 0.51389358125 0.39627193906249997 0.495957403125 0.3823439546875 0.4897450265625 0.38129904375 0.47303206875 0.3872168859375 0.46231158125 0.4072360328125 0.461844271875 0.41443153437499997 0.46760308281249996 0.4321305921875 0.47573964375 0.44222807187499996 0.48602030156250003 0.4483217171875 0.5077498921875 0.4425202546875
1 0.6522289796875 0.41299297187499995 0.672048121875 0.4075975890625 0.6796761609375 0.3965146328125 0.6830022687499999 0.38398069218750003 0.6834695734375 0.3767851875 0.6781918109375 0.361349271875 0.6602556328125 0.3474212875 0.65404325625 0.3463763765625 0.6373302984375 0.35229421875 0.6275581625 0.3673810046875 0.62566145625 0.377245728125 0.6295098218749999 0.3953508625 0.637646384375 0.40544833750000003 0.6522289796875 0.41299297187499995
1 0.2549252046875 0.544750325 0.265439521875 0.5472462250000001 0.2718855515625 0.5446933796875 0.285725971875 0.5346553359375 0.290481475 0.519452175 0.289505646875 0.50546724375 0.27992595 0.4885803390625 0.2739472203125 0.48393767656250003 0.2653433515625 0.48103570625 0.2481493546875 0.484690403125 0.23646676875 0.5001832625 0.23505110937499998 0.5123111312499999 0.2374563375 0.5236268390625 0.24416350000000003 0.5363935359374999 0.2549252046875 0.544750325
1 0.4328439390625 0.5128460125000001 0.43928997187499996 0.5102931703125 0.45049150937500004 0.4925371625 0.4504640328125 0.473619871875 0.4466294046875 0.46497338125 0.430603671875 0.45063931874999996 0.409107740625 0.45284303125 0.40385744843750004 0.4563244046875 0.3959957578125 0.47100511406249995 0.3998578609375 0.4985688953125 0.41397315 0.5133090328125001 0.42448746093749995 0.51580493125 0.4328439390625 0.5128460125000001
1 0.5792334703125 0.4829126515625 0.585445846875 0.483957559375 0.6033545484375 0.478968253125 0.6152707859375 0.4598776390625 0.612370775 0.4368401421875 0.6066257 0.42859972968750004 0.59586399375 0.420242940625 0.5872601234375 0.41734096249999997 0.5719765671875 0.4205895828125 0.5638674859374999 0.42940939843750003 0.5593456328124999 0.4410148078125 0.5579299734375 0.45314267499999994 0.56272669375 0.4663154484375 0.5684717625 0.47455586250000004 0.5792334703125 0.4829126515625
1 0.7795964921875 0.4438722640625 0.7855614796875 0.439056278125 0.7919937734375 0.4270447921875 0.7938904796874999 0.41718006875 0.7900421140625 0.3990749328125 0.775926825 0.38433479375 0.757289690625 0.3812000625 0.746789115625 0.388162815625 0.7370169734375 0.4032495984375 0.740879078125 0.43081337968750005 0.752602875 0.4436964578125 0.7674191265625 0.4476433375 0.7795964921875 0.4438722640625
1 0.188142078125 0.6157149093750001 0.20056683749999998 0.6178047328125 0.2070128671875 0.6152518890625001 0.2148883015625 0.6100298234375 0.221801640625 0.6002814828124999 0.22464669843750001 0.5854843984375 0.22176042499999998 0.5719055453124999 0.21314281875000002 0.5595449265625 0.20286215937500002 0.5534512765625 0.181366221875 0.555654990625 0.17468653437499998 0.56180558125 0.1687352859375 0.5760802109375 0.1711542515625 0.59685456875 0.1797718609375 0.6092151875 0.188142078125 0.6157149093750001
1 0.12902819999999998 0.7039724781250001 0.1469369015625 0.6989831703125 0.1543312859375 0.6914979671875 0.1588531390625 0.6798925578125 0.1564341734375 0.6591182015625 0.141837840625 0.6421149203125001 0.1270215875 0.6381680359375 0.1212902578125 0.63938626875 0.10936027968749999 0.6490182390625 0.1034090328125 0.6632928703125 0.1039038171875 0.67501465625 0.108700534375 0.6881874296875 0.11444560625 0.69642784375 0.12902819999999998 0.7039724781250001
1 0.330683240625 0.5676764171875 0.3364283125 0.57591683125 0.34719001718750003 0.5842736203125 0.35770433437500004 0.586769515625 0.3660608109375 0.583810596875 0.3772760828125 0.5755132359374999 0.38227898125 0.5661709703125 0.38417568750000003 0.556306246875 0.38032732187499996 0.5382011109375 0.37458225 0.5299606984375 0.36382054531249997 0.52160390625 0.3552166765625 0.5187019359375 0.343754009375 0.5211384 0.33373447968750003 0.5303642890625 0.32873158125 0.539706559375 0.32683487499999997 0.54957128125 0.330683240625 0.5676764171875
1 0.5415743125 0.54059056875 0.5480066078125 0.5285790828125 0.54414450625 0.5010153015625 0.523816840625 0.485230253125 0.5047123953125 0.48929102812499997 0.49302981093750003 0.5047838921875 0.49113310468750004 0.514648615625 0.4949814703125 0.5327537515625 0.5007265421875 0.5409941640625 0.51579018125 0.5508019421875 0.5356093265624999 0.5454065546875 0.5415743125 0.54059056875
1 0.666454171875 0.5034022765625 0.6800884125 0.515879275 0.6886922796875 0.5187812453125 0.7066009828125 0.5137919390625 0.7170878187499999 0.49737054531249997 0.7185034828125 0.48524268125000003 0.7156172093750001 0.4716638296875 0.7093910875 0.461160271875 0.701020875 0.45466055 0.6862046234375 0.45071366562500004 0.6804732921875 0.451931896875 0.668543315625 0.46156386875 0.662111021875 0.4735753546875 0.6606953609375 0.48570321875 0.6631005890624999 0.49701892968749994 0.666454171875 0.5034022765625
1 0.2909212015625 0.6577341031249999 0.2992776828125 0.6547751828124999 0.3104929578125 0.646477821875 0.3164442046875 0.6322031953125 0.3169115140625 0.6250076890625 0.3111527015625 0.60730863125 0.297518459375 0.5948316359375 0.2870041484375 0.5923357375 0.27554148125 0.594772203125 0.26552195156249997 0.6039980968750001 0.2610000984375 0.61560350625 0.2643811578125 0.64090414375 0.280406890625 0.6552382046874999 0.2909212015625 0.6577341031249999
1 0.44709660781249994 0.62217260625 0.4654863546875 0.6194464390625 0.4733617859375 0.6142243765625001 0.4797940828125 0.6022128906249999 0.4816907875 0.5923481671874999 0.477842421875 0.57424303125 0.474488840625 0.5678596812500001 0.4613356421875 0.557645825 0.43792926249999997 0.5602556140625 0.4267277296875 0.57801161875 0.42483102031250003 0.5878763421875 0.42771729374999995 0.60145519375 0.43394341406250003 0.61195875 0.44709660781249994 0.62217260625
1 0.5929913546875001 0.5805174562500001 0.6080549937499999 0.5903252343750001 0.6278741421875 0.58492985 0.6366979234375 0.5747754265625 0.6397903781250001 0.5658392328125 0.6368903640625 0.5428017374999999 0.633536784375 0.5364183890625001 0.6203835890625 0.5262045343749999 0.61177971875 0.523302559375 0.6022274921874999 0.5253329484375 0.590297521875 0.5349649171874999 0.5852946234374999 0.544307184375 0.5833979171875 0.5541719078125 0.5872462828125 0.57227704375 0.5929913546875001 0.5805174562500001
1 0.7728342687499999 0.5576657078125 0.7890799171875 0.558943375 0.7955259515625 0.5563905296875 0.8019719859375 0.5538376875 0.8098336796875 0.5391569796875 0.8117303828125 0.5292922578125 0.8078820171875 0.511187121875 0.8021369484375 0.5029467078125001 0.78707330625 0.493138934375 0.771308703125 0.4941244109375 0.7560388890625 0.5068316765625 0.7524653875 0.5135047234375001 0.7558464484375 0.538805365625 0.76446405625 0.5511659828125001 0.7728342687499999 0.5576657078125
1 0.2203171859375 0.7295108421875 0.23822588281249998 0.7245215359375 0.24419087031250003 0.7197055515625 0.2515715203125 0.7027617046875 0.24676106406249998 0.6801302828125 0.2307353328125 0.6657962203125 0.2106687953125 0.6653307125000001 0.2020786609375 0.671887384375 0.197075765625 0.6812296531250001 0.194711753125 0.698289878125 0.1966359359375 0.707342446875 0.202862053125 0.717846003125 0.2160152515625 0.7280598578124999 0.2203171859375 0.7295108421875
1 0.3822239234375 0.6927311140625 0.398222178125 0.68814788125 0.40418716562499996 0.6833318968750001 0.41204886093750004 0.6686511921875 0.40866780468749997 0.64335055 0.405314221875 0.636967203125 0.38834013437500003 0.627565503125 0.36923568906250004 0.6316262796875 0.35755310625000003 0.6471191421875 0.3561374484375 0.6592470046875001 0.3590237234375 0.6728258578124999 0.362377303125 0.6792092078125 0.3779219875 0.691280125 0.3822239234375 0.6927311140625
1 0.55869951875 0.6540373703125 0.56800435 0.6461460906250001 0.5725262015625 0.6345406796875 0.572512465625 0.625082034375 0.5662726078125 0.60511983125 0.548817475 0.5934549921875 0.5244627453125 0.6009971390625 0.5175494015625001 0.6107454859375 0.5156526984375 0.620610209375 0.519982109375 0.6409784890625 0.53409739375 0.655718625 0.5427012640625 0.6586206015625 0.55869951875 0.6540373703125
1 0.7012681625 0.6249161671875 0.70987203125 0.6278181375 0.7258702859375 0.6232349078125 0.7332646703125001 0.61574970625 0.7392159203124999 0.6014750765625 0.7387211375 0.589753290625 0.7339244171875 0.576580515625 0.71359675 0.5607954656249999 0.696402753125 0.5644501625 0.6897230671875 0.5706007609375 0.683290771875 0.582612246875 0.6813940625 0.5924769703125 0.6842803359375 0.606055821875 0.69050645625 0.616559375 0.7012681625 0.6249161671875
1 0.15068899687499998 0.8152725125 0.16143696093749998 0.8141706578125 0.17456268125000002 0.8054672234375 0.179565578125 0.796124953125 0.18050019374999998 0.781733946875 0.1776139203125 0.76815509375 0.1634986296875 0.7534149546875 0.15489476093750001 0.750512984375 0.1396112046875 0.7537616046875 0.1343609203125 0.7572429765625001 0.126499225 0.7719236859375 0.13036133125 0.7994874671875001 0.14208512812500002 0.812370540625 0.15068899687499998 0.8152725125
1 0.22882478125 0.830597025 0.237194996875 0.8370967515625001 0.245798865625 0.839998721875 0.2560657890625 0.8366337250000001 0.2672810625 0.8283363671874999 0.27228396093749996 0.8189940968749999 0.27466171250000004 0.81139251875 0.2703323015625 0.7910242390625 0.2645872296875 0.782783825 0.253825525 0.7744270375 0.23566942968750001 0.7735554515625 0.2251688546875 0.7805182 0.2187365609375 0.7925296859375 0.21732089999999998 0.804657553125 0.220207175 0.8182364046874999 0.22882478125 0.830597025
1 0.3247593625 0.7652630609375 0.33263479375 0.760041003125 0.34144484375 0.7404279328125 0.3371154328125 0.7200596531250001 0.3230001453125 0.7053195156250001 0.314396275 0.7024175406250001 0.297202271875 0.7060722390625 0.2850523828125 0.72876060625 0.289862840625 0.751392025 0.3003908921875 0.7633465687500001 0.30828006406249997 0.76758315 0.3125819984375 0.769034134375 0.3247593625 0.7652630609375
1 0.46970575468750003 0.728540278125 0.47400768906249996 0.729991265625 0.48809550156250003 0.7258141109375 0.497400334375 0.7179228296875 0.50335158125 0.7036482000000001 0.5009326140625 0.682873846875 0.49470649843750003 0.6723702874999999 0.4863362828125 0.6658705625 0.4777324140625 0.6629685921874999 0.4605384109375 0.666623290625 0.45242932812500003 0.6754431015625 0.44790747499999994 0.6870485109375 0.45032644062499994 0.70782286875 0.4565525609375 0.7183264203124999 0.46970575468750003 0.728540278125
1 0.6392680093750001 0.6995948796875 0.649534934375 0.6962298828125 0.6588397671874999 0.688338603125 0.6647910140625 0.674063971875 0.661891 0.651026475 0.65614593125 0.6427860609375 0.642992734375 0.63257220625 0.62340724375 0.6343698421874999 0.614817109375 0.6409265125 0.6098142171875 0.65026878125 0.6079175078125 0.6601335046875 0.6127279640625 0.6827649250000001 0.6287537000000001 0.6970989859375 0.6392680093750001 0.6995948796875
1 0.727711934375 0.7399303296874999 0.7437101890625 0.7353471015624999 0.7496751765624999 0.7305311171875 0.7565747796875 0.7113241234375 0.75656104375 0.701865478125 0.7517643234375 0.688692703125 0.7333471 0.6725015796875 0.7156720562500001 0.6738931328125 0.707081921875 0.680449809375 0.69922023125 0.6951305125 0.7026012875000001 0.7204311546875 0.708346359375 0.7286715671875 0.7191080640624999 0.7370283578125 0.727711934375 0.7399303296874999
1 0.1785621703125 0.9276174578124999 0.18691864687499998 0.9246585390625001 0.1947940765625 0.9194364765625 0.202655771875 0.90475576875 0.20455247812500002 0.8948910453125001 0.20070411250000003 0.8767859093749999 0.18706986875 0.8643089140625 0.17846599999999999 0.8614069390625 0.1593615546875 0.8654677140624999 0.14864106562499999 0.8854868609375 0.15057898593750002 0.903998075 0.156805103125 0.9145016281249999 0.16804785312499998 0.9251215609375001 0.1785621703125 0.9276174578124999
1 0.2547875109375 0.943348046875 0.2626766828125 0.9475846296875 0.27510144062499997 0.949674446875 0.279637028125 0.947527684375 0.2908523015625 0.9392303265624999 0.300610703125 0.91468489375 0.2996486125 0.9101586109375001 0.289587865625 0.8910085656250001 0.281217653125 0.8845088406249999 0.2664014015625 0.88056195625 0.25684918125 0.8825923421875 0.2501694953125 0.8887429375 0.2423078 0.9034236453125001 0.24041109375 0.91328836875 0.244259459375 0.9313935046875 0.2547875109375 0.943348046875
1 0.3337617421875 0.878071028125 0.34784955625 0.8738938765625001 0.35572498750000003 0.8686718171875001 0.36215728125 0.856660328125 0.3616487625 0.8354798953125 0.3496775734375 0.8167359265625 0.32936364375 0.8104095250000001 0.3202924640625 0.8147030531249999 0.3114686828125 0.8248574765625 0.306713178125 0.8400606390625001 0.31056154375 0.858165775 0.3163066125 0.8664061890625 0.3294598078125 0.87662004375 0.3337617421875 0.878071028125
1 0.4198829734375 0.79944791875 0.43036981250000006 0.7830265234375 0.432266515625 0.7731618 0.42986128749999997 0.7618460890625001 0.4171753984375 0.74443673125 0.4061800421875 0.739677690625 0.39232588125 0.74025709375 0.38373575312499997 0.746813765625 0.37730345781249996 0.7588252515625 0.3754067484375 0.768689975 0.37973616093749996 0.7890582562499999 0.3981533828125 0.80524938125 0.4198829734375 0.79944791875
1 0.485635215625 0.841058546875 0.494239084375 0.8439605171875 0.506416453125 0.8401894421874999 0.5142918859375001 0.8349673828125 0.522634621875 0.822549815625 0.5187725203125 0.794986034375 0.5130274484374999 0.7867456203125001 0.50226574375 0.77838883125 0.4821992078125 0.7779233234375 0.4755195203125 0.7840739171875 0.467657825 0.798754625 0.4662421640625 0.8108824875 0.46864739375 0.8221982000000001 0.4772649984375 0.8345588203125001 0.485635215625 0.841058546875
1 0.56818295 0.76910848125 0.58609165 0.7641191734375 0.595149084375 0.750366996875 0.59704579375 0.7405022734375 0.5927163828124999 0.720133996875 0.5786010953125 0.705393859375 0.568086778125 0.7028979625 0.5547136703125 0.7057405046875 0.5480339828125 0.7118910984375 0.540653334375 0.728834946875 0.5406670734375 0.7382935921875 0.5459448359375 0.7537295109375 0.5528856515625 0.7628984562500001 0.56818295 0.76910848125
1 0.6781228046875001 0.80724021875 0.6874139 0.7898902921875 0.6845138875 0.7668527953125001 0.678768815625 0.7586123828125 0.6656156171875 0.748398528125 0.6422092375 0.7510083171875 0.6324371 0.7660950984375 0.63054039375 0.775959821875 0.6353508515625 0.7985912421875 0.65137658125 0.8129253046875 0.66833693125 0.8128683578125001 0.6781228046875001 0.80724021875
1 0.8222858093750001 0.7245588140625 0.8382840640625 0.7199755859375 0.844249053125 0.7151596015624999 0.8516297015625 0.6982157531250001 0.8520970078125 0.6910202484375 0.8463381984374999 0.6733211890625 0.839397378125 0.6641522453125 0.8217085953125001 0.6560851578125 0.80308519375 0.662409071875 0.7947424546875 0.6748266375 0.7928457515625 0.684691359375 0.800047696875 0.709179846875 0.813681940625 0.721656840625 0.8222858093750001 0.7245588140625
1 0.4245971609375 0.9202635453125 0.4405954140625 0.9156803124999999 0.45156329531250006 0.9015220625 0.4544083578125 0.8867249781250001 0.452003128125 0.875409265625 0.4457770109375 0.8649057125 0.43262381406249995 0.8546918578125 0.414467725 0.8538202703125 0.40444819374999996 0.8630461593750001 0.398015896875 0.8750576499999999 0.40187800156250003 0.90262143125 0.4100145640625 0.91271890625 0.420295225 0.91881255625 0.4245971609375 0.9202635453125
1 0.5860365921875 0.8906793140625 0.602034846875 0.8860960859375 0.6079998359375 0.881280103125 0.6153804828125 0.8643362515625 0.6158477890625 0.8571407484375 0.6096079343749999 0.8371785468749999 0.6007566734374999 0.8284156796875 0.5897613109375001 0.8236566406250001 0.570656865625 0.827717415625 0.5585069765624999 0.8504057828124999 0.5580396703125 0.8576012859375 0.563317434375 0.8730372046875001 0.5774327234375 0.8877773437500001 0.5860365921875 0.8906793140625
1 0.7357522234375 0.8482120140625 0.74364139375 0.8524486 0.7498537765625 0.8534935078125001 0.7677624734374999 0.8485042015625 0.772298065625 0.8463574359375 0.779678709375 0.829413584375 0.78014601875 0.8222180828125 0.773425115625 0.799992740625 0.7602719234374999 0.7897788859375 0.751668053125 0.7868769109375 0.736384496875 0.79012553125 0.7297048109375 0.796276125 0.7223241609375 0.8132199734375 0.7223378968749999 0.82267861875 0.7276156640625 0.8381145374999999 0.7357522234375 0.8482120140625