1 0.2010761734375 0.057160926562500006 0.213108765625 0.050168081249999996 0.2190676578125 0.04320199375 0.2212064109375 0.0296984453125 0.20840903906250002 0.0108630359375 0.18533637187500002 0.0032537437500000004 0.16352474374999998 0.010675209375 0.15726031406250002 0.019570378125 0.1548160265625 0.035003009375 0.16998177187500002 0.054213528125 0.189960184375 0.058366532812500004 0.2010761734375 0.057160926562500006
1 0.2859172875 0.0656547609375 0.2922576296875 0.040951853125 0.28534323125 0.030958098437499998 0.27441797343749996 0.0232952953125 0.250734234375 0.019544159375 0.23335381718749998 0.02964493125 0.2293818484375 0.054722959375000005 0.2407274546875 0.067396015625 0.2678109890625 0.0726743625 0.2789269734375 0.07146875312499999 0.2859172875 0.0656547609375
1 0.3587258078125 0.0811414390625 0.3649902359375 0.072246275 0.3671289890625 0.058742720312499996 0.36361438437500004 0.050276178125 0.35639445 0.04221150625 0.3404269078125 0.0357275546875 0.318500465625 0.0362096890625 0.3061623375 0.0451316109375 0.30486427968749996 0.06865566875 0.3230094765625 0.0843831484375 0.34329341874999997 0.0866070734375 0.3587258078125 0.0811414390625
1 0.437187684375 0.0915911125 0.4408541171875 0.0684421671875 0.422708921875 0.0527146875 0.393982896875 0.050142403125 0.3789708578125 0.0606182890625 0.3776728 0.0841423484375 0.384892734375 0.09220702343750001 0.396123528125 0.0979407484375 0.41877585 0.10053978906250001 0.42484954999999996 0.10051303281249999 0.437187684375 0.0915911125
1 0.5043428484375 0.11211479687499999 0.513586721875 0.0997365890625 0.515114403125 0.0900911921875 0.5115998015625001 0.08162464999999999 0.49788581406250004 0.0685764796875 0.46946532812499997 0.064075115625 0.4604121796875 0.06758491718750001 0.45147384218750003 0.07803405 0.44872401875 0.09539575624999999 0.4641953046875 0.1126772 0.4865420875 0.1172053171875 0.5043428484375 0.11211479687499999
1 0.5617189828125 0.133067109375 0.572834971875 0.1318615046875 0.5824991890625 0.12449354531250001 0.5887636171875 0.11559838124999999 0.5885339968750001 0.1017197125 0.573062709375 0.084438271875 0.544642221875 0.0799369078125 0.532915165625 0.085000671875 0.5239768265625 0.095449803125 0.5215325390625 0.110882434375 0.530204240625 0.125109459375 0.5414350328124999 0.130843184375 0.5617189828125 0.133067109375
1 0.658898228125 0.132639021875 0.659585215625 0.1129731203125 0.646176771875 0.097995871875 0.620124653125 0.093869621875 0.6100400859375 0.096227325 0.5973964203125 0.107078325 0.5960983609375 0.130602384375 0.607749503125 0.1413463640625 0.6348330375 0.1466247125 0.6409067390625001 0.1465979546875 0.658898228125 0.132639021875
1 0.7320122859375 0.146196625 0.7341510390625 0.1326930703125 0.7309419703125 0.122297453125 0.714554075 0.11080324374999999 0.6858280515625 0.108230959375 0.6698994046875 0.1244940859375 0.669823490625 0.1403018296875 0.690031525 0.1583334984375 0.7079470953125 0.160182309375 0.7166947046875001 0.1586015890625 0.7320122859375 0.146196625
1 0.8075706296874999 0.14432159218750001 0.8040560265625001 0.13585504843750001 0.792404884375 0.12511107187499998 0.766352765625 0.120984821875 0.7562681984374999 0.12334252500000001 0.7433189984374999 0.13612260625 0.7426320109375 0.1557885078125 0.7587143640625 0.169211790625 0.7861034359375 0.1725610578125 0.8048208046875001 0.161683303125 0.8075706296874999 0.14432159218750001
1 0.851806834375 0.1869223953125 0.8652911984375 0.18609190312499999 0.8746498796875001 0.18065302656249999 0.880914309375 0.17175785625 0.8809902234375 0.1559501125 0.8699501484375001 0.1413479765625 0.8418351968750001 0.134917534375 0.8191069640625 0.14812624218749998 0.816357140625 0.16548794687499999 0.8178089046875 0.17165029999999998 0.8297655828125 0.1804651984375 0.8409963859375 0.186198925 0.851806834375 0.1869223953125
1 0.9087626171875 0.20286445468749997 0.9266781937499999 0.20471326875 0.9444789546875001 0.1996227484375 0.9567022749999999 0.183761490625 0.95822995625 0.1741161 0.9454325796875 0.155280690625 0.9223599109375 0.147671396875 0.909906975 0.1496539875 0.8978743765624999 0.1566468328125 0.891915484375 0.16361292031250002 0.889471196875 0.17904555 0.8903118890625 0.18906605468749998 0.89546898125 0.1948265375 0.9087626171875 0.20286445468749997
1 0.23771099218749997 0.10943387812500001 0.244051334375 0.0847309703125 0.22858005312500002 0.0674495265625 0.200159565625 0.0629481640625 0.18843250312499998 0.0680119296875 0.1824736109375 0.0749780171875 0.179112715625 0.09619788124999999 0.1901527859375 0.11080001875 0.2172363203125 0.1160783671875 0.2283523046875 0.11487275781249999 0.23771099218749997 0.10943387812500001
1 0.30146636718750003 0.1284303578125 0.3138044953125 0.1195084375 0.315102553125 0.095984378125 0.29695735624999997 0.0802568984375 0.28037874375 0.0776311046875 0.2679257984375 0.07961369375 0.2552821328125 0.090464696875 0.254289609375 0.11205967343750001 0.2612040046875 0.1220534265625 0.270066428125 0.1274120390625 0.2927187515625 0.1300110765625 0.30146636718750003 0.1284303578125
1 0.3882166109375 0.109541975 0.37007141875 0.0938145 0.34577660625 0.09392152031249999 0.32809065312499996 0.105951375 0.327709203125 0.1236881953125 0.343486025 0.1390405609375 0.36583280625 0.1435686796875 0.3772543328125 0.14043399375 0.3869185515625 0.133066034375 0.3882166109375 0.109541975
1 0.45204789375 0.1127307109375 0.42362740624999995 0.10822934687500001 0.40357308437499995 0.1198840859375 0.40112879531249995 0.135316715625 0.4142317078125 0.152223046875 0.42309413124999995 0.157581659375 0.44337807656250006 0.1598055859375 0.46178990937500003 0.1508569078125 0.46515080624999994 0.1296370390625 0.45204789375 0.1127307109375
1 0.527608121875 0.17215757812500002 0.5375778765625 0.16286054218749998 0.5403277015625 0.14549883125000002 0.5368130984375 0.1370322890625 0.5272247890624999 0.12859250312499998 0.503846584375 0.12291228750000001 0.4790555140625 0.1338168015625 0.47485392343750005 0.1450161609375 0.4780629921875 0.1554117796875 0.4914714359375 0.17038903125 0.5161865953125 0.1752922640625 0.527608121875 0.17215757812500002
1 0.593005984375 0.18844799375000001 0.6106919328125 0.17641813906249998 0.61168445625 0.1548231625 0.593539259375 0.1390956828125 0.579329015625 0.13684500156249998 0.566876078125 0.13882759218750002 0.5521695703125 0.1473743984375 0.548579053125 0.1547156 0.55293435 0.173202653125 0.564585496875 0.18394663125 0.5774587828125 0.18697429375000002 0.593005984375 0.18844799375000001
1 0.68319491875 0.1938339 0.686555815625 0.17261403125000002 0.6710845328125 0.1553325890625 0.6474007937499999 0.151581453125 0.634642309375 0.155493121875 0.62467255625 0.164790159375 0.62398556875 0.1844560609375 0.6397623921875 0.1998084234375 0.664783084375 0.20278257812499997 0.6735306984375 0.20120185625000003 0.68319491875 0.1938339
1 0.7199815703125 0.2144913640625 0.7284236453124999 0.2148397203125 0.7469502875 0.2128303765625 0.7563089749999999 0.207391496875 0.761732709375 0.1884758234375 0.748629796875 0.17156949531250001 0.7397673734375 0.16621088281250002 0.727925509375 0.16433531562499998 0.71279865625 0.1678718703125 0.700766059375 0.1748647125 0.6962589312499999 0.187993153125 0.699468 0.1983887703125 0.711119146875 0.20913275312500001 0.7199815703125 0.2144913640625
1 0.83660406875 0.206266696875 0.8333950015625 0.19587107343750002 0.8173126453125 0.1824477890625 0.7959972765625001 0.1790717671875 0.7859127078125 0.1814294703125 0.7735745796875 0.190351390625 0.77051921875 0.20964217812500002 0.788358875 0.2272987359375 0.8133795718749999 0.230272890625 0.8347708515625 0.2178411703125 0.83660406875 0.206266696875
1 0.907579371875 0.2333278484375 0.910329196875 0.21596613593749997 0.899289121875 0.20136400000000002 0.8788903687499999 0.1922007421875 0.8691113375 0.19262936718749998 0.849362546875 0.202355025 0.8433277390624999 0.2251288578125 0.8611674 0.242785415625 0.8811458078125 0.24693841875000003 0.8922617921875 0.2457328125 0.907579371875 0.2333278484375
1 0.9481861593750001 0.260522775 0.9542598640625 0.260496021875 0.9650703187499999 0.2612194921875 0.9717550906250001 0.25733457656250003 0.9806934281249999 0.2468854453125 0.983443253125 0.2295237390625 0.97992865 0.221057196875 0.9682775078124999 0.210313215625 0.952004421875 0.2057583421875 0.93718310625 0.2073658171875 0.9251505124999999 0.21435865937499998 0.919421240625 0.23520341562499997 0.9301557765625 0.2517346296875 0.9481861593750001 0.260522775
1 0.193095215625 0.14587179374999998 0.1958450390625 0.12851008749999998 0.18037375312499998 0.11122864375 0.159363928125 0.10592354374999999 0.1372467625 0.115274090625 0.1315174921875 0.136118840625 0.1329692578125 0.14228119374999998 0.14637770625 0.15725844375 0.1616193671875 0.16066121875 0.1871363234375 0.1528378828125 0.193095215625 0.14587179374999998
1 0.268959096875 0.142067684375 0.25998186093750003 0.12976974218749998 0.2511194359375 0.12441112968750001 0.227130159375 0.1225890734375 0.21005528281250002 0.1307607703125 0.20669438750000002 0.15198063281250002 0.21020899062499998 0.160447175 0.2218601375 0.17119115625 0.24451245625 0.1737901953125 0.2655982 0.1632875546875 0.268959096875 0.142067684375
1 0.33871225625 0.1768451515625 0.340010315625 0.1533210921875 0.3307275421875 0.142952228125 0.31949675 0.137218503125 0.300244221875 0.1361466734375 0.283169340625 0.1443183671875 0.279197371875 0.16939639374999999 0.29260582031250004 0.18437364375 0.3176265125 0.1873477984375 0.3237002140625 0.187321040625 0.33871225625 0.1768451515625
1 0.388066659375 0.20245936250000002 0.3965087375 0.2028077203125 0.41090970625 0.1961899875 0.41809074218750003 0.181507584375 0.41549274687500004 0.167253809375 0.40384160312499995 0.156509828125 0.39024243125 0.1504009890625 0.3703788328125 0.1531873171875 0.355672325 0.1617341265625 0.3526169640625 0.181024915625 0.3660254078125 0.19600216406249998 0.3772562109375 0.20173589062500003 0.388066659375 0.20245936250000002
1 0.49212140625 0.1892779484375 0.4745872859375 0.169692315625 0.45090354843749997 0.1659411796875 0.43115475625000005 0.1756668375 0.42809939531249996 0.194957625 0.4435706828125 0.21223907031250003 0.46354908906250003 0.2163920734375 0.4746650734375 0.21518646718749998 0.48669767343750003 0.2081936234375 0.49212140625 0.1892779484375
1 0.564242940625 0.224430528125 0.5672983015625 0.205139740625 0.5477013375 0.1832499140625 0.5334910953125 0.18099923281250002 0.51836424375 0.1845357875 0.50633165 0.1915286296875 0.5026652171875 0.214677575 0.520810409375 0.2304050546875 0.5434627328125 0.23300409218749998 0.5495364328125001 0.2329773375 0.564242940625 0.224430528125
1 0.6404123562499999 0.21869734375 0.6273094453125 0.20179101250000003 0.6089735265625 0.19493194687499998 0.5965205874999999 0.1969145359375 0.57944570625 0.2050862328125 0.5737164375 0.22593098281250001 0.5761996234375 0.23324543125 0.5959873046874999 0.246266846875 0.6162712531250001 0.24849077187500002 0.637356996875 0.23798813124999998 0.6404123562499999 0.21869734375
1 0.679719209375 0.20811443281250003 0.652254228125 0.2205729109375 0.64889333125 0.24179277500000002 0.664670153125 0.257145140625 0.69442759375 0.2608695203125 0.710776590625 0.249616653125 0.713526415625 0.232254940625 0.6983606640625 0.2130444203125 0.679719209375 0.20811443281250003
1 0.7712469765625001 0.2740252515625 0.783279575 0.26703240625 0.7890088453125 0.24618765781250002 0.7779687703125 0.23158551875 0.764675134375 0.22354759999999999 0.7528332703125 0.2216720328125 0.7307161046874999 0.23102257812500002 0.7229239953125 0.2495631390625 0.7264386 0.25802968125 0.740152584375 0.2710778546875 0.7601309921875 0.2752308578125 0.7712469765625001 0.2740252515625
1 0.8620469875 0.2755529984375 0.8647968125000001 0.2581912921875 0.8445887765625001 0.2401596203125 0.8182311328124999 0.23796245 0.8035246265625 0.24650925625000003 0.7987119625 0.2615667734375 0.8022265671875 0.270033315625 0.8156350140624999 0.28501056875 0.84302408125 0.2883598328125 0.8560880953125001 0.2825190859375 0.8620469875 0.2755529984375
1 0.928896615625 0.2980057640625 0.9348555078125 0.29103967656249996 0.9376053328125 0.27367797031249996 0.9265652624999999 0.2590758328125 0.9177028390625 0.2537172203125 0.8963874671875001 0.250341196875 0.8760276093750001 0.2639250171875 0.8732777859375 0.2812867234375 0.8822550218749999 0.2935846703125 0.8931802781249999 0.3012474734375 0.9110958546875001 0.30309628437499997 0.928896615625 0.2980057640625
1 0.19156941249999998 0.21681908437500003 0.20001149218749997 0.2171674453125 0.214412459375 0.2105497171875 0.2210583375 0.1839177265625 0.2117755703125 0.1735488609375 0.20054476562499998 0.167815134375 0.17892386875 0.166368190625 0.168839303125 0.16872589531249998 0.1591750796875 0.17609385 0.15581418125 0.19731371874999998 0.1647914140625 0.20961166250000002 0.17365383750000002 0.2149702734375 0.19156941249999998 0.21681908437500003
1 0.25173238593749997 0.18185486875 0.234657509375 0.190026565625 0.230685540625 0.2151045875 0.24203115 0.227777646875 0.2691146828125 0.233055990625 0.2898948890625 0.2244824265625 0.293561321875 0.20133348125 0.2801528734375 0.1863562328125 0.25173238593749997 0.18185486875
1 0.35120409218750004 0.1976096390625 0.3322571015625 0.19460873125 0.3144563421875 0.19969925156249999 0.304486584375 0.20899628906249998 0.3058624359375 0.23096637968749997 0.3198819515625 0.24208547343750003 0.34727102187500003 0.24543473906250002 0.3659883921875 0.2345569859375 0.366980915625 0.212962003125 0.35120409218750004 0.1976096390625
1 0.42409040468750003 0.258590471875 0.43879691249999997 0.2500436640625 0.44154673750000006 0.232681953125 0.4359692953125 0.2219112203125 0.42401261874999996 0.21309631874999999 0.4074339953125 0.2104705234375 0.387264859375 0.2151859296875 0.3802745515625 0.22099992343750002 0.3795875640625 0.240665825 0.3933015484375 0.2537139953125 0.41801670468749996 0.258617228125 0.42409040468750003 0.258590471875
1 0.511299896875 0.26745941875 0.5173347046875 0.24468558749999997 0.5039262609375 0.22970833906250002 0.48054805624999997 0.22402812343749998 0.45843089062500003 0.233378671875 0.4530071578125 0.25229434687499996 0.4562162234375 0.2626899640625 0.4678673703125 0.2734339453125 0.4878457796875 0.2775869515625 0.5016356796875 0.274827378125 0.511299896875 0.26745941875
1 0.5922060625000001 0.2624764609375 0.5770403125 0.2432659375 0.55839885625 0.23833595000000002 0.533913321875 0.24731138281249998 0.527572978125 0.2720142953125 0.5433498015625 0.287366659375 0.5633282109375 0.2915196625 0.5744441953125 0.29031405625 0.586782328125 0.2813921359375 0.5922060625000001 0.2624764609375
1 0.6448843421875 0.3054256203125 0.662264759375 0.29532484531250003 0.6653201203125 0.2760340578125 0.6477859953125 0.2564484234375 0.62379671875 0.2546263671875 0.6120696625 0.2596901296875 0.6034368609375 0.2682101875 0.6012981078124999 0.28171373593750004 0.6051182484375001 0.2882512015625 0.6144010203125 0.298620065625 0.6269687703125 0.3035768109375 0.6448843421875 0.3054256203125
1 0.7095563234375 0.3186348609375 0.720366771875 0.319358334375 0.7347677421875 0.31274060625 0.7425598515625 0.2942000453125 0.7318253140625 0.277668828125 0.7117320968749999 0.2665764921875 0.694236865625 0.26973793125 0.6795303640625 0.2782847390625 0.6753287734375 0.2894840984375 0.6782323046875 0.3018087984375 0.683389396875 0.30756928125 0.70111424375 0.31828650468749997 0.7095563234375 0.3186348609375
1 0.8028765328125 0.2889222359375 0.789582896875 0.2808843171875 0.7750671171875 0.280562715625 0.75501279375 0.29221745625 0.751957434375 0.31150824374999997 0.767428715625 0.328789684375 0.7948177859375 0.33213895 0.8108612453124999 0.322815159375 0.81391660625 0.303524371875 0.8028765328125 0.2889222359375
1 0.8869547484375 0.33288971875 0.8893990374999999 0.3174570875 0.8739277515625 0.30017564375 0.8529179265625 0.29487054375 0.830800759375 0.30422109062499997 0.8253770250000001 0.32313676562500004 0.836111565625 0.3396679796875 0.8473423578125001 0.34540170468750003 0.862889559375 0.3468754015625 0.8806903203124999 0.34178488125 0.8869547484375 0.33288971875
1 0.9092256171875001 0.353225578125 0.9272560000000001 0.3620137234375 0.93332970625 0.3619869671875 0.944140159375 0.362710440625 0.95319330625 0.3592006421875 0.96213164375 0.3487515109375 0.964270396875 0.33524795625000003 0.96281863125 0.329085609375 0.94941018125 0.31410835625 0.9307687265625001 0.30917836875 0.92098969375 0.30960699375 0.90360928125 0.31970776875 0.8991021546875 0.3328362046875 0.9020056859375 0.3451609046875 0.9092256171875001 0.353225578125
1 0.1668172359375 0.2504706765625 0.17048366875 0.22732173125 0.1635692703125 0.21732797656249997 0.1547068453125 0.211969365625 0.1333914859375 0.20859334375 0.1136426921875 0.2183190046875 0.10936518749999999 0.24532610781250003 0.1251420109375 0.2606784703125 0.13832083281250002 0.2617770578125 0.1518051921875 0.2609465625 0.1668172359375 0.2504706765625
1 0.211434890625 0.2753346546875 0.2336668640625 0.27292344375 0.24199412968749998 0.26633246875 0.2465012578125 0.253204028125 0.24359772500000001 0.240879328125 0.23637779375 0.23281465625000003 0.22751537187499998 0.2274560453125 0.20856837968750003 0.2244551359375 0.19076761250000002 0.22954565468750002 0.1834717671875 0.23728872812500001 0.182173709375 0.26081278750000003 0.1961932296875 0.271931878125 0.211434890625 0.2753346546875
1 0.2940224421875 0.2903927109375 0.3000961484375 0.29036595468750004 0.31541372343749996 0.277960990625 0.3172469390625 0.2663865171875 0.31258610625 0.24982854687499997 0.3050606359375 0.24369295000000002 0.283745275 0.240316928125 0.2689239578125 0.24192440468749998 0.2595652703125 0.2473632796875 0.255974753125 0.2547044828125 0.2573506046875 0.2766745796875 0.27373849375 0.2881687828125 0.2940224421875 0.2903927109375
1 0.3752730421875 0.306227746875 0.3899795453125 0.29768093906250004 0.39570881562500004 0.2768361828125 0.380543065625 0.2576256625 0.3666383578125 0.253445903125 0.3374160765625 0.2616711109375 0.331457184375 0.2686371984375 0.32992950312499997 0.2782825890625 0.3376845953125 0.2982968515625 0.34891538906249997 0.3040305765625 0.3691993375 0.306254503125 0.3752730421875 0.306227746875
1 0.4483870953125 0.319785346875 0.4604196921875 0.31279250468750003 0.466378584375 0.3058264171875 0.46882287343750007 0.2903937859375 0.45335159062499997 0.2731123421875 0.4296678515625 0.26936120625000004 0.4105301328125 0.27522870781250003 0.40594709062499995 0.3041648921875 0.4131670265625 0.3122295640625 0.42439781875 0.31796328906250004 0.4423133953125 0.3198121 0.4483870953125 0.319785346875
1 0.54124994375 0.323617284375 0.54399976875 0.3062555796875 0.52646564375 0.28666994218749997 0.5051502828125 0.2832939203125 0.48303311562499995 0.29264446718750003 0.479061146875 0.3177224890625 0.483912709375 0.32541205156249997 0.4972063453125 0.33344996875 0.5198586640625 0.33604900625 0.5312801890625 0.33291432187500003 0.54124994375 0.323617284375
1 0.5803271765625 0.2991557125 0.5582100109375 0.3085062609375 0.554543578125 0.33165520625 0.5679520265625 0.34663245468750004 0.59534109375 0.3499817234375 0.6107734828125 0.3445160890625 0.6188711265625 0.324046446875 0.60370538125 0.30483592656249997 0.5803271765625 0.2991557125
1 0.6789600625000001 0.366191871875 0.68831875 0.3607529953125 0.6946590921875 0.33605008125 0.6771249671875 0.316464446875 0.6584835140624999 0.311534459375 0.633997978125 0.32050989531249996 0.6280390859375 0.3274759828125 0.625594796875 0.3429086125 0.63220365625 0.35483144218749996 0.6475601328125 0.365173553125 0.667844078125 0.367397478125 0.6789600625000001 0.366191871875
1 0.7547480296875 0.37819550625 0.7647177890625 0.368898471875 0.76777315 0.349607684375 0.756733075 0.3350055453125 0.7434394390625 0.326967628125 0.7315975734375 0.3250920609375 0.7061954265625 0.33985473125 0.7058139765625 0.3575915515625 0.716854046875 0.3721936890625 0.7257164687500001 0.3775523 0.7460004203125 0.3797762265625 0.7547480296875 0.37819550625
1 0.8411927421875 0.36123620624999997 0.8209847124999999 0.343204534375 0.8020377203125 0.340203625 0.78198339375 0.351858365625 0.7789280328125 0.3711491546875 0.79439931875 0.3884305953125 0.8191144749999999 0.393333828125 0.8251881765625001 0.39330707187499997 0.837526309375 0.38438515156249997 0.8411927421875 0.36123620624999997
1 0.8969652796875 0.40764165312499995 0.907355384375 0.4033548734375 0.9133142765625 0.39638878593750004 0.9146123359375 0.37286472656249997 0.9008983562499999 0.35981655468749996 0.8917303953125 0.3563870203125 0.8775201515625 0.35413633906249997 0.8674355828125 0.35649404218749997 0.8527290765625001 0.36504085000000003 0.8491385578124999 0.37238205 0.8517365531250001 0.3866358328125 0.8651450015625001 0.40161308125 0.8969652796875 0.40764165312499995
1 0.18374028281250002 0.2739144671875 0.15058304843749998 0.2686628765625 0.138855990625 0.27372664375 0.1328970984375 0.28069273125 0.12984173906250002 0.2999835203125 0.1473758578125 0.319569153125 0.17002818125000002 0.32216819375 0.1908083890625 0.31359462968749996 0.1965376609375 0.292749875 0.18374028281250002 0.2739144671875
1 0.254258228125 0.3345201859375 0.263922446875 0.3271522265625 0.2681999515625 0.300145125 0.254485965625 0.287096953125 0.235538975 0.2840960453125 0.215675375 0.2868823734375 0.2083795296875 0.2946254421875 0.2053241703125 0.3139162296875 0.210596075 0.32661604375 0.2228582890625 0.33350186718749997 0.2455106125 0.3361009046875 0.254258228125 0.3345201859375
1 0.3091511734375 0.34815805312500003 0.3324145625 0.346898934375 0.34536376875 0.33411885625000004 0.34750252187499997 0.3206153015625 0.3439879171875 0.312148759375 0.329968396875 0.3010296671875 0.30865303593750004 0.2976536453125 0.293526184375 0.3011902 0.2838619609375 0.30855815937500003 0.2808066 0.327848946875 0.28432120312500003 0.33631548906250003 0.289478296875 0.34207596875 0.3091511734375 0.34815805312500003
1 0.420235128125 0.35190972343750004 0.4209221140625 0.332243821875 0.409576503125 0.31957076562500003 0.39597733125 0.3134619265625 0.36870307812499997 0.3170519921875 0.3584277828125 0.328278109375 0.3571297234375 0.3518021671875 0.3687808671875 0.36254614531249996 0.3840225328125 0.365948921875 0.40728592187499996 0.3646898046875 0.420235128125 0.35190972343750004
1 0.49121043281250004 0.378970875 0.49755077343750004 0.35426796718750003 0.48032218593750003 0.3327532515625 0.45931236093749994 0.32744815156249996 0.444185509375 0.33098470625 0.4291734671875 0.34146059218749997 0.42611810625 0.36075137968750004 0.443652225 0.380337015625 0.470735759375 0.3856153640625 0.48185174374999995 0.3844097546875 0.49121043281250004 0.378970875
1 0.539418603125 0.3964936578125 0.5478606796875 0.3968420140625 0.565241096875 0.3867412390625 0.5703592953125 0.36975464687500004 0.569213065625 0.3616632171875 0.5534362484375001 0.346310853125 0.5347947921875 0.34138086562500003 0.5169940265624999 0.34647138437499997 0.50732980625 0.353839340625 0.5019060734375 0.3727550140625 0.505420675 0.38122155625 0.517071821875 0.3919655375 0.539418603125 0.3964936578125
1 0.643702971875 0.3971909109375 0.644695496875 0.375595928125 0.6265503 0.3598684515625 0.6076033078124999 0.3568675421875 0.585486146875 0.36621808749999996 0.5800624125 0.38513376250000003 0.585639853125 0.3959045 0.5972910015624999 0.406648478125 0.6246800671875 0.40999774687499996 0.6404179921875001 0.40260303124999997 0.643702971875 0.3971909109375
1 0.7001624984375 0.42393045625000003 0.7132265109375 0.41808970937499995 0.71651149375 0.412677590625 0.7195668546875 0.3933868015625 0.715746715625 0.3868493359375 0.6972959828125 0.3730509375 0.6830857390625 0.37080025625 0.66528498125 0.37589077656250003 0.655315221875 0.3851878109375 0.65317646875 0.398691365625 0.6649424234375 0.41637467812500006 0.670405053125 0.420206078125 0.7001624984375 0.42393045625000003
1 0.7729710187500001 0.4394171359375 0.7817186328125 0.4378364171875 0.7887089421875 0.4320224265625 0.7947437500000001 0.40924859375 0.7816408375 0.3923422640625 0.7727784125 0.3869836515625 0.75856816875 0.38473297031250003 0.73912491875 0.39252955312500004 0.7331660265625 0.399495640625 0.7313328109375 0.41107011406250005 0.741456271875 0.4314594859375 0.752687075 0.43719321093749997 0.7729710187500001 0.4394171359375
1 0.868468878125 0.4189480328125 0.859186109375 0.4085791703125 0.8411557265624999 0.39979102499999997 0.8189237484375 0.40220223749999995 0.8092595296875 0.40957019375000003 0.8062041687500001 0.42886098125 0.8100243078125 0.43539844843750003 0.82373829375 0.44844661874999997 0.851127359375 0.45179588437499996 0.8644969093749999 0.44402606093749997 0.868468878125 0.4189480328125
1 0.9415829359375 0.4325056359375 0.9234377390624999 0.4167781578125 0.8994484625 0.41495610000000005 0.890395315625 0.4184658984375 0.881456978125 0.42891502968750006 0.8796237609374999 0.44048950312499996 0.8848956671874999 0.4531893171875 0.9033463984375001 0.4669877171875 0.92363034375 0.46921164375 0.940284875 0.45602969531250004 0.9415829359375 0.4325056359375
1 0.1252216765625 0.3674745203125 0.1402337203125 0.356998634375 0.1471851359375 0.3284375625 0.13553399375 0.31769358593749997 0.11215578906250001 0.312013371875 0.09301806875 0.317880875 0.083774196875 0.3302590828125 0.08255205156249999 0.3379753984375 0.0875184203125 0.35260429375 0.096801190625 0.3629731578125 0.11173731875 0.368305015625 0.1252216765625 0.3674745203125
1 0.2179308171875 0.341620053125 0.203911296875 0.3305009578125 0.170142990625 0.329107525 0.1604787703125 0.336475484375 0.158264103125 0.36578677656249997 0.167546871875 0.37615564375 0.1973043171875 0.379880021875 0.21571615156249999 0.3709313453125 0.21900113281250003 0.365519225 0.2179308171875 0.341620053125
1 0.281228821875 0.3941610953125 0.29356695625 0.385239175 0.29692785312500003 0.3640193046875 0.281456571875 0.34673786406249996 0.26014119999999996 0.34336184062499997 0.2476882625 0.34534443125 0.23535012968750002 0.3542663515625 0.2319892328125 0.375486221875 0.2355038359375 0.3839527640625 0.24302930156250002 0.39008835625 0.2677444640625 0.39499158749999996 0.281228821875 0.3941610953125
1 0.3744731203125 0.3802562109375 0.3654958890625 0.36795826875 0.3566334640625 0.36259965625 0.3279074421875 0.360027371875 0.31052702499999996 0.37012814375 0.307166128125 0.39134801406249997 0.31068073125 0.39981455625 0.322637409375 0.4086294546875 0.3473525703125 0.41353268906249996 0.3711122234375 0.40147608124999995 0.3744731203125 0.3802562109375
1 0.42890870625 0.42743864531250003 0.44422628125 0.415033678125 0.44758717812500004 0.3938138140625 0.436241571875 0.38114075468749997 0.42501076875 0.37540702812500004 0.4033898734375 0.37396008593749996 0.3933053046875 0.3763177890625 0.38333554531249997 0.3856148234375 0.38173195 0.4110679640625 0.397814303125 0.424491246875 0.4228350015625 0.4274654 0.42890870625 0.42743864531250003
1 0.5207012343749999 0.40737141093749996 0.5049244125000001 0.3920190484375 0.47383001875 0.3890716515625 0.458817975 0.39954753906249996 0.45576261406249996 0.418838328125 0.46649715468749997 0.4353695421875 0.49594905625 0.4410230015625 0.507065040625 0.43981739375 0.516729265625 0.4324494375 0.5207012343749999 0.40737141093749996
1 0.5852213875000001 0.4521961421875 0.59251723125 0.4444530734375 0.5938152921875 0.4209290140625 0.5780384734374999 0.40557664843749996 0.554354734375 0.4018255125 0.544270165625 0.404183215625 0.531626496875 0.41503421874999996 0.5285711359375 0.43432500625000003 0.5320857375 0.4427915484375 0.5440424171875 0.45160644687499996 0.5737998625 0.45533082656249996 0.5852213875000001 0.4521961421875
1 0.6704439515625 0.44295315312500005 0.6669293484375001 0.4344866109375 0.64878415625 0.418759134375 0.6247948812499999 0.41693707812499997 0.6077199984375 0.4251087703125 0.60137965625 0.449811684375 0.604894259375 0.4582782265625 0.61685094375 0.46709312656249996 0.6466083828125 0.47081750468749994 0.6620407703125 0.465351871875 0.6704439515625 0.44295315312500005
1 0.7035641671875 0.4867595640625 0.7120062453125 0.487107925 0.727858978125 0.4866525421875 0.737217665625 0.4812136640625 0.7431765578125 0.474247575 0.7459263828125 0.45688587031249994 0.73519184375 0.4403546515625 0.7195298390625 0.43194162187499996 0.7100563421875 0.43044116718750003 0.6925611125 0.43360260781250004 0.683202428125 0.43904148750000005 0.67655655 0.4656734765625 0.6855337828125 0.47797142031249995 0.7035641671875 0.4867595640625
1 0.8033414078125001 0.50058525625 0.815985078125 0.4897342546875 0.819957046875 0.4646562328125 0.8086114406249999 0.4519831734375 0.7973806375 0.446249446875 0.7757597406250001 0.44480250468750004 0.758684859375 0.4529741984375 0.7523445171875001 0.4776771125 0.7633845921875 0.492279246875 0.772247015625 0.497637859375 0.7948993343749999 0.5002369 0.8033414078125001 0.50058525625
1 0.8917730453124999 0.5017378890625 0.89452286875 0.48437618281250006 0.8930711046875001 0.4782138296875 0.8793571234374999 0.4651656609375 0.853610540625 0.45911033124999995 0.8338617546875 0.468835990625 0.83080639375 0.488126778125 0.845666603125 0.5092663796875 0.8632766437500001 0.5130442703125 0.885814153125 0.5087039765625 0.8917730453124999 0.5017378890625
1 0.170870753125 0.3934905984375 0.15983068281249999 0.3788884609375 0.1266734484375 0.37363687031250004 0.10661912031250001 0.3852916078125 0.103563759375 0.40458239531249995 0.1166666671875 0.4214887265625 0.1461185765625 0.42714218437499996 0.16185650000000001 0.419747475 0.1678153921875 0.41278138750000004 0.170870753125 0.3934905984375
1 0.2300430796875 0.44142325624999995 0.2477290359375 0.42939340625 0.25108993281249997 0.4081735359375 0.23768148125000002 0.3931962875 0.22851352343750003 0.3897667546875 0.20689262656250001 0.3883198109375 0.196808059375 0.3906775140625 0.1841643890625 0.4015285140625 0.183171865625 0.423123496875 0.1921490984375 0.43542143906249997 0.22396937968750003 0.4414500140625 0.2300430796875 0.44142325624999995
1 0.3242039875 0.42173113906250004 0.31079554374999996 0.4067538875 0.28237505625 0.402252525 0.2623207296875 0.4139072625 0.25865429687499997 0.43705620781250004 0.272062740625 0.45203345937500006 0.2967779015625 0.45693669375 0.3105677953125 0.45417711875 0.3205375546875 0.444880084375 0.3242039875 0.42173113906250004
1 0.383604059375 0.422240565625 0.3599203203125 0.4184894296875 0.3474673828125 0.4204720203125 0.3348237125 0.43132302187500005 0.3335256546875 0.45484708124999995 0.34723963593749996 0.4678952515625 0.37699708125 0.47161963125 0.39571445 0.4607418765625 0.39731804375 0.4352887359375 0.383604059375 0.422240565625
1 0.46791189843750003 0.4800867140625 0.47570400625 0.461546153125 0.47249493906250006 0.451150528125 0.463212165625 0.44078166406249997 0.43540275156249997 0.43242214375000004 0.4229498140625 0.434404734375 0.41091721718749996 0.441397575 0.40488241093750005 0.4641714078125 0.41355410625 0.47839843125000003 0.4268477421875 0.48643634999999996 0.44476331562500004 0.4882851640625 0.46791189843750003 0.4800867140625
1 0.536404015625 0.4998334171875 0.5463737765625 0.4905363796875 0.549734671875 0.469316515625 0.5342633859375 0.45203507187499997 0.5085168125 0.44597974375 0.4933899609375 0.44951629843749996 0.48372573750000003 0.45688425468749994 0.47975376875000003 0.48196228124999996 0.4866681671875 0.4919560328125 0.499961803125 0.49999395 0.5226141203125 0.5025929875 0.536404015625 0.4998334171875
1 0.6068441625000001 0.51494498125 0.6165083859375 0.5075770265624999 0.620785890625 0.4805699234375 0.60500906875 0.4652175578125 0.5765885796875 0.46071619531249997 0.559513703125 0.4688878890625 0.5535548125 0.47585397656249995 0.5511105234375 0.4912866078125 0.5546251265625 0.4997531484375 0.5686446421875 0.51087224375 0.593359803125 0.5157754765625 0.6068441625000001 0.51494498125
1 0.68232659375 0.5288776953125 0.6949702624999999 0.51802669375 0.698331159375 0.4968068296875 0.6914167640625 0.48681307656249995 0.6781231296875 0.4787751578125 0.651765475 0.47657798749999997 0.6343850609375 0.4866787625 0.630718628125 0.5098277078125 0.6342332328125 0.5182942500000001 0.646189915625 0.52710915 0.6735789828125001 0.5304584140624999 0.68232659375 0.5288776953125
1 0.7490614124999999 0.54439113125 0.7578090234375 0.542810409375 0.7674732468750001 0.535442453125 0.7717507515625 0.50843535 0.7645308171874999 0.500370675 0.7488688125 0.49195764531249997 0.7322901890625 0.48933184843750005 0.7171633374999999 0.492868403125 0.7071935828125 0.5021654421874999 0.7047492953125001 0.517598071875 0.7076528265625 0.529922771875 0.7216723468749999 0.5410418640625 0.7490614124999999 0.54439113125
1 0.819501559375 0.559502696875 0.827943634375 0.5598510531249999 0.8429556781249999 0.5493751640625 0.8466221109375001 0.52622621875 0.8397077124999999 0.5162324671875 0.8287824546874999 0.5085696640624999 0.8027303359375001 0.5044434140625 0.78863490625 0.5091320640625 0.782370478125 0.518027234375 0.7807668828125001 0.5434803687499999 0.78798681875 0.55154504375 0.7992176109375 0.55727876875 0.819501559375 0.559502696875
1 0.8832550515625 0.5171972765625 0.8638118015625 0.52499385625 0.8592287593749999 0.553930040625 0.8747000406250001 0.5712114828125 0.8997207390625 0.574185634375 0.9184381078125 0.56330788125 0.922410078125 0.538229853125 0.9090016328124999 0.5232526046875 0.8832550515625 0.5171972765625
1 0.8726001875 0.6074621125 0.875961084375 0.5862422421875 0.8649210093749999 0.5716401062500001 0.8465850890625 0.564781040625 0.829700940625 0.5640843249999999 0.8173628078125 0.5730062453125 0.8133908375000001 0.598084271875 0.8285565828125 0.6172947921875 0.848840534375 0.6195187203125 0.8599565234375 0.6183131125 0.8726001875 0.6074621125
1 0.7990268875 0.566147178125 0.7918069578125 0.5580825078125 0.7782077859375 0.55197366875 0.756892415625 0.5485976453125 0.7417655640625 0.5521342 0.73210134375 0.55950215625 0.7301922140625 0.586884371875 0.7486429421875 0.6006827718750001 0.7784003875 0.6044071546875001 0.7971177578125 0.5935293953125 0.7990268875 0.566147178125
1 0.7092971968749999 0.58851860625 0.721329790625 0.5815257609375 0.725301759375 0.5564477390625 0.718387359375 0.5464539859374999 0.7027253546875001 0.5380409546875 0.6763677015625 0.5358437828125 0.659292825 0.5440154765625 0.6550153203125 0.5710225796875 0.6642980875 0.581391446875 0.6755288890625 0.5871251734375 0.6958128343750001 0.589349096875 0.7092971968749999 0.58851860625
1 0.59767808125 0.5728173453125 0.622698778125 0.5757915015624999 0.6338147671875001 0.5745858921875 0.6467639671875001 0.5618058109375 0.64920825625 0.54637318125 0.6459991875 0.5359775625000001 0.6275484609374999 0.5221791625 0.6086014703125 0.5191782546875 0.596148521875 0.5211608421875 0.5867898390625 0.5265997234375 0.579914340625 0.53935304375 0.5780811234375001 0.5509275171875 0.5812901890625 0.561323140625 0.59767808125 0.5728173453125
1 0.56799655625 0.5532852203124999 0.5725795953125 0.5243490421875 0.5653596656250001 0.5162843671874999 0.5496976515625 0.507871334375 0.5378557875000001 0.5059957671875 0.5179921859375 0.5087820953125 0.5080224265625 0.5180791328125001 0.5041263734375 0.527349409375 0.508176134375 0.5477655375 0.5201328171874999 0.556580440625 0.55225863125 0.5606799359375 0.56799655625 0.5532852203124999
1 0.5015283765625 0.513095634375 0.4860570953125 0.49581418906249997 0.4576366078125 0.49131282656249997 0.437887815625 0.501038484375 0.4336103109375 0.5280455875000001 0.45175550312499996 0.5437730671875001 0.47677620000000004 0.54674721875 0.48552381093749997 0.5451665 0.49816748125 0.534315496875 0.5015283765625 0.513095634375
1 0.40973584374999994 0.533162865625 0.42207397812499997 0.5242409453125 0.4281087828125 0.5014671125 0.4245941796875 0.49300057031250005 0.412943034375 0.4822565890625 0.3871964609375 0.47620126249999994 0.3747435140625 0.47818385 0.36240538437500003 0.487105775 0.3584334171875 0.5121837953124999 0.373904703125 0.529465240625 0.39625148593750004 0.5339933578125 0.40973584374999994 0.533162865625
1 0.3501820640625 0.5029670265624999 0.35232081718749997 0.48946347812499996 0.34911175 0.479067853125 0.3353977703125 0.46601968437499997 0.3043033671875 0.4630722859375 0.292576309375 0.46813605156250004 0.28631188281250003 0.477031215625 0.28531935937499997 0.4986261984375 0.2925392890625 0.5066908703124999 0.3037700921875 0.5124245968750001 0.3287907859375 0.5153987484375 0.3501820640625 0.5029670265624999
1 0.2522769375 0.500313940625 0.2690462796875 0.494071321875 0.276227315625 0.47938891874999995 0.2756921578125 0.46743933281250005 0.2687777640625 0.45744558281250003 0.2531157484375 0.44903255 0.2240841875 0.44838934531249997 0.2114405234375 0.45924034843749995 0.2080796265625 0.48046021093749997 0.2214880703125 0.4954374625 0.24383485781249997 0.49996558281250003 0.2522769375 0.500313940625
1 0.1659840546875 0.48565775312500004 0.1767945078125 0.48638122656249994 0.1888271 0.479388384375 0.195091528125 0.4704932140625 0.19723028125 0.456989665625 0.1940212140625 0.4465940421875 0.182370065625 0.43585006406250004 0.1634230734375 0.4328491546875 0.1536440421875 0.4332777796875 0.139243075 0.43989551093749996 0.132597196875 0.4665275015625 0.14600564062500002 0.48150475000000004 0.1659840546875 0.48565775312500004
1 0.117927709375 0.43651948906250004 0.106887634375 0.42191735 0.0784671484375 0.4174159875 0.06108673437499999 0.4275167640625 0.055663 0.44643243750000006 0.0725860515625 0.4698762296875 0.092869996875 0.47210015624999996 0.10562847500000001 0.468188484375 0.11724072187500001 0.45618539062499996 0.117927709375 0.43651948906250004
1 0.1302307015625 0.52745428125 0.1388635015625 0.51893423125 0.1422243984375 0.4977143609375 0.12675311250000001 0.48043292031249996 0.10039546875000001 0.47823574999999996 0.085994496875 0.48485347812499996 0.0800356046875 0.491819565625 0.077591315625 0.5072521953125 0.08110591874999999 0.5157187390625 0.097188278125 0.529142025 0.119840596875 0.531741065625 0.1302307015625 0.52745428125
1 0.2972390234375 0.5459959171875 0.2955576359375 0.5259549015625 0.2845175640625 0.5113527671875 0.256097078125 0.5068514046875 0.23604275000000002 0.51850614375 0.2303134796875 0.53935089375 0.2389851796875 0.5535779187500001 0.25258435156250003 0.5596867578125 0.2728682953125 0.5619106828125 0.29128013125 0.5529620046875 0.2972390234375 0.5459959171875
1 0.2242008796875 0.5166305765625 0.21140350468750002 0.49779516562500004 0.180614646875 0.492918690625 0.16056031875000001 0.504573428125 0.1568938859375 0.5277223734375001 0.1703023296875 0.542699625 0.195017490625 0.5476028578125 0.2061334796875 0.54639725 0.21847160937500001 0.5374753265625001 0.2242008796875 0.5166305765625
1 0.3642034578125 0.5753880171875 0.3738676828125 0.5680200625 0.37814518750000004 0.5410129593749999 0.35999999531250004 0.5252854796875 0.338684625 0.5219094578125001 0.3262316890625 0.5238920484375 0.31091410937499997 0.5362970125000001 0.308164284375 0.553658725 0.3116788875 0.5621252671875 0.325698403125 0.5732443578125 0.3530874734375 0.5765936265625 0.3642034578125 0.5753880171875
1 0.43433806875 0.5924286609375 0.4463706671875 0.5854358171875 0.45156477968750003 0.5526414796875 0.433114046875 0.5388430796875 0.41416705625 0.5358421703125 0.39667183437500003 0.5390036125 0.386702075 0.548300646875 0.383341178125 0.5695205171875 0.3868557828125 0.5779870593750001 0.398506928125 0.5887310375 0.4258959953125 0.5920803046875001 0.43433806875 0.5924286609375
1 0.4763577296875 0.6030388640625 0.5013784265625 0.606013015625 0.512494415625 0.6048074109375 0.52246416875 0.595510375 0.5261306015625 0.5723614296874999 0.5226159984375001 0.5638948874999999 0.5062281093750001 0.5524006796875 0.4872811171875 0.549399771875 0.4748281703125 0.5513823609374999 0.46546948749999995 0.5568212375 0.4588995234375 0.5676454828125 0.4582125375 0.587311384375 0.46306409375 0.5950009453125 0.4763577296875 0.6030388640625
1 0.5667762890625 0.6223034359375 0.5829345625 0.619918975 0.5949671546874999 0.6129261296874999 0.6010019609375 0.5901522984375001 0.5977928921875 0.5797566796875 0.588204584375 0.571316890625 0.5577212640625 0.5645113359375 0.5503106015625 0.5653150734375 0.5352985625 0.5757909609375 0.53132659375 0.6008689875 0.5382409874999999 0.6108627375 0.5583342140625 0.6219550765624999 0.5667762890625 0.6223034359375
1 0.67014405 0.628787921875 0.6764843921875 0.6040850140625 0.6613186468750001 0.5848744921875 0.6355720625 0.5788191625 0.6281614109375 0.5796229015625001 0.6074960125 0.595135796875 0.6065034875 0.6167307796875 0.6222803046875 0.6320831421875 0.6446270937499999 0.636611259375 0.65811145625 0.6357807671875 0.67014405 0.628787921875
1 0.7512798359375 0.6376836265625 0.7502095203125 0.613784453125 0.7320643296875 0.598056978125 0.7009699265625 0.5951095796875 0.6916112437499999 0.6005484562500001 0.6850412796875001 0.6113727015625 0.6843542921875 0.631038603125 0.700131115625 0.6463909703125 0.7298885562499999 0.6501153484375 0.73596225625 0.6500885937499999 0.7512798359375 0.6376836265625
1 0.806402403125 0.665200159375 0.8211089093749999 0.6566533484375 0.82683818125 0.6358086000000001 0.8184720171875 0.6196524953125 0.7909681375 0.6093638953125 0.7667881390625 0.6164102484375 0.75869049375 0.6368798921875001 0.7615940250000001 0.6492045921875 0.7667511218749999 0.654965071875 0.7800447578124999 0.6630029890625 0.7979603281250001 0.6648518 0.806402403125 0.665200159375
1 0.855221653125 0.6788647812499999 0.8731372234375 0.6807135921875 0.8842532125 0.6795079875 0.8962858046875001 0.6725151421875 0.9026261484375 0.647812234375 0.8895232359374999 0.6309059031250001 0.8782924421875 0.6251721781249999 0.8640821984375 0.622921496875 0.8476183890625 0.6272350359375001 0.83868005 0.6376841671875 0.8362357625 0.653116796875 0.83913929375 0.665441496875 0.8463592296875 0.6735061703125 0.855221653125 0.6788647812499999
1 0.800215771875 0.7195894796875 0.8067098171874999 0.7245729765625 0.81988864375 0.7256715640625 0.833067471875 0.7267701484375 0.8444889921875 0.7236354609375 0.8528162578125 0.7170444859375 0.8576289203125 0.7019869703125 0.85266255 0.6873580796875001 0.8454426203125 0.67929340625 0.8200015734375 0.6713089984375 0.8075486375 0.6732915890625 0.7978844140625 0.68065954375 0.79009230625 0.6992001046875 0.7909329984375 0.7092206156249999 0.800215771875 0.7195894796875
1 0.7776393625 0.7011826937500001 0.7792429578125 0.675729559375 0.767897346875 0.6630564999999999 0.7323717421875 0.657429796875 0.7230130546875 0.662868675 0.7167486281250001 0.6717638390625 0.7130821953125001 0.694912784375 0.7312273859375 0.7106402640625 0.7515113359375001 0.7128641890625 0.759953409375 0.7132125484375 0.7776393625 0.7011826937500001
1 0.7000940953125 0.6849457875 0.7013921546875 0.6614217296875 0.6947832953125 0.6494989 0.6835524921875 0.6437651734375 0.65482646875 0.6411928890625 0.6404255015625 0.64781061875 0.6352313890625 0.6806049609375 0.6533765859375 0.6963324375 0.67129215625 0.6981812515625 0.6874504296875 0.695796790625 0.7000940953125 0.6849457875
1 0.62613934375 0.66136768125 0.62445795625 0.6413266656250001 0.606007228125 0.62752826875 0.579649575 0.625331096875 0.5595952515625 0.6369858390625 0.5565398921875 0.6562766265625 0.5600544953125 0.6647431687500001 0.5652115921875 0.6705036484375 0.5869473015625 0.678889921875 0.612579071875 0.6780059203125 0.62613934375 0.66136768125
1 0.5053911656250001 0.6649839656250001 0.5209383671875 0.6664576656250001 0.5344227265625 0.665627171875 0.5437814125 0.6601882921875 0.5497403046875 0.653222203125 0.5531012015625 0.6320023406249999 0.537629915625 0.6147208953125001 0.5142517125 0.60904068125 0.49274562343749995 0.6145330718750001 0.48709226718750004 0.619570078125 0.48197406875000004 0.6365566765625 0.4848776 0.6488813765625 0.49416037343749997 0.659250240625 0.5053911656250001 0.6649839656250001
1 0.473187559375 0.6153903203125 0.4642103265625 0.603092375 0.4553479046875 0.5977337625 0.4289902484375 0.5955365921875 0.4116098359375 0.6056373671874999 0.4076378671875 0.6307153890625 0.4166151 0.643013334375 0.4254775234375 0.6483719453125001 0.45049822031250003 0.6513461015625001 0.4718895015625 0.6389143796875 0.473187559375 0.6153903203125
1 0.3990809796875 0.6234277015624999 0.400684575 0.597974559375 0.386970590625 0.5849263890625 0.35350781875 0.5816038781249999 0.3384957796875 0.5920797640625 0.3345238109375 0.6171577921875 0.341743740625 0.6252224625 0.3553429125 0.6313313015625 0.37325848906250003 0.6331801140625 0.3843744734375 0.6319745078125 0.3990809796875 0.6234277015624999
1 0.29005986250000004 0.6219802203125 0.31569163125 0.6210962140625 0.3253558515625 0.61372825625 0.32955744062500003 0.602528896875 0.32787605468750003 0.58248788125 0.3206561203125 0.574423209375 0.30468857968749996 0.5679392578125 0.2780253875 0.5676711640625001 0.2627078140625 0.5800761296875 0.259346915625 0.6012959999999999 0.2649243578125 0.61206673125 0.2748181984375 0.618577440625 0.29005986250000004 0.6219802203125
1 0.22909321249999998 0.608369109375 0.2391777796875 0.60601140625 0.24574774375000003 0.5951871609375 0.2497197140625 0.5701091328125 0.24043694062499998 0.5597402687499999 0.2292061484375 0.55400654375 0.2001745875 0.5533633390625 0.1884475265625 0.5584271046875 0.1821830984375 0.5673222671875 0.1800443453125 0.580825821875 0.1832534140625 0.591221440625 0.19933576718749998 0.6046447265625 0.22909321249999998 0.608369109375
1 0.164306421875 0.58822053125 0.1715633734375 0.557730384375 0.1680487703125 0.5492638421875 0.1605232984375 0.5431282484375 0.1321028109375 0.5386268859375 0.1193443375 0.5425385546875 0.1096801140625 0.5499065140625 0.1033397703125 0.5746094203125 0.11025416562499998 0.584603175 0.12385333750000001 0.5907120140625 0.1512424078125 0.5940612796875 0.164306421875 0.58822053125
1 0.0806096546875 0.5265162296875 0.056925917187499994 0.52276509375 0.034197684374999995 0.535973796875 0.0305312515625 0.5591227421875 0.0395084828125 0.5714206875000001 0.04837090625 0.5767793 0.071023228125 0.5793783421875001 0.0897405984375 0.56850058125 0.0940181046875 0.541493478125 0.0806096546875 0.5265162296875
1 0.1173981859375 0.608475590625 0.1138835828125 0.6000090484375 0.100169596875 0.586960878125 0.07144357343749999 0.58438859375 0.0537576234375 0.5964184484375 0.0489449625 0.6114759640625 0.052154031249999996 0.6218715828125 0.0682363828125 0.63529486875 0.097993828125 0.6390192515625001 0.1146483609375 0.625837303125 0.1173981859375 0.608475590625
1 0.1911233140625 0.6181750359375 0.1753464921875 0.6028226703125 0.148988846875 0.6006255 0.1372617859375 0.6056892656249999 0.13130289374999998 0.612655353125 0.1276364609375 0.6358043 0.136919234375 0.6461731640624999 0.1481500265625 0.6519068890625 0.1731707234375 0.65488104375 0.18982525625 0.6416990953124999 0.1911233140625 0.6181750359375
1 0.2480420828125 0.6726719109375 0.2611060953125 0.6668311640625 0.2700444359375 0.6563820328125 0.2721831875 0.642878484375 0.26691128124999997 0.6301786703125 0.255260134375 0.6194346890625 0.2292080265625 0.615308440625 0.217480965625 0.620372203125 0.20854262656250003 0.6308213359375 0.203424428125 0.6478079343750001 0.2124016640625 0.6601058765625 0.2277581328125 0.6704479875 0.2480420828125 0.6726719109375
1 0.33731440625000003 0.6838450546875 0.35232645156250003 0.673369165625 0.35629842031250003 0.6482911437500001 0.3473211875 0.6359931984375 0.3384587640625 0.6306345859375 0.30499599375 0.6273120750000001 0.2876155734375 0.63741285 0.2818863046875 0.6582576 0.285095371875 0.668653225 0.30354610000000004 0.6824516218750001 0.316419390625 0.6854792875 0.33731440625000003 0.6838450546875
1 0.415470753125 0.696223803125 0.42544050625 0.68692676875 0.4294124765625 0.661848740625 0.4224980828125 0.651854990625 0.409204446875 0.6438170734375 0.38047842187500003 0.6412447890624999 0.3660774515625 0.6478625171875 0.360118559375 0.6548286046875 0.3567576625 0.676048475 0.3722289484375 0.693329915625 0.40168085312499996 0.6989833765625 0.415470753125 0.696223803125
1 0.472121 0.7140949421875 0.49496404531250004 0.7078255671875 0.5048189921875 0.6915892015625 0.5045893703125001 0.6777105328124999 0.4891180890625 0.6604290921875 0.4633715078125 0.6543737640625 0.45091856874999997 0.656356353125 0.438885971875 0.6633491953124999 0.430482790625 0.6857479140625 0.43575469843750003 0.6984477265625 0.4453430015625 0.706887515625 0.45420542499999994 0.7122461265625 0.472121 0.7140949421875
1 0.5472978937499999 0.729956734375 0.5704464765624999 0.7217582828125 0.5764053687499999 0.7147921953124999 0.5794607296875001 0.6955014078125 0.5762516625 0.6851057828125 0.5690317328125001 0.6770411125 0.5578009296875 0.6713073859375001 0.5364855687500001 0.6679313640625 0.521358715625 0.67146791875 0.5113889578124999 0.68076495625 0.5074169890625 0.7058429765625001 0.5273194859375 0.725803728125 0.5472978937499999 0.729956734375
1 0.6389385937500001 0.7415049875 0.6489083546875001 0.73220795 0.6528803234375 0.707129928125 0.641840246875 0.6925277890625 0.6329778234375001 0.687169178125 0.60188343125 0.68422178125 0.5838919421875 0.6981807109375 0.582288346875 0.7236338515625 0.5936339578125 0.7363069078125 0.6069275937499999 0.7443448265625 0.6224747890625 0.7458185265624999 0.6389385937500001 0.7415049875
1 0.6847783921875 0.7586526515625 0.6979572203125 0.7597512359375 0.7141154890625 0.7573667796875 0.7234741765625 0.7519279 0.730044140625 0.7411036546875 0.730425590625 0.7233668343749999 0.7269109874999999 0.7149002921875 0.7128914671875 0.703781196875 0.682102609375 0.698904721875 0.6620482812499999 0.7105594578125001 0.6583818484374999 0.7337084046875 0.661896453125 0.742174946875 0.6735476 0.7529189281249999 0.6847783921875 0.7586526515625
1 0.7986510703125 0.7677896921875 0.8035396468749999 0.7369244312500001 0.794562415625 0.7246264890624999 0.7640790843749999 0.7178209328125 0.7539945171875 0.7201786359375 0.7443303 0.7275465921875 0.7397472578125 0.7564827765625 0.7555240750000001 0.7718351390625 0.773134115625 0.775613028125 0.7892923828125 0.773228571875 0.7986510703125 0.7677896921875
1 0.83306935 0.7880720453125 0.8486165453125001 0.7895457453125 0.8647748140625 0.787161284375 0.8771129468750001 0.7782393640625 0.8819256093750001 0.7631818484374999 0.879022078125 0.7508571484375001 0.8679820046875 0.736255009375 0.8543828328125 0.7301461703125 0.8425409671875 0.728270603125 0.8203089875 0.730681815625 0.8076653234375 0.7415328156250001 0.8066728 0.7631278 0.8101874046875001 0.7715943421875 0.83306935 0.7880720453125
1 0.8072098359375 0.8363792796875 0.8183258203125 0.8351736734375 0.830969490625 0.824322671875 0.8343303859375 0.8031028078125001 0.83112131875 0.7927071828125001 0.8239013890625 0.7846425125 0.8082393734375 0.7762294796875 0.7866184781250001 0.7747825374999999 0.7765339109375 0.777140240625 0.7638902390625 0.7879912421874999 0.761981109375 0.815373459375 0.7821891437499999 0.833405128125 0.8072098359375 0.8363792796875
1 0.7354327375 0.8220446984375 0.749833703125 0.8154269671875 0.75678511875 0.7868659015625 0.7481134218750001 0.772638878125 0.7128933453124999 0.76508309375 0.7004404078124999 0.767065684375 0.6901651125 0.7782917968749999 0.6871097515625 0.7975825859375 0.6937186140625 0.80950541875 0.7090750828125 0.819847528125 0.71958 0.8225000765624999 0.7354327375 0.8220446984375
1 0.6359610296875 0.8062899281250001 0.649139853125 0.8073885125 0.6602558421875 0.8061829062499999 0.6773307187500001 0.7980112125 0.6836710625 0.7733082984374999 0.675304896875 0.7571521984375 0.65758005 0.746434975 0.6457381843750001 0.7445594062499999 0.6188842718750001 0.753159728125 0.6123143078125 0.7639839734375 0.60987001875 0.7794166031249999 0.6172047609375 0.79442060625 0.624730228125 0.8005562015625 0.6359610296875 0.8062899281250001
1 0.5763313328125 0.7919018328125 0.599479915625 0.7837033828125 0.6057443421875 0.7748082187499999 0.60818863125 0.7593755890625 0.5933284203125 0.7382359875 0.58209761875 0.7325022609375 0.56551900625 0.7298764671875 0.5503921546874999 0.733413021875 0.5380540218750001 0.7423349421875 0.5323247484375 0.7631796984375 0.533776515625 0.7693420453125001 0.5560473890625001 0.789677909375 0.5763313328125 0.7919018328125
1 0.52460855625 0.7659125140625 0.531254434375 0.7392805250000001 0.5137203140625 0.7196948890625 0.48025754374999996 0.716372378125 0.462571590625 0.72840223125 0.45890515781249996 0.7515511765625 0.4655140140625 0.76347400625 0.47880765 0.7715119234375 0.4987860640625 0.7756649265625 0.5176182421875 0.7717265046875 0.52460855625 0.7659125140625
1 0.42093525937500004 0.761357103125 0.437093528125 0.7589726421874999 0.449126125 0.7519797984375 0.4554664671875 0.727276890625 0.4501945625 0.7145770765624999 0.4426690953125 0.7084414812500001 0.412185765625 0.7016359249999999 0.402101196875 0.703993628125 0.38976306875 0.712915553125 0.3837282625 0.735689384375 0.385180028125 0.7418517312499999 0.40332522031250007 0.757579209375 0.42093525937500004 0.761357103125
1 0.3669589171875 0.7419319984375 0.376623140625 0.7345640437500001 0.3809006453125 0.707556940625 0.37398624687500004 0.6975631859375 0.3606926109375 0.68952526875 0.32959821875 0.686577871875 0.3119122640625 0.698607721875 0.3079402953125 0.72368575 0.3169175328125 0.7359836921875 0.32577995625 0.7413423046875 0.353169021875 0.7446915703125 0.3669589171875 0.7419319984375
1 0.29075060625 0.7249181124999999 0.297396484375 0.698286121875 0.28429357187500004 0.6813797921875 0.253504715625 0.676503315625 0.2387982078125 0.685050125 0.23245786562499998 0.7097530328125 0.24349793593750002 0.724355171875 0.2523603578125 0.7297137828125 0.27027593437499997 0.73156259375 0.28139191874999997 0.7303569890625 0.29075060625 0.7249181124999999
1 0.1563643609375 0.6996784796875 0.16977281093750002 0.7146557296875 0.1968563421875 0.7199340734375 0.20797233125 0.71872846875 0.2226788328125 0.7101816609375 0.233144853125 0.69008713125 0.2302413203125 0.67776243125 0.22302138437500002 0.669697759375 0.20735938125 0.6612847281249999 0.1955175046875 0.659409159375 0.17565390625 0.6621954875 0.1662952234375 0.667634365625 0.16033633125 0.6746004531249999 0.154912596875 0.6935161265625001 0.1563643609375 0.6996784796875
1 0.13772290781250002 0.694748490625 0.1434521765625 0.6739037390625 0.140243109375 0.663508115625 0.1309603421875 0.6531392515625 0.105213759375 0.6470839234375 0.0951291921875 0.6494416265625 0.0827910625 0.658363546875 0.0767562546875 0.6811373781250001 0.080270859375 0.6896039218750001 0.0919220015625 0.7003479015625 0.1169426984375 0.703322053125 0.13772290781250002 0.694748490625
1 0.046502553125 0.6882104890625 0.069345596875 0.6819411203125 0.0813392953125 0.6522012 0.0778246921875 0.6437346578125 0.06793084687499999 0.6372239484375 0.0567000546875 0.6314902234375 0.037753062500000004 0.6284893140625 0.012961989062500002 0.639393825 0.00402365 0.64984295625 0.00280150625 0.6575592718750001 0.0060105718750000005 0.6679548953125 0.0191134859375 0.6848612234375 0.046502553125 0.6882104890625
1 0.3432770546875 0.799482759375 0.35213947968750003 0.804841371875 0.37479180156249997 0.807440409375 0.3955720109375 0.7988668453125001 0.40481588281249997 0.7864886375 0.4066491 0.774914165625 0.4055028703125 0.7668227375 0.394157259375 0.7541496765625 0.3829264671875 0.7484159515625 0.3687162234375 0.7461652703125 0.35122099218749997 0.7493267109375 0.3388828640625 0.7582486328125 0.3320073640625 0.771001959375 0.3322369859375 0.784880621875 0.3432770546875 0.799482759375
1 0.474339421875 0.8073874359375001 0.47563748125 0.7838633781250001 0.46429187031249997 0.7711903203125 0.43380855 0.764384765625 0.4237239828125 0.76674246875 0.41108031250000004 0.77759346875 0.407719415625 0.7988133375 0.42051679374999995 0.8176487453125001 0.4476003234375 0.8229270890624999 0.4590218484375 0.8197924046875 0.474339421875 0.8073874359375001
1 0.5359560390625 0.8398874671875 0.5539475281249999 0.8259285375 0.5579194984375 0.8008505109374999 0.546879428125 0.7862483765625 0.5380170046874999 0.7808897640625 0.5092909796875 0.7783174796875 0.48923665468750005 0.7899722171875 0.48557022187500004 0.8131211625000001 0.49836759218750004 0.831956571875 0.5095983953125 0.8376902968750001 0.5298823390625 0.8399142218750001 0.5359560390625 0.8398874671875
1 0.6291244234375 0.8417903296875 0.6313390921875001 0.81247903125 0.61556226875 0.79712666875 0.5871417812499999 0.7926253062499999 0.5670874578125 0.804280046875 0.562809953125 0.83128715 0.56632455625 0.8397536921875 0.5779757 0.8504976703124999 0.605059234375 0.8557760140624999 0.6164807546875 0.8526413296875001 0.6291244234375 0.8417903296875
1 0.6892892796875 0.8681280093750001 0.707280765625 0.8541690781250001 0.7085788234375 0.8306450203125 0.6931075421874999 0.813363575 0.664992590625 0.8069331343749999 0.6549080218750001 0.8092908375000001 0.63959044375 0.8216958015625 0.63859791875 0.8432907843749999 0.6421125234375 0.8517573265625 0.6558265078125001 0.864805496875 0.6805416640625 0.86970873125 0.6892892796875 0.8681280093750001
1 0.7401713625 0.8840968234375 0.7509818109374999 0.8848202953125 0.7644661734375 0.8839898015625 0.779172678125 0.875442990625 0.784901946875 0.8545982406249999 0.781998415625 0.842273540625 0.7727156468749999 0.8319046734375 0.76179038125 0.82424186875 0.7475801375 0.8219911874999999 0.7274110015625 0.82670659375 0.715072871875 0.8356285171875 0.7120175109375 0.85491930625 0.7268777265625 0.8760589046874999 0.7401713625 0.8840968234375
1 0.8476647953124999 0.895189696875 0.8579400890625 0.88396358125 0.8603843781249999 0.8685309515625 0.855418009375 0.8539020624999999 0.8369672765624999 0.8401036609375 0.818020284375 0.8371027515625 0.80319896875 0.838710228125 0.7881869296875 0.8491861140625 0.786583334375 0.87463925625 0.8109170453125 0.8972793093749999 0.831200990625 0.8995032328124999 0.8476647953124999 0.895189696875