1 0.11753217187500001 0.0859375 0.0897288609375 0.0859375 0.07329963125 0.09863281406249999 0.07329963125 0.12011718593750001 0.07582720781249999 0.1259765625 0.0947840046875 0.140625 0.11121323593750002 0.1435546859375 0.13901654531250002 0.1298828140625 0.14154411718749998 0.10644531406249999 0.12764246562499998 0.08984375156249999 0.11753217187500001 0.0859375
1 0.205997240625 0.09375 0.193359375 0.08789062343750001 0.1706112140625 0.08789062343750001 0.16050092031250002 0.09179687656249999 0.1491268390625 0.10449218593750001 0.1516544125 0.1279296859375 0.1706112140625 0.1386718765625 0.18198529375 0.1396484375 0.20346966875 0.1347656234375 0.2173713265625 0.1162109375 0.2148437484375 0.1025390625 0.205997240625 0.09375
1 0.2742417265625 0.08984375156249999 0.24391084531249999 0.08984375156249999 0.227481615625 0.1025390625 0.227481615625 0.1240234375 0.2325367640625 0.1318359375 0.24643841718749998 0.140625 0.272977940625 0.1396484375 0.2792968765625 0.1386718765625 0.29319852968750004 0.1240234375 0.29319852968750004 0.10644531406249999 0.2742417265625 0.08984375156249999
1 0.3639705875 0.1005859375 0.3500689359375 0.09179687656249999 0.319738053125 0.09179687656249999 0.3033088234375 0.10644531406249999 0.3033088234375 0.1240234375 0.3247931984375 0.140625 0.346277571875 0.1396484375 0.3639705875 0.1298828140625 0.3690257328125 0.12011718593750001 0.3690257328125 0.1083984375 0.3639705875 0.1005859375
1 0.4334788609375 0.09570312343750001 0.42084099531249997 0.09179687656249999 0.39556525625 0.09375 0.3816636046875 0.10644531406249999 0.3841911765625 0.1318359375 0.398092828125 0.140625 0.42715992500000005 0.1396484375 0.44485294062499997 0.1259765625 0.44485294062499997 0.1103515625 0.43979779687500004 0.1025390625 0.4334788609375 0.09570312343750001
1 0.5067784921875 0.09570312343750001 0.4966681984375 0.09375 0.4688648875 0.09570312343750001 0.460018384375 0.1025390625 0.4549632359375 0.1240234375 0.46254595781249996 0.1337890625 0.4739200375 0.140625 0.502987134375 0.1396484375 0.52068015 0.1259765625 0.52068015 0.11230468593750001 0.515625 0.1025390625 0.5067784921875 0.09570312343750001
1 0.5800781234375 0.09570312343750001 0.54721966875 0.09570312343750001 0.533318015625 0.1083984375 0.533318015625 0.1259765625 0.54721966875 0.140625 0.5687040421875 0.1416015625 0.5851332734375 0.1386718765625 0.596507353125 0.1298828140625 0.5939797812500001 0.10449218593750001 0.5800781234375 0.09570312343750001
1 0.653377759375 0.09570312343750001 0.6205193 0.09765624843750001 0.6091452187499999 0.1083984375 0.6091452187499999 0.1298828140625 0.6255744484375 0.1425781234375 0.6470588234375 0.1435546859375 0.669806984375 0.1337890625 0.674862134375 0.1240234375 0.6723345562499999 0.1103515625 0.653377759375 0.09570312343750001
1 0.7039292296874999 0.09765624843750001 0.6875 0.11425781406249999 0.6875 0.1298828140625 0.7064568015625 0.1445312484375 0.7329963203125 0.1455078140625 0.7506893375 0.1357421859375 0.7532169093750001 0.1103515625 0.73931525625 0.09765624843750001 0.7039292296874999 0.09765624843750001
1 0.8100873156249999 0.09765624843750001 0.7848115828125 0.09765624843750001 0.7633272078125 0.11425781406249999 0.7633272078125 0.1318359375 0.7797564328125001 0.1445312484375 0.8088235296875 0.1455078140625 0.820197609375 0.1425781234375 0.8265165453125001 0.1337890625 0.8265165453125001 0.1083984375 0.8100873156249999 0.09765624843750001
1 0.9073988984374999 0.1162109375 0.8934972406250001 0.09960937656249999 0.880859375 0.09570312343750001 0.8656939359375 0.09570312343750001 0.841681984375 0.1083984375 0.8391544124999999 0.1279296859375 0.8530560640625 0.1425781234375 0.8656939359375 0.1464843765625 0.8795955875000001 0.1455078140625 0.89096966875 0.1445312484375 0.8998161765624999 0.1396484375 0.9073988984374999 0.1259765625 0.9073988984374999 0.1162109375
1 0.9377297812500001 0.1572265625 0.9238281234375 0.1484375 0.89602481875 0.1484375 0.8795955875000001 0.1591796859375 0.8745404390625 0.1669921859375 0.877068015625 0.1865234375 0.888442096875 0.1953125 0.9099264703125 0.1982421859375 0.9314108453125 0.1953125 0.942784925 0.1806640625 0.942784925 0.1650390625 0.9377297812500001 0.1572265625
1 0.859375 0.1552734375 0.8480009203125001 0.1484375 0.8252527593749999 0.1464843765625 0.815142465625 0.1503906234375 0.8012408078125001 0.1650390625 0.8012408078125001 0.1845703140625 0.8075597437500001 0.1933593765625 0.8391544124999999 0.1962890625 0.8505284921875 0.1953125 0.8619025718750001 0.1865234375 0.866957721875 0.1669921859375 0.859375 0.1552734375
1 0.7671185671874999 0.1464843765625 0.746897978125 0.1464843765625 0.7342601125 0.1523437515625 0.7254136046874999 0.1611328140625 0.7254136046874999 0.1845703140625 0.7443704062500001 0.1953125 0.768382353125 0.1943359375 0.78607536875 0.1865234375 0.7911305140625 0.1630859375 0.7772288609375 0.1503906234375 0.7671185671874999 0.1464843765625
1 0.6710707703125001 0.1445312484375 0.6495863953125001 0.1572265625 0.6470588234375 0.1767578140625 0.663488053125 0.1933593765625 0.695082721875 0.1923828140625 0.7102481609375 0.1806640625 0.7102481609375 0.1572265625 0.6887637859375 0.1445312484375 0.6710707703125001 0.1445312484375
1 0.5901884171875 0.1464843765625 0.5737591921874999 0.1591796859375 0.571231615625 0.1787109375 0.5876608453125 0.1933593765625 0.6192555140625 0.1923828140625 0.6344209578125 0.1806640625 0.6369485296875 0.1630859375 0.6154641546875 0.1464843765625 0.5901884171875 0.1464843765625
1 0.539636946875 0.1445312484375 0.5194163578125 0.1425781234375 0.49793198437499997 0.1533203140625 0.49287683906249996 0.1689453140625 0.4954044125 0.1787109375 0.4991957703125 0.1855468765625 0.5168887859375 0.1933593765625 0.5358455875 0.1923828140625 0.5535386046874999 0.1826171859375 0.5585937484375 0.1728515625 0.5585937484375 0.1611328140625 0.539636946875 0.1445312484375
1 0.4334788609375 0.1445312484375 0.41704963125 0.1572265625 0.41957720781249996 0.1806640625 0.43853400468750003 0.1914062484375 0.46507352968750004 0.1904296859375 0.4802389734375 0.1787109375 0.4802389734375 0.1552734375 0.46128217187500004 0.1425781234375 0.4334788609375 0.1445312484375
1 0.40188419218749993 0.1552734375 0.38292739062500003 0.1425781234375 0.3601792296875 0.1425781234375 0.33869485625 0.1552734375 0.33869485625 0.1748046859375 0.34375 0.1826171859375 0.35512407968750004 0.1894531234375 0.3791360328125 0.1904296859375 0.3905101125 0.1875 0.39935662031249997 0.1806640625 0.4044117640625 0.1708984375 0.40188419218749993 0.1552734375
1 0.284352021875 0.140625 0.27171415468750004 0.1445312484375 0.260340075 0.1552734375 0.262867646875 0.1767578140625 0.2818244484375 0.1894531234375 0.3058363953125 0.1884765625 0.32605698437499997 0.1728515625 0.3235294125 0.1533203140625 0.30457260937499997 0.140625 0.284352021875 0.140625
1 0.205997240625 0.1386718765625 0.195886946875 0.1425781234375 0.184512865625 0.1552734375 0.1870404390625 0.1748046859375 0.20346966875 0.1875 0.2300091921875 0.1865234375 0.25022978125 0.1728515625 0.25022978125 0.1533203140625 0.23127297812499997 0.1386718765625 0.205997240625 0.1386718765625
1 0.150390625 0.1367187515625 0.1251148875 0.1386718765625 0.1086856625 0.1513671859375 0.1086856625 0.1708984375 0.1137408078125 0.1787109375 0.1251148875 0.1855468765625 0.1516544125 0.1845703140625 0.171875 0.1689453140625 0.171875 0.1513671859375 0.16050092031250002 0.140625 0.150390625 0.1367187515625
1 0.1289062515625 0.2001953140625 0.11753217187500001 0.1894531234375 0.10742187656249999 0.1855468765625 0.0922564328125 0.1855468765625 0.070772059375 0.1962890625 0.065716909375 0.2041015625 0.065716909375 0.2177734375 0.0821461390625 0.2363281234375 0.101102940625 0.2373046859375 0.11753217187500001 0.234375 0.1289062515625 0.2255859375 0.1314338234375 0.2119140625 0.1289062515625 0.2001953140625
1 0.1756663578125 0.1875 0.1554457703125 0.1933593765625 0.1465992625 0.2001953140625 0.1440716890625 0.2197265625 0.16050092031250002 0.2363281234375 0.1870404390625 0.2373046859375 0.20726102656249998 0.2255859375 0.2097886046875 0.2080078140625 0.195886946875 0.1914062484375 0.1756663578125 0.1875
1 0.2805606625 0.2001953140625 0.2641314328125 0.1914062484375 0.24391084531249999 0.1914062484375 0.23127297812499997 0.1953125 0.21989889843750002 0.2080078140625 0.22242647031249999 0.2294921859375 0.2388557 0.2402343765625 0.2679227921875 0.2392578140625 0.2805606625 0.2314453140625 0.2856158078125 0.2236328140625 0.2856158078125 0.2080078140625 0.2805606625 0.2001953140625
1 0.35386029375 0.1982421859375 0.3374310640625 0.1914062484375 0.322265625 0.1914062484375 0.3020450375 0.1992187515625 0.2957261015625 0.2080078140625 0.2957261015625 0.2177734375 0.3033088234375 0.2333984375 0.3172104765625 0.2402343765625 0.34375 0.2392578140625 0.35386029375 0.2353515625 0.3639705875 0.2216796859375 0.3639705875 0.2119140625 0.35386029375 0.1982421859375
1 0.42084099531249997 0.1933593765625 0.40062040625 0.1933593765625 0.38292739062500003 0.2011718765625 0.3740808828125 0.2158203140625 0.3791360328125 0.2333984375 0.398092828125 0.2421875 0.424632353125 0.2412109375 0.4334788609375 0.2382812484375 0.44232536875 0.2294921859375 0.43979779687500004 0.2041015625 0.42084099531249997 0.1933593765625
1 0.518152571875 0.2080078140625 0.4966681984375 0.1933593765625 0.47644760937499997 0.1933593765625 0.46380974375 0.1992187515625 0.4549632359375 0.2080078140625 0.4524356625 0.2236328140625 0.45749080781250007 0.2333984375 0.46633731562499997 0.2382812484375 0.47644760937499997 0.2421875 0.4954044125 0.2412109375 0.5067784921875 0.2382812484375 0.518152571875 0.2294921859375 0.52068015 0.2138671859375 0.518152571875 0.2080078140625
1 0.5775505515625 0.1972656234375 0.549747240625 0.1972656234375 0.5307904390625 0.2119140625 0.5307904390625 0.2294921859375 0.544692096875 0.2421875 0.5737591921874999 0.2431640625 0.5939797812500001 0.2333984375 0.596507353125 0.2138671859375 0.591452203125 0.2060546859375 0.5775505515625 0.1972656234375
1 0.658432903125 0.2011718765625 0.648322609375 0.1972656234375 0.6306295937499999 0.1972656234375 0.6116727921875 0.2080078140625 0.606617646875 0.2158203140625 0.606617646875 0.2255859375 0.6091452187499999 0.2333984375 0.6230468765625 0.2441406234375 0.63568474375 0.2480468765625 0.6445312515625 0.2470703140625 0.6609604765625 0.2421875 0.669806984375 0.2353515625 0.6723345562499999 0.2138671859375 0.658432903125 0.2011718765625
1 0.73931525625 0.2011718765625 0.7292049625 0.1972656234375 0.7064568015625 0.1972656234375 0.684972428125 0.2138671859375 0.684972428125 0.2314453140625 0.701401653125 0.2441406234375 0.7228860328125 0.2451171859375 0.7342601125 0.2441406234375 0.7481617640625 0.2353515625 0.7506893375 0.2119140625 0.73931525625 0.2011718765625
1 0.8075597437500001 0.1992187515625 0.7848115828125 0.1992187515625 0.7633272078125 0.2158203140625 0.7633272078125 0.2333984375 0.7822840046875 0.2480468765625 0.8088235296875 0.2470703140625 0.8176700374999999 0.2441406234375 0.8265165453125001 0.2333984375 0.8265165453125001 0.2138671859375 0.8075597437500001 0.1992187515625
1 0.8833869468750001 0.2011718765625 0.8581112140625 0.2011718765625 0.841681984375 0.2138671859375 0.8442095609375 0.2392578140625 0.8581112140625 0.2480468765625 0.8897058828125 0.2470703140625 0.8998161765624999 0.2412109375 0.9048713265625 0.2333984375 0.9023437484375 0.2119140625 0.8833869468750001 0.2011718765625
1 0.9263557 0.2519531234375 0.89602481875 0.2519531234375 0.877068015625 0.2626953140625 0.877068015625 0.2861328140625 0.8934972406250001 0.2988281234375 0.9225643375000001 0.2998046859375 0.9288832734374999 0.2988281234375 0.942784925 0.2841796859375 0.942784925 0.2666015625 0.9263557 0.2519531234375
1 0.8404181984375001 0.25 0.82272518125 0.25 0.8126148875 0.2539062484375 0.8012408078125001 0.2646484375 0.8012408078125001 0.2880859375 0.820197609375 0.2988281234375 0.8442095609375 0.2978515625 0.8530560640625 0.296875 0.8619025718750001 0.2861328140625 0.8619025718750001 0.2607421859375 0.8404181984375001 0.25
1 0.783547796875 0.2607421859375 0.7620634171875 0.25 0.7443704062500001 0.25 0.7342601125 0.2539062484375 0.7228860328125 0.2646484375 0.7228860328125 0.2861328140625 0.73931525625 0.296875 0.770909925 0.2958984375 0.7810202187499999 0.2900390625 0.78607536875 0.2822265625 0.7886029406249999 0.2724609375 0.783547796875 0.2607421859375
1 0.6710707703125001 0.2480468765625 0.6495863953125001 0.2607421859375 0.6470588234375 0.2822265625 0.666015625 0.296875 0.69761029375 0.2958984375 0.7102481609375 0.2861328140625 0.7102481609375 0.2626953140625 0.6862362140625 0.2480468765625 0.6710707703125001 0.2480468765625
1 0.5977711390625 0.2460937515625 0.5851332734375 0.25 0.5687040421875 0.2626953140625 0.5687040421875 0.2783203140625 0.5762867640625 0.2880859375 0.5876608453125 0.2949218765625 0.61420036875 0.2939453140625 0.6318933796875 0.2822265625 0.6318933796875 0.2626953140625 0.6129365828125 0.2480468765625 0.5977711390625 0.2460937515625
1 0.5168887859375 0.2460937515625 0.49287683906249996 0.2607421859375 0.4903492625 0.2744140625 0.5067784921875 0.2929687515625 0.5358455875 0.2939453140625 0.5535386046874999 0.2841796859375 0.5560661765625 0.2626953140625 0.537109375 0.2480468765625 0.5168887859375 0.2460937515625
1 0.43853400468750003 0.2441406234375 0.4258961390625 0.2480468765625 0.4119944859375 0.2587890625 0.4119944859375 0.2802734375 0.42084099531249997 0.2890625 0.4309512890625 0.2929687515625 0.4549632359375 0.2919921859375 0.4751838234375 0.2802734375 0.4777113953125 0.2626953140625 0.45875459375 0.2460937515625 0.43853400468750003 0.2441406234375
1 0.38039981875 0.2421875 0.35765165312499997 0.2421875 0.33616727812499997 0.2587890625 0.33869485625 0.2802734375 0.3450137859375 0.2871093765625 0.35765165312499997 0.2910156234375 0.3791360328125 0.2900390625 0.3854549625 0.2890625 0.39935662031249997 0.2783203140625 0.40188419218749993 0.2587890625 0.38039981875 0.2421875
1 0.3184742671875 0.2529296859375 0.30457260937499997 0.2421875 0.28687959375 0.2402343765625 0.2691865828125 0.2460937515625 0.257812503125 0.2548828140625 0.255284925 0.2646484375 0.260340075 0.2802734375 0.2691865828125 0.2871093765625 0.29319852968750004 0.2900390625 0.30457260937499997 0.2890625 0.3134191171875 0.2841796859375 0.3235294125 0.2646484375 0.3184742671875 0.2529296859375
1 0.1984145234375 0.2421875 0.179457721875 0.2568359375 0.18198529375 0.2783203140625 0.195886946875 0.2890625 0.22495404218749998 0.2880859375 0.242647059375 0.2744140625 0.242647059375 0.2548828140625 0.22874540625 0.2421875 0.1984145234375 0.2421875
1 0.16176470625 0.2470703140625 0.147863053125 0.2402343765625 0.122587315625 0.2402343765625 0.10363051406249998 0.2509765625 0.101102940625 0.2724609375 0.11753217187500001 0.2871093765625 0.14154411718749998 0.2880859375 0.16176470625 0.2783203140625 0.16681985 0.2685546859375 0.16681985 0.2548828140625 0.16176470625 0.2470703140625
1 0.10742187656249999 0.2890625 0.0821461390625 0.2890625 0.0631893375 0.3037109375 0.0631893375 0.3232421859375 0.0796185671875 0.3378906234375 0.10363051406249998 0.3369140625 0.1213235296875 0.3291015625 0.1289062515625 0.3115234375 0.1263786734375 0.3037109375 0.10742187656249999 0.2890625
1 0.26665900468750003 0.2949218765625 0.2363281234375 0.2949218765625 0.2173713265625 0.3095703140625 0.21989889843750002 0.3330078140625 0.2338005515625 0.3417968765625 0.257812503125 0.3427734375 0.2742417265625 0.3359375 0.2830882359375 0.3271484375 0.2830882359375 0.3076171859375 0.26665900468750003 0.2949218765625
1 0.193359375 0.2949218765625 0.1731387859375 0.2890625 0.150390625 0.296875 0.14154411718749998 0.3037109375 0.13901654531250002 0.3193359375 0.1440716890625 0.3310546859375 0.1529181984375 0.3378906234375 0.18198529375 0.3388671859375 0.1883042296875 0.3378906234375 0.20220588281250002 0.3271484375 0.2047334546875 0.3056640625 0.193359375 0.2949218765625
1 0.3374310640625 0.2949218765625 0.319738053125 0.2949218765625 0.2957261015625 0.3076171859375 0.2957261015625 0.3349609375 0.3172104765625 0.3457031234375 0.33616727812499997 0.3447265625 0.3450137859375 0.34375 0.356387865625 0.3349609375 0.35891544375 0.3095703140625 0.3374310640625 0.2949218765625
1 0.39556525625 0.2949218765625 0.3740808828125 0.3076171859375 0.3740808828125 0.3310546859375 0.393037684375 0.34375 0.41452205937500003 0.3427734375 0.434742646875 0.3310546859375 0.43727021875 0.3115234375 0.41831341718750004 0.296875 0.39556525625 0.2949218765625
1 0.4991957703125 0.3007812484375 0.47897518124999994 0.2949218765625 0.4524356625 0.3076171859375 0.4473805140625 0.3251953140625 0.46128217187500004 0.34375 0.4852941171875 0.3466796859375 0.4966681984375 0.34375 0.51056985 0.3330078140625 0.513097428125 0.3134765625 0.4991957703125 0.3007812484375
1 0.575022978125 0.3007812484375 0.554802390625 0.296875 0.5345818015625 0.3066406234375 0.528262865625 0.3134765625 0.528262865625 0.3330078140625 0.539636946875 0.34375 0.549747240625 0.3476562484375 0.571231615625 0.3466796859375 0.5800781234375 0.34375 0.591452203125 0.3330078140625 0.591452203125 0.3134765625 0.575022978125 0.3007812484375
1 0.6306295937499999 0.2988281234375 0.606617646875 0.3134765625 0.604090075 0.3271484375 0.6091452187499999 0.3369140625 0.6205193 0.3457031234375 0.6495863953125001 0.3466796859375 0.6647518390625 0.3388671859375 0.669806984375 0.3154296859375 0.6508501812499999 0.3007812484375 0.6306295937499999 0.2988281234375
1 0.7292049625 0.3027343765625 0.7064568015625 0.3007812484375 0.684972428125 0.3134765625 0.679917278125 0.3232421859375 0.68244485625 0.3349609375 0.701401653125 0.3496093765625 0.7254136046874999 0.3505859375 0.7431066203125 0.3408203140625 0.7481617640625 0.3193359375 0.7431066203125 0.3115234375 0.7292049625 0.3027343765625
1 0.8025045937499999 0.3007812484375 0.7772288609375 0.3027343765625 0.76079963125 0.3173828140625 0.76079963125 0.3310546859375 0.768382353125 0.3408203140625 0.7822840046875 0.3496093765625 0.8037683843749999 0.3486328140625 0.815142465625 0.3457031234375 0.8239889734375 0.3349609375 0.8239889734375 0.3134765625 0.8025045937499999 0.3007812484375
1 0.8998161765624999 0.3115234375 0.8859145234374999 0.3046875 0.8581112140625 0.3027343765625 0.841681984375 0.3154296859375 0.841681984375 0.3388671859375 0.8581112140625 0.3515625 0.8871783109375 0.3525390625 0.8998161765624999 0.3447265625 0.9048713265625 0.3369140625 0.9048713265625 0.3193359375 0.8998161765624999 0.3115234375
1 0.9263557 0.3554687515625 0.888442096875 0.3574218765625 0.877068015625 0.3701171859375 0.877068015625 0.3857421859375 0.8821231609375 0.3955078140625 0.9010799625000001 0.40625 0.9250919140624999 0.4052734375 0.9377297812500001 0.3974609375 0.942784925 0.3896484375 0.940257353125 0.3662109375 0.9263557 0.3554687515625
1 0.8480009203125001 0.3574218765625 0.837890625 0.3535156234375 0.820197609375 0.3535156234375 0.8012408078125001 0.3642578140625 0.7961856625 0.3720703140625 0.7961856625 0.3837890625 0.8100873156249999 0.3984375 0.82272518125 0.4023437515625 0.8315716890625 0.4013671859375 0.845473346875 0.4003906234375 0.8568474281249999 0.3935546859375 0.8619025718750001 0.3701171859375 0.8480009203125001 0.3574218765625
1 0.7696461390625 0.3574218765625 0.7595358453125 0.3535156234375 0.73931525625 0.3535156234375 0.7203584546874999 0.3662109375 0.7203584546874999 0.3857421859375 0.73931525625 0.4003906234375 0.768382353125 0.3994140625 0.778492646875 0.3935546859375 0.783547796875 0.3857421859375 0.783547796875 0.3701171859375 0.7696461390625 0.3574218765625
1 0.6786534921875 0.3496093765625 0.6710707703125001 0.3496093765625 0.658432903125 0.3535156234375 0.6420036796875 0.3662109375 0.6420036796875 0.3837890625 0.663488053125 0.4003906234375 0.684972428125 0.3994140625 0.7026654437500001 0.3896484375 0.7077205875 0.3720703140625 0.6963465078125 0.3574218765625 0.6786534921875 0.3496093765625
1 0.5876608453125 0.3515625 0.5661764703125 0.3662109375 0.5661764703125 0.3896484375 0.5826057 0.4003906234375 0.6116727921875 0.3994140625 0.6268382359375 0.3896484375 0.6293658078125001 0.3662109375 0.6028262890625 0.3515625 0.5876608453125 0.3515625
1 0.5067784921875 0.3515625 0.48782168906249995 0.3623046859375 0.48782168906249995 0.3916015625 0.5042509203125001 0.4003906234375 0.5307904390625 0.3994140625 0.5484834546874999 0.3935546859375 0.5510110265625 0.3662109375 0.529526653125 0.3515625 0.5067784921875 0.3515625
1 0.456227021875 0.3515625 0.43853400468750003 0.3476562484375 0.42084099531249997 0.3535156234375 0.409466909375 0.3623046859375 0.4069393375 0.3818359375 0.4119944859375 0.3896484375 0.4284237109375 0.3984375 0.4499080859375 0.3974609375 0.4676011015625 0.3876953140625 0.4751838234375 0.3720703140625 0.4726562515625 0.3642578140625 0.456227021875 0.3515625
1 0.38039981875 0.3515625 0.3702895234375 0.3476562484375 0.35765165312499997 0.3476562484375 0.331112134375 0.3623046859375 0.331112134375 0.3876953140625 0.3424862140625 0.3964843765625 0.3664981609375 0.3974609375 0.37534466875 0.3964843765625 0.3892463203125 0.3857421859375 0.3917738984375 0.3642578140625 0.38039981875 0.3515625
1 0.28687959375 0.3457031234375 0.26665900468750003 0.3515625 0.255284925 0.3603515625 0.252757353125 0.3720703140625 0.2641314328125 0.390625 0.2792968765625 0.3964843765625 0.2957261015625 0.3955078140625 0.3134191171875 0.3837890625 0.3159466890625 0.3603515625 0.30457260937499997 0.3496093765625 0.28687959375 0.3457031234375
1 0.221162684375 0.34375 0.20094209687500003 0.34375 0.18324907968749998 0.3496093765625 0.174402571875 0.3603515625 0.179457721875 0.3837890625 0.1883042296875 0.390625 0.2173713265625 0.3916015625 0.22369025625 0.390625 0.23759191406250002 0.3759765625 0.23759191406250002 0.3544921859375 0.221162684375 0.34375
1 0.14028033125 0.34375 0.11753217187500001 0.34375 0.10236672656250001 0.3476562484375 0.090992646875 0.3603515625 0.09352021875 0.3798828140625 0.10236672656250001 0.3886718765625 0.112477021875 0.3925781234375 0.1339613953125 0.3916015625 0.14028033125 0.390625 0.154181984375 0.3798828140625 0.1567095609375 0.3525390625 0.14028033125 0.34375
1 0.185776653125 0.4023437515625 0.1529181984375 0.4023437515625 0.1453354765625 0.4042968765625 0.1339613953125 0.4150390625 0.1364889734375 0.4423828140625 0.150390625 0.4511718765625 0.164292278125 0.4521484375 0.18072150781250002 0.4492187515625 0.1971507375 0.4326171859375 0.1996783109375 0.4150390625 0.185776653125 0.4023437515625
1 0.2755055140625 0.4208984375 0.2590762890625 0.40625 0.2363281234375 0.40625 0.2148437484375 0.4189453140625 0.2148437484375 0.4443359375 0.22874540625 0.4550781234375 0.25022978125 0.4560546859375 0.2590762890625 0.4550781234375 0.272977940625 0.4443359375 0.27803309062500003 0.4345703140625 0.2755055140625 0.4208984375
1 0.3525965078125 0.4121093765625 0.3349034921875 0.4042968765625 0.30710018125 0.40625 0.2957261015625 0.4130859375 0.28814337968750003 0.4248046859375 0.29319852968750004 0.4501953140625 0.31468290312499997 0.4609375 0.33869485625 0.4599609375 0.34880514375 0.4560546859375 0.36144301562500003 0.4404296859375 0.35891544375 0.4189453140625 0.3525965078125 0.4121093765625
1 0.41831341718750004 0.4101562484375 0.393037684375 0.4082031234375 0.38039981875 0.4121093765625 0.3690257328125 0.4208984375 0.3664981609375 0.4482421859375 0.38039981875 0.4609375 0.3905101125 0.4648437515625 0.409466909375 0.4638671859375 0.4258961390625 0.4589843765625 0.434742646875 0.4482421859375 0.434742646875 0.4228515625 0.41831341718750004 0.4101562484375
1 0.486557903125 0.4023437515625 0.46128217187500004 0.4042968765625 0.44485294062499997 0.4150390625 0.44485294062499997 0.4384765625 0.46633731562499997 0.453125 0.48782168906249995 0.4521484375 0.508042278125 0.4384765625 0.51056985 0.4208984375 0.50551470625 0.4130859375 0.486557903125 0.4023437515625
1 0.5421645234375 0.40625 0.529526653125 0.4121093765625 0.52068015 0.4208984375 0.523207721875 0.4462890625 0.5421645234375 0.4570312484375 0.5687040421875 0.4560546859375 0.5863970593750001 0.4423828140625 0.5863970593750001 0.4208984375 0.56744025625 0.40625 0.5421645234375 0.40625
1 0.648322609375 0.4082031234375 0.6382123156249999 0.4042968765625 0.6255744484375 0.4042968765625 0.601562503125 0.4169921859375 0.599034925 0.4404296859375 0.6129365828125 0.453125 0.6344209578125 0.4560546859375 0.648322609375 0.453125 0.6622242671875 0.4423828140625 0.6647518390625 0.4248046859375 0.648322609375 0.4082031234375
1 0.815142465625 0.4140625 0.7949218765625 0.4042968765625 0.7747012890625 0.40625 0.7582720593750001 0.4169921859375 0.7582720593750001 0.4404296859375 0.7797564328125001 0.4550781234375 0.8012408078125001 0.4541015625 0.8164062515625 0.4462890625 0.8214613953125 0.4365234375 0.8214613953125 0.4228515625 0.815142465625 0.4140625
1 0.8934972406250001 0.4121093765625 0.8758042296875 0.4042968765625 0.8555836421875 0.4042968765625 0.8366268390625 0.4208984375 0.8391544124999999 0.4423828140625 0.8606387859375 0.4550781234375 0.8821231609375 0.4541015625 0.888442096875 0.453125 0.9023437484375 0.4404296859375 0.8998161765624999 0.4189453140625 0.8934972406250001 0.4121093765625
1 0.7292049625 0.4121093765625 0.71909466875 0.4082031234375 0.6988740796874999 0.4082031234375 0.679917278125 0.4189453140625 0.67738970625 0.4384765625 0.6938189359375 0.4550781234375 0.7064568015625 0.4589843765625 0.7153033109375 0.4580078140625 0.7292049625 0.4550781234375 0.7380514703125 0.4482421859375 0.7431066203125 0.4267578140625 0.7292049625 0.4121093765625