1 0.9874418859375 0.1680937796875 0.971351828125 0.146886128125 0.9497539093749999 0.14649683125 0.9378602062500001 0.1552181359375 0.9301287078125 0.17010698124999998 0.9298777953125 0.188176915625 0.9423644031249999 0.20667952656250002 0.95261599375 0.21133215156250001 0.95926413125 0.2132797375 0.971716590625 0.20802092968750002 0.9794594703125 0.20105255781250003 0.9877383421875001 0.18170573750000002 0.9874418859375 0.1680937796875
1 0.9002974609375001 0.220746396875 0.8961238734375 0.2066583828125 0.8830898906250001 0.1926137515625 0.8695199265625 0.19094756875000002 0.8592797203125 0.1942154171875 0.844626396875 0.2093856609375 0.8432807375 0.23637155 0.8541024671875 0.252407146875 0.8624154875000001 0.2568217453125 0.8690636296875001 0.2587693328125 0.8812424 0.25573951093749997 0.8934097875000001 0.24478921874999998 0.8986553484375 0.234120328125 0.9002974609375001 0.220746396875
1 0.8104507921874999 0.1271299640625 0.797154509375 0.12323479374999999 0.7827634890625 0.1282555765625 0.775294290625 0.132994959375 0.7678364796875 0.1456548125 0.7664908203125 0.1726407015625 0.773982784375 0.18374227031249998 0.7839606890625 0.1906238828125 0.7964245296875 0.1932855484375 0.8088769859375 0.188026740625 0.8215917453125 0.172618465625 0.8229374 0.1456325765625 0.8104507921874999 0.1271299640625
1 0.7333070390625 0.20250514218750001 0.7294071343749999 0.186188140625 0.714434590625 0.171905484375 0.700864621875 0.1702393015625 0.6906244171875 0.17350715 0.6806692828124999 0.18246648125 0.6754237203125 0.1931353734375 0.674899121875 0.2134342953125 0.6901567375 0.23340843906250003 0.708436278125 0.2367841828125 0.7167379171875 0.233278309375 0.726693053125 0.2243189765625 0.7319386125 0.21365008593749998 0.7333070390625 0.20250514218750001
1 0.6559469796874999 0.12739132343749998 0.6401306078125 0.103954684375 0.622683509375 0.10181245000000001 0.61438186875 0.10531832187500001 0.60221448125 0.1162686140625 0.5994548609375 0.12271755468750001 0.5983828859375 0.147474459375 0.603936284375 0.15833799843750002 0.6155790703124999 0.167686628125 0.62998148125 0.1705863171875 0.636070865625 0.16907140781250002 0.652936440625 0.1519101984375 0.656790803125 0.13654530625 0.6559469796874999 0.12739132343749998
1 0.485079425 0.1086740171875 0.48229703125 0.0992820109375 0.47480506718750004 0.088180446875 0.467598171875 0.0827703640625 0.45015107031249996 0.08062812968750001 0.441849434375 0.084134003125 0.4318943 0.093093334375 0.42664873906249995 0.1037622265625 0.4261241359375 0.12406115 0.4291802140625 0.13122416718750002 0.4350073 0.13985871875 0.44692377031249997 0.14697836250000001 0.45551047499999997 0.149163971875 0.467689246875 0.146134153125 0.4776443796875 0.1371748171875 0.48261625625000004 0.12873491875 0.485079425 0.1086740171875
1 0.297004303125 0.0618240703125 0.28370801874999996 0.0579289015625 0.27374149999999997 0.0589677578125 0.2618477984375 0.0676890625 0.2541163 0.08257790625 0.252200503125 0.098180825 0.2549828953125 0.10757283437500001 0.26413974375 0.1211414171875 0.2763299 0.12603206875 0.291005990625 0.12670276875 0.3073241953125 0.1139995375 0.312546990625 0.0874896984375 0.30587607656250004 0.06970116562499999 0.297004303125 0.0618240703125
1 0.211467834375 0.0773413328125 0.204249553125 0.06401077656250001 0.1934392109375 0.0558956546875 0.1798692421875 0.054229471875000004 0.1696290390625 0.0574973203125 0.1596739046875 0.0664566515625 0.1547020265625 0.07489655625 0.15223885937499998 0.09495745312500001 0.15668613125 0.106816475 0.166116665625 0.118156065625 0.1747033734375 0.12034167968750001 0.1871672140625 0.123003340625 0.1932566 0.12148843125 0.20984849218749999 0.1065562125 0.21285903125 0.0820373390625 0.211467834375 0.0773413328125
1 0.10927116875000001 0.0602679734375 0.10011432499999999 0.046699390625 0.09290742656249999 0.0412893125 0.0754603265625 0.039147078125 0.0649464359375 0.0446439140625 0.054717618749999995 0.055832231249999996 0.0508632515625 0.0711971265625 0.05143339375 0.082580096875 0.061981435937499996 0.10084468124999998 0.0683558890625 0.10502125468750001 0.0885739984375 0.1086350234375 0.0946633828125 0.1071201140625 0.11180264375 0.08772991718749999 0.11344475624999999 0.0743559828125 0.10927116875000001 0.0602679734375
1 0.5635342234375 0.1748718828125 0.560751834375 0.16547987343749998 0.5479915359375 0.149206253125 0.53469525625 0.1453110828125 0.526667303125 0.146587965625 0.5078631625 0.16351115 0.50428248125 0.1766470546875 0.5062438171875 0.192726028125 0.52177511875 0.210471184375 0.540054659375 0.213846925 0.5442054796875 0.2120939890625 0.55858511875 0.19915273125 0.5613447390624999 0.1927037921875 0.5635342234375 0.1748718828125
1 0.3932140421875 0.1516965984375 0.3846045640625 0.13367004062500001 0.3773976671875 0.128259959375 0.3641013859375 0.1243647890625 0.35607343281250003 0.125641671875 0.3372692921875 0.14256485624999998 0.3336886109375 0.15570076093750002 0.334258753125 0.16708373125 0.34924268281250004 0.189286865625 0.369460790625 0.19290063125 0.3777624296875 0.18939475625 0.3902035015625 0.176215478125 0.394057865625 0.16085058125 0.3932140421875 0.1516965984375
1 0.9754224984375 0.282010228125 0.9632095734374999 0.2612786265625 0.9479747250000001 0.25714543125 0.9399467749999999 0.2584223140625 0.9211426296875 0.2753454984375 0.9170145812499999 0.2929393828125 0.9178584046875 0.3020933640625 0.9284064484375 0.320357946875 0.9331160203125 0.32206750781250004 0.9513955624999999 0.32544324687500004 0.9596971999999999 0.3219373765625 0.972138275 0.30875809374999996 0.976266321875 0.2911642109375 0.9754224984375 0.282010228125
1 0.7942805859375001 0.2427993515625 0.7771071703125 0.238428125 0.771017784375 0.2399430390625 0.7613363343749999 0.2466733828125 0.754152209375 0.2571042484375 0.7502978421875001 0.272469140625 0.7511416703125 0.281623121875 0.7644607203125 0.30135924062499997 0.7846788265625 0.30497300625 0.7951927171875 0.299476171875 0.805421534375 0.2882878515625 0.8070408796875 0.2590729734375 0.7942805859375001 0.2427993515625
1 0.6417153390625 0.24329873750000003 0.6389329453125 0.23390672812500002 0.6278375328125 0.22010011875000002 0.608725553125 0.21549087031249997 0.6004239140625 0.2189967453125 0.5857705906249999 0.2341669890625 0.5821899125 0.24730289375 0.5855424421875 0.2680778734375 0.5949729734375 0.2794174640625 0.59968255 0.2811270265625 0.6140849578124999 0.2840267125 0.6243251609375 0.28075886875 0.6342802937500001 0.27179953437500004 0.6392521703125 0.26335963281249997 0.6417153390625 0.24329873750000003
1 0.4727863484375 0.22481945625000002 0.46861276093750004 0.21073144687499998 0.45364021718750003 0.19644878593749998 0.43813168437499994 0.19454457812499998 0.42983004375 0.1980504515625 0.42236084687500003 0.2027898296875 0.4124171 0.21966963593750002 0.4113223578125 0.22858559375 0.41522225781250005 0.2449025890625 0.42104934531250005 0.2535371421875 0.43102724531250003 0.2604187578125 0.44542965625 0.26331844531250004 0.45151904062500003 0.2618035359375 0.4612004890625 0.2550731921875 0.47059686562499997 0.242651365625 0.4727863484375 0.22481945625000002
1 0.2988627203125 0.1989391328125 0.284711228125 0.17796950625000002 0.2675378140625 0.173598284375 0.261448425 0.17511319218750002 0.24264428593749998 0.1920363765625 0.23990743124999997 0.21432626406250002 0.2426898203125 0.22371827031249997 0.2501817890625 0.23481983906249998 0.25655624375 0.2389964125 0.2748357859375 0.2423721515625 0.283137421875 0.23886628124999998 0.29557849531249997 0.2256869984375 0.2999802296875 0.205864125 0.2988627203125 0.1989391328125
1 0.097000865625 0.1922543578125 0.0931009625 0.1759373609375 0.083670428125 0.164597765625 0.0725864 0.158711634375 0.05459193125 0.161027375 0.0402122921875 0.1739686328125 0.03717898125 0.1826465625 0.03553686875 0.1960204921875 0.039710459375 0.21010850312499998 0.045537540625 0.21874305624999998 0.0574540109375 0.2258626984375 0.06604071875 0.22804830781250002 0.07821949218749999 0.2250184859375 0.0903868765625 0.2140681921875 0.0956324375 0.2033993 0.097000865625 0.1922543578125
1 0.19502394375 0.1952397078125 0.18586709375 0.181671125 0.1767216296875 0.176023015625 0.16121309687500002 0.1741188078125 0.15291146093750002 0.1776246828125 0.142956328125 0.1865840140625 0.13743707968750002 0.1994818953125 0.1374598484375 0.21532284062499998 0.140242240625 0.22471485000000002 0.149672775 0.23605444062499997 0.1599243625 0.2407070671875 0.1787512734375 0.23962483125 0.18870640625 0.23066550000000002 0.1961642234375 0.21800564531250002 0.19753265 0.206860703125 0.19502394375 0.1952397078125
1 0.885495678125 0.32527083437500004 0.87661251875 0.309473265625 0.8694056203124999 0.3040631875 0.8478077031250001 0.3036738875 0.8334280625 0.31661514375 0.830668440625 0.323064084375 0.8284789578125 0.34089599375 0.8312613515624999 0.35028800000000004 0.8404181968750001 0.36385658125 0.8451277718749999 0.3655661421875 0.86146874375 0.3687038546875 0.8697703828125001 0.365197984375 0.8797255171874999 0.35623865 0.88469739375 0.34779875 0.885495678125 0.32527083437500004
1 0.711286978125 0.293699028125 0.6988117500000001 0.28311689375000004 0.6810909656249999 0.283203646875 0.662286821875 0.30012682968750004 0.660393796875 0.33157069687499996 0.6742602171875001 0.34684883593750004 0.6906011890625 0.34998655312500004 0.696690575 0.3484716390625 0.71549471875 0.3315484609375 0.7185052578125 0.30702958593749996 0.711286978125 0.293699028125
1 0.5481850734375 0.2838543 0.5390282281250001 0.270285721875 0.5318213296875001 0.264875640625 0.5102234109375 0.264486340625 0.4933578359375 0.28164755 0.48950346875 0.2970124453125 0.49340337187500005 0.31332944218750003 0.5072697921875 0.32860758125 0.521672203125 0.3315072734375 0.5277615875 0.3299923640625 0.546565728125 0.31306918125 0.5495762671875 0.2885503046875 0.5481850734375 0.2838543
1 0.2583008171875 0.2969067421875 0.247216784375 0.29102060625 0.2270100640625 0.2953273125 0.2170549296875 0.30428664375 0.2118093703125 0.314955534375 0.21044094218749998 0.3261004796875 0.2160057234375 0.3448844921875 0.22377137500000002 0.35375707031250003 0.23208440000000002 0.3581716703125 0.24869905625 0.3590803953125 0.2570006953125 0.35557452343749996 0.2697154515625 0.3401662515625 0.27106111093749996 0.3131803625 0.2583008171875 0.2969067421875
1 0.1697082703125 0.3052609828125 0.160551425 0.291692403125 0.1514059609375 0.28604429531250003 0.135897428125 0.2841400875 0.1275957921875 0.2876459609375 0.1176406546875 0.29660529062499996 0.11266878281249999 0.305045196875 0.1115968078125 0.329802096875 0.12241853750000001 0.3458376921875 0.130731559375 0.35025229375 0.1470725328125 0.35339000781249996 0.151223353125 0.3516370703125 0.168088928125 0.3344758609375 0.1710994671875 0.3099569875 0.1697082703125 0.3052609828125
1 0.37952977187500003 0.26314603281250004 0.36870804375 0.2471104375 0.3615011453125 0.241700359375 0.3479311765625 0.24003417656249998 0.3396295421875 0.24354004687500003 0.32746215312500004 0.2544903421875 0.32249028125 0.26293024374999996 0.32084816875 0.276304178125 0.323356871875 0.2879251703125 0.332513721875 0.30149375312500004 0.34082674375 0.30590835312500003 0.3552291484375 0.3088080453125 0.3635307890625 0.3053021703125 0.3734859234375 0.2963428390625 0.38149110468749997 0.2792250078125 0.37952977187500003 0.26314603281250004
1 0.960073346875 0.39099265 0.94564816875 0.3722520109375 0.922111684375 0.3716246890625 0.9077320453125 0.384565946875 0.9049724234375001 0.3910148859375 0.9039004500000001 0.4157717859375 0.914722178125 0.4318073828125 0.9194317515625 0.43351693906250005 0.9377112921874999 0.4368926828125 0.9418621125 0.43513974843750003 0.949331309375 0.4304003640625 0.959001375 0.41574955156250004 0.960073346875 0.39099265
1 0.7916917265625 0.36805539062500003 0.7808700015625 0.3520197953125 0.775327984375 0.34907672968750003 0.75981945 0.34717252187500003 0.7515178140625001 0.3506783953125 0.7365908046875 0.3680776265625 0.7355188312500001 0.39283452812499997 0.746340559375 0.40887012343749995 0.75465358125 0.4132847234375 0.761301721875 0.41523231093749996 0.7754190609375 0.4124405140625 0.7900723859375 0.39727027187499997 0.793082925 0.3727513953125 0.7916917265625 0.36805539062500003
1 0.62581881875 0.35673913281249997 0.623036425 0.34734712343749996 0.617209340625 0.33871257187500003 0.604460428125 0.3303594234375 0.5947675984374999 0.32916929375000004 0.58452739375 0.332437140625 0.5698740703125 0.3476073859375 0.5665670734375 0.358514303125 0.5699196046874999 0.37928928125 0.5757466890625 0.3879238296875 0.58572459375 0.394805446875 0.5962498671875001 0.39722908281249997 0.6106408921875001 0.3922083 0.6183837734375001 0.3852399328125 0.6236293359375 0.37457104218750004 0.62581881875 0.35673913281249997
1 0.44661547187500006 0.317766278125 0.43940857656250004 0.31235620000000003 0.4178106546875 0.3119669 0.40343101875 0.32490815781250004 0.3979117734375 0.3378060375 0.3982082265625 0.35141799375 0.40432038124999997 0.3657440328125 0.42067273906249997 0.37680221875000003 0.4273208796875 0.37874980625 0.4375610859375 0.375481959375 0.45442666093749995 0.35832074999999997 0.45549863437500004 0.3335638484375 0.44661547187500006 0.317766278125
1 0.3575438625 0.3781013421875 0.3503255828125 0.3647707859375 0.34145380468750003 0.35689368906249996 0.32400670625 0.3547514546875 0.311554246875 0.360010265625 0.3007780578125 0.3756565609375 0.2991359453125 0.389030496875 0.30303584687499996 0.4053474921875 0.3124663796875 0.4166870875 0.317175953125 0.41839664374999996 0.33157836406249996 0.42129633593750004 0.33988 0.4177904625 0.3520473875 0.40684016874999995 0.357019259375 0.39840026562499997 0.3575438625 0.3781013421875
1 0.870146528125 0.43425325781249996 0.8576599203124999 0.41575064531250006 0.8363356874999999 0.4131323578125 0.8153192890625001 0.4320465015625 0.8142473171875 0.456803403125 0.8214655984375 0.470133959375 0.8295049328124999 0.476777546875 0.84390734375 0.4796772390625 0.8541475453125 0.4764093890625 0.8641026828125 0.46745005937500006 0.8690745546875001 0.459010159375 0.870146528125 0.43425325781249996
1 0.6939992593750001 0.40244342031249997 0.683188915625 0.3943282984375 0.66546813125 0.3944150546875 0.6469376718750001 0.4091092484375 0.64420081875 0.43139913593749996 0.6467095265625 0.44302013125000006 0.6561400578125001 0.45435972343750003 0.6663916484375 0.4590123484375 0.6830063046875 0.459921075 0.699871884375 0.44275986562499997 0.7028824234375 0.41824099062500003 0.7014912234375 0.413544990625 0.6939992593750001 0.40244342031249997
1 0.517589690625 0.3807830484375 0.498204021875 0.3784027875 0.489902384375 0.3819086625 0.476913940625 0.399545925 0.47472445781249994 0.41737783281249996 0.47917173125 0.4292368546875 0.49525040625 0.442524034375 0.5118650640625 0.443432759375 0.5306692078124999 0.42650957656250005 0.5336797468750001 0.4019907015625 0.5264614671875 0.3886601453125 0.517589690625 0.3807830484375
1 0.43572497656250003 0.44652819218750006 0.4215734859375 0.4255585703125 0.40440007031249997 0.42118734375000005 0.391947615625 0.42644615625000004 0.38171879531249997 0.437634475 0.3770433765625 0.4596863375 0.37982576562500003 0.469078340625 0.387317734375 0.4801799078125 0.3936921859375 0.4843564859375 0.4119717265625 0.4877322234375 0.4202733671875 0.48422635156249993 0.4327144359375 0.4710470703125 0.436568803125 0.455682175 0.43572497656250003 0.44652819218750006
1 0.9458417062500001 0.5069000578125 0.9413944328125 0.4950410359375 0.9280867687500001 0.48322539375 0.9145168 0.48155921093750004 0.9042765953125 0.484827059375 0.8915618390625 0.5002353296875001 0.8888249859374999 0.5225252171875 0.8993730281250001 0.5407898015625 0.9076860515625 0.5452044 0.9182113218750001 0.5476280390625 0.928451528125 0.5443601921875 0.9406189156250001 0.5334098984375 0.9461381624999999 0.5205120156249999 0.9458417062500001 0.5069000578125
1 0.7782811421875 0.47727583906250004 0.763308596875 0.46299317812499996 0.7497386296874999 0.4613269953125 0.7394984234375 0.46459484375000004 0.7267836703125 0.4800031140625 0.7240468156250001 0.5022930015625 0.730991409375 0.517852546875 0.7429078796875 0.5249721843749999 0.7573102875 0.5278718765625 0.7678241765625 0.5223750421875 0.77584074375 0.5131776828125 0.7813599921875001 0.5002798015625001 0.7782811421875 0.47727583906250004
1 0.611587178125 0.4726465421875 0.6090784703125001 0.461025546875 0.599921621875 0.4474569671875 0.590776159375 0.4418088578125 0.581083328125 0.440618728125 0.566692303125 0.4456395125 0.5586757359375001 0.45483686875 0.5531564890625 0.46773475 0.5545704546875 0.48827170000000003 0.5637273046875 0.5018402796875 0.5720403234375 0.5062548828125 0.5845041656250001 0.5089165437500001 0.596956621875 0.5036577359375001 0.607185440625 0.492469415625 0.6102187515625 0.4837914859375 0.611587178125 0.4726465421875
1 0.24214199218750002 0.4204965984375 0.23631490781250003 0.41186204687499994 0.22550456406250002 0.403746925 0.21193459531249997 0.4020807421875 0.199482140625 0.4073395515625 0.1892533203125 0.41852787343750003 0.1862200109375 0.4272058 0.1856954109375 0.4475047265625 0.1887514890625 0.45466774374999996 0.199846903125 0.46847435 0.2045564765625 0.47018390937500004 0.2112046171875 0.472131496875 0.22753420625 0.467348740625 0.2421875328125 0.452178490625 0.24492438593750002 0.42988860781250005 0.24214199218750002 0.4204965984375
1 0.8589709671874999 0.557323684375 0.8561885734375 0.5479316796875 0.8470317250000001 0.534363096875 0.837886265625 0.5287149875 0.8179532249999999 0.53079270625 0.8057858375 0.5417430015625 0.803026215625 0.5481919421875 0.80168055625 0.5751778296875 0.809172521875 0.5862793984375 0.8191504281249999 0.5931610125 0.8316142687499999 0.595822678125 0.8377036546875001 0.5943077640625 0.8542955437499999 0.5793755453125 0.85705516875 0.57292660625 0.8589709671874999 0.557323684375
1 0.685594703125 0.5269853859375 0.6781027374999999 0.5158838171875 0.670895840625 0.5104737375 0.649297921875 0.5100844390625 0.6351919671874999 0.5207967078125 0.632432346875 0.5272456484375 0.6296954921875 0.549535534375 0.6324778859375 0.5589275406249999 0.6419084171875 0.5702671328125 0.6521600078125 0.574919759375 0.6668360984375 0.5755904625 0.67319916875 0.5718465625 0.6861876140625001 0.5542093 0.688377096875 0.5363773921874999 0.685594703125 0.5269853859375
1 0.5119675265625 0.5147170203125 0.50945881875 0.5030960234374999 0.500028284375 0.49175643124999996 0.490882821875 0.486108321875 0.4792514234375 0.48468016562500005 0.47094978750000005 0.48818604218750006 0.45878240000000003 0.49913633593749995 0.45602277812500003 0.5055852765625 0.45495080468750004 0.5303421765625 0.464107653125 0.543910759375 0.474085553125 0.5507923734375 0.484610828125 0.5532160125 0.48876164843750003 0.5514630734375 0.507292103125 0.5367688796875 0.5100517296875 0.5303199421875 0.5119675265625 0.5147170203125
1 0.324736228125 0.4770210515625 0.3122610015625 0.4664389171875 0.294813903125 0.46429668281250003 0.2865122640625 0.467802553125 0.27379750468749997 0.48321082656250003 0.2704905125 0.4941177453125 0.2710606515625 0.5055007140625001 0.2796701296875 0.523527271875 0.286044584375 0.5277038453125 0.306262690625 0.531317615625 0.3270054 0.51463245625 0.3314071375 0.4948095859375 0.330289625 0.48788459062499995 0.324736228125 0.4770210515625
1 0.934688909375 0.645811434375 0.930789009375 0.6294944390625 0.917755028125 0.615449803125 0.9003079265625 0.61330756875 0.8920062906249999 0.6168134421875 0.8790178453124999 0.6344507046875 0.8771020484375001 0.6500536218749999 0.87961075625 0.66167461875 0.8871027203124999 0.6727761828125 0.8973543109375001 0.677428809375 0.9078795843749999 0.6798524484375 0.92033204375 0.6745936390625 0.9258626718749999 0.66961623125 0.93359416875 0.654727390625 0.934688909375 0.645811434375
1 0.7618372515625 0.595174209375 0.7543452859374999 0.58407264375 0.7471383875 0.5786625640625 0.7316298546875 0.5767583562499999 0.7233282187500001 0.5802642265625 0.7108871453125001 0.5934435109375 0.7081275234375 0.59989245 0.706211725 0.615495371875 0.7106589984375 0.62735439375 0.7164860828124999 0.635988946875 0.73034111875 0.6433466109375 0.7411400796875001 0.6435412609375 0.749441715625 0.6400353890625 0.762156475 0.624627115625 0.76461964375 0.6045662171874999 0.7618372515625 0.595174209375
1 0.5857013671875 0.57128485 0.5798742828125001 0.5626502984374999 0.5690639390625 0.5545351765625 0.5554939703125 0.55286899375 0.547192334375 0.5563748671875001 0.532539009375 0.5715451125000001 0.530075840625 0.5916060140625 0.532858234375 0.60099801875 0.5420150796875001 0.6145666015625 0.5522666703125 0.6192192265625 0.55697624375 0.620928784375 0.5733058328125 0.6161460265625001 0.5860205921875 0.60073775625 0.5884837609375 0.580676859375 0.5857013671875 0.57128485
1 0.4184372609375 0.5552725875 0.402347203125 0.5340649359375 0.378810715625 0.5334376125 0.36664333125000004 0.5443879046875 0.3616714546875 0.552827809375 0.360873165625 0.5753557203125 0.3664265671875 0.5862192609375 0.3761307859375 0.5953298640625 0.39441032656249997 0.5987056078124999 0.4027119625 0.5951997328124999 0.4126670953125 0.5862404015625 0.41763897187500004 0.5778005015625001 0.4184372609375 0.5552725875
1 0.2315138015625 0.5391090515625 0.2240218359375 0.5280074859375 0.2168149375 0.522597403125 0.2054572234375 0.5189402609375 0.1913398859375 0.5217320515625 0.176686559375 0.5369023 0.1722848265625 0.5567251703125 0.1764584140625 0.5708131796875 0.1867213859375 0.5833862796875 0.2050009265625 0.586762021875 0.2174533859375 0.5815032140625 0.2301681421875 0.5660949390625001 0.23347513437499998 0.5551880265625 0.2315138015625 0.5391090515625
1 0.840862190625 0.6727550453125 0.8380797984375 0.6633630375 0.8305878328125 0.6522614718749999 0.8233809390625 0.6468513890625001 0.8017830171875 0.6464620937500001 0.78961563125 0.6574123859375 0.784370071875 0.6680812781250001 0.7838454687499999 0.6883802 0.7877339875 0.696776725 0.7991030875 0.7083543437500001 0.8135054937499999 0.711254034375 0.8237456984374999 0.7079861875 0.83370083125 0.6990268546875 0.8386727078125 0.6905869546875001 0.840862190625 0.6727550453125
1 0.6686034421875 0.649341734375 0.6658210484375 0.6399497296875001 0.6549993203125 0.623914134375 0.6358873390625 0.6193048828125 0.6140271203125 0.6290650484375 0.6082569546875 0.6600328625 0.6185313125 0.6805264375 0.6287829031250001 0.6851790624999999 0.637369609375 0.687364675 0.6495483796875 0.6843348546875 0.6617157671875 0.6733845578125 0.6669613296875 0.6627156703125 0.6686034421875 0.649341734375
1 0.49522717812500006 0.6190034375 0.4860703296875 0.605434853125 0.473321421875 0.59708170625 0.465567153125 0.5961296015624999 0.4553269484375 0.59939745 0.4406736234375 0.61456769375 0.4379367703125 0.6368575828124999 0.4407191640625 0.6462495875000001 0.44987601250000003 0.6598181703125 0.456524153125 0.66176575625 0.467049425 0.6641893921875 0.47728962968750005 0.6609215484375001 0.486971078125 0.654191203125 0.49415520468749996 0.6437603375000001 0.49522717812500006 0.6190034375
1 0.30938707499999996 0.5860034734374999 0.29663816718749997 0.577650321875 0.2808559484375 0.5779751046875 0.2667499953125 0.5886873703125 0.26177811875 0.597127275 0.2590412640625 0.6194171625 0.27402519375 0.64162029375 0.29424330468750004 0.6452340624999999 0.310561509375 0.63253083125 0.3155333859375 0.624090928125 0.318543925 0.599572053125 0.30938707499999996 0.5860034734374999
1 0.9182222515625 0.747868865625 0.9126688515625 0.737005321875 0.9018585046875 0.7288902 0.8841377203125 0.72897695625 0.87224401875 0.7376982609375 0.86478620625 0.7503581140625 0.8634177781249999 0.7615030578125 0.86731768125 0.7778200578125001 0.879519221875 0.79063118125 0.8977987640625 0.7940069234375 0.9061004031250001 0.79050105 0.9190888421875 0.772863790625 0.9210046406249999 0.75726086875 0.9182222515625 0.747868865625
1 0.7501143171875 0.72270261875 0.7476056109375 0.711081621875 0.734845315625 0.6948080015625 0.7135210828125 0.6921897140625 0.7093702640624999 0.69394265 0.697202875 0.7048929453125 0.6922310031250001 0.713332846875 0.6917063999999999 0.7336317718750001 0.7005895625 0.7494293421875 0.710567465625 0.75631095625 0.72303130625 0.758972621875 0.7291206906250001 0.7574577125 0.7435003296875 0.7445164546874999 0.748745890625 0.7338475625 0.7501143171875 0.72270261875
1 0.5736819765625001 0.6852012984375 0.5628602484375 0.669165703125 0.5379325703125 0.6638423765625 0.519128425 0.6807655593749999 0.5163915718750001 0.7030554453125 0.5191739656250001 0.712447453125 0.5283308109375 0.7260160328125 0.5330403859375 0.7277255921875 0.5493813578125 0.730863309375 0.557682996875 0.7273574359375 0.5676381312500001 0.718398103125 0.5726100078125 0.7099582015625 0.5736819765625001 0.6852012984375
1 0.4011495421875 0.6640169796875 0.39199269375 0.6504484015625 0.382847234375 0.6448002921875 0.3712158296875 0.6433721343750001 0.360975625 0.6466399843749999 0.35102049218750003 0.6555993140624999 0.3460486171875 0.6640392140625 0.344702959375 0.69102510625 0.35385980625 0.7045936875 0.36217283125 0.7090082859375 0.3765752375 0.7119079765625 0.382664621875 0.71039306875 0.3948320109375 0.699442771875 0.4025635078125 0.6845539328125 0.4011495421875 0.6640169796875
1 0.21201383125 0.649844409375 0.20091841875 0.6360378 0.183745 0.6316665765625 0.17571704999999999 0.6329434609375 0.1591251578125 0.6478756796875 0.1539023671875 0.6743855187500001 0.1677801734375 0.6975841328125 0.1724897453125 0.69929369375 0.18910440625 0.70020241875 0.1974060421875 0.6966965453125 0.209847115625 0.6835172625 0.2147962203125 0.6592364125 0.21201383125 0.649844409375
1 0.82663055 0.7886624546875 0.8241218421875001 0.7770414578125 0.8166298781249999 0.7659398937499999 0.809422984375 0.7605298109375 0.79391445 0.7586256031249999 0.781461990625 0.763884415625 0.7706858015625 0.7795307109375 0.76849631875 0.7973626203124999 0.7712787109375 0.8067546265625 0.7787706765625 0.8178561921874999 0.787083696875 0.8222707953124999 0.803424671875 0.825408509375 0.8075754921874999 0.8236555750000001 0.8197428765625 0.812705278125 0.8249884390625001 0.8020363859374999 0.82663055 0.7886624546875
1 0.6554665421875 0.7563331921875001 0.6515780234374999 0.7479366703125 0.6391028000000001 0.7373545312500001 0.6194434453125 0.7372032578125001 0.6053374921875 0.7479155265624999 0.6003656171875 0.756355428125 0.598176134375 0.7741873375 0.6009585265624999 0.7835793453125001 0.610115371875 0.797147925 0.6203669609375 0.8018005546874999 0.6308922375 0.8042241906250001 0.6411324390625001 0.8009563406250001 0.6510875765625 0.7919970109375 0.65660681875 0.77909913125 0.6554665421875 0.7563331921875001
1 0.4807218515625 0.7371398375 0.4649054796875 0.7137031984375 0.4455198125 0.7113229375000001 0.4269893546875 0.726017128125 0.4242297328125 0.73246606875 0.423157759375 0.7572229687500001 0.428711159375 0.768086509375 0.44035394375000003 0.777435140625 0.45087921875000003 0.7798587796875001 0.46111942343749995 0.77659093125 0.47080087343750004 0.7698605875 0.4779849984375 0.7594297203125 0.4807218515625 0.7371398375
1 0.3081894140625 0.71595551875 0.30263601875 0.7050919796875 0.2901607921875 0.6945098390625 0.2746522578125 0.69260563125 0.26635062187499997 0.6961115046875 0.2516972984375 0.71128175 0.24756924531250002 0.7288756328125 0.25007795312500003 0.7404966281250001 0.2556313515625 0.7513601671875 0.265609253125 0.758241784375 0.2819502296875 0.7613795 0.28803961562499997 0.759864590625 0.2999333171875 0.751143284375 0.3076648140625 0.736254440625 0.3081894140625 0.71595551875
1 0.21386086249999997 0.7790389953125 0.2113521546875 0.7674179999999999 0.2021953109375 0.753849421875 0.191111278125 0.7479632875 0.175329059375 0.7482880656249999 0.1656476109375 0.7550184093750001 0.156251234375 0.7674402359375 0.1532406953125 0.7919591109375 0.1637887375 0.8102236968750001 0.1740403234375 0.8148763234375 0.18262703125 0.8170619328125 0.19701805625 0.81204115 0.2069731890625 0.80308181875 0.21276612187500002 0.7879549531250001 0.21386086249999997 0.7790389953125
1 0.9067729984374999 0.8731682828125 0.9042642953125 0.8615472859375 0.8967723265625 0.8504457203125 0.8895654328125 0.8450356375 0.867967515625 0.8446463390625001 0.8582860625000001 0.8513766828125 0.8511019359375 0.8618075468749999 0.8489124531250001 0.8796394578125 0.8530860406249999 0.8937274671875001 0.8625165750000001 0.9050670593750001 0.8672261499999999 0.9067766203125001 0.8816285562499999 0.9096763093750001 0.8899301921875 0.9061704359375 0.8976730765625 0.8992020671875001 0.9051308875 0.8865422140625 0.9067729984374999 0.8731682828125
1 0.806834128125 0.8857858546875 0.7918615796874999 0.87150319375 0.78023018125 0.8700750375 0.76583915625 0.8750958203125 0.7603085234375 0.8800732296874999 0.7550629671875 0.890742121875 0.7525997984374999 0.9108030171875001 0.7553821875 0.9201950218749999 0.770913490625 0.9379401796875 0.78337733125 0.94060184375 0.7894667171875 0.93908693125 0.8085445468750001 0.9199347609374999 0.811007715625 0.8998738640624999 0.806834128125 0.8857858546875
1 0.7361563624999999 0.8363810421875 0.7322564609375 0.820064040625 0.7172839125 0.8057813828124999 0.701775378125 0.803877175 0.6873843546875 0.8088979593750001 0.6782730484374999 0.8270112718749999 0.6766309359375 0.8403852031250001 0.6788659531250001 0.8542351859374999 0.6918999375 0.868279821875 0.6985480749999999 0.8702274031250001 0.7090733499999999 0.8726510421875 0.7173749890625001 0.8691451703125 0.7295423750000001 0.8581948765625 0.7347879359375 0.847525984375 0.7361563624999999 0.8363810421875
1 0.56471866875 0.806280765625 0.554170625 0.78801618125 0.5469637281249999 0.7826061 0.535332328125 0.78117794375 0.5250921234375 0.784445790625 0.5129247359375 0.7953960875 0.507679178125 0.8060649796874999 0.5063107515625 0.81720991875 0.5102106531249999 0.83352691875 0.5196411828125 0.8448665109375 0.5243507609375 0.8465760703124999 0.538753165625 0.8494757625 0.5448425515624999 0.84796085 0.56143444375 0.83302863125 0.5655624921875 0.8154347484375 0.56471866875 0.806280765625
1 0.628474603125 0.8559669828124999 0.6110275046875 0.8538247484375001 0.6007873 0.8570925968750001 0.595256671875 0.8620700015624999 0.58476555 0.8834077859375 0.58394449375 0.8900947499999999 0.5897829640625 0.9066497765625 0.593945165625 0.9128173125 0.6058616359375 0.9199369515625 0.6244148625 0.9210837062499999 0.6363085640625 0.9123624015624999 0.6412804375000001 0.903922496875 0.6442909765625 0.8794036234375 0.628474603125 0.8559669828124999
1 0.47287605 0.86514429375 0.46703758281249996 0.84858926875 0.45179135 0.8365355984375 0.442098515625 0.8353454687499999 0.4299197453125 0.838375290625 0.41471905 0.8580035125000001 0.4139207625 0.8805314265625 0.422803925 0.8963289953125001 0.42917838125 0.9005055703125 0.447457921875 0.9038813140625 0.45575955781250005 0.9003754390625 0.46571469531250004 0.8914161078125 0.4709602515625 0.880747215625 0.47287605 0.86514429375
1 0.3883090953125 0.78462039375 0.3810908171875 0.771289840625 0.371945353125 0.76564173125 0.35643681875 0.7637375234375 0.3461966140625 0.7670053718750001 0.333481859375 0.7824136421875 0.32990117812499997 0.795549546875 0.33213619843750003 0.8093995328125001 0.3410193625 0.8251971046875 0.34933238437499997 0.8296117046875 0.363734790625 0.8325113906249999 0.37618725 0.8272525828124999 0.3894493765625 0.8073863343750001 0.390817803125 0.796241390625 0.3883090953125 0.78462039375
1 0.29562265625 0.8343299453125 0.28673949374999996 0.8185323734375001 0.2795325984375 0.8131222921875001 0.26596263124999997 0.811456109375 0.2515716109375 0.8164768921875 0.238583165625 0.8341141546875 0.237784878125 0.8566420625 0.246668040625 0.8724396343749999 0.2549810625 0.8768542343749999 0.26938346874999997 0.8797539234375 0.27547285781249997 0.8782390156250001 0.28515430625 0.8715086718749999 0.295098053125 0.8546288671875001 0.29562265625 0.8343299453125