1 0.20703125 0.12052967187500001 0.2011718765625 0.1053277296875 0.1962890609375 0.099898465625 0.1845703109375 0.09338335 0.1708984390625 0.09338335 0.15625 0.1009843171875 0.1484375 0.11835796406250002 0.1484375 0.13355990625 0.15234375 0.1444184328125 0.1611328109375 0.1541911125 0.1767578109375 0.160706228125 0.1796875 0.15962037499999998 0.1943359390625 0.1541911125 0.2011718765625 0.146590140625 0.20703125 0.13355990625 0.20703125 0.12052967187500001
1 0.10644531093750001 0.1541911125 0.09667968906249999 0.1476759921875 0.07519531093750001 0.1476759921875 0.06542968906249999 0.1541911125 0.0605468765625 0.1617920796875 0.0566406234375 0.1813374328125 0.05859375 0.19002425625 0.06445312343750001 0.2008827828125 0.07714843906249999 0.2106554578125 0.09960937656249999 0.20956960625 0.11132812343750001 0.1987110796875 0.11523437656249999 0.19002425625 0.11523437656249999 0.166135490625 0.10644531093750001 0.1541911125
1 0.28515625 0.1683071984375 0.2724609390625 0.156362815625 0.2548828109375 0.1541911125 0.23828125 0.1639637875 0.234375 0.170478903125 0.23046875 0.19002425625 0.2363281234375 0.207397903125 0.2431640609375 0.2149988734375 0.2568359390625 0.22151398906250003 0.265625 0.22042813749999998 0.2783203109375 0.2149988734375 0.2871093765625 0.2052261953125 0.2890625 0.176994021875 0.28515625 0.1683071984375
1 0.37890625 0.12921649531249998 0.375 0.11835796406250002 0.3642578109375 0.10641358125 0.3583984390625 0.1020701734375 0.3427734390625 0.1020701734375 0.3330078109375 0.10641358125 0.32421875 0.116186259375 0.3203125 0.12487308281250001 0.3203125 0.1444184328125 0.32421875 0.15310525625 0.3369140609375 0.1672213421875 0.3515625 0.1683071984375 0.3583984390625 0.1672213421875 0.37109375 0.1574486671875 0.37890625 0.140075021875 0.37890625 0.12921649531249998
1 0.4609375 0.1856808453125 0.45703125 0.176994021875 0.4462890609375 0.1650496390625 0.4248046890625 0.162877934375 0.4150390609375 0.1672213421875 0.40625 0.179165725 0.40234375 0.18785254843750002 0.40234375 0.20305449062499997 0.40625 0.21391301875000002 0.4150390609375 0.223685696875 0.4267578109375 0.2302008125 0.43359375 0.2291149609375 0.4423828109375 0.22802910468749998 0.45703125 0.21608472500000003 0.4609375 0.2052261953125 0.4609375 0.1856808453125
1 0.546875 0.12921649531249998 0.5283203109375 0.1085852890625 0.5087890609375 0.1085852890625 0.4990234390625 0.11292869999999999 0.4921875 0.122701375 0.48828125 0.135731609375 0.48828125 0.1487618453125 0.4941406234375 0.1617920796875 0.5009765609375 0.16939305 0.5166015609375 0.175908165625 0.5214843765625 0.17482231406249998 0.5322265609375 0.1715647578125 0.5449218765625 0.1574486671875 0.5488281234375 0.14224672968750002 0.546875 0.12921649531249998
1 0.6123046890625 0.16939305 0.5908203109375 0.1715647578125 0.5761718765625 0.18785254843750002 0.57421875 0.1943676671875 0.5761718765625 0.21825642968749998 0.5908203109375 0.2345442234375 0.61328125 0.233458371875 0.6181640609375 0.2323725203125 0.6308593765625 0.21608472500000003 0.6308593765625 0.19002425625 0.6123046890625 0.16939305
1 0.7167968765625 0.12921649531249998 0.7080078109375 0.11944381875000001 0.7001953109375 0.1151004046875 0.6787109390625 0.1172721125 0.66796875 0.12704478749999998 0.6640625 0.135731609375 0.6660156234375 0.1683071984375 0.6787109390625 0.18025158125000001 0.7050781234375 0.179165725 0.7167968765625 0.166135490625 0.7207031234375 0.1574486671875 0.7207031234375 0.13790331718749999 0.7167968765625 0.12921649531249998
1 0.8027343765625 0.1921959609375 0.7919921890625 0.18025158125000001 0.7822265609375 0.175908165625 0.7587890609375 0.18025158125000001 0.7480468765625 0.19653937187499998 0.74609375 0.2052261953125 0.7480468765625 0.2247715484375 0.7568359390625 0.23671592812500003 0.7646484390625 0.24105934218749997 0.7871093765625 0.2399734875 0.7958984390625 0.2345442234375 0.8046875 0.22042813749999998 0.8066406234375 0.2008827828125 0.8027343765625 0.1921959609375
1 0.89453125 0.13790331718749999 0.8837890609375 0.125958934375 0.8681640609375 0.12378722812500001 0.8525390609375 0.130302346875 0.84375 0.140075021875 0.83984375 0.1487618453125 0.83984375 0.15962037499999998 0.84375 0.172650609375 0.8525390609375 0.186766696875 0.8564453109375 0.1889384046875 0.875 0.18785254843750002 0.8837890609375 0.186766696875 0.8964843765625 0.172650609375 0.8984375 0.146590140625 0.89453125 0.13790331718749999
1 0.11132812343750001 0.279064190625 0.10742187656249999 0.27037736875 0.09667968906249999 0.26060469375 0.07324218906249999 0.2584329890625 0.06542968906249999 0.262776396875 0.0546875 0.2768924875 0.0546875 0.30295295625 0.06738281093750001 0.3192407515625 0.07910156093750001 0.323584159375 0.08789062343750001 0.32249830625000003 0.09863281093750001 0.3192407515625 0.10742187656249999 0.309468071875 0.11132812343750001 0.3007812484375 0.11132812343750001 0.279064190625
1 0.28515625 0.289922721875 0.28125 0.28123589843749996 0.2666015609375 0.26929151562500003 0.2607421890625 0.2671198125 0.2451171890625 0.26929151562500003 0.2285156234375 0.2855793109375 0.2265625 0.30729636875 0.23046875 0.3181548953125 0.2392578109375 0.3279275734375 0.2529296890625 0.33444268906249996 0.26171875 0.3333568375 0.2685546890625 0.33227098125 0.28125 0.320326603125 0.2871093765625 0.30295295625 0.28515625 0.289922721875
1 0.375 0.2551754296875 0.3730468765625 0.23563007656249998 0.3603515609375 0.21934228125000002 0.3544921890625 0.217170578125 0.3369140609375 0.217170578125 0.3291015609375 0.22151398906250003 0.31640625 0.2399734875 0.31640625 0.2573471328125 0.3222656234375 0.27037736875 0.3349609390625 0.2823217515625 0.3457031234375 0.283407603125 0.3583984390625 0.28015004375 0.3662109390625 0.273634928125 0.3730468765625 0.263862253125 0.375 0.2551754296875
1 0.5410156234375 0.2421451953125 0.5283203109375 0.22585739999999999 0.5224609390625 0.223685696875 0.5087890609375 0.223685696875 0.4970703109375 0.2302008125 0.48828125 0.2399734875 0.484375 0.2551754296875 0.48828125 0.2747207796875 0.4990234390625 0.28666516249999996 0.5068359390625 0.2910085734375 0.51171875 0.289922721875 0.5244140609375 0.2888368671875 0.5322265609375 0.2844934578125 0.54296875 0.2682056640625 0.5410156234375 0.2421451953125
1 0.7167968765625 0.2573471328125 0.7128906234375 0.2443168984375 0.7001953109375 0.2302008125 0.6845703109375 0.22802910468749998 0.6689453109375 0.2345442234375 0.6621093765625 0.2421451953125 0.6582031234375 0.253003721875 0.65625 0.2768924875 0.6650390609375 0.2888368671875 0.6728515609375 0.29318028125 0.6787109390625 0.2953519859375 0.6933593765625 0.29426613281249997 0.7021484390625 0.29318028125 0.7089843765625 0.2855793109375 0.71484375 0.2747207796875 0.7167968765625 0.2573471328125
1 0.8925781234375 0.2573471328125 0.8818359390625 0.243231046875 0.8740234390625 0.2388876359375 0.8505859390625 0.24105934218749997 0.8417968765625 0.2486603109375 0.8359375 0.259518840625 0.8378906234375 0.289922721875 0.8466796890625 0.299695396875 0.8544921890625 0.304038809375 0.875 0.30295295625 0.8818359390625 0.299695396875 0.8925781234375 0.2855793109375 0.89453125 0.279064190625 0.8925781234375 0.2573471328125
1 0.109375 0.3941646 0.09863281093750001 0.37787680468749996 0.08691406093750001 0.3713616890625 0.06542968906249999 0.37353339375 0.0527343765625 0.38547777656250004 0.05078125 0.3941646 0.0527343765625 0.42022506875000004 0.0595703109375 0.42999774375 0.07128906093750001 0.43651285937499995 0.08789062343750001 0.43542700781250004 0.09667968906249999 0.43216945156250003 0.10546875 0.422396771875 0.109375 0.41370995 0.109375 0.3941646
1 0.1972656234375 0.33987195312499996 0.19140625 0.3290134265625 0.1787109390625 0.3192407515625 0.1572265609375 0.3192407515625 0.1494140609375 0.323584159375 0.140625 0.3377002484375 0.1386718765625 0.3442153640625 0.140625 0.365932421875 0.1552734390625 0.3822202171875 0.1611328109375 0.3843919203125 0.1777343765625 0.38330606875 0.1826171890625 0.3822202171875 0.1972656234375 0.36376071875 0.19921875 0.3529021875 0.1972656234375 0.33987195312499996
1 0.37109375 0.36376071875 0.3652343765625 0.3420436609375 0.3564453109375 0.33227098125 0.3447265609375 0.3279275734375 0.3251953109375 0.33227098125 0.3144531234375 0.3442153640625 0.3105468765625 0.3550738953125 0.3105468765625 0.3681041296875 0.31640625 0.3811343640625 0.3232421890625 0.3887353359375 0.33984375 0.3941646 0.3505859390625 0.39307874374999996 0.3583984390625 0.3887353359375 0.3691406234375 0.3746192453125 0.37109375 0.36376071875
1 0.453125 0.29426613281249997 0.4423828109375 0.2823217515625 0.4306640609375 0.2779783390625 0.4208984390625 0.2779783390625 0.4091796890625 0.2844934578125 0.4003906234375 0.29643783749999997 0.3984375 0.3181548953125 0.4042968765625 0.3311851296875 0.4150390609375 0.34095780468750003 0.4189453109375 0.3431295125 0.4355468765625 0.3420436609375 0.4443359390625 0.3387861015625 0.4550781234375 0.32467001406249996 0.45703125 0.3051246609375 0.453125 0.29426613281249997
1 0.6269531234375 0.3116397796875 0.6181640609375 0.29318028125 0.6025390609375 0.2844934578125 0.5908203109375 0.2844934578125 0.5791015609375 0.2910085734375 0.5703125 0.30295295625 0.5683593765625 0.3290134265625 0.5761718765625 0.3420436609375 0.5830078109375 0.34747292343749997 0.5908203109375 0.3518163359375 0.60546875 0.350730484375 0.6142578109375 0.34747292343749997 0.6230468765625 0.3355285421875 0.6269531234375 0.32684171875 0.6269531234375 0.3116397796875
1 0.80078125 0.309468071875 0.7900390609375 0.2953519859375 0.7822265609375 0.2910085734375 0.7568359390625 0.29318028125 0.7441406234375 0.309468071875 0.7421875 0.3355285421875 0.7529296890625 0.34964462812499997 0.7607421890625 0.35398804375 0.7792968765625 0.3550738953125 0.7861328109375 0.35398804375 0.7988281234375 0.33987195312499996 0.80078125 0.3355285421875 0.80078125 0.309468071875
1 0.2724609390625 0.3843919203125 0.2626953109375 0.3800485125 0.2431640609375 0.3800485125 0.2285156234375 0.3898211875 0.22265625 0.40502312656250006 0.22265625 0.4180533609375 0.2265625 0.4289118921875 0.2392578109375 0.44302797812500005 0.2451171890625 0.4451996828125 0.2578125 0.44411382968749996 0.2666015609375 0.44085627499999996 0.2792968765625 0.426740184375 0.28125 0.402851421875 0.2724609390625 0.3843919203125
1 0.4404296890625 0.39307874374999996 0.4326171890625 0.3887353359375 0.4169921890625 0.3887353359375 0.4072265609375 0.39307874374999996 0.3984375 0.402851421875 0.39453125 0.4115382453125 0.39453125 0.433255303125 0.3984375 0.4419421265625 0.4072265609375 0.4517148015625 0.4189453109375 0.4560582125 0.4296875 0.45497236093750004 0.4365234390625 0.4538865046875 0.4550781234375 0.4310835953125 0.453125 0.40936653749999996 0.4404296890625 0.39307874374999996
1 0.5390625 0.35941730625 0.5292968765625 0.3442153640625 0.5224609390625 0.3387861015625 0.4990234390625 0.3387861015625 0.484375 0.3529021875 0.48046875 0.3615890109375 0.48046875 0.3811343640625 0.484375 0.3898211875 0.4931640609375 0.3995938625 0.5009765609375 0.403937275 0.51953125 0.402851421875 0.5263671890625 0.3995938625 0.53515625 0.3898211875 0.5390625 0.3811343640625 0.5390625 0.35941730625
1 0.6943359390625 0.3453012203125 0.6787109390625 0.3431295125 0.6650390609375 0.34747292343749997 0.65625 0.35941730625 0.65234375 0.370275834375 0.6542968765625 0.3898211875 0.6669921890625 0.40610898124999995 0.6728515609375 0.4082806859375 0.69140625 0.407194834375 0.7021484390625 0.40176556718749995 0.7109375 0.38764947968749996 0.7089843765625 0.35941730625 0.6943359390625 0.3453012203125
1 0.8886718765625 0.3724475421875 0.8759765609375 0.356159746875 0.8662109390625 0.3518163359375 0.8525390609375 0.3518163359375 0.8427734390625 0.356159746875 0.8359375 0.36376071875 0.8300781234375 0.376790953125 0.8300781234375 0.3898211875 0.828125 0.3919928921875 0.8300781234375 0.3985080109375 0.8466796890625 0.41696750937499993 0.8525390609375 0.4191392125 0.8671875 0.4180533609375 0.8779296890625 0.412624096875 0.8886718765625 0.3985080109375 0.890625 0.38764947968749996 0.8886718765625 0.3724475421875
1 0.10546875 0.5288103578125 0.10546875 0.509265003125 0.1015625 0.5005781812500001 0.08886718906249999 0.48863379843750004 0.08300781093750001 0.48646209375 0.06347656093750001 0.48863379843750004 0.0556640609375 0.49297721250000004 0.048828123437499996 0.5027498875 0.046875 0.509265003125 0.048828123437499996 0.5353254734374999 0.0615234390625 0.549441559375 0.06933593906249999 0.5516132671875 0.0859375 0.550527415625 0.09667968906249999 0.5450981515625 0.1015625 0.53749718125 0.1015625 0.53315376875 0.10546875 0.5288103578125
1 0.19140625 0.45497236093750004 0.1806640609375 0.44085627499999996 0.1728515609375 0.43651285937499995 0.1474609390625 0.43868456718750004 0.1386718765625 0.4462855375 0.1347656234375 0.457144065625 0.13671875 0.483204534375 0.1435546890625 0.49297721250000004 0.1533203109375 0.499492328125 0.16015625 0.5005781812500001 0.1728515609375 0.499492328125 0.1806640609375 0.4951489171875 0.19140625 0.4788611234375 0.19140625 0.45497236093750004
1 0.3613281234375 0.452800653125 0.3505859390625 0.44085627499999996 0.3291015609375 0.43868456718750004 0.3193359390625 0.44302797812500005 0.3105468765625 0.452800653125 0.3066406234375 0.4614874765625 0.3066406234375 0.48103282968750005 0.3105468765625 0.489719653125 0.3251953109375 0.503835740625 0.3417968765625 0.5027498875 0.3564453109375 0.4951489171875 0.3652343765625 0.483204534375 0.3652343765625 0.4614874765625 0.3613281234375 0.452800653125
1 0.5371093765625 0.47017429999999993 0.5332031234375 0.4614874765625 0.5166015609375 0.449543096875 0.5009765609375 0.449543096875 0.4912109390625 0.4538865046875 0.4824218765625 0.463659184375 0.4785156234375 0.47451771093749995 0.48046875 0.4984064765625 0.4931640609375 0.5125225625 0.5078125 0.5157801234375 0.5244140609375 0.5125225625 0.5332031234375 0.5027498875 0.5390625 0.48537624218750003 0.5371093765625 0.47017429999999993
1 0.625 0.42456847968750006 0.6191406234375 0.40936653749999996 0.6083984390625 0.3995938625 0.5849609390625 0.397422159375 0.5732421890625 0.40610898124999995 0.56640625 0.4180533609375 0.56640625 0.43977041874999995 0.5771484390625 0.4560582125 0.5888671890625 0.46257332812499996 0.6035156234375 0.4614874765625 0.6083984390625 0.460401625 0.6191406234375 0.45062895000000003 0.6230468765625 0.4419421265625 0.625 0.42456847968750006
1 0.7988281234375 0.426740184375 0.7949218765625 0.4180533609375 0.7783203109375 0.40176556718749995 0.7548828109375 0.403937275 0.7421875 0.4158816578125 0.73828125 0.4310835953125 0.7402343765625 0.4462855375 0.74609375 0.457144065625 0.7568359390625 0.46691674375 0.77734375 0.4658308875 0.7841796890625 0.46257332812499996 0.7949218765625 0.45062895000000003 0.7988281234375 0.4375987140625 0.7988281234375 0.426740184375
1 0.1894531234375 0.5679010609375 0.1855468765625 0.5592142375 0.1708984390625 0.54726985625 0.1494140609375 0.54726985625 0.1416015609375 0.5516132671875 0.1308593765625 0.5679010609375 0.1308593765625 0.58961811875 0.1416015609375 0.6059059140625 0.1533203109375 0.612421028125 0.1660156234375 0.6113351765624999 0.1787109390625 0.6059059140625 0.1855468765625 0.596133234375 0.1894531234375 0.5874464109375 0.1894531234375 0.5679010609375
1 0.2734375 0.5049215921875 0.2666015609375 0.49732062031249996 0.2568359390625 0.49297721250000004 0.2431640609375 0.49297721250000004 0.2333984390625 0.49732062031249996 0.2207031234375 0.5114367109375 0.21875 0.5288103578125 0.22265625 0.5418405921875 0.2314453109375 0.553784975 0.2451171890625 0.560300090625 0.2519531234375 0.5592142375 0.2626953109375 0.555956678125 0.2753906234375 0.5418405921875 0.2792968765625 0.5222952375000001 0.2734375 0.5049215921875
1 0.4472656234375 0.5157801234375 0.4365234390625 0.503835740625 0.4130859390625 0.5016640359375 0.3984375 0.513608415625 0.3925781234375 0.5288103578125 0.3925781234375 0.5418405921875 0.3984375 0.5548708265625 0.4091796890625 0.5646435015625 0.4130859390625 0.56681520625 0.4296875 0.565729353125 0.4384765609375 0.5624717984375 0.44921875 0.5483557078125 0.4511718765625 0.5244669453124999 0.4472656234375 0.5157801234375
1 0.6191406234375 0.5244669453124999 0.6103515609375 0.5125225625 0.5986328109375 0.50600744375 0.5849609390625 0.50600744375 0.5751953109375 0.510350859375 0.5683593765625 0.5179518265625 0.5625 0.53315376875 0.5625 0.546184003125 0.56640625 0.55704253125 0.5771484390625 0.5689869140625 0.5830078109375 0.5711586203125 0.5996093765625 0.570072765625 0.6123046890625 0.5624717984375 0.6191406234375 0.550527415625 0.62109375 0.5440122953125 0.6191406234375 0.5244669453124999
1 0.703125 0.4680025953125 0.6884765609375 0.4560582125 0.6650390609375 0.45822992031250004 0.6542968765625 0.47017429999999993 0.6503906234375 0.4788611234375 0.65234375 0.5049215921875 0.6630859390625 0.516865975 0.6708984390625 0.5212093859375 0.6894531234375 0.5201235343749999 0.7001953109375 0.5125225625 0.7089843765625 0.4984064765625 0.70703125 0.47668941875000004 0.703125 0.4680025953125
1 0.8808593765625 0.4788611234375 0.8720703109375 0.469088446875 0.8623046890625 0.4647450359375 0.8486328109375 0.4647450359375 0.8388671890625 0.469088446875 0.8300781234375 0.4788611234375 0.8261718765625 0.4875479453125 0.8261718765625 0.5070933 0.8427734390625 0.5277245046875 0.8486328109375 0.529896209375 0.8613281234375 0.5288103578125 0.8720703109375 0.5255527984375 0.8828125 0.5114367109375 0.8847656234375 0.489719653125 0.8808593765625 0.4788611234375
1 0.09570312343750001 0.6113351765624999 0.08496093906249999 0.6015624984375 0.07910156093750001 0.59939079375 0.0556640609375 0.6015624984375 0.044921876562500004 0.6113351765624999 0.041015623437499996 0.620022 0.041015623437499996 0.6439107625 0.0537109390625 0.66019855625 0.0615234390625 0.6645419671874999 0.078125 0.6634561156250001 0.09570312343750001 0.65042588125 0.09960937656249999 0.6417390578125 0.09960937656249999 0.620022 0.09570312343750001 0.6113351765624999
1 0.2734375 0.6308805265624999 0.2714843765625 0.6243654109375 0.2587890609375 0.610249321875 0.2333984390625 0.6080776171875 0.2275390609375 0.610249321875 0.21484375 0.6287088234375 0.21484375 0.65042588125 0.21875 0.6591127046875 0.2294921890625 0.6688853796875 0.2392578109375 0.673228790625 0.2480468765625 0.6721429390625 0.2548828109375 0.6710570828125 0.265625 0.6634561156250001 0.2734375 0.64608246875 0.2734375 0.6308805265624999
1 0.3613281234375 0.5744161765625 0.359375 0.5679010609375 0.3447265609375 0.553784975 0.3369140609375 0.5516132671875 0.3349609390625 0.553784975 0.3212890609375 0.553784975 0.3134765609375 0.5581283828125 0.3046875 0.570072765625 0.3027343765625 0.596133234375 0.30859375 0.606991765625 0.3173828109375 0.6145927359375001 0.3251953109375 0.61893614375 0.3378906234375 0.6178502921875 0.3466796890625 0.6145927359375001 0.35546875 0.606991765625 0.36328125 0.5917898234375001 0.3613281234375 0.5744161765625
1 0.5292968765625 0.570072765625 0.5205078109375 0.5624717984375 0.5009765609375 0.560300090625 0.4912109390625 0.5646435015625 0.48046875 0.5765878843750001 0.4765625 0.5874464109375 0.4765625 0.596133234375 0.48046875 0.60916346875 0.4931640609375 0.623279559375 0.4970703109375 0.6254512640625001 0.5136718765625 0.6243654109375 0.5224609390625 0.6211078515625 0.5332031234375 0.60916346875 0.53515625 0.5809312953125 0.5292968765625 0.570072765625
1 0.7050781234375 0.5874464109375 0.6923828109375 0.5711586203125 0.6845703109375 0.56681520625 0.6630859390625 0.5689869140625 0.6503906234375 0.5852747078125 0.6484375 0.6113351765624999 0.6669921890625 0.6319663828125 0.6855468765625 0.6308805265624999 0.6904296890625 0.6297946750000001 0.7011718765625 0.620022 0.70703125 0.5983049421875 0.7050781234375 0.5874464109375
1 0.7890625 0.52663865 0.7822265609375 0.5190376828125001 0.7705078109375 0.5125225625 0.7607421890625 0.5125225625 0.7470703109375 0.5190376828125001 0.7402343765625 0.52663865 0.734375 0.5418405921875 0.734375 0.550527415625 0.7402343765625 0.565729353125 0.7490234390625 0.5755020281250001 0.7568359390625 0.57984544375 0.7734375 0.5787595890625 0.7802734390625 0.5755020281250001 0.7910156234375 0.56355765 0.7949218765625 0.5440122953125 0.7890625 0.52663865
1 0.87890625 0.5874464109375 0.8740234390625 0.5820171484375 0.8642578109375 0.5755020281250001 0.8505859390625 0.5733303249999999 0.8349609390625 0.57984544375 0.8300781234375 0.5852747078125 0.8222656234375 0.602648353125 0.8222656234375 0.6113351765624999 0.828125 0.6265371156249999 0.8408203109375 0.6384814984375 0.8466796890625 0.64065320625 0.8613281234375 0.63956735 0.8740234390625 0.6319663828125 0.8808593765625 0.6221937046875 0.8828125 0.5983049421875 0.87890625 0.5874464109375
1 0.08105468906249999 0.7144911984375 0.0615234390625 0.710147790625 0.045898439062500004 0.7188346140624999 0.037109376562500004 0.7286072890625 0.03515625 0.750324346875 0.0390625 0.7611828734375 0.049804689062500004 0.77312725625 0.0615234390625 0.7774706671875 0.0703125 0.776384815625 0.08984375 0.7655262859375 0.09570312343750001 0.739465815625 0.09179687656249999 0.72643558125 0.08105468906249999 0.7144911984375
1 0.1816406234375 0.67648635 0.1669921890625 0.66019855625 0.1474609390625 0.6580268515625 0.1376953109375 0.662370259375 0.1269531234375 0.6743146421875 0.12304687656249999 0.6916882890625 0.12890625 0.709061934375 0.1376953109375 0.7188346140624999 0.1455078109375 0.723178021875 0.15625 0.7242638765625 0.1728515609375 0.7166629062500001 0.1777343765625 0.7112336421875 0.1816406234375 0.7025468187499999 0.1816406234375 0.67648635
1 0.2675781234375 0.7329507000000001 0.2568359390625 0.723178021875 0.2353515609375 0.7210063171875001 0.2255859390625 0.7253497296875 0.21484375 0.739465815625 0.2128906234375 0.7655262859375 0.2275390609375 0.7839857828125 0.2392578109375 0.7883291984375 0.24609375 0.7872433421875 0.2568359390625 0.7839857828125 0.26953125 0.7698696968750001 0.2714843765625 0.743809228125 0.2675781234375 0.7329507000000001
1 0.3466796890625 0.6688853796875 0.3388671890625 0.6645419671874999 0.3232421890625 0.6645419671874999 0.3134765609375 0.6688853796875 0.3046875 0.6786580546875001 0.30078125 0.689516584375 0.30078125 0.709061934375 0.3193359390625 0.729693140625 0.3378906234375 0.7286072890625 0.3505859390625 0.7210063171875001 0.3574218765625 0.709061934375 0.3574218765625 0.6830014656250001 0.3466796890625 0.6688853796875
1 0.4453125 0.6265371156249999 0.4306640609375 0.612421028125 0.4150390609375 0.610249321875 0.4033203109375 0.6145927359375001 0.3925781234375 0.6265371156249999 0.3886718765625 0.637395646875 0.3886718765625 0.652597584375 0.3925781234375 0.6612844078125 0.4033203109375 0.673228790625 0.4111328109375 0.6775722015625 0.4238281234375 0.67648635 0.4365234390625 0.6710570828125 0.4453125 0.6591127046875 0.4472656234375 0.633052234375 0.4453125 0.6265371156249999
1 0.6191406234375 0.6439107625 0.6083984390625 0.6254512640625001 0.6025390609375 0.6211078515625 0.5888671890625 0.61893614375 0.5751953109375 0.623279559375 0.5644531234375 0.6352239390625 0.5605468765625 0.64608246875 0.5605468765625 0.6612844078125 0.5644531234375 0.66997123125 0.5751953109375 0.6819156140625 0.5830078109375 0.686259025 0.5957031234375 0.6851731734375 0.6044921890625 0.6819156140625 0.6152343765625 0.66997123125 0.6191406234375 0.6612844078125 0.6191406234375 0.6439107625
1 0.7910156234375 0.64608246875 0.78515625 0.6352239390625 0.7763671890625 0.6276229671875 0.7685546890625 0.6254512640625001 0.7509765609375 0.6276229671875 0.73828125 0.63956735 0.734375 0.6482541734375 0.7324218765625 0.656940996875 0.734375 0.66997123125 0.7509765609375 0.6906024375 0.7734375 0.689516584375 0.7802734390625 0.686259025 0.7910156234375 0.66997123125 0.79296875 0.6612844078125 0.7910156234375 0.64608246875
1 0.87890625 0.7155770546875 0.875 0.7047185234375 0.8623046890625 0.6906024375 0.8408203109375 0.6884307296875 0.8310546890625 0.69277414375 0.8222656234375 0.7025468187499999 0.8183593765625 0.713405346875 0.8183593765625 0.7307789921875 0.8222656234375 0.7416375234375 0.8291015609375 0.749238490625 0.8447265609375 0.7557536093749999 0.8515625 0.7546677578125001 0.8583984390625 0.75358190625 0.87109375 0.743809228125 0.8769531234375 0.7329507000000001 0.87890625 0.7155770546875
1 0.0859375 0.8350208703125 0.07714843906249999 0.8274198984375 0.06738281093750001 0.823076490625 0.0537109390625 0.823076490625 0.033203123437499996 0.837192578125 0.0292968765625 0.8480511046875 0.03125 0.8697681625 0.040039060937499996 0.8817125453125 0.049804689062500004 0.8882276609374999 0.06835937656249999 0.887141809375 0.07519531093750001 0.883884253125 0.08789062343750001 0.8697681625 0.08984375 0.8458794 0.0859375 0.8350208703125
1 0.1796875 0.7915867546875 0.1669921890625 0.7752989609375 0.1591796890625 0.77312725625 0.1396484390625 0.7752989609375 0.12304687656249999 0.7915867546875 0.12109375 0.8133038125000001 0.1269531234375 0.826334046875 0.1337890609375 0.8339350187499999 0.1416015609375 0.8382784296875 0.16015625 0.837192578125 0.1669921890625 0.8339350187499999 0.17578125 0.8241623421875 0.1796875 0.8154755203124999 0.1796875 0.7915867546875
1 0.2548828109375 0.8404501375000001 0.2470703109375 0.836106721875 0.2255859390625 0.8382784296875 0.2177734390625 0.8426218406249999 0.2089843765625 0.856737928125 0.2089843765625 0.88062669375 0.2128906234375 0.889313515625 0.2275390609375 0.9012578984375 0.2480468765625 0.9001720437499999 0.2636718765625 0.8849701046874999 0.2675781234375 0.8762832812499999 0.2675781234375 0.856737928125 0.2548828109375 0.8404501375000001
1 0.3496093765625 0.7915867546875 0.3427734390625 0.7861574906250001 0.3212890609375 0.7839857828125 0.3095703109375 0.790500903125 0.3027343765625 0.7981018734374999 0.2988281234375 0.8111321078125 0.2988281234375 0.8241623421875 0.3027343765625 0.8350208703125 0.3115234390625 0.8447935453125 0.3193359390625 0.8491369609375001 0.3378906234375 0.8480511046875 0.3466796890625 0.8426218406249999 0.3574218765625 0.826334046875 0.35546875 0.8024452859375 0.3496093765625 0.7915867546875
1 0.4306640609375 0.7275214375 0.4228515609375 0.723178021875 0.4033203109375 0.7253497296875 0.38671875 0.7416375234375 0.3847656234375 0.7676979921875 0.390625 0.7785565203125 0.4013671890625 0.7883291984375 0.42578125 0.7872433421875 0.4394531234375 0.7742131078125001 0.4433593765625 0.7655262859375 0.44140625 0.739465815625 0.4306640609375 0.7275214375
1 0.5253906234375 0.6830014656250001 0.5185546890625 0.6754004984375 0.5126953109375 0.6710570828125 0.4990234390625 0.6688853796875 0.4853515609375 0.6754004984375 0.4785156234375 0.6830014656250001 0.47265625 0.6982034078125 0.47265625 0.713405346875 0.4746093765625 0.719920465625 0.4853515609375 0.7318648453125001 0.4931640609375 0.736208259375 0.5097656234375 0.7351224046875 0.5185546890625 0.7318648453125001 0.52734375 0.719920465625 0.53125 0.7025468187499999 0.5253906234375 0.6830014656250001
1 0.61328125 0.750324346875 0.5986328109375 0.7340365531249999 0.5791015609375 0.7318648453125001 0.5732421890625 0.7340365531249999 0.5605468765625 0.745980934375 0.5566406234375 0.7590111703125 0.5566406234375 0.7785565203125 0.5693359390625 0.7948443140625 0.5791015609375 0.799187725 0.5917968765625 0.7981018734374999 0.6005859390625 0.7948443140625 0.6113281234375 0.78289993125 0.6152343765625 0.7720414046874999 0.61328125 0.750324346875
1 0.78515625 0.7611828734375 0.7783203109375 0.75358190625 0.7666015609375 0.7470667875 0.7568359390625 0.7470667875 0.7431640609375 0.75358190625 0.7363281234375 0.7611828734375 0.7324218765625 0.7698696968750001 0.73046875 0.7850716390625 0.734375 0.7981018734374999 0.7451171890625 0.8100462531250001 0.7568359390625 0.8143896671874999 0.7675781234375 0.8133038125000001 0.7763671890625 0.8100462531250001 0.7871093765625 0.7981018734374999 0.7910156234375 0.780728228125 0.78515625 0.7611828734375
1 0.8769531234375 0.8350208703125 0.8623046890625 0.8143896671874999 0.8505859390625 0.8100462531250001 0.8388671890625 0.8100462531250001 0.8222656234375 0.8219906359375001 0.81640625 0.837192578125 0.81640625 0.8502228125 0.8203125 0.8610813390625 0.8310546890625 0.8730257218749999 0.8427734390625 0.8773691328125001 0.8515625 0.8762832812499999 0.8623046890625 0.8730257218749999 0.8730468765625 0.8610813390625 0.8769531234375 0.8523945156250001 0.8769531234375 0.8350208703125
1 0.69921875 0.8241623421875 0.6953125 0.8111321078125 0.6826171890625 0.797016021875 0.6630859390625 0.7948443140625 0.6464843765625 0.8046169890625 0.6386718765625 0.8219906359375001 0.6386718765625 0.832849165625 0.6425781234375 0.8458794 0.6533203109375 0.8578237828124999 0.6650390609375 0.862167190625 0.6738281234375 0.8610813390625 0.6845703109375 0.8578237828124999 0.6953125 0.8458794 0.69921875 0.8350208703125 0.69921875 0.8241623421875
1 0.4472656234375 0.8697681625 0.4375 0.8610813390625 0.4306640609375 0.8491369609375001 0.4169921890625 0.8426218406249999 0.4072265609375 0.8426218406249999 0.3935546890625 0.8491369609375001 0.38671875 0.856737928125 0.3828125 0.8654247515625 0.3828125 0.889313515625 0.3916015609375 0.903429603125 0.4033203109375 0.9099447218750001 0.4160156234375 0.9088588671875 0.4267578109375 0.90560130625 0.4375 0.893656928125 0.44140625 0.8741115734375 0.4472656234375 0.8697681625
1 0.52734375 0.8133038125000001 0.5214843765625 0.7981018734374999 0.5146484390625 0.790500903125 0.5068359390625 0.7861574906250001 0.4892578109375 0.7861574906250001 0.47265625 0.7981018734374999 0.4667968765625 0.8176472234375 0.4667968765625 0.826334046875 0.47265625 0.83936428125 0.4794921890625 0.846965253125 0.4931640609375 0.85348036875 0.5 0.8523945156250001 0.5068359390625 0.8513086640624999 0.51953125 0.8415359890625 0.5253906234375 0.8306774578124999 0.52734375 0.8133038125000001
1 0.6074218765625 0.8719398703125 0.6035156234375 0.8632530468749999 0.5888671890625 0.8513086640624999 0.5712890609375 0.8513086640624999 0.5595703109375 0.8578237828124999 0.55078125 0.8719398703125 0.5488281234375 0.8827983968750001 0.5546875 0.9045154546875 0.5693359390625 0.9164598375 0.5800781234375 0.9175456890625 0.5888671890625 0.9164598375 0.5986328109375 0.9099447218750001 0.6074218765625 0.89582863125 0.6074218765625 0.8719398703125
1 0.77734375 0.88062669375 0.7607421890625 0.862167190625 0.7353515609375 0.8643388984374999 0.7207031234375 0.8827983968750001 0.72265625 0.9110305734375 0.7373046890625 0.9251466609375001 0.7431640609375 0.92731836875 0.7597656234375 0.9262325125 0.7666015609375 0.922974953125 0.7753906234375 0.9132022781250001 0.7792968765625 0.9045154546875 0.77734375 0.88062669375