1 0.9938587125 0.190769884375 0.991817725 0.18079781718750002 0.985207821875 0.1687407265625 0.9799044718750001 0.165316021875 0.964566546875 0.16233463125 0.9560008375000001 0.165457296875 0.94209321875 0.1807076921875 0.9385062328125 0.1991611328125 0.9405472187499999 0.2091332 0.9486259890625 0.22386964374999999 0.9551121468750001 0.226327346875 0.9615983031249999 0.2287850453125 0.97591573125 0.2267804 0.98419538125 0.220011378125 0.9907201015625 0.20691664375 0.9938587125 0.190769884375
1 0.927698659375 0.213817196875 0.9241888015624999 0.20116577656249998 0.918599390625 0.19409471875 0.8998753578124999 0.1880612984375 0.8889440390625 0.19311796875 0.8778504 0.20412767656250003 0.873242921875 0.217595084375 0.8733666687499999 0.22719447812500002 0.8768765249999999 0.2398459015625 0.8832003687500001 0.24825663593749997 0.90310720625 0.25332305 0.9140385328124999 0.24826637968749998 0.922766553125 0.2391906796875 0.92737403125 0.22572327187500002 0.927698659375 0.213817196875
1 0.8800456484374999 0.1518900203125 0.8662151546875 0.1360355546875 0.8547117109375 0.1337995125 0.844228765625 0.1365495 0.835949115625 0.1433185234375 0.8298727687499999 0.1541065765625 0.82673415625 0.1702533359375 0.828326771875 0.1825320859375 0.8349366734375 0.19458917656250002 0.8448089375000001 0.200098903125 0.8493778515624999 0.20218392812500002 0.86650926875 0.1959385984375 0.878499653125 0.1803155296875 0.8820866390625 0.1618620890625 0.8800456484374999 0.1518900203125
1 0.8125404734374999 0.1818573734375 0.799606728125 0.1613895484375 0.77806870625 0.15959681406249998 0.7622438453125 0.1744745359375 0.7576363671874999 0.18794194375 0.75878060625 0.20252737031249998 0.7649421390625 0.21689114062499998 0.7728971609374999 0.22202819375 0.7813005546875 0.22485856875 0.7917835078125 0.22210857499999997 0.8047943796875 0.21147154218750003 0.8104223562499999 0.20299016875000003 0.8125404734374999 0.1818573734375
1 0.7654595859375 0.1272229125 0.7525258390625 0.10675508281249999 0.7309878234375 0.10496235000000001 0.71842531875 0.1132927078125 0.7127973437499999 0.12177407968750001 0.7078652390625 0.147147559375 0.7140267687499999 0.16151133281250002 0.7200645515625 0.1662757109375 0.738054153125 0.170969453125 0.7466198609375 0.1678467890625 0.757265121875 0.1591437609375 0.7628930953124999 0.1506623875 0.7654595859375 0.1272229125
1 0.6943208078125 0.1349394484375 0.69227981875 0.12496738125 0.6856699171875 0.1129102890625 0.6769804578125 0.1064335578125 0.661194159375 0.10575885 0.6430036859375 0.1225705765625 0.6383962046875 0.13603798281249999 0.63807158125 0.14794405625 0.6401125671875 0.1579161234375 0.649374146875 0.17168556875000002 0.66544650625 0.1760066359375 0.671646596875 0.174817978125 0.6846574750000001 0.16418094375 0.6902854484375001 0.15569957031249998 0.6943208078125 0.1349394484375
1 0.745483671875 0.20951804843750002 0.7412393828125 0.19552694843750001 0.7329982968750001 0.186743540625 0.7095430359375 0.1845781328125 0.696980534375 0.1929084875 0.6909041890625 0.20369654218750002 0.687317203125 0.22214998281249998 0.6893581890625 0.23212205 0.6959680953125 0.2441791421875 0.702005875 0.24894352031250003 0.7161609921875 0.2528919140625 0.722361090625 0.25170325781249997 0.7405515671875 0.234891528125 0.7456074187499999 0.2191174421875 0.745483671875 0.20951804843750002
1 0.8615386 0.2368645109375 0.8519909640625001 0.21944871250000003 0.8466876125 0.21602400781250003 0.8371014125 0.2141606390625 0.8266184609374999 0.2169106296875 0.8159732 0.2256136578125 0.8103452265625 0.23409503125 0.8076549875 0.2479351109375 0.8102680937500001 0.2651998953125 0.81540913125 0.27457763125 0.8199780484374999 0.276662659375 0.8341331625 0.2806110515625 0.8403332609374999 0.279422390625 0.8533441375 0.2687853578125 0.8589721078125001 0.260303984375 0.8615386 0.2368645109375
1 0.976248409375 0.2711310125 0.974207425 0.2611589453125 0.9603769281250001 0.24530447500000002 0.9403077765625 0.24619110156250001 0.9244829156250001 0.2610688203125 0.9214680515625 0.2868149765625 0.9336673640625 0.3059431265625 0.9497397234375 0.3102641921875 0.9540225765624999 0.3087028625 0.9670334531250001 0.29806582656249997 0.973109796875 0.287277775 0.976248409375 0.2711310125
1 0.9561487468750001 0.3438267546875 0.9495388453125001 0.3317696625 0.9427666296874999 0.3256656078125 0.9250630875000001 0.3246182203125 0.9125005875 0.332948578125 0.9068726109374999 0.34142995 0.9034093750000001 0.3694827859375 0.9081020390625 0.381167203125 0.9160570609375001 0.38630425625 0.9321294171875 0.3906253234375 0.936412271875 0.3890639921875 0.9446919218750001 0.38229496875 0.9531338843749999 0.3695729109375 0.9561487468750001 0.3438267546875
1 0.9058440640625 0.280187228125 0.89229963125 0.2679791171875 0.8865479125 0.2668610953125 0.8717821062500001 0.2711724203125 0.8578744875 0.2864228125 0.8542875015625 0.304876253125 0.8563284875000001 0.314848321875 0.8675073062499999 0.328990440625 0.8816624265625 0.332938834375 0.8878625171875001 0.3317501765625 0.906052996875 0.314938446875 0.9090678593750001 0.2891922921875 0.9058440640625 0.280187228125
1 0.83805283125 0.306508225 0.8305461781249999 0.2990644921875 0.8132910156250001 0.295710428125 0.8047253062499999 0.2988330921875 0.7908176828125 0.3140834875 0.788251190625 0.33752296249999997 0.7958815875 0.35456608749999996 0.800450503125 0.3566511125 0.8165228640625 0.36097217812500004 0.82080571875 0.3594108484375 0.8389961953125 0.342599121875 0.84258318125 0.32414568125 0.83805283125 0.306508225
1 0.7921547484375 0.25090675625 0.7839136671875 0.2421233484375 0.7647412609375001 0.23839661093750003 0.7521787578125 0.2467269640625 0.744185171875 0.2571423453125 0.741046559375 0.2732891046875 0.7426391703124999 0.285567853125 0.7519007515625 0.299337296875 0.7679731109375 0.3036583625 0.7741732015625 0.3024697046875 0.7919153062500001 0.2879646578125 0.7963990390625 0.26489785625 0.7921547484375 0.25090675625
1 0.7253840078125 0.2822137890625 0.7202429703125001 0.27283605 0.7149396234375 0.26941135 0.6976844546875001 0.2660572859375 0.689118746875 0.269179946875 0.6808390984375 0.2759489703125 0.671948765625 0.29097771093749997 0.6721962625 0.3101764984375 0.6802750343749999 0.32491294375 0.6901472984375 0.3304226703125 0.69663345 0.332880371875 0.707116403125 0.3301303765625 0.7201272750000001 0.31949334375 0.7266519984375 0.3063986125 0.7253840078125 0.2822137890625
1 0.6756900109374999 0.2103145453125 0.6690801093750001 0.19825745 0.66039065 0.1917807234375 0.6446043515625 0.1911060109375 0.6379558875 0.19460135 0.6296762375 0.2013703734375 0.623599890625 0.212158425 0.62090965 0.22599850625 0.62160551875 0.2428906140625 0.6301326656249999 0.25532038125 0.6380876859375 0.260457434375 0.648408325 0.2636604796875 0.6569740328125 0.2605378140625 0.6652536812500001 0.2537687921875 0.6713300249999999 0.2429807390625 0.6756900109374999 0.2103145453125
1 0.6573067109374999 0.3048884265625 0.650248434375 0.2951380171875 0.633441640625 0.28947727031250003 0.6272415484375 0.29066593125 0.60949944375 0.305170975 0.60399521875 0.32325174218749997 0.604118965625 0.33285113593750004 0.61028049375 0.347214909375 0.616318278125 0.3519792890625 0.634307878125 0.35667303125 0.645239196875 0.3516163609375 0.6539672203125 0.34254065625 0.6593476984375 0.3148604953125 0.6573067109374999 0.3048884265625
1 0.6992465625000001 0.350145153125 0.6781569125 0.34604574062500004 0.658049196875 0.36248479218749996 0.6540138390625 0.3832449140625 0.6560548265625 0.39321698125000004 0.6626647296875 0.4052740734375 0.67253699375 0.4107838015625 0.6771059078125 0.4128688234375 0.689506096875 0.4104915078125 0.705330959375 0.3956137859375 0.7087942 0.3675609515625 0.6992465625000001 0.350145153125
1 0.7696894703125 0.32553650625 0.7490482 0.31913041249999996 0.7361996375000001 0.3238144125 0.7274716140625 0.3328901140625 0.7215190125000001 0.35327756093749996 0.7220911359375 0.360570275 0.7311903984375 0.3802927546875 0.7357593171875 0.3823777796875 0.7499144328125 0.386326171875 0.758480140625 0.38320350937500003 0.7743050031250001 0.3683257875 0.7783403625 0.347565665625 0.7696894703125 0.32553650625
1 0.8911329312499999 0.38145949687499997 0.8885198234375 0.36419471406250004 0.879992678125 0.35176494687500004 0.8727720890624999 0.3479675734375 0.8541718078124999 0.3515335484375 0.84071255625 0.3644772625 0.8372493203125 0.39253009843750003 0.8467969578125001 0.40994590000000003 0.8532831109375 0.41240359687500006 0.8597692671875 0.41486129531250004 0.87216945625 0.4124839765625 0.8828147218750001 0.4037809515625 0.8884426921875 0.395299578125 0.8911329312499999 0.38145949687499997
1 0.9382138203125001 0.43609395781250004 0.9356007109375 0.4188291765625 0.9232390859375 0.405654065625 0.9098183984375 0.40304534687500004 0.901252690625 0.40616800937499997 0.8906074296875 0.414871040625 0.8840827093750001 0.427965771875 0.8853506984375 0.45215059531249996 0.8904917343750001 0.46152833125 0.8984467578125 0.466665384375 0.9106846375 0.47024110781250006 0.9211675843749999 0.46749111250000003 0.927081621875 0.4626560984375 0.9364203265625 0.445320678125 0.9382138203125001 0.43609395781250004
1 0.9185625296875 0.506483021875 0.912400996875 0.492119246875 0.9056287812500001 0.48601519218749994 0.8922081000000001 0.4834064765625 0.8836423921875 0.48652914062499997 0.8706315140625 0.497166175 0.8673691531250001 0.503713540625 0.8648026625 0.5271530140625 0.8709641906250001 0.5415167875 0.877001975 0.5462811671875001 0.8949915765625001 0.5509749078125 0.9011916687499999 0.549786246875 0.9127336796875 0.5364698609375 0.9191346499999999 0.513775734375 0.9185625296875 0.506483021875
1 0.8634028703125001 0.437112109375 0.8547134156249999 0.43063538437500004 0.8365615015625 0.431894675 0.8263646140625 0.438291025 0.820736640625 0.44677239843749994 0.8171496546875 0.4652258390625 0.8197627656250001 0.48249062187499997 0.8299210875 0.491646703125 0.8459934484374999 0.495967775 0.8545591578125 0.49284510625 0.8684667796875001 0.4775947140625 0.8714816421875 0.45184855625000003 0.8634028703125001 0.437112109375
1 0.8229318890625 0.394534740625 0.8197080937500001 0.385529678125 0.8114670078125 0.37674626718750004 0.7980463265625 0.37413755000000004 0.7894806187500001 0.3772602140625 0.7792837265625 0.3836565640625 0.7736557546875 0.3921379375 0.7700687703125 0.410591378125 0.772681878125 0.427856159375 0.7828402015625 0.4370122421875 0.795078078125 0.44058796093749997 0.8055610296875001 0.4378379703125 0.8213858921874999 0.4229602484375 0.8249728765625 0.40450680781250004 0.8229318890625 0.394534740625
1 0.7553029640625 0.4149027 0.748244690625 0.40515228593749997 0.7314378953125 0.39949154375 0.7228721859375 0.4026142078125 0.709861309375 0.4132512421875 0.703011965625 0.4382520484375 0.7050529546875001 0.4482241171875 0.71431453125 0.4619935609375 0.7342213703125 0.4670599765625 0.7538807171874999 0.452927603125 0.7593849421875001 0.43484683593750006 0.758812821875 0.4275541234375 0.7553029640625 0.4149027
1 0.6288036484374999 0.374753796875 0.6115484859375 0.371399734375 0.589523528125 0.3874661109375 0.584591421875 0.41283959374999996 0.5936906859375 0.43256207187499995 0.598259603125 0.4346471 0.6143319625 0.43896816562499996 0.6205320546875 0.4377795046875 0.6335429312499999 0.42714247343749995 0.641289021875 0.3975283046875 0.6288036484374999 0.374753796875
1 0.6845739921875 0.435864990625 0.6758845390625 0.4293882578125 0.6682155765625 0.4278975625 0.65153253125 0.4318362140625 0.6432528828125 0.4386052359375 0.637176534375 0.4493932890625 0.635058415625 0.470526084375 0.6453404890625001 0.48928156093749997 0.6671645703125 0.4947206484375 0.6820926859374999 0.48445628906250005 0.687720659375 0.475974915625 0.690859271875 0.45982815468749993 0.6845739921875 0.435864990625
1 0.738264784375 0.5025565421875 0.726799903125 0.48476806874999995 0.713379221875 0.48215935312499997 0.7028962703125 0.48490934374999994 0.6870714078125 0.49978706562499997 0.683608171875 0.5278399015625 0.6916869390625 0.542576346875 0.6996419625 0.5477133984375 0.7180799359375001 0.5501004593750001 0.7310908125 0.5394634234375 0.7367187875 0.5309820515625 0.740305771875 0.5125286109375 0.738264784375 0.5025565421875
1 0.80385271875 0.4722165171875 0.7953255734375 0.45978675 0.7799876484375 0.456805359375 0.7714219390625 0.45992802499999996 0.761225053125 0.46632437343750005 0.755597078125 0.474805746875 0.7521338421875 0.50285858125 0.7628642859375 0.5193073781249999 0.7808538859375 0.52400111875 0.7953336281250001 0.5160434390625 0.8033272140625 0.5056280578125001 0.8073625734375 0.4848679390625 0.80385271875 0.4722165171875
1 0.8400408468749999 0.51635521875 0.8266201656250001 0.5137465031249999 0.8114059843750001 0.52036450625 0.79896723125 0.5382942546875 0.7971737390625 0.5475209750000001 0.8002352203124999 0.5624790749999999 0.80537625625 0.5718568140625 0.8133312796875 0.5769938671875 0.8255691593750001 0.5805695875 0.83413486875 0.577446921875 0.8499597296875001 0.5625692015625 0.8529745921874999 0.536823046875 0.8400408468749999 0.51635521875
1 0.8890389734375 0.57136235625 0.86750095625 0.5695696234375001 0.8473932390625001 0.5860086765625 0.8438062546875 0.6044621171875 0.8468677359375001 0.61942021875 0.8551088203124999 0.6282036296875 0.875015659375 0.6332700453125 0.8812157515625 0.6320813828125 0.8923093874999999 0.6210716765625001 0.8985866109374999 0.58877815625 0.8890389734375 0.57136235625
1 0.8805279374999999 0.671445965625 0.8714286734375 0.6517234859375 0.8498906515625 0.6499307546875001 0.8349625359375 0.6601951125000001 0.8293345625 0.6686764859375 0.8257475765625 0.6871299265624999 0.82925743125 0.6997813484375001 0.8382329484375 0.7099044328125 0.8447191046875 0.712362134375 0.84928801875 0.71444715625 0.8659710625000001 0.710508509375 0.8746990859375 0.7014328046875 0.8802033109374999 0.6833520375 0.8805279374999999 0.671445965625
1 0.85895940625 0.7414623515625001 0.8499838875 0.7313392640624999 0.8303631093750001 0.7299192062500001 0.813069378125 0.742117575 0.8071167812500001 0.7625050234375 0.8087093968750001 0.77478376875 0.815319296875 0.7868408640625 0.8232743234375001 0.791977915625 0.8335949578124999 0.795180959375 0.844077909375 0.792430971875 0.85798553125 0.777180575 0.862020890625 0.756420453125 0.85895940625 0.7414623515625001
1 0.8219821734374999 0.599023028125 0.8047270046874999 0.5956689640625 0.796161296875 0.5987916296875 0.7827020484375 0.6117353421875 0.778991315625 0.6205893890625 0.7777699421875 0.637108825 0.7802593078125 0.6447742109375 0.7854003406250001 0.6541519515625 0.7991070859375 0.660407025 0.8122417078125 0.6593693843749999 0.8252525859375 0.64873235 0.8308805593749999 0.6402509765625 0.8329986796875 0.6191181828125 0.8219821734374999 0.599023028125
1 0.7864899140625 0.571776434375 0.7844489218749999 0.561804365625 0.774901284375 0.5443885640625 0.7514460234375 0.542223159375 0.7356211625 0.55710088125 0.7305653109375 0.5728749671875 0.7306890578125 0.5824743625 0.7368505859375001 0.5968381328125 0.7428883703125 0.6016025140625 0.7589607265625 0.6059235796875 0.7675264359375 0.6028009140624999 0.778171696875 0.5940978875 0.783799675 0.5856165156250001 0.7864899140625 0.571776434375
1 0.7649213828125 0.6417928203125001 0.75300813125 0.6263110265625 0.73767020625 0.6233296359375 0.729104496875 0.6264523046875 0.7151968734375 0.6417026953125 0.7116098875 0.6601561359375 0.7136508765625 0.6701282046875 0.7187919140625 0.6795059453125 0.728664175 0.6850156703125 0.7409020546875 0.688591390625 0.7494677624999999 0.6854687265625 0.7577474125 0.678699703125 0.7670861171875 0.6613642828125 0.7649213828125 0.6417928203125001
1 0.7169437484375 0.5917717203125 0.71078221875 0.577407946875 0.7020927593749999 0.5709312171875001 0.6905893171875 0.5686951734375 0.6801063703125 0.5714451656249999 0.6694611046875 0.58014819375 0.6629363875000001 0.5932429265625 0.6615912671874999 0.6001629687500001 0.6642043765625 0.6174277484374999 0.674648759375 0.6302301875 0.6830521546874999 0.6330605625 0.6876210734375 0.6351455875 0.6981040187499999 0.6323955953125 0.70874928125 0.6236925671875 0.71482563125 0.6129045140625 0.7169437484375 0.5917717203125
1 0.6717801015625 0.5375099296875 0.6687186203125 0.5225518296875 0.6597431046875 0.512428740625 0.6424879359375 0.5090746765625 0.6339222265625 0.5121973453125 0.62046298125 0.525141059375 0.6165513687499999 0.555500571875 0.622712896875 0.5698643453125001 0.6359712703125 0.5784260984375 0.6443746640625 0.5812564734375 0.64865751875 0.5796951375 0.661668396875 0.5690581046875 0.6672963703125 0.5605767312500001 0.6717801015625 0.5375099296875
1 0.6204163625 0.4844368015625 0.6188237437499999 0.472158053125 0.6136827109375 0.4627803140625 0.60160714375 0.45325155468749995 0.5830068625 0.45681753281250004 0.572361596875 0.4655205609375 0.5667336265625 0.47400193437500004 0.5650638796874999 0.49282804843749994 0.56710486875 0.502800115625 0.5756320140625 0.51522988125 0.5802009265625 0.5173149078125 0.590521565625 0.5205179546875 0.6010045109375 0.5177679625 0.6088357875 0.5133056218750001 0.6168293765625 0.5028902421875 0.6204163625 0.4844368015625
1 0.6038265546875 0.569783965625 0.6022339359375 0.557505215625 0.5956240328125 0.5454481234374999 0.5888518171875 0.53934406875 0.5735138921875 0.5363626781249999 0.5649481828125 0.5394853421875 0.5543029234375 0.5481883703125 0.5510405640625 0.5547357374999999 0.5480256984375 0.580481890625 0.5561044703125 0.5952183390625 0.5640594921875 0.6003553921875 0.5820490921875 0.60504913125 0.586331946875 0.6034877984375 0.5922459796874999 0.5986527828125 0.6015846890625001 0.5813173640625 0.6038265546875 0.569783965625
1 0.6498869468749999 0.6194323921875 0.6473975828125 0.6117670046875 0.633118715625 0.59821921875 0.6216152734375 0.595983175 0.6111323265624999 0.5987331640625 0.6028526765625 0.6055021875000001 0.5967763296874999 0.6162902406249999 0.5940860906250001 0.6301303203125 0.5971475749999999 0.6450884234375 0.605674715625 0.6575181890625 0.610243634375 0.6596032125 0.6243987484375 0.6635516078125 0.6329644578125 0.6604289390625 0.6416924796875 0.6513532390625 0.6482172 0.6382585062499999 0.6498869468749999 0.6194323921875
1 0.6931719140625 0.6577690781250001 0.6863996984375 0.6516650187499999 0.6710617734375 0.6486836281249999 0.6624960640625 0.651806296875 0.65140243125 0.662816003125 0.6453260843749999 0.6736040578125 0.6445530875000001 0.6878168109375 0.648062940625 0.7004682328125 0.65969013125 0.71230366875 0.6738452500000001 0.7162520609375 0.6824109578125 0.7131293999999999 0.6967669546875 0.6955723218750001 0.69933344375 0.6721328484375 0.6931719140625 0.6577690781250001
1 0.814940003125 0.7017859921875 0.80245463125 0.6790114859374999 0.78711670625 0.6760300953125 0.7785509984375001 0.6791527562499999 0.7655401203125 0.6897897921875 0.7622777609375 0.6963371609375 0.759587521875 0.710177240625 0.761180134375 0.7224559875 0.7663211703125 0.7318337265625 0.77427619375 0.7369707796875 0.7884313109375001 0.740919171875 0.794631409375 0.7397305125 0.8104562703125 0.72485279375 0.815512125 0.7090787046875 0.814940003125 0.7017859921875
1 0.8419212249999999 0.8291161953125 0.8353113234375 0.8170591046875 0.8266218640625 0.8105823734375001 0.8084699546874999 0.8118416703125 0.7978246906249999 0.820544696875 0.79219671875 0.8290260703125 0.788609734375 0.8474795109375 0.79065071875 0.857451578125 0.7991778625 0.869881346875 0.803746778125 0.8719663703125 0.8179018953125 0.8759147640625 0.8264676046874999 0.8727921000000001 0.840375228125 0.857541703125 0.8439622140624999 0.8390882625 0.8419212249999999 0.8291161953125
1 0.796432953125 0.78676048125 0.7943919671875 0.7767884140625 0.7877820609375 0.7647313203125 0.7790926078125 0.758254590625 0.7695064015625 0.756391221875 0.7566578390625 0.7610752171875 0.7483781921875 0.7678442421875 0.7423018421875 0.7786322953125 0.739611603125 0.792472375 0.7416525953125 0.80244444375 0.7482624984374999 0.8145015359375 0.7543002796875 0.8192659156250001 0.7684553953125 0.8232143078125 0.7770211046875 0.8200916421875 0.78766636875 0.8113886156250001 0.7937427140625 0.8006005609375 0.796432953125 0.78676048125
1 0.7334805875 0.7062994828125 0.7200599000000001 0.703690765625 0.7114941921875 0.7068134296874999 0.69566933125 0.721691153125 0.6920823453125 0.74014459375 0.6941233328124999 0.7501166609375 0.699264371875 0.7594943984375 0.7086882609375 0.76731080625 0.7252089921875 0.7693251953125 0.7462134546875 0.7482727796875001 0.7468627062500001 0.7244606296875 0.7402528046875 0.7124035375 0.7334805875 0.7062994828125
1 0.631379896875 0.7044068828125 0.6247699953125 0.6923497921874999 0.610777190625 0.682448359375 0.6007426109375 0.6828916671874999 0.5898112906249999 0.687948340625 0.5838972546875 0.6927833546875 0.5773725359374999 0.7058780890625 0.57557904375 0.715104809375 0.57717165625 0.7273835578125001 0.5837815625 0.7394406499999999 0.5898193421875 0.744205028125 0.605891703125 0.7485260968749999 0.6120917953125 0.7473374390624999 0.6227370578125 0.7386344078125 0.628365034375 0.7301530359374999 0.631379896875 0.7044068828125
1 0.5844227578125001 0.6593718140625 0.5823817703125 0.6493997453125 0.5757718671875 0.6373426531249999 0.5617790625 0.6274412203125 0.543178775 0.6310071984375 0.532085140625 0.6420169078125 0.5271530359375001 0.6673903875 0.52817353125 0.6723764203125 0.534783434375 0.684433515625 0.544207321875 0.6922499203125 0.560279684375 0.6965709875 0.5645625390625 0.695009653125 0.5752077984375 0.6863066265625 0.5821808921875 0.670905215625 0.5844227578125001 0.6593718140625
1 0.535154675 0.7132316984375 0.5227544859375 0.7156090109375 0.5144748375 0.7223780359374999 0.5071771203125001 0.7496855234375001 0.5106869765625001 0.762336946875 0.5184796859375 0.7734270359375001 0.5383865234375 0.77849345 0.5552318828125 0.7686017625 0.5629779765625 0.7389875953125 0.5538787078125 0.7192651140625 0.535154675 0.7132316984375
1 0.6742164953125 0.74505024375 0.6674442796875 0.7389461921875 0.658306446875 0.734776140625 0.6501891109375 0.735592128125 0.6300813953125 0.7520311796875 0.6260460375 0.7727913 0.628087025 0.7827633671875 0.637348603125 0.7965328125 0.657255440625 0.8015992265625 0.6749975453125 0.787094178125 0.68095014375 0.7667067328125 0.680378025 0.7594140171875 0.6742164953125 0.74505024375
1 0.7303966468749999 0.8194071890625001 0.729824525 0.8121144749999999 0.7188080171875 0.7920193171875 0.705835709375 0.7871039234375 0.6996356125000001 0.7882925796875 0.6875214859375001 0.79431625625 0.6795278953125 0.8047316359375 0.6744720453124999 0.8205057218749999 0.67606465625 0.8327844703125 0.6841434265624999 0.8475209187500001 0.6887123421875 0.849605940625 0.7028674609375 0.853554334375 0.7090675578125001 0.8523656781250001 0.7168988328125 0.847903334375 0.72489241875 0.83748795625 0.7303966468749999 0.8194071890625001
1 0.82251743125 0.9187040468750001 0.8159075265625001 0.9066469500000001 0.8053008281249999 0.8997975515625001 0.786700546875 0.9033635265625 0.776055284375 0.912066553125 0.7695305609374999 0.9251612859374999 0.769778059375 0.944360075 0.7763879640625 0.956417165625 0.7862602234375 0.9619268921874999 0.7946636218750001 0.96475726875 0.8070638125 0.9623799468750001 0.8209714312499999 0.9471295546875 0.8245584171875 0.9286761140625 0.82251743125 0.9187040468750001
1 0.778374278125 0.869428290625 0.774864421875 0.8567768687499999 0.7625027984375 0.8436017578125 0.7529165921875001 0.8417383875000001 0.742433646875 0.8444883750000001 0.7317883843749999 0.85319140625 0.7261604078125 0.8616727781250001 0.72359391875 0.8851122531250001 0.7282865828125 0.896796671875 0.73579323125 0.904240403125 0.74994835 0.9081887999999999 0.7627969125 0.9035048 0.771524934375 0.8944290984375 0.7780496515624999 0.881334365625 0.778374278125 0.869428290625
1 0.7107453546875 0.8897962484375 0.6949976203125 0.8735691062500001 0.6749284671875 0.87445573125 0.661469221875 0.8873994453125 0.656985490625 0.9104662453125 0.659026475 0.9204383140625 0.662698646875 0.9271366984375 0.67065366875 0.93227375 0.6848087875 0.93622214375 0.695291734375 0.9334721515625001 0.7091993578125 0.9182217578125 0.71278634375 0.8997683171874999 0.7107453546875 0.8897962484375
1 0.6580750609375 0.8280907265625 0.6498339734374999 0.8193073203125 0.63641329375 0.816698603125 0.627847584375 0.8198212671875 0.61483670625 0.8304583031250001 0.6115743453125 0.83700566875 0.60900785625 0.8604451421875 0.617086628125 0.875181590625 0.6269588875000001 0.8806913171874999 0.63344504375 0.8831490125 0.643927996875 0.8803990234375 0.6597528578125 0.8655213015625 0.6627677234375 0.8397751484375 0.6580750609375 0.8280907265625
1 0.61344496875 0.7966740859375 0.6133212203125 0.787074690625 0.6086285593749999 0.775390275 0.595084128125 0.7631821640625 0.5769322140625001 0.7644414546875 0.566286953125 0.7731444859375001 0.5606589796875 0.781625859375 0.5575203671875 0.79777261875 0.55911298125 0.81005136875 0.5702918015625 0.8241934843750001 0.586364159375 0.8285145546875 0.5925642515625 0.82732589375 0.60512675625 0.8189955390625 0.608389115625 0.812448171875 0.61344496875 0.7966740859375
1 0.582777175 0.8469679953125 0.5693564875 0.844359278125 0.5607907796875 0.8474819390624999 0.5501455187500001 0.8561849703125001 0.5436207984375 0.8692797015625 0.54386829375 0.888478490625 0.5504781953125 0.9005355828124999 0.5584332187500001 0.9056726359375 0.576871190625 0.90805969375 0.5946132953125 0.8935546499999999 0.5976281593749999 0.8678084937499999 0.589549390625 0.8530720468749999 0.582777175 0.8469679953125
1 0.529171565625 0.8054282625000001 0.5099991593750001 0.8017015234375 0.5014334500000001 0.8048241890625001 0.49033981562499995 0.8158338984375 0.4848355890625 0.8339146656249999 0.48495933750000003 0.8435140593750001 0.4925897375 0.8605571859375001 0.5024619968749999 0.8660669125 0.508948153125 0.8685246109375001 0.523713959375 0.8642132890625 0.53480759375 0.8532035796875 0.5401880718750001 0.8255234187499999 0.529171565625 0.8054282625000001
1 0.4624393875 0.8211828625 0.45374993437500005 0.8147061328125 0.43604639218749996 0.8136587453124999 0.4258495046875 0.8200550968749999 0.41785591875000005 0.8304704765625001 0.4142689328125 0.8489239171875 0.41733041406250004 0.86388201875 0.430874846875 0.8760901296875 0.441195484375 0.8792931749999999 0.4559612859375 0.87498185 0.46750329687500003 0.8616654625000001 0.4709665328125 0.8336126265624999 0.4624393875 0.8211828625