1 0 0.2160898421875 0.003139690625 0.238407534375 0.0198121359375 0.24934750781249998 0.0350793265625 0.2495668046875 0.0431976859375 0.2465362125 0.053230565625000004 0.2410153578125 0.061845940625 0.229809178125 0.062367467187500004 0.21156288750000002 0.054758384375000003 0.2013825421875 0.0418904765625 0.1955327453125 0.029010318750000003 0.1947182953125 0.017075162499999998 0.1976940640625 0.010386578125 0.20137463281249998 0 0.214884653125 0 0.2160898421875
1 0.1291185359375 0.23014603125000002 0.137236890625 0.227115440625 0.14535524375 0.224084846875 0.1568301515625 0.2141786234375 0.1602112140625 0.197232290625 0.1573761921875 0.1858616390625 0.15357165 0.1807714625 0.13259764375 0.17291690937499998 0.11064186718749999 0.17637818125 0.092950875 0.191860084375 0.0900423171875 0.21070152812499998 0.094791865625 0.21958191562499998 0.1138513453125 0.229926734375 0.1291185359375 0.23014603125000002
1 0.227471553125 0.2026044921875 0.2413457453125 0.1870677640625 0.2437572890625 0.17640191562500002 0.24092226718749998 0.1650312625 0.221862790625 0.1546864421875 0.21136966093749998 0.1532768390625 0.192273415625 0.1580380671875 0.1836703 0.1642089 0.17552743125 0.1773101921875 0.1807249703125 0.1981563859375 0.187389046875 0.20454651406250002 0.205031015625 0.20920600625 0.227471553125 0.2026044921875
1 0.3272788515625 0.165642234375 0.32874538750000004 0.15118616875 0.3239958375 0.142305775 0.31590199218750004 0.1352656703125 0.29730276718750004 0.131851309375 0.27820652031250004 0.1366125375 0.26960340625 0.1427833703125 0.26001851249999997 0.16027003281250002 0.2676030828125 0.18052107343749998 0.2909641203125 0.18778047656250002 0.313404659375 0.1811789625 0.3272788515625 0.165642234375
1 0.35877049687499996 0.164835696875 0.382143790625 0.1670597484375 0.38787511406249997 0.1646243125 0.3983804984375 0.16099856562499998 0.40985540781249996 0.15109234062500002 0.41323646875 0.134146009375 0.41087395000000004 0.1246704625 0.407069409375 0.11958029218749999 0.39420150625 0.1137304921875 0.381321340625 0.11291604375 0.3646121296875 0.11708211718749999 0.35362197968750003 0.1238481046875 0.3469211375 0.1325640203125 0.3502041515625 0.1559004796875 0.35877049687499996 0.164835696875
1 0.49628552812500004 0.1214912234375 0.49678254375 0.113315634375 0.4910879875 0.10064502187499999 0.46964148124999994 0.090895359375 0.44577117499999996 0.0968468953125 0.4328665015625 0.10610314375 0.42855268593750007 0.11422391093749999 0.42758316562500004 0.1205043875 0.435640240625 0.1426505390625 0.458528775 0.14801483437500002 0.4809693140625 0.141413321875 0.49628552812500004 0.1214912234375
1 0.5473214109375 0.1278892609375 0.560213828125 0.12366835937500001 0.57694755625 0.10943158906249999 0.5798316031249999 0.10066084687500002 0.57557906875 0.08360486406249999 0.56891499375 0.0772147359375 0.55366005625 0.07196009375 0.5317042796875 0.075421365625 0.516412571875 0.08527276875 0.51162625625 0.091498421875 0.5106322249999999 0.10784959999999999 0.5182413078125 0.1180299453125 0.534441253125 0.127074809375 0.5473214109375 0.1278892609375
1 0.6256209234375001 0.10635408125000001 0.6432874 0.100942878125 0.6490187281249999 0.09850743749999999 0.6576340968750001 0.0873012546875 0.66051814375 0.07853051250000001 0.6562656109375 0.0614745359375 0.640065665625 0.05242967187499999 0.6295725359375 0.05102006875 0.6128633234375 0.05518614375000001 0.604260209375 0.061356975 0.5937303078125 0.0750534171875 0.5960683140625 0.094599659375 0.612740759375 0.1055396328125 0.6256209234375001 0.10635408125000001
1 0.7043929328125 0.0867140140625 0.71775785625 0.084388221875 0.728263240625 0.08076247812500001 0.7392656453125 0.06896114375 0.743591715625 0.055805031250000005 0.7402841890625 0.042539265625 0.7336201124999999 0.0361491375 0.7183651796875 0.03089449375 0.69640939375 0.03435576875 0.6806329343749999 0.0473474109375 0.67533734375 0.0667840015625 0.6829464265625 0.076964346875 0.6962868390625 0.08470925625 0.7043929328125 0.0867140140625
1 0.793185578125 0.0665884390625 0.8060779921875 0.0623675390625 0.816110878125 0.056846684375 0.824726246875 0.045640503124999995 0.8247752703125 0.025499107812499998 0.8176386921875001 0.0172138734375 0.80763031875 0.0126640296875 0.7971371890625 0.011254425 0.77326688125 0.017205962499999998 0.7603499546875 0.031497559375 0.7584109156250001 0.0440585203125 0.76363296875 0.054834018750000005 0.7803054125 0.065773990625 0.793185578125 0.0665884390625
1 0.10941496718749999 0.2884009875 0.121374634375 0.275354525 0.12425868124999999 0.26658378125 0.12428319218749999 0.25651308125 0.116674109375 0.246332734375 0.09570010625 0.23847818125 0.069442765625 0.24502487187500002 0.060354892187499995 0.25433594375 0.0555563171875 0.265596946875 0.06361339218749999 0.28774310000000003 0.07409426875 0.2941880515625 0.0845873984375 0.29559765625 0.10941496718749999 0.2884009875
1 0.21016727343750002 0.25522894687500003 0.2121308265625 0.2325972921875 0.18735228125 0.21965256093750002 0.1606224359375 0.22430414375000002 0.14434895781249998 0.245471375 0.1490739953125 0.26442246406250003 0.1681334703125 0.2747672796875 0.1810136359375 0.2755817296875 0.1891319890625 0.2725511359375 0.20155189999999998 0.2664351296875 0.21016727343750002 0.25522894687500003
1 0.25167954843749996 0.253936903125 0.2693337671875 0.253561046875 0.277452125 0.250530453125 0.28748500625 0.2450096 0.2961003796875 0.2338034171875 0.2985119234375 0.22313756875 0.295204396875 0.20987180468750002 0.2856807875 0.2021817234375 0.2732853875 0.19822703125000002 0.24894257656250002 0.20228345937499997 0.242253984375 0.2059640296875 0.2317240875 0.21966047500000002 0.23500710156250001 0.24299693437499997 0.24214368125000002 0.25128216718749996 0.25167954843749996 0.253936903125
1 0.335698125 0.2350016375 0.3681592921875 0.22791461562499998 0.37389061562500003 0.22547917968750003 0.38059146250000003 0.21676325937500002 0.384445028125 0.20171203906250001 0.38161000624999997 0.1903413859375 0.37780546406250004 0.18525121093750002 0.362078021875 0.178101459375 0.349197865625 0.1772870078125 0.33487568125 0.1808579296875 0.31765719375 0.19823494531250002 0.314773146875 0.2070056875 0.3185531765625 0.2221665578125 0.335698125 0.2350016375
1 0.4292648296875 0.2136857546875 0.44931833593750004 0.20767939375000002 0.455049659375 0.2052439578125 0.46557955937499995 0.1915475125 0.4665490796875 0.185267034375 0.4589645078125 0.1650159875 0.4432370671875 0.1578662359375 0.4327439375 0.1564566328125 0.4141201953125 0.1631129703125 0.39928874062499997 0.179894828125 0.398319221875 0.1861753109375 0.406376296875 0.20832146406250002 0.41399763749999996 0.21346645937500003 0.4292648296875 0.2136857546875
1 0.49039487499999995 0.18938619375000001 0.4975437078125 0.192636084375 0.5156704390625 0.19415533437500002 0.533336915625 0.1887441296875 0.5433698 0.1832232734375 0.5495981390625 0.1726122484375 0.5524821859375 0.1638415046875 0.549174659375 0.150575740625 0.5453701171875001 0.1454855703125 0.5296426765625 0.138335815625 0.519149546875 0.1369262125 0.5024403359375 0.1410922859375 0.4957517421875 0.1447728578125 0.4833073203125 0.1609595640625 0.48281030312500006 0.169135153125 0.49039487499999995 0.18938619375000001
1 0.5863363515625 0.1725105078125 0.5992165093749999 0.173324959375 0.614495959375 0.1685089078125 0.6226143125 0.1654783140625 0.6331442140625 0.151781871875 0.6355557562499999 0.1411160171875 0.632720734375 0.12974536406249998 0.6131887546875 0.1175054390625 0.600308590625 0.11669099062499999 0.58598640625 0.12026191093750001 0.57020994375 0.13325355156250002 0.5654113703125 0.144514559375 0.5658593609375 0.156480365625 0.5729959421874999 0.1647656 0.5863363515625 0.1725105078125
1 0.7004290656250001 0.147083378125 0.7080749140625 0.1421576765625 0.7166902890625 0.1309514953125 0.713407275 0.10761503593749999 0.6891012328125 0.0965654140625 0.6676179531249999 0.1019217984375 0.6527865 0.1187036578125 0.6503749546875001 0.1293695078125 0.6522649703125001 0.1369499421875 0.662733590625 0.148430246875 0.6698824234375 0.15168013281249998 0.6827625890625 0.1524945828125 0.7004290656250001 0.147083378125
1 0.7639216328125 0.132259359375 0.781588109375 0.1268481546875 0.79162099375 0.12132729843750001 0.79929135625 0.1063309015625 0.800260875 0.10005041875000001 0.7940938156249999 0.0854847015625 0.7702602781250001 0.0763301921875 0.7487769984375 0.081686575 0.73394554375 0.0984684359375 0.731061496875 0.10723917812499999 0.7338965187500001 0.11860983124999999 0.7410331 0.126895065625 0.7534285015625 0.13084975625 0.7639216328125 0.132259359375
1 0.0629570453125 0.36137822656249996 0.071075403125 0.35834763125 0.08110828437499999 0.3528267796875 0.0897236578125 0.341620596875 0.0926077046875 0.33284985312500004 0.08930017812499999 0.3195840953125 0.079304065625 0.309998903125 0.066908665625 0.3060442109375 0.04017881875 0.3106957921875 0.025819868750000002 0.329372759375 0.025795357812500003 0.339443459375 0.0314899140625 0.35211406562500003 0.0476898546875 0.3611589296875 0.0629570453125 0.36137822656249996
1 0.14458859375 0.3430381125 0.1574810125 0.3388172140625 0.17181545 0.3302109421875 0.1766017703125 0.323985284375 0.180927840625 0.3108291703125 0.1780928171875 0.2994585171875 0.1742882765625 0.294368346875 0.15856083906250001 0.2872185921875 0.148067709375 0.2858089890625 0.12897146406249999 0.2905702171875 0.111752975 0.3079472296875 0.1107589421875 0.3242984078125 0.1259893671875 0.3396237515625 0.14458859375 0.3430381125
1 0.2529622421875 0.31501107031250003 0.266836434375 0.2994743421875 0.26972048125 0.2907036 0.266412953125 0.277437834375 0.259748878125 0.27104770624999996 0.24163440625 0.2644931078125 0.23161377968750002 0.2649786140625 0.21060301093749997 0.27223010312499996 0.1995760953125 0.294102134375 0.202883621875 0.30736789999999997 0.22002856875000001 0.3202029796875 0.23052169843749998 0.3216125828125 0.2529622421875 0.31501107031250003
1 0.293566275 0.2948227578125 0.300715109375 0.2980726484375 0.314067778125 0.30078220624999996 0.327432696875 0.2984564140625 0.344154165625 0.2892549921875 0.35276953906249997 0.2780488125 0.35565358593749996 0.2692780703125 0.35234605937499996 0.25601230468749997 0.3456819828125 0.24962217656250002 0.33042705 0.24436753281249998 0.3175468859375 0.243553084375 0.30799876249999997 0.24593369843750001 0.29079253125000004 0.2582753625 0.2864787203125 0.266396128125 0.2892892296875 0.28783747656249997 0.293566275 0.2948227578125
1 0.392367284375 0.2792470296875 0.4052474484375 0.28006147812500004 0.4181398625 0.275840578125 0.4281727484375 0.2703197234375 0.4367881171875 0.2591135421875 0.43683714218749997 0.23897214687499999 0.4297005625 0.2306869125 0.419692190625 0.22613706718749998 0.40395249531250005 0.2240226625 0.3920173453125 0.2269984296875 0.37911267187500003 0.23625467812499998 0.37241182500000003 0.2449705984375 0.37141779375 0.2613217765625 0.37949938125 0.273397228125 0.392367284375 0.2792470296875
1 0.5016859375 0.2550102015625 0.51171881875 0.24948934843749998 0.521776215625 0.23389779531250002 0.519438209375 0.21435155312499998 0.5003787296875 0.2040067375 0.48988560000000003 0.20259713437500002 0.47317638906250004 0.2067632078125 0.4645732734375 0.2129340390625 0.4549883796875 0.23042069999999998 0.45971341718750003 0.24937178906250002 0.47591336249999994 0.25841665156250004 0.4887935203125 0.259231103125 0.5016859375 0.2550102015625
1 0.6062672984375 0.2168576359375 0.602984284375 0.1935211765625 0.5815377734375 0.1837715140625 0.5571949625 0.1878279421875 0.5485918484375001 0.1939987734375 0.5385344546875 0.2095903234375 0.5427869890625 0.22664630625 0.5465915296875 0.2317364765625 0.5594594328125 0.2375862765625 0.5699525624999999 0.23899588125000001 0.590006075 0.23298951875 0.6062672984375 0.2168576359375
1 0.64872458125 0.2193558109375 0.671637621875 0.2146494078125 0.67736895 0.2122139671875 0.6893408703125 0.1941321546875 0.6898378859375 0.18595656562500001 0.684143328125 0.17328595468750002 0.670802921875 0.1655410484375 0.6603097921875001 0.16413144531249999 0.64790213125 0.1652121046875 0.6364394843750001 0.17008298125000001 0.6196935 0.1893551015625 0.6282230796875 0.21339636562500003 0.6329848859375 0.21724140625000002 0.64872458125 0.2193558109375
1 0.7527966671875 0.19441418593749998 0.7604425171875 0.18948848437500002 0.7709724171875 0.1757920375 0.7681619078125 0.154350690625 0.76149783125 0.1479605625 0.7438558625 0.1433010703125 0.7199855546875 0.14925260625 0.707068628125 0.1635442 0.7046570859375 0.1742100546875 0.7070196046875 0.183685596875 0.714156184375 0.1919708359375 0.7322706515624999 0.1985254359375 0.7527966671875 0.19441418593749998
1 0.84781765 0.16367758125 0.8540459890625 0.15306655625 0.8517079828125 0.1335203140625 0.8421843718750001 0.125830228125 0.82978896875 0.12187554062499999 0.8006720953125 0.127122275 0.7887001765625 0.145204090625 0.7910381828124999 0.1647503328125 0.8062808609375001 0.1750403234375 0.81581673125 0.1776950578125 0.8382572671874999 0.17109354375000002 0.84781765 0.16367758125
1 0.10291699531250001 0.4097896921875 0.12821706718749998 0.40448813125000005 0.1382499484375 0.3989672796875 0.1468653203125 0.387761096875 0.14644184375 0.3657245953125 0.1426373 0.36063441875 0.12405032812500001 0.3521847109375 0.09493345625 0.3574314453125 0.08201652499999999 0.3717230421875 0.079132478125 0.380493784375 0.0786354625 0.3886693734375 0.0833850125 0.3975497671875 0.087189553125 0.40263993749999993 0.10291699531250001 0.4097896921875
1 0.1788417265625 0.38381431718750003 0.191237128125 0.38776900937500003 0.216537203125 0.3824674484375 0.22657008906249998 0.3769465953125 0.23327093125 0.3682306796875 0.236154978125 0.35945993593750003 0.2352344828125 0.34559901718749997 0.2314299421875 0.34050884843749996 0.212842965625 0.3320591375 0.202349834375 0.330649534375 0.1856406234375 0.334815609375 0.168422134375 0.3521926234375 0.16553808750000001 0.3609633671875 0.16884561250000002 0.374229125 0.1788417265625 0.38381431718750003
1 0.27478320625 0.3669386328125 0.28766336406250004 0.3677530828125 0.30532984375 0.36234187812499996 0.315362725 0.356821021875 0.322063571875 0.34810510156249996 0.3249476171875 0.339334359375 0.3211675875 0.3241734875 0.317363046875 0.31908331875 0.30449513906250003 0.31323351875 0.291142478125 0.310523959375 0.2792073203125 0.313499728125 0.25912930312500004 0.3295767875 0.2562207421875 0.34841822499999997 0.264774834375 0.3623887875 0.27478320625 0.3669386328125
1 0.3588017796875 0.34800336718749997 0.3769285109375 0.3495226171875 0.3898209265625 0.34530171875 0.3998538109375 0.3397808625 0.4103837078125 0.32608441875 0.41043273124999996 0.3059430234375 0.4037686546875 0.2995528953125 0.3827946515625 0.291698340625 0.36083886875000004 0.2951596140625 0.3479341953125 0.3044158625 0.3412333546875 0.3131317828125 0.3397668171875 0.3275878484375 0.34498887031250003 0.3383633484375 0.34879341406250003 0.3434535234375 0.3588017796875 0.34800336718749997
1 0.47289449687499996 0.32257623125 0.48722893593750005 0.3139699625 0.49201525625000003 0.3077443078125 0.49442679843750004 0.29707845312500003 0.491119271875 0.28381269531250003 0.48731472968749995 0.27872251875 0.468727759375 0.2702728109375 0.44199791250000003 0.27492439218750003 0.42525193281250007 0.2941965125 0.42758993749999996 0.3137427546875 0.44187535625 0.3252778796875 0.46000207812499994 0.3267971328125 0.47289449687499996 0.32257623125
1 0.57124751875 0.2950346953125 0.579390384375 0.28193340624999996 0.577052378125 0.262387165625 0.5703883015625 0.25599703749999997 0.5522738296874999 0.24944243593749998 0.530318053125 0.2529037078125 0.5217149375 0.259074540625 0.5102155171875 0.279051465625 0.51827259375 0.30119761875 0.5359145578125 0.305857109375 0.558827603125 0.3011507015625 0.57124751875 0.2950346953125
1 0.6471477390625 0.27913001875 0.6614944359375 0.2654884015625 0.6639059781250001 0.2548225484375 0.660598453125 0.24155678906250003 0.643926003125 0.2306168171875 0.6334328734375 0.22920721249999998 0.6119496015625 0.23456359375 0.6033464859375 0.2407344265625 0.5937615921875 0.258221090625 0.6008736609375 0.27657702500000003 0.6194606359375 0.28502673125 0.627094228125 0.28513638124999996 0.6471477390625 0.27913001875
1 0.7450405109375 0.24465802656250002 0.7460345421875 0.22830684843750002 0.7412849921875 0.2194264546875 0.7346209171875 0.2130363265625 0.72222551875 0.20908163750000003 0.695495671875 0.21373322031250003 0.6849780328125 0.2223943125 0.6792221953124999 0.2349004484375 0.6877517734375 0.25894171250000003 0.708253271875 0.2649011578125 0.73308084375 0.2577044890625 0.7450405109375 0.24465802656250002
1 0.7655787796875 0.23551142656250001 0.7846382546874999 0.24585624374999998 0.7975184203125 0.2466706921875 0.808023803125 0.2430449453125 0.818056684375 0.2375240921875 0.8285865859375001 0.22382765 0.830998128125 0.2131617953125 0.8291081124999999 0.20558136093749999 0.8210265265625001 0.193505909375 0.8138776921875 0.19025601875 0.7962234640625 0.190631878125 0.7795142546875 0.1947979515625 0.7728256625000001 0.19847852187499998 0.7622957671874999 0.2121749671875 0.7598842218749999 0.222840815625 0.7655787796875 0.23551142656250001
1 0.84463945625 0.2932966984375 0.8718540578124999 0.285504878125 0.8799846671875 0.277438934375 0.8847832421874999 0.2661779328125 0.8857527609375 0.25989745000000003 0.8800582046875001 0.2472268453125 0.8638582593749999 0.23818198124999998 0.8533651296875 0.23677237812500002 0.8342688828125 0.24153360625000003 0.8256657687500001 0.2477044390625 0.816080878125 0.2651910984375 0.8155838624999999 0.2733666859375 0.8236654515625 0.28544214375 0.84463945625 0.2932966984375
1 0.7883079828125 0.3063352546875 0.8017096703125001 0.288903415625 0.8022066859375 0.2807278265625 0.7965121296875 0.2680572203125 0.7803121890625 0.25901235625 0.769819059375 0.257602753125 0.7531098390625 0.2617688296875 0.7445067234375 0.2679396609375 0.7349218343749999 0.2854263203125 0.7382293609375 0.298692084375 0.7458384453125 0.30887243125 0.7634804125 0.3135319203125 0.7883079828125 0.3063352546875
1 0.6847083953124999 0.333171990625 0.6999878453124999 0.3283559390625 0.711935253125 0.3203448203125 0.7181635953125001 0.309733790625 0.7158255890625 0.2901875484375 0.6962936046875 0.27794762500000003 0.685800475 0.27653802031249997 0.6667042296875 0.28129925 0.651872775 0.29808110781249997 0.6494612328125 0.3087469609375 0.652768759375 0.3220127203125 0.6565733015624999 0.327102896875 0.6718282390625 0.3323575390625 0.6847083953124999 0.333171990625
1 0.750428665625 0.38321235468750003 0.7709546765625 0.37910110625 0.7809875578125001 0.37358025 0.7896029312499999 0.3623740703125 0.7920144734375001 0.351708215625 0.7858474125 0.3371424984375 0.76964746875 0.3280976390625 0.7472191890625 0.3296638015625 0.735756534375 0.3345346796875 0.7233121125 0.35072138750000004 0.7223425921875 0.3570018640625 0.729454659375 0.3753577984375 0.7399355359374999 0.3818027515625 0.750428665625 0.38321235468750003
1 0.5854226296875 0.351887959375 0.5983027859375001 0.3527024109375 0.6231303593749999 0.34550574218749996 0.6312609703125001 0.337439803125 0.63605954375 0.3261787953125 0.634194040625 0.308527665625 0.627529965625 0.3021375375 0.6094154921875 0.2955829359375 0.5993948671875 0.2960684421875 0.5807711234374999 0.3027247796875 0.5697687234375 0.3145261125 0.566884678125 0.3232968546875 0.5663876609375 0.33147244374999996 0.572554721875 0.3460381609375 0.5854226296875 0.351887959375
1 0.6860156046875 0.3841754578125 0.6908141765625 0.37291445 0.68656164375 0.3558584734375 0.67989756875 0.3494683453125 0.6675021640625001 0.3455136546875 0.6383852921875001 0.3507603890625 0.623081334375 0.3656471375 0.6268368515625 0.390878709375 0.64636883125 0.403118634375 0.6516153953125 0.40382343593750003 0.6740559375 0.3972219203125 0.6860156046875 0.3841754578125
1 0.534810221875 0.367526425 0.5424560765625001 0.36260072499999996 0.5501264375 0.347604325 0.5510959578125 0.34132384843749997 0.5439838906250001 0.32296791406250003 0.525869421875 0.31641331093749997 0.49913957656249996 0.32106489374999997 0.484792884375 0.3347065109375 0.48047906874999996 0.342827278125 0.48139956406250006 0.356688190625 0.48948115156250005 0.3687636484375 0.509982653125 0.3747230921875 0.534810221875 0.367526425
1 0.608710125 0.3893594546875 0.6015980578125 0.37100351875 0.578709528125 0.365639228125 0.554839221875 0.37159076406249997 0.5462361062500001 0.37776159531250003 0.5400077640625 0.388372625 0.5437632796874999 0.413604190625 0.568069325 0.4246538109375 0.5905098625 0.418052296875 0.6077406062499999 0.39563993750000004 0.608710125 0.3893594546875
1 0.4512641484375 0.3883568 0.4589099984375 0.3834311015625 0.4670528671875 0.37032981249999997 0.46376985312499996 0.346993353125 0.4480424125 0.3398435984375 0.4323027171875 0.33772919375 0.4089049125 0.3455758390625 0.3964604890625 0.36176254218750004 0.3959634734375 0.36993813124999997 0.402130534375 0.38450384843749996 0.41451367812499995 0.3934938875 0.426436575 0.3955534703125 0.4512641484375 0.3883568
1 0.34050346875000004 0.416979 0.36102948437500004 0.41286775000000003 0.3734493953125 0.406751740625 0.3815922640625 0.39365044843749997 0.383531303125 0.3810894890625 0.3783092515625 0.3703139890625 0.3540032109375 0.35926437031249997 0.3439825859375 0.359749875 0.32774586875 0.3658110609375 0.3129144140625 0.38259291875 0.312889903125 0.39266361875 0.3195294671875 0.40912444218750005 0.327150809375 0.41426943906249997 0.34050346875000004 0.416979
1 0.3761741140625 0.46344053125 0.3966756171875 0.46939997968749997 0.4215031859375 0.4622033140625 0.42914904062500003 0.45727761093749997 0.43490487499999997 0.4447714734375 0.4363714109375 0.4303154078125 0.432118878125 0.413259425 0.42211050937500005 0.4087095828125 0.3992097171875 0.4083806390625 0.373897390625 0.41871754531249994 0.36528201718750003 0.4299237265625 0.363342978125 0.4424846859375 0.3662025125 0.44378464375000004 0.3695100375 0.45705040312499995 0.3761741140625 0.46344053125
1 0.459744703125 0.43253946093750006 0.46354924375 0.4376296296875 0.47927668125 0.44477938593750005 0.49454387187500004 0.4449986828125 0.50266223125 0.4419680921875 0.5126951109375 0.4364472359375 0.5232250109375001 0.422750790625 0.5256365546875 0.41208494218749997 0.5228015328125 0.40071428906250006 0.5156649515625 0.39242904843750004 0.5056565796875 0.3878792078125 0.48991688437500003 0.385764803125 0.48036876093750003 0.3881454171875 0.4650770609375 0.39799681875 0.45837621562499997 0.4067127359375 0.45643717656250005 0.4192736953125 0.459744703125 0.43253946093750006
1 0.29041259531249997 0.41437117968750004 0.28571206875 0.385349390625 0.2723716640625 0.377604484375 0.25949149843749997 0.376790034375 0.23370666875 0.3852318328125 0.22270426406250002 0.397033165625 0.21982021718750003 0.4058039078125 0.22454525468750003 0.42475499687499996 0.2436047296875 0.4350998171875 0.25409785937499996 0.43650942031250006 0.274151371875 0.43050306093749996 0.29041259531249997 0.41437117968750004
1 0.33033576875000004 0.4778886921875 0.34086566875 0.464192246875 0.3432772125 0.4535263984375 0.3394971828125 0.438365528125 0.3228247359375 0.4274255546875 0.28654677500000003 0.43445774843749996 0.274102346875 0.45064445624999994 0.27360533125000003 0.45882004531250004 0.28024489375 0.47528086875 0.3016914 0.48503053593749995 0.324604446875 0.480324128125 0.33033576875000004 0.4778886921875
1 0.165305225 0.45663499375 0.1810571734375 0.45371405156250005 0.18917553125 0.45068345781249997 0.2006504359375 0.44077723437499994 0.20497650625000002 0.42762112031250005 0.2011964765625 0.41246025 0.1940598953125 0.404175009375 0.18119199375 0.3983252109375 0.15446214687499998 0.40297679375 0.1372436625 0.4203538078125 0.1348321203125 0.43101965625 0.1371946390625 0.44049520312499996 0.15195255624999998 0.45392543593749995 0.165305225 0.45663499375
1 0.193293246875 0.5231282765625 0.19902456875000002 0.5206928375000001 0.210026971875 0.5088915015625 0.21196601249999997 0.496330540625 0.2053264484375 0.47986971718750004 0.19484557656249998 0.4734247640625 0.1786333765625 0.46941525000000006 0.15476306875 0.4753667859375 0.14326365000000002 0.49534371093749996 0.14560165625 0.514889953125 0.165133634375 0.5271298796874999 0.1780138 0.527944328125 0.193293246875 0.5231282765625
1 0.060785142187499995 0.46961081250000003 0.07365305 0.47546061249999994 0.08653320625000001 0.4762750640625 0.0970385953125 0.472649315625 0.1070714796875 0.4671284625 0.11807387968750001 0.45532712656249996 0.1157358734375 0.435780884375 0.108126790625 0.4256005390625 0.0952588875 0.41975074062499995 0.0823787234375 0.41893629218750006 0.0728305984375 0.42131690781250003 0.061840457812500006 0.4280828921875 0.053225084374999995 0.43928907187500005 0.050813542187500005 0.4499549265625 0.053176059374999994 0.4594304671875 0.060785142187499995 0.46961081250000003