1 0.128048309375 0.1334631484375 0.142498753125 0.118965178125 0.145474309375 0.0995071890625 0.142029015625 0.09060932656250001 0.13376455 0.0803692359375 0.126190559375 0.075613646875 0.11253742343749999 0.074898115625 0.1024434765625 0.08090709375 0.09304000625 0.0924005734375 0.0919009984375 0.114134140625 0.0953462921875 0.123032003125 0.10751165 0.133476528125 0.128048309375 0.1334631484375
1 0.1356223015625 0.1382187359375 0.14331726250000001 0.1593256078125 0.1565147953125 0.1687345640625 0.1692496609375 0.16831230625 0.17418273281250002 0.16748117499999998 0.18542275156250002 0.15826327499999998 0.1920714015625 0.14335643125 0.1925270046875 0.13466300312499999 0.1891956125 0.1235917875 0.1790946 0.11107611875000001 0.1695701625 0.1062183140625 0.16176836875 0.1058094390625 0.15178832343749998 0.1096450578125 0.142498753125 0.118965178125 0.1359640046875 0.1316986625 0.1356223015625 0.1382187359375
1 0.09847108593750001 0.194023859375 0.109945975 0.198983884375 0.11487904374999999 0.1981527546875 0.1257773625 0.1954549203125 0.13506693281249998 0.1861348015625 0.13942343125 0.1776458125 0.14033463906250002 0.1602589578125 0.1351666984375 0.14691216406250002 0.1267883328125 0.138845428125 0.11129864687499999 0.135854321875 0.09730380937500001 0.14165886249999998 0.092142934375 0.1468367046875 0.087786434375 0.1553256953125 0.08664742656249999 0.1770592609375 0.09847108593750001 0.194023859375
1 0.14919687343750002 0.23373082812499998 0.16388218906250002 0.2334107875 0.17283005625 0.2306107375 0.182233528125 0.21911726250000002 0.18543688593750002 0.195312553125 0.175563675 0.178450178125 0.1660392375 0.173592371875 0.1543365484375 0.172979059375 0.13919562968750002 0.1819925265625 0.13277478125 0.19255265 0.1302548296875 0.2033172171875 0.1334723203125 0.2165617953125 0.1416228828125 0.2289752390625 0.14919687343750002 0.23373082812499998
1 0.09505406250000001 0.259224559375 0.11352637031249999 0.2612823140625 0.12052378906250001 0.2583800453125 0.1298133609375 0.2490599234375 0.1341698609375 0.2405709328125 0.1350810671875 0.22318407968749998 0.1316357734375 0.21428621718750002 0.12337130781250001 0.20404612968750002 0.10203028125 0.20074836875000002 0.09606503125 0.20261506875 0.08459721249999999 0.21617968125 0.0823050625 0.2225975375 0.0831165015625 0.24443332187500003 0.09505406250000001 0.259224559375
1 0.1419928546875 0.296553734375 0.1625295140625 0.296540353125 0.1727373578125 0.2883580203125 0.1791582078125 0.2777978890625 0.18145035781250002 0.2713800421875 0.18018331406250002 0.25823768281250004 0.17673802031250002 0.24933981875 0.1665231109375 0.238997509375 0.14311773125 0.2377708859375 0.133942059375 0.24491764843750002 0.127521209375 0.25547777968749996 0.12649610312499998 0.2750379859375 0.129941396875 0.28393584843749997 0.1419928546875 0.296553734375
1 0.093587484375 0.3245274796875 0.110223246875 0.3243096609375 0.1192850171875 0.3193362515625 0.1266241390625 0.3099139109375 0.12982749531249999 0.286109209375 0.119954284375 0.2692468296875 0.11238029218750001 0.2644912421875 0.09677670625 0.2636734921875 0.08152189062500001 0.274860315625 0.077051490625 0.285522659375 0.076254184375 0.300736159375 0.079585578125 0.3118073765625 0.0860134921875 0.319771890625 0.093587484375 0.3245274796875
1 0.2030836203125 0.13848524375 0.2088210625 0.1409652546875 0.2235063765625 0.14064521562500001 0.23256814375 0.135671809375 0.23990726874999999 0.126249471875 0.24437766875000003 0.115587121875 0.243110625 0.1024447640625 0.23507396093750002 0.0878579625 0.22176252968750002 0.0806223609375 0.21201028437499997 0.08011126874999999 0.20604504218750003 0.08197796874999999 0.1926267703125 0.095440365625 0.18953731406250002 0.1170717125 0.1929826078125 0.125969578125 0.2030836203125 0.13848524375
1 0.21813890468750002 0.2057436984375 0.23247544687500002 0.1934190875 0.236945846875 0.18275674687500001 0.23590660625 0.16526767343749998 0.22213250156250003 0.1482008578125 0.216395053125 0.14572084375 0.198727121875 0.1469742328125 0.1873732 0.15836549375 0.1830167 0.16685448281249998 0.18221939375 0.182067975 0.1919787046875 0.2011037125 0.199552696875 0.2058593015625 0.21813890468750002 0.2057436984375
1 0.18867558125 0.26413105625 0.19820001874999998 0.2689888640625 0.20703398750000002 0.2683621703125 0.217932303125 0.2656643359375 0.22515752656250002 0.2584153515625 0.23169227656250002 0.24568186718749999 0.23237568125000002 0.232641728125 0.22720774062500002 0.21929493125000002 0.2169928265625 0.208952625 0.1955378984375 0.2078282203125 0.184297878125 0.21704612031249998 0.17787702968750002 0.2276062515625 0.176965821875 0.24499310468750002 0.180411115625 0.25389096875 0.18867558125 0.26413105625
1 0.1831942046875 0.3314028953125 0.1869812015625 0.3337806890625 0.2055674125 0.333665090625 0.2199039546875 0.32134048125 0.2242604546875 0.312851490625 0.22505776093750002 0.297637990625 0.21713499687499999 0.2808778328125 0.2038235640625 0.2736422328125 0.19407132031250002 0.27313113906250003 0.1840912796875 0.276966759375 0.17480170781249998 0.286286878125 0.1704452078125 0.29477586875 0.169761803125 0.30781600781249996 0.1730931953125 0.3188872328125 0.1831942046875 0.3314028953125
1 0.15521159375 0.36153661718749996 0.1717263859375 0.3449675125 0.1748158421875 0.3233361640625 0.1713705484375 0.3144383 0.1631060859375 0.30419820937500003 0.159319090625 0.301820415625 0.1398146078125 0.3007982296875 0.1222676390625 0.3184029015625 0.1199754875 0.3248207546875 0.12112863125 0.3401364671875 0.13100183906250001 0.356998846875 0.13857583125 0.361754434375 0.15521159375 0.36153661718749996
1 0.08431911875 0.389421525 0.090056559375 0.3919015375 0.102791425 0.391479278125 0.10978884375 0.3885770109375 0.11907841718750001 0.37925688750000003 0.123434915625 0.3707678984375 0.124346121875 0.35338104531250003 0.1209008296875 0.3444831796875 0.1126363640625 0.33424309218750003 0.089344884375 0.3308431125 0.07925094375 0.336852090625 0.07397616875 0.34420329375000003 0.0715701171875 0.3527945 0.07226765625 0.376803640625 0.08431911875 0.389421525
1 0.13125790937499998 0.426750696875 0.1498441203125 0.4266350984375 0.1589058890625 0.42166168906249996 0.1641806640625 0.41431048906249995 0.1685371640625 0.40582149999999995 0.16922056875 0.3927813609375 0.1594612609375 0.3737456234375 0.14419937656249998 0.366407803125 0.13433323125000002 0.3680700671875 0.121142765625 0.37718575312499997 0.114608015625 0.3899192375 0.11392461093749999 0.4029593765625 0.12368391875 0.42199510937499995 0.13125790937499998 0.426750696875
1 0.2361344078125 0.160920959375 0.2462354171875 0.173436621875 0.255759859375 0.1782944296875 0.266544275 0.1777699515625 0.280653015625 0.1697920546875 0.2870738640625 0.1592319328125 0.2897077171875 0.1462940109375 0.2847675796875 0.1286005015625 0.280176209375 0.1229115609375 0.26686477656249996 0.115675959375 0.2590629828125 0.115267084375 0.24908293750000002 0.11910270625 0.23979336718750002 0.128422825 0.2354368671875 0.1369118140625 0.2345256609375 0.15429866718750002 0.2361344078125 0.160920959375
1 0.3188505421875 0.15000064375 0.331008834375 0.141920528125 0.339607934375 0.12711591093750002 0.3385686921875 0.10962683749999999 0.32674503593750004 0.092662240625 0.32100758749999997 0.090182228125 0.299438759375 0.0912311796875 0.28808483749999997 0.10262243906249999 0.2857926875 0.10904028750000001 0.2866041265625 0.13087607343750002 0.29659123906249996 0.1455650953125 0.30416523125 0.15032068437499999 0.3188505421875 0.15000064375
1 0.279627909375 0.1893522703125 0.28938721875 0.2083880015625 0.30074820625 0.21552138437499999 0.3095821734375 0.21489468750000001 0.318530040625 0.21209463906249998 0.3298839609375 0.20070338125 0.3343543625 0.19004103125 0.334923865625 0.1791742515625 0.3315924734375 0.168103028125 0.32332801093749997 0.157862940625 0.31380356875 0.15300513437500002 0.3040513296875 0.152494040625 0.294071284375 0.1563296609375 0.2847817140625 0.1656497796875 0.2804252140625 0.1741387703125 0.279627909375 0.1893522703125
1 0.3454804828125 0.1829964890625 0.3512179234375 0.1854765015625 0.3639527890625 0.1850542453125 0.3709502078125 0.1821519734375 0.3823041296875 0.1707607125 0.3867745296875 0.160098371875 0.387344034375 0.149231584375 0.380339546875 0.133609215625 0.3719611828125 0.12554248125 0.364273290625 0.12296025156249998 0.348555803125 0.12431585781250001 0.3329592828125 0.142022746875 0.33043933124999997 0.152787315625 0.331820275 0.16375631562499998 0.3454804828125 0.1829964890625
1 0.2326034828125 0.22829501406250002 0.24281839375 0.23863732343750002 0.248555840625 0.2411173359375 0.2593402546875 0.2405928625 0.268288125 0.237792809375 0.27757769374999997 0.2284726890625 0.28193419375 0.2199837015625 0.28284539999999997 0.202596846875 0.2794001078125 0.1936989828125 0.2711356453125 0.1834588921875 0.24784416562499997 0.1800589125 0.239814571875 0.18399675 0.230297196875 0.19766358281250002 0.22789114531250002 0.206254790625 0.2291581890625 0.21939714999999999 0.2326034828125 0.22829501406250002
1 0.233663928125 0.3013580125 0.243188365625 0.30621581875000004 0.2539727828125 0.3056913453125 0.260856303125 0.3049624296875 0.272210221875 0.293571171875 0.276566721875 0.2850821828125 0.277477928125 0.2676953296875 0.2676047203125 0.2508329484375 0.260030728125 0.2460773609375 0.242476690625 0.24515739375 0.229286225 0.254273075 0.222751475 0.267006559375 0.22206807031250003 0.2800467 0.2272360109375 0.293393496875 0.233663928125 0.3013580125
1 0.167611821875 0.38615906718750004 0.175876284375 0.3963991578125 0.17966328125 0.39877695156250004 0.198249490625 0.398661353125 0.2052469140625 0.39575908125 0.214650384375 0.384265603125 0.2193485859375 0.369256546875 0.217853740625 0.3604609 0.214408446875 0.3515630375 0.20040654062500002 0.3388429328125 0.17883770625 0.339891884375 0.1695481359375 0.3492120078125 0.1651916359375 0.357700996875 0.1628994859375 0.36411884375 0.1641665296875 0.377261203125 0.167611821875 0.38615906718750004
1 0.2146362484375 0.3472163234375 0.22439555625000002 0.36625205625 0.2319695484375 0.37100764375 0.2426400640625 0.3726565234375 0.24952358593750001 0.3719276109375 0.2627140515625 0.3628119296875 0.2692488015625 0.3500784453125 0.2700461078125 0.3348649453125 0.26660081406249997 0.3259670828125 0.2583363484375 0.31572699531250004 0.2488119109375 0.3108691875 0.2390596671875 0.31035809375 0.2290796265625 0.314193715625 0.2197900546875 0.32351383437500003 0.2154335546875 0.3320028234375 0.2146362484375 0.3472163234375
1 0.27394700312500003 0.3350693828125 0.28048881875 0.3408605421875 0.284275815625 0.3432383359375 0.30091157812499997 0.34302051875 0.307908996875 0.34011824687500003 0.31719856874999997 0.3307981265625 0.3216689703125 0.32013577656250003 0.3222384734375 0.3092689984375 0.31890708125 0.2981977734375 0.308806071875 0.285682109375 0.2894154890625 0.2824865671875 0.283450240625 0.2843532671875 0.272096321875 0.2957445265625 0.267739821875 0.3042335140625 0.266942515625 0.3194470140625 0.27394700312500003 0.3350693828125
1 0.3043286015625 0.27781981718750004 0.31327647187499996 0.275019765625 0.322566040625 0.2656996453125 0.326922540625 0.25721065468750004 0.3279476484375 0.2376504421875 0.31233699531250003 0.21830805312499998 0.29283251250000003 0.21728586718749998 0.27746379375 0.2306460421875 0.272651690625 0.24782845937500003 0.27770572968749996 0.263348615625 0.2859701953125 0.273588703125 0.2935441875 0.278344290625 0.3043286015625 0.27781981718750004
1 0.32817545 0.23330372812500003 0.3382764625 0.2458193953125 0.3478009 0.2506772015625 0.35663486875 0.250050509375 0.3615679421875 0.24921937500000002 0.37487230781249997 0.2379303375 0.3792288078125 0.229441346875 0.38014001406250003 0.21205449375000002 0.3766947203125 0.20315662968749998 0.368430259375 0.1929165390625 0.358905815625 0.18805873281250002 0.34915357812500003 0.1875476390625 0.3319483109375 0.198632240625 0.32529966093749996 0.21353908437500002 0.32495795781250003 0.22005914999999998 0.32817545 0.23330372812500003
1 0.33463163749999997 0.3153668078125 0.351267396875 0.315148990625 0.35826481875 0.31224671875 0.36755438749999997 0.3029266 0.3725942921875 0.28139747187499997 0.3692629 0.270326246875 0.3591618875 0.2578105828125 0.337820859375 0.2545128203125 0.3277269125 0.2605217984375 0.320387790625 0.26994413906250003 0.3174122359375 0.289402128125 0.32246627499999997 0.304922284375 0.33084464062499996 0.3129890140625 0.33463163749999997 0.3153668078125
1 0.42192500468749994 0.27308615 0.42444495625 0.2623215890625 0.42317791250000003 0.2491792296875 0.4131908046875 0.23449020781250002 0.40561681250000003 0.22973461875 0.3900132265625 0.22891686875 0.38198363125 0.23285470937500002 0.3704019078125 0.24859267968749998 0.371099446875 0.272601825 0.3848735515625 0.2896686375 0.4054102109375 0.28965525468750003 0.42192500468749994 0.27308615
1 0.388632278125 0.21794786875 0.398156721875 0.22280567499999998 0.4069906875 0.22217898281249998 0.41593855468749996 0.2193789296875 0.42729247656249997 0.2079876671875 0.43164897656249995 0.19949867968749999 0.43244628125 0.1842851859375 0.42073652656249994 0.1651472296875 0.41316253437499995 0.1603916421875 0.39950939375 0.1596761125 0.38746500156249997 0.16558286875 0.3801258796875 0.1750052078125 0.37692252187499997 0.198809915625 0.380367815625 0.20770778124999997 0.388632278125 0.21794786875
1 0.43265994843750005 0.1428891859375 0.4370164484375 0.1344001953125 0.43609110781249993 0.11473777031250001 0.42794054531250003 0.1023243234375 0.42036655468750006 0.0975687359375 0.40086207187499995 0.09654655 0.3854933515625 0.1099067265625 0.3824038953125 0.13153807343749999 0.392163203125 0.150573809375 0.3997371953125 0.1553293984375 0.41832340625000003 0.15521379531249999 0.43265994843750005 0.1428891859375
1 0.441052446875 0.188005203125 0.44862643750000003 0.192760790625 0.4613613046875 0.19233853125 0.46835872343749996 0.1894362640625 0.47971264375 0.17804500625 0.48463864843750004 0.15868922968750002 0.48142115625 0.145444653125 0.47315669375 0.135204565625 0.46363225156250004 0.130346759375 0.4538800125 0.12983566562499999 0.443899965625 0.1336712859375 0.4325460484375 0.1450625453125 0.42934269062499997 0.1688672484375 0.432787984375 0.1777651109375 0.441052446875 0.188005203125
1 0.4316701796875 0.2550726046875 0.439244171875 0.2598281921875 0.45587993125 0.259610375 0.46081300000000003 0.258779240625 0.474345171875 0.2431434890625 0.4766373234375 0.23672563281249998 0.47571198125 0.21706320781250002 0.463774421875 0.202271965625 0.4580369796875 0.199791953125 0.4364681453125 0.20084090468750002 0.427178575 0.210161028125 0.422822075 0.21865001718750002 0.4204160234375 0.22724122656249998 0.42179696875 0.2382102234375 0.4316701796875 0.2550726046875
1 0.416543396875 0.301135353125 0.41987479062500005 0.3122065703125 0.42813925468749997 0.32244666093749996 0.43571324687499996 0.32720225 0.45039855781250004 0.326882209375 0.45739597656250003 0.323979940625 0.46668554999999995 0.31465981875 0.47104204843749997 0.3061708296875 0.47195325625000006 0.28878397499999997 0.46850796250000004 0.27988611093750004 0.460243496875 0.2696460234375 0.450719059375 0.26478821875 0.44096681562500006 0.264277125 0.43098677500000004 0.26811274375 0.42169720312500003 0.2774328640625 0.417340703125 0.2859218515625 0.416543396875 0.301135353125
1 0.3676824234375 0.33780252499999996 0.3777834328125 0.3503181875 0.389258321875 0.35527821406250004 0.39419139375 0.3544470796875 0.40715406249999997 0.3496781109375 0.4123149328125 0.34450026875 0.4188496828125 0.33176678437499996 0.4196469890625 0.3165532828125 0.41620169531249995 0.30765542031250004 0.4079372296875 0.2974153328125 0.3984127921875 0.2925575265625 0.3886605484375 0.2920464328125 0.3786805078125 0.29588205312500004 0.3673265859375 0.3072733125 0.3642371296875 0.3289046625 0.3676824234375 0.33780252499999996
1 0.3498008203125 0.380451909375 0.3663156140625 0.36388280625 0.367454621875 0.3421492390625 0.364009328125 0.333251375 0.3537944171875 0.322909065625 0.3480569703125 0.320429053125 0.3303890375 0.32168244218750003 0.32121336562499997 0.3288292046875 0.3147925171875 0.3393893359375 0.3137674109375 0.3589495421875 0.317212703125 0.36784740625 0.3292641609375 0.380465290625 0.3498008203125 0.380451909375
1 0.374366409375 0.4155188890625 0.3781534046875 0.4178966828125 0.3947891671875 0.41767886406250004 0.4017865859375 0.41477659375 0.411076159375 0.405456475 0.41543265937499996 0.396967484375 0.4162299640625 0.381753984375 0.4127846703125 0.3728561203125 0.40268366093749997 0.3603404578125 0.38134262812499997 0.3570426953125 0.3660878125 0.36822951875 0.3617313125 0.376718509375 0.36082010625 0.3941053625 0.3659880453125 0.4074521578125 0.374366409375 0.4155188890625
1 0.31412324687500004 0.3894787546875 0.3164153984375 0.38306090625 0.3152622546875 0.3677451875 0.305389046875 0.3508828109375 0.293914159375 0.3459227859375 0.28014711718749996 0.34738061249999996 0.2626001515625 0.3649852828125 0.26157504375 0.384545496875 0.2650203375 0.3934433609375 0.27707179531250004 0.40606124218749995 0.2976084546875 0.406047859375 0.31412324687500004 0.3894787546875
1 0.20938267812500003 0.41014144531249996 0.216387165625 0.42576382031250004 0.224765528125 0.43383055 0.230502975 0.4363105640625 0.24128738906249997 0.4357860890625 0.250235259375 0.4329860359375 0.2595248296875 0.4236659171875 0.2638813296875 0.415176928125 0.26479253593749996 0.39779007499999997 0.2613472421875 0.38889221093750004 0.25308277968750004 0.3786521203125 0.24929578437500002 0.37627432656250004 0.2297913015625 0.3752521390625 0.2238260515625 0.377118840625 0.21453648281249998 0.3864389625 0.2100660828125 0.3971013046875 0.20938267812500003 0.41014144531249996
1 0.259766765625 0.4563684828125 0.269867775 0.46888414999999994 0.2756052234375 0.4713641625 0.290290534375 0.471044121875 0.297287953125 0.468141853125 0.306577525 0.45882173125000003 0.311047925 0.44815938906249997 0.3116174296875 0.43729260156249994 0.306563390625 0.4217724515625 0.30197202343749996 0.41608351250000003 0.28475968749999997 0.408643475 0.2688143984375 0.41434579375 0.26158917812500004 0.4215947765625 0.257232678125 0.4300837640625 0.256321471875 0.44747061875 0.259766765625 0.4563684828125
1 0.33858200312500003 0.4452437359375 0.35464119375 0.43736805937499995 0.3633541921875 0.4203900796875 0.36392369687500004 0.40952329374999996 0.36059230468750003 0.398452075 0.3504912953125 0.385936409375 0.3311007125 0.3827408671875 0.32112066562499997 0.3865764859375 0.31171719531250003 0.39806996250000004 0.30862773906249996 0.41970131093749996 0.31838704687499997 0.4387370453125 0.3316984859375 0.44597264687499993 0.33858200312500003 0.4452437359375
1 0.35889792656249997 0.46810170781249993 0.3671623890625 0.47834179531250004 0.37668683281250004 0.4831996015625 0.387471246875 0.482675128125 0.3924043203125 0.4818439953125 0.4036443375 0.47262609062500005 0.4101790875 0.45989260625000006 0.41086249218750004 0.44685246718749994 0.4056945515625 0.4335056703125 0.3992666375 0.4255411578125 0.38974219374999997 0.42068335156250003 0.37803950468749997 0.4200700390625 0.3659951125 0.425976796875 0.35865599062500003 0.435399134375 0.355452634375 0.45920384375 0.35889792656249997 0.46810170781249993
1 0.41109029374999995 0.442505753125 0.4175182109375 0.45047026875 0.425092203125 0.45522585624999995 0.4417279625 0.45500803906250004 0.4559506046875 0.4448567828125 0.4624853546875 0.4321232984375 0.4629409578125 0.4234298703125 0.459609565625 0.4123586546875 0.451459003125 0.39994520625 0.4438850125 0.39518961875 0.42828142500000005 0.39437186875 0.42025183125 0.3983097078125 0.4109622578125 0.40762982656249996 0.40649185781249997 0.4182921765625 0.4060362546875 0.426985603125 0.41109029374999995 0.442505753125
1 0.42472223124999997 0.3876473625 0.4285092265625 0.39002515625 0.447095434375 0.38990955625 0.46131807656249996 0.3797583 0.4656745765625 0.3712693109375 0.46658578281249996 0.3538824578125 0.46141784374999995 0.3405356609375 0.4530394765625 0.33246893125 0.43559934531250005 0.32937560625 0.4256193 0.333211225 0.41632972968750004 0.34253134531249996 0.4118593296875 0.3531936953125 0.41128982656249996 0.364060475 0.41462121874999996 0.37513169999999996 0.42472223124999997 0.3876473625
1 0.4769145984375 0.36205141093750004 0.48265203906250004 0.3645314234375 0.497337353125 0.3642113828125 0.504334775 0.361309115625 0.5158025937499999 0.347744496875 0.51889205 0.32611314999999996 0.513610209375 0.3149397125 0.501444846875 0.304495184375 0.49570740625000004 0.30201517187500004 0.48194036406249996 0.30347299843750003 0.4686359984375 0.3147620375 0.46427949843749994 0.32325102656250004 0.4633682921875 0.3406378796875 0.466813584375 0.34953574375 0.4769145984375 0.36205141093750004
1 0.0993744015625 0.4566799796875 0.11371094374999999 0.44435537031249994 0.11806744375 0.43586637968749997 0.11886475 0.4206528875 0.113696809375 0.407306090625 0.10531844374999999 0.39923935781250003 0.0859278609375 0.3960438125 0.0718191234375 0.404021709375 0.06643044687500001 0.41354626874999995 0.06517753750000001 0.437453190625 0.06862283125 0.446351053125 0.08078819375 0.45679558125 0.0993744015625 0.4566799796875
1 0.11556162656249999 0.4836802265625 0.12393998906249999 0.4917469625 0.14447664843750002 0.49173358125 0.1588131921875 0.47940897031249996 0.1632835921875 0.468746621875 0.1637391953125 0.46005319531250005 0.15868515625 0.4445330453125 0.1540937859375 0.43884410625000003 0.1427327984375 0.43171072343750005 0.132980559375 0.43119963125 0.12300051406250001 0.43503525 0.11371094374999999 0.44435537031249994 0.10935444375 0.4528443578125 0.1085571390625 0.468057859375 0.11556162656249999 0.4836802265625
1 0.170508815625 0.4614976390625 0.17808280781250002 0.4662532296875 0.19081767031250002 0.4658309703125 0.19976553749999998 0.4630309203125 0.2069907609375 0.45578193906250003 0.2135255109375 0.44304845468750004 0.214208915625 0.430008315625 0.2044496078125 0.410972578125 0.187237271875 0.403532540625 0.1712919828125 0.40923486093749994 0.16406676250000002 0.4164838421875 0.1595963625 0.4271461921875 0.1589129578125 0.44018633281249997 0.1640808984375 0.45353312968750004 0.170508815625 0.4614976390625
1 0.2175615078125 0.4966534578125 0.229036396875 0.5016134828125 0.23396946875000002 0.5007823515625 0.244867784375 0.49808451875 0.2541573578125 0.4887644 0.25839995625 0.48244876249999996 0.261147709375 0.46733748750000004 0.25150229999999996 0.44612839531250004 0.24014131249999998 0.4389950140625 0.2284386234375 0.43838170156249995 0.21123335937499998 0.449466303125 0.204584709375 0.46437314687500003 0.20424300624999997 0.47089321249999994 0.2057378515625 0.47968885937500005 0.2175615078125 0.4966534578125
1 0.2560080390625 0.52808925625 0.26243595468750003 0.53605376875 0.2681734015625 0.5385337812500001 0.286759609375 0.5384181828125 0.29375702812500004 0.5355159109375001 0.3010961515625 0.5260935734375 0.305566553125 0.5154312234375 0.30613605625 0.5045644421875 0.3009681171875 0.49121764843750004 0.2945402015625 0.48325313124999997 0.285015759375 0.478395325 0.2752635203125 0.47788423125 0.25920433125 0.485759909375 0.25392955625 0.4931111125 0.2508401 0.5147424609375 0.2560080390625 0.52808925625
1 0.2120801390625 0.563925296875 0.2178175796875 0.5664053078125 0.2344533421875 0.566187490625 0.2414507609375 0.56328521875 0.250854234375 0.5517917390625 0.2554385359375 0.5389560375 0.254057590625 0.5279870375 0.2441843796875 0.5111246578124999 0.2366103875 0.5063690703125 0.22100680156250002 0.505551321875 0.20575198593750002 0.5167381453125001 0.20150938749999997 0.5230537749999999 0.1987616328125 0.53816505625 0.20381567343749998 0.5536852062500001 0.2120801390625 0.563925296875
1 0.1536593859375 0.5031114546875 0.156990778125 0.5141826796875 0.1670917921875 0.5266983421875 0.17087878750000002 0.5290761359375 0.1894649953125 0.5289605359375 0.198526765625 0.523987125 0.20380153750000002 0.5166359265625 0.2081580375 0.5081469375000001 0.2088414421875 0.49510679687500003 0.20551005 0.48403557187499996 0.1972455875 0.47379548437499996 0.189671596875 0.46903989687500003 0.1760184546875 0.46832436718750003 0.1679888609375 0.4722622046875 0.158699290625 0.48158232500000003 0.154228890625 0.4922446734375 0.1536593859375 0.5031114546875
1 0.15162330625 0.5792811609374999 0.161724315625 0.5917968234375001 0.1655113125 0.5941746171875 0.18409752343750002 0.59405901875 0.19315929062499998 0.589085609375 0.198434065625 0.5817344078125 0.20279056562500003 0.57324541875 0.203587871875 0.55803191875 0.200142578125 0.549134053125 0.19004156875 0.5366183921875 0.1706509859375 0.5334228484375 0.162621390625 0.5373606859375 0.15333181875 0.54668080625 0.14886141718749998 0.55734315625 0.1482919140625 0.5682099359375 0.15162330625 0.5792811609374999
1 0.120522965625 0.5569476625 0.1352082796875 0.556627625 0.1482848453125 0.549685296875 0.15355962031249998 0.5423340921875 0.1567629765625 0.5185293921875 0.146889765625 0.5016670125 0.139315775 0.49691142499999996 0.1217617421875 0.49599145624999996 0.108457371875 0.5072804984375 0.1019226234375 0.5200139828125 0.10146702031249999 0.528707409375 0.106521059375 0.5442275578125 0.11294897343750002 0.552192075 0.120522965625 0.5569476625
1 0.061532712499999996 0.5070006031250001 0.0679606265625 0.51496511875 0.07553461875 0.5197207078125 0.0862051359375 0.5213695859375 0.09710345468750001 0.5186717546875 0.10639302343749998 0.5093516328125001 0.1129277734375 0.4966181484375 0.1134972765625 0.48575136875 0.1083293375 0.47240457343750003 0.10190141875 0.46444005781250003 0.0923769828125 0.4595822515625 0.0806742921875 0.45896893906249997 0.07470904375000001 0.46083563906249997 0.063355125 0.47222689687499997 0.058201320312500006 0.49592938750000004 0.061532712499999996 0.5070006031250001
1 0.0721175953125 0.5849214078125 0.0848524609375 0.5844991515625 0.096896853125 0.578592390625 0.1053820515625 0.5659611250000001 0.1080159046875 0.5530232046875 0.1029618640625 0.5375030546875 0.0946974 0.5272629640625001 0.09091040312500001 0.5248851703125 0.07140592031250001 0.5238629828125 0.056037204687499995 0.537223159375 0.052719946875 0.563201221875 0.056165240625 0.572099084375 0.066380153125 0.5824413953125 0.0721175953125 0.5849214078125
1 0.061012678125 0.6475398765625 0.0834997859375 0.6476287109375 0.0979502296875 0.6331307500000001 0.10103968593749998 0.6114994 0.0975943921875 0.6026015375 0.0893299296875 0.5923614453125 0.07980548750000001 0.5875036390624999 0.07200369375 0.5870947640625 0.05800885625 0.592899303125 0.052847982812500006 0.598077146875 0.0484914828125 0.6065661375 0.047352475 0.6282997031249999 0.05079776875000001 0.63719756875 0.061012678125 0.6475398765625
1 0.14612779843749998 0.6095037171875 0.1504842984375 0.6010147265625 0.15150940625 0.5814545140625 0.13589875 0.562112125 0.11444382187499999 0.5609877187500001 0.10526815 0.5681344859374999 0.0966690515625 0.5829391046875 0.09770829375 0.6004281765624999 0.102990134375 0.61160161875 0.1133189453125 0.61977056875 0.13190515625000002 0.619654965625 0.14612779843749998 0.6095037171875
1 0.497031809375 0.1647870453125 0.5156180203125 0.16467144218750002 0.522615440625 0.16176917500000002 0.5341971609375 0.146031203125 0.5336135234375 0.119848703125 0.5235125093749999 0.1073330375 0.5138741718750001 0.1046485890625 0.49815668437499994 0.10600419531250001 0.48267406562500004 0.1215377328125 0.4803819140625 0.12795558125 0.4815350578125 0.1432713 0.48498035 0.1521691640625 0.49324481249999996 0.1624092515625 0.497031809375 0.1647870453125
1 0.49361478437499995 0.22998774531250002 0.5083000984375 0.22966770468750003 0.5152975203125 0.22676543750000003 0.5245870906250001 0.21744531562499997 0.528943590625 0.208956325 0.5299686968749999 0.18939611875 0.5200954859375 0.1725337390625 0.5086205984375 0.1675737140625 0.498868359375 0.16706262031250002 0.4868239671875 0.172969378125 0.47742049375000006 0.1844628546875 0.476167584375 0.20836978125 0.48604079375 0.2252321578125 0.49361478437499995 0.22998774531250002
1 0.5319191453125 0.1894983375 0.5383470609375001 0.19746285 0.5459210515625 0.20221843750000001 0.5567054703125 0.201693959375 0.563588990625 0.2009650484375 0.5748290078125 0.19174714843750001 0.5812498578125 0.18118701718750002 0.5821610640625 0.1638001640625 0.5787157703125 0.1549022984375 0.5704513078125 0.1446622109375 0.553125071875 0.13939553124999998 0.5411945796875 0.14312893124999998 0.5319050109375 0.1524490515625 0.5275485109375 0.160938040625 0.5267512046875 0.176151540625 0.5319191453125 0.1894983375
1 0.5963907749999999 0.172173553125 0.613026534375 0.1719557359375 0.624038753125 0.1670845453125 0.6335561249999999 0.1534177078125 0.63446733125 0.1360308546875 0.6310220375 0.127132990625 0.622757575 0.116892903125 0.6132331328125 0.11203509687499999 0.6015304421875001 0.11142178437500001 0.58948605 0.1173285421875 0.582146928125 0.12675088437499998 0.578943571875 0.1505555859375 0.5888167828124999 0.167417965625 0.5963907749999999 0.172173553125
1 0.578744040625 0.2290008640625 0.587122403125 0.2370675984375 0.6096095109374999 0.23715643593750002 0.623946053125 0.2248318265625 0.6284164546875 0.21416947656250002 0.6289859578125 0.2033026984375 0.625654565625 0.1922314734375 0.61922665 0.1842669609375 0.6078656625 0.177133578125 0.59811341875 0.176622484375 0.58411858125 0.18242702500000002 0.57895770625 0.187604871875 0.5747151078125 0.19392050156250001 0.571853453125 0.2112051359375 0.578744040625 0.2290008640625
1 0.522878578125 0.25004566875 0.5310291390625 0.2624591125 0.53860313125 0.26721469999999997 0.5532884453125 0.2668946609375 0.5622363125 0.26409461093750003 0.5716397859375 0.2526011359375 0.5738180359375 0.248356640625 0.57495704375 0.22662307343750002 0.5669203828125 0.2120362703125 0.55360894375 0.20480066875 0.5458071515625 0.20439179375 0.5358271109375 0.2082274140625 0.5244731890625001 0.21961867499999999 0.5200027890625 0.2302810171875 0.5195471859375 0.23897444375000002 0.522878578125 0.25004566875
1 0.4758541515625 0.2889884125 0.48239596718750005 0.2947795703125 0.48813341406250005 0.297259584375 0.5028187265625 0.296939546875 0.5098161453125 0.294037275 0.5212839671875 0.28047266249999997 0.5242595234375 0.2610146671875 0.5209281296875 0.24994345 0.514500215625 0.241978934375 0.503139228125 0.2348455515625 0.49338698281250004 0.2343344578125 0.47939214531249996 0.24013899843750003 0.472053021875 0.24956133593750002 0.46735481874999996 0.2645704 0.46873576406249995 0.27553939843749997 0.4758541515625 0.2889884125
1 0.5273843140625 0.33200652656249996 0.5331217609375 0.3344865390625 0.5497575203125 0.3342687203125 0.5640940640625 0.3219441125 0.5684505640624999 0.313455121875 0.5693617703125 0.29606826875 0.5594885625 0.2792058890625 0.5461771234375 0.2719702890625 0.54032578125 0.2716636328125 0.5263309375 0.277468171875 0.5211700671874999 0.282646015625 0.5147492171875 0.293206146875 0.5138380109375 0.310593 0.5172833046875 0.3194908640625 0.5273843140625 0.33200652656249996
1 0.5796905812500001 0.30423721875 0.585428028125 0.30671723125 0.5981628921875 0.306294975 0.6050464125 0.3055660609375 0.61640033125 0.2941748046875 0.62075683125 0.2856858140625 0.6216680375 0.2682989609375 0.61822274375 0.2594010953125 0.6061712828125 0.24678321250000002 0.5847163546874999 0.24565880624999997 0.571411984375 0.25694784843749996 0.567055484375 0.26543683749999997 0.566144278125 0.2828236921875 0.569589571875 0.29172155625 0.5796905812500001 0.30423721875
1 0.6395425703125001 0.2071249328125 0.6639801265624999 0.2073159859375 0.6762523203125 0.19706251875 0.6806088203125 0.188573528125 0.6815200265625 0.171186675 0.6763520859375001 0.157839878125 0.6679737234374999 0.1497731453125 0.6602858312500001 0.1471909140625 0.6426178921875 0.1484443015625 0.6334422234375 0.15559106875 0.6269074734375 0.168324553125 0.6259962671875 0.18571140625 0.6294415609375 0.1946092703125 0.6395425703125001 0.2071249328125
1 0.681633928125 0.169013315625 0.6880618421875 0.17697783125 0.695635834375 0.18173341875 0.7103211484374999 0.1814133828125 0.7213333671875 0.1765421921875 0.7286724890625 0.16711985000000001 0.7308507390625001 0.1628753546875 0.731989746875 0.1411417890625 0.722002634375 0.12645276875 0.7144286421875 0.1216971796875 0.69882505625 0.12087943125 0.688845015625 0.1247150515625 0.6816197921875 0.13196403750000002 0.6771493921875 0.142626378125 0.6765798875 0.15349316562499998 0.681633928125 0.169013315625
1 0.7265083734375 0.20841363125 0.7329362875000001 0.2163781421875 0.7405102796875 0.22113373125 0.7571460421875 0.220915909375 0.762079115625 0.2200847796875 0.771368684375 0.21076466093750001 0.7757251843749999 0.20227567031250002 0.7781312359375 0.1936844609375 0.7768641921875 0.1805421046875 0.7734188984375 0.17164423906249998 0.7612535406250001 0.16119971093750002 0.7555160921875 0.1587196984375 0.73979860625 0.16007530625 0.7243159890624999 0.1756088390625 0.7213404328124999 0.195066834375 0.7265083734375 0.20841363125
1 0.6882040125 0.2489030390625 0.7067902234375001 0.24878743593750002 0.7158519906249999 0.2438140296875 0.7231911156249999 0.2343916921875 0.7277754171875 0.2215559890625 0.7263944734375001 0.2105869828125 0.7165212640624999 0.1937246078125 0.7089472734375 0.1889690203125 0.691393234375 0.1880490515625 0.6761384203125 0.199235871875 0.6716680187499999 0.20989822187499999 0.6708707140625 0.225111715625 0.6806300203125 0.24414745 0.6882040125 0.2489030390625
1 0.6525335078125 0.276454525 0.6635457234375 0.27158333749999997 0.6708848484375001 0.262161 0.6739743046875 0.240529653125 0.6688063640624999 0.22718285625 0.6604280015625 0.21911612187500001 0.6390869671875 0.2158183609375 0.6310573734375 0.2197561984375 0.621653903125 0.23124967500000002 0.6184505453125 0.2550543828125 0.628323753125 0.2719167578125 0.6358977453125 0.276672346875 0.6525335078125 0.276454525
1 0.668948534375 0.299108059375 0.677212996875 0.3093481515625 0.6847869890625 0.3141037390625 0.6975218546875 0.3136814796875 0.7024549265625 0.31285035156249996 0.7157592937499999 0.3015613078125 0.7202296953125 0.290898965625 0.7210270000000001 0.27568546562499996 0.7175817078125 0.26678760156250003 0.7093172453125 0.2565475140625 0.701743253125 0.2517919265625 0.6880901125000001 0.25107639531250003 0.6760457203125 0.25698315312500003 0.6665283484375 0.270649990625 0.665503240625 0.290210196875 0.668948534375 0.299108059375
1 0.7212548015625 0.2713387515625 0.7295192640625 0.28157884375000003 0.7390437078125001 0.28643665 0.749828121875 0.285912171875 0.7587759921874999 0.2831121234375 0.7680655609375 0.273792 0.7724220609375 0.2653030109375 0.7733332671875 0.24791615781249998 0.769887975 0.2390182921875 0.7616235125 0.22877820624999998 0.75209906875 0.2239204 0.7423468296875 0.22340930625 0.732366784375 0.22724492500000001 0.721012865625 0.23863618749999999 0.717809509375 0.26244088906249996 0.7212548015625 0.2713387515625
1 0.78535645625 0.18643547656249998 0.7929304484374999 0.191191065625 0.8076157625 0.190871028125 0.814613184375 0.18796875625 0.823902753125 0.17864863749999998 0.8282592531249999 0.1701596484375 0.829170459375 0.15277279531250001 0.825725165625 0.14387493125 0.817460703125 0.133634840625 0.8001344671874999 0.1283681578125 0.7882039765625 0.1321015609375 0.7768500578124999 0.1434928171875 0.7736467 0.16729752656250002 0.77709199375 0.1761953890625 0.78535645625 0.18643547656249998
1 0.7753976171875 0.24584502343749998 0.787562978125 0.25628954843749996 0.8061491859375 0.256173946875 0.8152109578125 0.25120053750000004 0.8247283281250001 0.237533703125 0.8272482812499999 0.226769140625 0.8258673359375001 0.215800134375 0.8140436796875001 0.198835540625 0.8045192374999999 0.19397773437500002 0.7947669984375 0.19346664062500002 0.7847869515625 0.1973022609375 0.7754973828125 0.2066223828125 0.7688487328125 0.22152922031250002 0.7701157765625 0.2346715796875 0.7753976171875 0.24584502343749998
1 0.828736059375 0.21704014374999997 0.8381465953125 0.2240713078125 0.8488171124999999 0.22572018593749998 0.8576510796875001 0.22509349374999998 0.8730197984375 0.2117333171875 0.8779458015625 0.192377540625 0.8764509578125 0.1835818953125 0.8664638484375 0.16889287656250002 0.85888985625 0.1641372890625 0.8432862703125 0.16331953906250002 0.831241878125 0.169226296875 0.8259671031250001 0.176577496875 0.821610603125 0.1850664859375 0.820813296875 0.20027998593750002 0.828736059375 0.21704014374999997
1 0.8846015218750001 0.19599534375 0.8960764093750001 0.20095536875 0.9049103765625001 0.200328675 0.911793896875 0.1995997609375 0.923033915625 0.19038185624999998 0.9272765140624999 0.1840662265625 0.9300242671875001 0.1689549453125 0.922329309375 0.147848075 0.9129187671875 0.14081691093749998 0.8953647359374999 0.13989694375 0.8781594687500001 0.1509815484375 0.87380296875 0.1594705375 0.8730056640624999 0.17468403125 0.878173603125 0.1880308265625 0.8846015218750001 0.19599534375
1 0.88324884375 0.25912490625 0.8908228359375 0.26388049375 0.9035577015625 0.263458234375 0.9145699171875 0.2585870484375 0.921795140625 0.2513380609375 0.928443790625 0.23643122499999997 0.9287854937500001 0.2299111515625 0.9237314546875 0.2143910015625 0.913516540625 0.2040486921875 0.8921755125 0.20075093125 0.8769206953124999 0.21193775312500002 0.87015814375 0.22901795156250002 0.8715390875000001 0.23998694999999998 0.87498438125 0.24888481406250001 0.88324884375 0.25912490625
1 0.8224503125 0.28100083593749997 0.8346156718750001 0.2914453640625 0.8532018828125001 0.29132976093749996 0.8601993046875 0.28842749375 0.8694888734375 0.2791073703125 0.874187075 0.26409831562499997 0.8729200328125 0.25095595625 0.8629329234374999 0.2362669328125 0.85535893125 0.2315113453125 0.8378048937499999 0.2305913765625 0.827710953125 0.236600353125 0.822436178125 0.2439515578125 0.818079678125 0.252440546875 0.817282371875 0.267654040625 0.8224503125 0.28100083593749997
1 0.7765719625 0.3167346609375 0.7841459546875 0.3214902484375 0.8007817140625001 0.32127243125 0.8098434828125001 0.3162990203125 0.81936085625 0.302632184375 0.8218808078125001 0.2918676234375 0.8187772171875001 0.276449684375 0.8124632 0.266311815625 0.804889209375 0.261556228125 0.78343428125 0.2604318234375 0.772194259375 0.26964972343750004 0.7657734109375001 0.2802098546875 0.7648622046875 0.2975967078125 0.7683074984375 0.30649457343750003 0.7765719625 0.3167346609375
1 0.7158873296875 0.336437234375 0.7241517953125001 0.34667732500000004 0.737577128125 0.35173956875 0.74446065 0.3510106546875 0.7534085171875 0.3482106046875 0.760633740625 0.3409616234375 0.769460640625 0.3218102859375 0.76635705 0.3063923546875 0.7562560359375 0.29387668749999996 0.7467316 0.28901888124999997 0.7369793546875 0.2885077875 0.726999315625 0.2923434078125 0.7177097421874999 0.3016635265625 0.7133532421875 0.31015251718750003 0.7124420359375 0.32753937031249997 0.7158873296875 0.336437234375
1 0.673682071875 0.3767222078125 0.6794195203125 0.3792022203125 0.69410483125 0.37888218125 0.70110225 0.37597991406250003 0.7103918218749999 0.366659790625 0.7147483218749999 0.3581708015625 0.715659528125 0.340783946875 0.7103776875000001 0.3296105125 0.698212328125 0.3191659828125 0.6746930484375 0.320112715625 0.661046975 0.337921825 0.658754825 0.3443396796875 0.66002186875 0.3574820390625 0.66714025625 0.37093105312499997 0.673682071875 0.3767222078125
1 0.621119734375 0.334739665625 0.6305302765625 0.3417708296875 0.6431512374999999 0.34352193125 0.65404955625 0.340824096875 0.6633391265624999 0.331503978125 0.6698738765625001 0.31877049375 0.6704433796875 0.30790370624999996 0.6652754390625 0.294556909375 0.6588475218750001 0.28659239687500004 0.6512735296875001 0.281836809375 0.6337194984375001 0.2809168421875 0.6183507796875001 0.2942770234375 0.6139942796875 0.3027660109375 0.6131969734375 0.31797950468749997 0.621119734375 0.334739665625
1 0.7106337578125 0.3993623625 0.720734771875 0.41187802500000004 0.7264722124999999 0.4143580375 0.739207078125 0.4139357828125 0.7481549484375 0.4111357296875 0.7595088671875 0.39974447031250004 0.7616871171875 0.3954999734375 0.762826125 0.3737664078125 0.7547894640624999 0.35917960781249997 0.7472154718749999 0.35442401874999996 0.73367623125 0.35153513125 0.7217457406250001 0.355268534375 0.7124561703125 0.36458865625 0.708099671875 0.3730776453125 0.7071884640625 0.3904645 0.7106337578125 0.3993623625
1 0.7693679437500001 0.3795575671875 0.78072893125 0.38669094843749996 0.79346379375 0.38626869375 0.8044760125 0.381397503125 0.8138794828125 0.3699040265625 0.8169689390625001 0.34827267812499996 0.8135236453125 0.33937481406250003 0.80525918125 0.3291347234375 0.79573474375 0.324276915625 0.782081603125 0.3235613859375 0.7740520078124999 0.327499225 0.7647624375000001 0.3368193484375 0.7602920375 0.3474816890625 0.7596086328125 0.3605218296875 0.7693679437500001 0.3795575671875
1 0.8548318281249999 0.353525975 0.86618575 0.34213471875 0.8695030078125001 0.31615665625 0.8538923531249999 0.2968142640625 0.832437425 0.29568985937500003 0.8191330546875 0.306978896875 0.8147765546875 0.3154678875 0.813751446875 0.33502810156249996 0.8255751078125 0.3519926953125 0.8331490984375 0.35674828281250004 0.847834409375 0.35642824375000004 0.8548318281249999 0.353525975
1 0.8798318203125 0.32432560625 0.8874058109374999 0.32908119375 0.89623978125 0.3284544984375 0.9071380953125001 0.32575666718749996 0.9184920171875 0.314365409375 0.923531921875 0.29283627968750003 0.9202005296875001 0.2817650546875 0.9100995171875 0.2692493921875 0.9063125203125001 0.26687159843749997 0.8868080375 0.2658494125 0.876714096875 0.271858390625 0.869374971875 0.28128073124999997 0.866285515625 0.302912078125 0.8697308093749999 0.31180994375000004 0.8798318203125 0.32432560625
1 0.8745782515625 0.38725073125 0.88215224375 0.39200631874999997 0.8968375546875 0.3916862828125 0.9078497703125 0.3868150921875 0.9151888953125 0.37739275 0.9173671453125 0.3731482546875 0.918506153125 0.3514146890625 0.902895496875 0.3320722984375 0.89715805625 0.3295922875 0.8814405687500001 0.33094789375 0.8734109734375 0.334885734375 0.8638935999999999 0.34855256562500003 0.8628684921875 0.36811278125 0.8663137859375001 0.37701064375 0.8745782515625 0.38725073125
1 0.9234674953124999 0.4246821234375 0.9329919312499999 0.42953993125 0.9437763484374999 0.42901545625 0.9527242156250001 0.42621540312499995 0.9640781374999999 0.4148241421875 0.9690041421875 0.3954683734375 0.9639501015624999 0.3799482171875 0.9556856375 0.3697081296875 0.934344609375 0.36641036875 0.9243645624999999 0.37024598750000004 0.9192036921875 0.375423834375 0.91278284375 0.3859839578125 0.910148990625 0.3989218796875 0.9152030296874999 0.4144420359375 0.9234674953124999 0.4246821234375
1 0.9023684 0.4540869296875 0.9139501203125 0.43834895625000003 0.9150891281250001 0.4166153890625 0.8994784734374999 0.3972730015625 0.874008746875 0.398117515625 0.864719175 0.4074376375 0.860362675 0.415926628125 0.8593375671875 0.43548683437499996 0.8627828609374999 0.444384696875 0.8767847671875 0.4571048015625 0.895370978125 0.4569892015625 0.9023684 0.4540869296875
1 0.8385660406250001 0.4213222890625 0.8534791578125001 0.41665553749999995 0.8607043781250001 0.409406553125 0.8650608765625 0.4009175625 0.8661998859375 0.37918399687500004 0.8524257796875 0.362117184375 0.831084746875 0.3588194203125 0.8230551515625001 0.3627572609375 0.81365168125 0.3742507390625 0.810448325 0.398055440625 0.8203215328125 0.4149178203125 0.827895525 0.4196734078125 0.8385660406250001 0.4213222890625
1 0.759636903125 0.4346203953125 0.769737915625 0.4471360609375 0.7861458734375 0.45126495625 0.79302939375 0.45053604218750004 0.8062198609375001 0.44142035625 0.812640709375 0.43086023281249997 0.8136658171875 0.41130001875 0.8037926078125001 0.39443764375 0.794268165625 0.3895798359375 0.778664578125 0.3887620875 0.770634984375 0.392699925 0.7613454140625 0.40202004843749994 0.7569889140625 0.41050903749999995 0.756305509375 0.42354917812500004 0.759636903125 0.4346203953125
1 0.5724865625 0.36706012499999996 0.5800605531249999 0.3718157125 0.59279541875 0.3713934578125 0.6017432890625 0.3685934046875 0.608968509375 0.36134442031249997 0.613325009375 0.3528554296875 0.6160727640625 0.3377441546875 0.612855271875 0.3244995796875 0.604590809375 0.3142594875 0.585314128125 0.3088905875 0.5682227625 0.3178018359375 0.5618019140625 0.328361959375 0.5591680609375 0.34129988125 0.5642221000000001 0.3568200375 0.5724865625 0.36706012499999996
1 0.525803840625 0.399482803125 0.5443900484374999 0.399367203125 0.5513874671875 0.39646493125000004 0.560790940625 0.3849714515625 0.5639942984374999 0.36116675 0.5605490046875 0.3522688875 0.550334090625 0.34192657656250003 0.54459665 0.3394465640625 0.5249782656249999 0.340597734375 0.51362434375 0.351988990625 0.50926784375 0.36047798124999997 0.5101931859375 0.3801404140625 0.5154750265625 0.39131385 0.525803840625 0.399482803125
1 0.46500530625 0.42135873593750006 0.47154712187500003 0.4271498921875 0.488068984375 0.429105428125 0.4989673 0.426407596875 0.5061925234375 0.41915861562499995 0.512727271875 0.40642513124999996 0.5134106765625 0.393384990625 0.5064061890625 0.377762615625 0.499864375 0.3719714609375 0.47852334062499996 0.3686736984375 0.4725580984375 0.37054039843750003 0.463268525 0.37986051875000004 0.45891202499999995 0.3883495078125 0.45800081875 0.4057363625 0.46500530625 0.42135873593750006
1 0.5103353562499999 0.45206561875 0.5205502671875 0.4624079265625 0.5430373734375 0.4624967625 0.55324521875 0.4543144296875 0.55760171875 0.4458254390625 0.5598938687499999 0.439407590625 0.5588546265625001 0.42191851874999997 0.5507040625 0.40950507187499996 0.5431300703125 0.4047494828125 0.5354421781250001 0.4021672515625 0.5236255875 0.403727296875 0.5103212203124999 0.4150163390625 0.5059647218750001 0.42350532812499997 0.5050535140625 0.4408921828125 0.5103353562499999 0.45206561875
1 0.5652825421875 0.42988303125 0.57859398125 0.43711863125 0.587427946875 0.43649193906250006 0.5963758140625 0.4336918859375 0.6056653859375001 0.4243717671875 0.6100218859375001 0.415882778125 0.6110469937499999 0.3963225640625 0.6011737859374999 0.3794601890625 0.5916493421875 0.37460238125 0.579946653125 0.37398906875 0.5699666125 0.377824690625 0.560677040625 0.3871448125 0.5562066390625 0.3978071546875 0.5555232343750001 0.4108472953125 0.5652825421875 0.42988303125
1 0.62321235625 0.4067670921875 0.6456994593750001 0.406855928125 0.6559073046874999 0.39867359375 0.662328153125 0.3881134703125 0.6646203046875 0.381695615625 0.6633532609375 0.36855325625 0.653480053125 0.35169088125000003 0.6439556093750001 0.3468330734375 0.6303024749999999 0.3461175421875 0.6182580828125 0.35202430156250003 0.6109189578125 0.3614466390625 0.6078295015624999 0.38307798593750003 0.6129974421875 0.3964247828125 0.62321235625 0.4067670921875
1 0.6908017078124999 0.44190952812499995 0.70502435 0.431758271875 0.70938085 0.4232692828125 0.71040595625 0.403709075 0.7069606625 0.3948112125 0.69674575 0.38446890312500004 0.675404721875 0.381171140625 0.6673751265625001 0.3851089796875 0.657971653125 0.396602459375 0.654768296875 0.420407159375 0.658213590625 0.429305025 0.6702650484375 0.441922909375 0.6908017078124999 0.44190952812499995
1 0.7250056390624999 0.47966095781250007 0.7377405031250001 0.4792387015625 0.7466883703125 0.47643864843749995 0.75391359375 0.4691896640625 0.7604483421875 0.4564561796875 0.7595230015625 0.4367937546875 0.74574889375 0.4197269390625 0.73611055625 0.4170424890625 0.7223435140625 0.4185003140625 0.7068608968750001 0.43403384999999994 0.7045687468749999 0.4404517 0.7054940875 0.46011413125 0.7192681921874999 0.4771809453125 0.7250056390624999 0.47966095781250007
1 0.612335240625 0.4650388484375 0.6256466734374999 0.47227445 0.6325301953125 0.471545534375 0.639413715625 0.47081662187499995 0.6527180828125 0.45952758125 0.6570745828125 0.45103859062499996 0.6579857890625 0.43365173749999997 0.6528178484375 0.420304940625 0.6444394828125 0.4122382125 0.6250489 0.4090426671875 0.6190836578125001 0.41090936874999995 0.6077297359375 0.4223006265625 0.6033732359374999 0.430789615625 0.6025759296875 0.44600311562500006 0.612335240625 0.4650388484375
1 0.6687984765625 0.5072258296875 0.6834837874999999 0.5069057921875 0.6924316578124999 0.5041057390625 0.7038994765625 0.490541125 0.7068750328125 0.47108313125 0.698952271875 0.4543229734375 0.6895417296875 0.44729180937499996 0.6760024953125 0.4444029234375 0.65684678125 0.4553853046875 0.65031203125 0.4681187890625 0.6496286265625 0.481158928125 0.6547965671875 0.49450572499999995 0.661224484375 0.502470240625 0.6687984765625 0.5072258296875
1 0.71585116875 0.5423816453125 0.7284721328125 0.5441327484375 0.7353556515624999 0.5434038328125 0.7485461203125 0.534288146875 0.7550808703125 0.5215546625 0.7559920765625 0.5041678093749999 0.7507102359375 0.49299437343749997 0.7385448734375 0.4825498453125 0.719040390625 0.4815276578125 0.703671675 0.4948878375 0.698859571875 0.51207025625 0.7037997109374999 0.5297637640625 0.710227628125 0.5377282765625 0.71585116875 0.5423816453125
1 0.7701078875 0.5147145562500001 0.7886940953125 0.5145989531249999 0.7956915140625 0.5116966859375001 0.8072732374999999 0.4959587140625 0.8095653875 0.489540859375 0.8084122453125 0.4742251484375 0.7928015921875 0.45488275624999996 0.7713466578125 0.45375835000000003 0.758042290625 0.46504738906250004 0.7536857921875 0.47353637812500005 0.752774584375 0.49092323281250005 0.756219878125 0.49982109531249996 0.7663208906250001 0.5123367625 0.7701078875 0.5147145562500001
1 0.8149540640625 0.4800163015625 0.8263150515625 0.4871496859375 0.8390499140625 0.4867274265625 0.8479977812499999 0.48392737812500003 0.857287353125 0.474607253125 0.8616438531249999 0.46611826562500003 0.8626689609374999 0.4465580578125 0.8527957515625 0.429695678125 0.8452217609374999 0.424940090625 0.8276677234375001 0.4240201234375 0.8217024796875 0.4258868234375 0.8124129078125 0.4352069453125 0.8058781578125 0.4479404296875 0.8069174 0.4654295015625 0.8149540640625 0.4800163015625
1 0.8574153890625 0.5094831796875 0.8656798515625 0.5197232703125 0.8771547390625001 0.5246832953125 0.8859887093750001 0.5240565984375001 0.9020478984375 0.516180921875 0.9107608984375 0.49920294375 0.9113304015624999 0.4883361625 0.907999009375 0.4772649390625 0.89973454375 0.46702485156250007 0.892160553125 0.4622692640625 0.8746065203125 0.4613492953125 0.8686412718750001 0.463215996875 0.8571734531249999 0.4767806140625 0.8525891515625 0.4896163171875 0.8540839968749999 0.49841196249999997 0.8574153890625 0.5094831796875
1 0.9388927499999999 0.5595190765625 0.9479545203124999 0.5545456671875 0.9574718921875001 0.5408788296875 0.9586109 0.5191452640625001 0.956888253125 0.5146963328124999 0.9486237875000001 0.5044562453125 0.9410497953125001 0.49970065625000004 0.9155800703124999 0.5005451703125 0.901820096875 0.5205276359375001 0.9011366921875 0.5335677765625 0.9063046328125001 0.546914571875 0.9183560906249999 0.55953245625 0.9388927499999999 0.5595190765625
1 0.8375833390625 0.5520303453125 0.8445807562500001 0.5491280781250001 0.8561624796875 0.5333901062499999 0.855578840625 0.5072076078125 0.8416908359375 0.49231414687499997 0.8202359015624999 0.49118974218749994 0.8048671859375001 0.5045499234374999 0.8003967843750001 0.515212265625 0.79982728125 0.5260790515625 0.8049952203125 0.5394258484375001 0.8114231390625 0.5473903609375 0.8189971312500001 0.5521459484375 0.8375833390625 0.5520303453125
1 0.8640993781249999 0.587199546875 0.86983681875 0.5896795578125 0.8845221328124999 0.5893595203124999 0.89347 0.58655946875 0.8986308749999999 0.5813816234375 0.9050517234375001 0.5708215 0.9077994781250001 0.5557102171875 0.899990615625 0.5367767031249999 0.8867930828125001 0.5273677453125 0.8731399421875 0.5266522140625 0.8610955499999999 0.5325589734375 0.8537564281250001 0.541981315625 0.8505530718750001 0.565786015625 0.8575575593749999 0.5814083921875 0.8640993781249999 0.587199546875
1 0.89554141875 0.6030129718749999 0.9053007281250001 0.62204870625 0.9186121609375 0.6292843078125 0.9293965796875 0.628759834375 0.938344446875 0.6259597828125 0.94763401875 0.6166396625 0.95199051875 0.6081506734375 0.9530156265624999 0.5885904578125001 0.9495703328125 0.5796925953125001 0.941191965625 0.5716258640625 0.933617975 0.5668702765625 0.9180143875000001 0.5660525265625 0.9120491453125 0.567919228125 0.9006952234375 0.5793104875 0.8963387234375 0.587799478125 0.89554141875 0.6030129718749999
1 0.56381596875 0.49518595000000004 0.5752908578125 0.5001459765625 0.582174375 0.4994170609375 0.59513704375 0.49464809218749994 0.6024761640625 0.4852257546875 0.6046544140625 0.48098126093750004 0.605793421875 0.4592476921875 0.6005115812499999 0.44807425 0.5901827703125 0.4399053015625 0.5706782875 0.43888311562500004 0.5573739171875001 0.45017215312500003 0.5530174171875 0.45866114218750004 0.5521062109375 0.4760479953125 0.5555515046874999 0.48494585937499995 0.56381596875 0.49518595000000004
1 0.6145417578125 0.53489291875 0.6311775203125001 0.5346751000000001 0.6421897359375001 0.529803909375 0.6495288609375 0.52038156875 0.6527322171875001 0.4965768671875 0.6492869234375 0.48767900312499995 0.6372354625 0.47506111874999996 0.615780534375 0.4739367125 0.6045405140625 0.4831546140625 0.5981196640625 0.49371474531250004 0.5972084578125 0.5111015984375 0.6006537515625 0.5199994609374999 0.6107547609374999 0.532515125 0.6145417578125 0.53489291875
1 0.6635449015625 0.5701509546875 0.6840815609375 0.5701375703125 0.69314333125 0.5651641640625 0.6984181031250001 0.557812959375 0.7027746031250001 0.549323971875 0.703571909375 0.534110478125 0.700126615625 0.5252126125000001 0.6900256031249999 0.512696946875 0.6842881609375 0.510216934375 0.6627193265625 0.5112658859375 0.6491871578125 0.5269016421875 0.6468950078125 0.5333194890625 0.6479342484374999 0.5508085625 0.6635449015625 0.5701509546875
1 0.7231046609375 0.6092312296875 0.735953425 0.6066356140625 0.745242996875 0.59731549375 0.7495994968749999 0.5888265046875001 0.7506246046875 0.569266290625 0.7369644 0.5500261203125001 0.71757381875 0.546830578125 0.7095442234375 0.550768415625 0.6981903015625 0.562159675 0.6949869453125 0.5859643812499999 0.6984322374999999 0.594862246875 0.706696703125 0.6051023343749999 0.7231046609375 0.6092312296875
1 0.7627899671875 0.57971081875 0.7773613765625 0.5815641390625 0.7882596921875 0.5788663046875 0.7996136140625001 0.5674750453125 0.8017918640625 0.5632305484375 0.802930871875 0.5414969828125 0.7930576640625 0.52463460625 0.785483671875 0.51987901875 0.767929634375 0.5189590500000001 0.7578356937499999 0.524968028125 0.75049656875 0.534390365625 0.7472932125 0.5581950734375 0.752575053125 0.569368509375 0.7627899671875 0.57971081875
1 0.8341663140625 0.617231046875 0.8411637328125 0.614328778125 0.85056720625 0.6028353015625 0.8537705640625 0.57903059375 0.8503252703124999 0.5701327296875001 0.8382738125 0.5575148484375 0.8168188781250001 0.5563904421875 0.7992719109374999 0.5739951171875 0.7969797609375 0.580412965625 0.798132903125 0.5957286859375001 0.801578196875 0.6046265484375 0.81558010625 0.6173466484375 0.8341663140625 0.617231046875
1 0.862404996875 0.6568491796875 0.8809912078125001 0.6567335796875 0.8900529765625 0.6517601703125 0.8973921 0.642337828125 0.9004815562499999 0.6207064812499999 0.8925587937499999 0.6039463234375 0.8831482578125 0.5969151609375001 0.8696090171874999 0.5940262734374999 0.8556141796875 0.5998308125 0.8462107062499999 0.6113242921875 0.8432351515625 0.6307822796875 0.848289190625 0.6463024359375 0.8548310062500001 0.6520935921875 0.862404996875 0.6568491796875
1 0.9110664390625001 0.698627284375 0.9277022015625 0.6984094671875 0.9346996203125 0.6955071953124999 0.94628134375 0.6797692203125 0.9474203515624999 0.6580356546874999 0.9318097 0.638693265625 0.9241218078125 0.636111034375 0.9084043203125001 0.637466640625 0.8971642984375 0.6466845421875 0.8928077999999999 0.65517353125 0.8898322437499999 0.674631528125 0.8932775375 0.6835293906250001 0.9053289984375 0.6961472718749999 0.9110664390625001 0.698627284375
1 0.4682439984375 0.4901772359375 0.473981446875 0.4926572484375 0.48671630937500004 0.49223499375 0.49371373125 0.489332721875 0.5072459 0.473696965625 0.5096519515625 0.465105759375 0.5083849078125 0.4519634 0.4965612515625 0.43499880625 0.48703680781249997 0.4301409984375 0.47728457031250004 0.4296299046875 0.4621436515625 0.438643371875 0.45354455312499997 0.45344799062499996 0.45297504843749997 0.4643147765625 0.45630644218749994 0.4753859953125 0.4682439984375 0.4901772359375
1 0.4384248390625 0.5180353796875 0.4506970328125 0.5077819109374999 0.4550535328125 0.49929292187499996 0.45607864062500003 0.4797327078125 0.44620542968750004 0.4628703328125 0.4366809921875 0.458012525 0.4230278515625 0.45729699375 0.41293390937499996 0.463305971875 0.4034165359375 0.4769728046875 0.40089658281249996 0.48773737187500005 0.40227752812500006 0.4987063703125 0.4178881828125 0.5180487625 0.4384248390625 0.5180353796875
1 0.34824861406249996 0.5220267468750001 0.3534165546875 0.53537354375 0.3636314640625 0.545715853125 0.36936891250000004 0.548195865625 0.3801533265625 0.5476713921874999 0.389101196875 0.5448713390625 0.398390765625 0.53555121875 0.40274726562499996 0.52706223125 0.40365847187500004 0.5096753765625001 0.4020497265625 0.5030530843750001 0.3919487171875 0.49053742187499993 0.38242427343749996 0.4856796140625 0.3746224796875 0.48527073906249996 0.3626919890625 0.4890041421875 0.35340241875 0.49832426406249997 0.3490459203125 0.506813253125 0.34824861406249996 0.5220267468750001
1 0.306477759375 0.49804437031250004 0.3129056765625 0.5060088859375 0.3224301140625 0.5108666921875 0.33321453125 0.51034221875 0.340098053125 0.509613303125 0.3535163203125 0.49615090312500004 0.35832842343750004 0.4789684875 0.353388284375 0.46127497812499996 0.3487969140625 0.45558604062499997 0.33548548125 0.4483504421875 0.3276836890625 0.44794156718749994 0.315753196875 0.4516749671875 0.3085279734375 0.45892394843749995 0.3019932234375 0.47165743281249994 0.30130981874999996 0.48469757343750003 0.306477759375 0.49804437031250004
1 0.31511219375 0.5758629546875 0.33174795625 0.5756451375 0.3459705984375 0.56549388125 0.35273315 0.548413684375 0.3513522046875 0.537444684375 0.34147899375 0.52058230625 0.33390500156249997 0.5158267171875 0.31830141562500003 0.5150089671875 0.3030466 0.5261957921875 0.29639795 0.5411026296875 0.296056246875 0.5476227015624999 0.3011102875 0.5631428515625 0.3075382015625 0.5711073671875 0.31511219375 0.5758629546875
1 0.2553458359375 0.59670331875 0.2686572734375 0.60393891875 0.27359034375 0.6031077890625001 0.2844886625 0.60040995625 0.29584258124999996 0.5890186953125001 0.30019908125 0.5805297046875 0.3008824859375 0.5674895640625001 0.29571454531249997 0.55414276875 0.2892866265625 0.5461782578125 0.2817126359375 0.54142266875 0.2680595 0.5407071375 0.25601510781250003 0.5466138968750001 0.248675984375 0.5560362343749999 0.24558652812499998 0.5776675828125 0.2553458359375 0.59670331875
1 0.23115021875 0.62921483125 0.2476650125 0.6126457265624999 0.24995716250000002 0.606227878125 0.2488040203125 0.590912159375 0.2453587265625 0.5820142953125 0.235143815625 0.5716719890624999 0.22940636875 0.5691919765625 0.2117384359375 0.570445365625 0.20038451406250002 0.5818366265625 0.19602801406249998 0.5903256156250001 0.1968394546875 0.6121614015625 0.21061355937499998 0.6292282140625 0.23115021875 0.62921483125
1 0.1463697359375 0.6422062828125 0.1564707484375 0.6547219484375 0.1709282578125 0.6587486250000001 0.18377702499999998 0.656153009375 0.19306659375 0.646832890625 0.19742309375 0.6383439015625 0.19833430000000002 0.620957046875 0.1967255546875 0.61433475625 0.18662454374999998 0.60181909375 0.1692983078125 0.5965524109375 0.1613826140625 0.5983168921875001 0.150142596875 0.60753479375 0.143607846875 0.620268278125 0.1429244421875 0.6333084171875 0.1463697359375 0.6422062828125
1 0.10427838125 0.6803179 0.11380281875 0.68517570625 0.1206863390625 0.6844467921875 0.1315846578125 0.6817489609375 0.140874228125 0.6724288390625001 0.1452307265625 0.6639398484375 0.146255834375 0.6443796421875 0.14097399375 0.6332061984374999 0.13259562656249999 0.62513946875 0.115155496875 0.62204614375 0.1031111046875 0.627952903125 0.0957719796875 0.63737524375 0.0925686234375 0.6611799453125 0.096013915625 0.670077809375 0.10427838125 0.6803179
1 0.042896209375 0.67601133125 0.0423267046875 0.6868781187499999 0.045658096875 0.6979493359375 0.053922559375 0.7081894265625001 0.0673479 0.7132516703125 0.07423141718750001 0.7125227562500001 0.0831792875 0.7097227078125 0.0904045078125 0.702473725 0.09476100781249999 0.6939847375 0.09750876093750001 0.6788734546875 0.092454721875 0.66335330625 0.0878633515625 0.657664365625 0.0822398109375 0.6530109953125 0.070537121875 0.6523976828125 0.0687005703125 0.6501221078125 0.056770079687499996 0.653855509375 0.0474805109375 0.6631756281250001 0.042896209375 0.67601133125
1 0.035008784375000004 0.7518743828125001 0.04293154375 0.7686345390625 0.058193428125 0.7759723578125 0.0631265 0.7751412296875 0.0780396140625 0.770474475 0.0852648375 0.76322549375 0.0896213359375 0.75473650625 0.09053254375 0.73734965 0.088923796875 0.730727359375 0.0788227875 0.718211696875 0.06929834375 0.7133538890625 0.0575956546875 0.7127405765625 0.0516304125 0.714607278125 0.040276490625 0.7259985390625 0.035806089062500004 0.73666088125 0.035008784375000004 0.7518743828125001
1 0.10464835312500001 0.7478963937499999 0.125185009375 0.7478830140625 0.139521553125 0.7355584046875 0.14444755625 0.716202628125 0.1411161640625 0.7051314109375 0.1329655984375 0.6927179640625 0.12344116249999999 0.68786015625 0.111738471875 0.68724684375 0.103708878125 0.691184684375 0.09029060625 0.704647078125 0.0874289515625 0.7219317140625 0.0907603453125 0.7330029375 0.10086135781250001 0.7455186 0.10464835312500001 0.7478963937499999
1 0.0855067734375 0.795928059375 0.0937712390625 0.8061681500000001 0.10513222656250001 0.8133015328125 0.1139661921875 0.8126748390625 0.12497841093749999 0.8078036484375 0.13426798125 0.7984835265625 0.13873838125 0.787821184375 0.13930788593750001 0.776954396875 0.13597649375 0.7658831796875 0.12587547968749999 0.7533675140625 0.10453445312500001 0.7500697515625 0.0965048578125 0.754007590625 0.0872152859375 0.7633277125 0.08274488437500001 0.77399005625 0.08217538125 0.78485684375 0.0855067734375 0.795928059375
1 0.11467786718749999 0.8737332640625001 0.128900509375 0.8635820078125 0.133257009375 0.8550930187500001 0.134168215625 0.837706165625 0.1271637265625 0.8220837984375 0.1186714609375 0.8161904203124999 0.0972165328125 0.815066015625 0.0839121625 0.8263550531250001 0.0795556625 0.8348440437500001 0.07864445625000001 0.852230896875 0.08208974999999999 0.8611287593749999 0.09609165625 0.8738488640625001 0.11467786718749999 0.8737332640625001
1 0.14938062968750002 0.7153714984375 0.15695462031250002 0.7201270859375 0.17163993125000002 0.71980705 0.1805878015625 0.717006996875 0.18781302187499999 0.7097580125 0.192055621875 0.7034423828125 0.1949172765625 0.6861577484375 0.1915858828125 0.6750865234375001 0.183321421875 0.6648464374999999 0.173796978125 0.6599886296874999 0.1620942890625 0.6593753171875 0.15211424843750002 0.6632109390625 0.14064642656249998 0.6767755515625 0.13950741718749998 0.69850911875 0.14938062968750002 0.7153714984375
1 0.19525897812499998 0.679637675 0.20535999062500002 0.692153340625 0.21993140156250002 0.6940066578125 0.228765371875 0.6933799640625 0.24000538906250002 0.6841620640625 0.2466540390625 0.6692552187499999 0.2471096421875 0.66056179375 0.242055603125 0.6450416437500001 0.23367723749999997 0.636974909375 0.212336209375 0.6336771484375 0.20637096093750001 0.6355438484375 0.19708139062500002 0.6448639671875 0.1927248921875 0.65335295625 0.19181368593749998 0.670739809375 0.19525897812499998 0.679637675
1 0.25571580781250003 0.6642818125 0.2614532546875 0.6667618265625 0.276138565625 0.6664417859375 0.2903612078125 0.6562905359375 0.2968959578125 0.643557053125 0.2975793625 0.6305169125 0.290574875 0.6148945375 0.284033059375 0.6091033828125 0.2802460625 0.6067255890625 0.2607415796875 0.6057034031249999 0.24743721093749999 0.616992440625 0.2430807109375 0.6254814296875 0.2421695046875 0.6428682828125 0.24561479687499999 0.651766146875 0.25571580781250003 0.6642818125
1 0.3118090703125 0.6388903 0.33039528125 0.638774696875 0.3447318234375 0.6264500875000001 0.3490883234375 0.617961096875 0.34988562968750003 0.6027476046875 0.3464403359375 0.593849740625 0.3381758703125 0.58360965 0.3306018796875 0.5788540625 0.3109834953125 0.58000523125 0.303872175 0.5850808546875 0.295386978125 0.5977121203125 0.2960845171875 0.6217212671875 0.304235078125 0.6341347109375 0.3118090703125 0.6388903
1 0.3827015484375 0.6110053890625 0.39497374218750003 0.6007519203125 0.3993302421875 0.59226293125 0.40035535 0.5727027171875 0.39691005625 0.563804853125 0.3866951421875 0.553462546875 0.367304559375 0.5502670046875 0.359274965625 0.5542048421875 0.3478071453125 0.567769459375 0.3466681375 0.5895030265625001 0.35011343125 0.598400890625 0.3621648921875 0.6110187734375 0.3827015484375 0.6110053890625
1 0.5115097015625001 0.522955259375 0.5229845906249999 0.5279152859375 0.53181855625 0.5272885890625 0.5407664234375 0.5244885390625 0.547991646875 0.5172395578125 0.554412496875 0.5066794265625 0.555323703125 0.4892925734375 0.551878409375 0.48039470937499995 0.5436139437499999 0.470154621875 0.53408950625 0.4652968140625 0.5243372625 0.46478572187499995 0.514357221875 0.4686213421875 0.5028894 0.48218595625000005 0.49991384375000003 0.5016439515625 0.5115097015625001 0.522955259375
1 0.55661195 0.5580088562500001 0.5603989453125 0.5603866515625 0.58288605 0.5604754859375001 0.59515824375 0.5502220171875 0.59951474375 0.541733028125 0.60042595 0.524346175 0.59698065625 0.5154483109375 0.5849291953125 0.5028304265625 0.5732265062499999 0.5022171140625 0.5713899609374999 0.4999415390625 0.561523815625 0.501603803125 0.552234246875 0.510923921875 0.545699496875 0.52365740625 0.5450160921875 0.5366975453125 0.55661195 0.5580088562500001
1 0.6036646421875 0.5931646749999999 0.61697608125 0.6004002749999999 0.6238595984375 0.5996713640625 0.6368222671875 0.5949023921875 0.6440474875 0.5876534109375 0.6484039875 0.5791644203125 0.64942909375 0.5596042078125001 0.6395558859375 0.5427418312500001 0.63198189375 0.53798624375 0.6144278562500001 0.537066275 0.599173040625 0.5482530953125 0.5948165421875 0.5567420859375 0.5940192359375 0.5719555859375001 0.5990732750000001 0.587475734375 0.6036646421875 0.5931646749999999
1 0.466891328125 0.5533067984375 0.4854775359375 0.5531912 0.5019923281249999 0.5366220953124999 0.5042844796875 0.530204240625 0.5032452375 0.51271516875 0.4914215765625 0.4957505734375 0.47971888749999997 0.4951372625 0.47788234375 0.4928616859375 0.466065753125 0.49442173125 0.45482573125 0.5036396359374999 0.45046923124999994 0.5121286234375 0.449444125 0.53168883125 0.45288941875 0.5405866953125 0.466891328125 0.5533067984375
1 0.511993575 0.5883603984375 0.5305797828125 0.5882447953125001 0.544802425 0.57809354375 0.551337175 0.5653600609375 0.551906678125 0.554493275 0.5467387390625 0.541146478125 0.536523825 0.5308041718750001 0.5228706890625 0.5300886421875 0.5210341390625 0.5278130671875 0.511168 0.5294753296875 0.49763582812499996 0.545111084375 0.49534367812499996 0.5515289328125 0.4963829203125 0.5690180046875 0.511993575 0.5883603984375
1 0.546880909375 0.613071690625 0.5533088265624999 0.6210362015625 0.569716784375 0.62516509375 0.5825655484375 0.62256948125 0.5918551203125 0.6132493578125 0.5962116203125001 0.6047603687499999 0.5971228265625 0.5873735156250001 0.5892000640624999 0.5706133578125 0.5778390765625 0.5634799765625 0.5661363859375 0.5628666640625 0.556156346875 0.566702284375 0.5468667734375 0.576022403125 0.5425102749999999 0.5845113937499999 0.54171296875 0.59972489375 0.546880909375 0.613071690625
1 0.40884761249999996 0.57859609375 0.41837205624999996 0.5834539015625 0.43110691875 0.5830316421874999 0.438104340625 0.5801293734375 0.44957216093749996 0.5665647578125 0.45186431093749996 0.560146909375 0.45093897031249996 0.5404844765625 0.44278840468749997 0.5280710328125 0.43521441406249994 0.5233154453125 0.41169513281250003 0.524262178125 0.4024055640625 0.5335822968749999 0.39804906406249996 0.5420712859375 0.3971378578125 0.5594581390625 0.4005831515625 0.568356003125 0.40884761249999996 0.57859609375
1 0.4596873078125 0.61612970625 0.4802239640625 0.616116321875 0.48928573125 0.611142915625 0.49673875624999997 0.5995472171875 0.4990309078125 0.5931293703125 0.497991665625 0.575640296875 0.488004553125 0.5609512750000001 0.4804305609375 0.5561956875 0.464826975 0.5553779375000001 0.45473303437499996 0.5613869140625 0.44739391093750003 0.5708092515625001 0.444190553125 0.5946139609375 0.447635846875 0.6035118234375 0.4596873078125 0.61612970625
1 0.40543058906249996 0.6437967953125 0.409217584375 0.6461745890625 0.42780379531249996 0.6460589890625 0.4368655640625 0.6410855796875 0.44214033906249994 0.6337343796875 0.4464968390625 0.6252453906250001 0.44740804531249995 0.6078585375000001 0.4375348375 0.5909961578125 0.4299608453125 0.5862405703125 0.4124068078125 0.5853206015625 0.3948598421875 0.6029252734375 0.39245379062499997 0.61151648125 0.39372083281250003 0.624658840625 0.3971661265625 0.633556703125 0.40543058906249996 0.6437967953125
1 0.3550747734375 0.6716683234375 0.36081221406249997 0.6741483359375 0.37549752812500004 0.6738282984375 0.38249495 0.6709260265625 0.39396277031250004 0.6573614125 0.3962549203125 0.6509435578125 0.3953295796875 0.63128113125 0.3871790140625 0.618867684375 0.3796050234375 0.614112096875 0.360100540625 0.6130899109375 0.348860521875 0.6223078109375 0.34243967343750004 0.6328679421875 0.34152846718749996 0.6502547953125 0.3449737609375 0.659152659375 0.3550747734375 0.6716683234375
1 0.3065555015625 0.701815425 0.32514170937500003 0.701699825 0.332139128125 0.698797553125 0.3415426015625 0.687304075 0.3446320578125 0.6656727265625 0.34118676406250004 0.6567748625000001 0.32913530625 0.64415698125 0.323397859375 0.64167696875 0.30572992656250003 0.6429303562500001 0.2965542546875 0.6500771203125 0.2900195046875 0.6628106046875 0.2892222 0.6780241046875 0.2989815109375 0.6970598359375 0.3065555015625 0.701815425
1 0.2561996796875 0.7296869515625 0.2728354421875 0.7294691328125 0.2798328609375 0.7265668609375 0.2913006828125 0.7130022484375 0.2941623375 0.6957176140625 0.29083094531250003 0.6846463890625001 0.2807299359375 0.6721307265625 0.2593889015625 0.6688329640624999 0.24413408749999999 0.6800197875 0.23977758749999997 0.688508778125 0.23875247968750002 0.708068984375 0.24219777343749999 0.716966846875 0.2504622390625 0.7272069390625 0.2561996796875 0.7296869515625
1 0.341328934375 0.7287000734375 0.3497072984375 0.7367668046875 0.3554447453125 0.7392468171875 0.37013005625 0.73892678125 0.377127475 0.736024509375 0.388595296875 0.72245989375 0.3908874484375 0.716042040625 0.38996210625 0.696379615625 0.3761879984375 0.679312796875 0.36654966093749997 0.6766283484375 0.3547330703125 0.6781883921875 0.3414287015625 0.689477434375 0.3370722015625 0.6979664234375 0.33478005 0.704384271875 0.3361609953125 0.7153532765625 0.341328934375 0.7287000734375
1 0.444218821875 0.668712525 0.44881019375 0.6744014609375 0.4601711796875 0.68153484375 0.47290604375 0.681112584375 0.4778391125 0.6802814546875 0.48919303437500006 0.66889019375 0.49584168437500004 0.6539833578125 0.4961833875 0.6474632828125 0.491015446875 0.6341164874999999 0.48275098437499997 0.6238764 0.47517699375 0.6191208125000001 0.46347430312500004 0.6185075 0.4462690375 0.6295921046874999 0.4397342875 0.6423255890624999 0.43916478281250004 0.6531923671875 0.444218821875 0.668712525
1 0.50674 0.6512855234375 0.5292271078125 0.651374359375 0.5436775515625001 0.636876390625 0.5459697015625 0.63045854375 0.5450443609375 0.6107961093750001 0.53127025625 0.593729296875 0.5235823640625 0.591147065625 0.5078648765625 0.5925026734375 0.4986892046875 0.5996494359375 0.49226835625 0.6102095671875001 0.48997620468749997 0.616627415625 0.49124324843749995 0.6297697734375001 0.49468854218749997 0.6386676375 0.50674 0.6512855234375
1 0.528906609375 0.713468353125 0.5383100796875 0.701974871875 0.5415134359375 0.678170171875 0.5278532328125001 0.6589299984375 0.5065121984375 0.6556322359375 0.489079134375 0.6710635546875 0.4858757765625 0.6948682546875 0.4893210703125 0.7037661203125001 0.50137253125 0.7163840046875001 0.5071099718750001 0.7188640171875 0.517894390625 0.7183395390625 0.528906609375 0.713468353125
1 0.607821609375 0.6631209625000001 0.62835826875 0.663107578125 0.6406304625 0.6528541109375 0.6449869625 0.6443651203125 0.64589816875 0.6269782671875 0.6407302296874999 0.613631471875 0.6361388625 0.60794253125 0.62661441875 0.603084725 0.605045590625 0.6041336765625 0.5957560171875 0.6134537953125 0.5913995171875001 0.6219427859375 0.5904883109375 0.6393296390625001 0.5956562515625 0.652676434375 0.607821609375 0.6631209625000001
1 0.6543904359375 0.6328716421875 0.6639148734375 0.6377294484375 0.674699290625 0.6372049750000001 0.685711509375 0.632333784375 0.6951149796875 0.6208403078125 0.6982044359375 0.5992089593750001 0.69475914375 0.5903110953125 0.6846581328125 0.5777954296875001 0.6633171 0.5744976671875001 0.6552875046875 0.5784355046874999 0.6438196859375 0.5920001234375001 0.641527534375 0.598417971875 0.642680678125 0.6137336906249999 0.6461259703125 0.6226315546875 0.6543904359375 0.6328716421875
1 0.5662997609375 0.6903657937500001 0.5771980796875 0.6876679640625001 0.590616346875 0.6742055640625 0.593705803125 0.652574215625 0.5885378625000001 0.6392274203125 0.5801594999999999 0.6311606890625 0.558818465625 0.627862928125 0.550788871875 0.631800765625 0.5413854015624999 0.643294246875 0.5382959453125 0.66492559375 0.5417412374999999 0.6738234578125 0.5518422484375 0.6863391203125 0.5662997609375 0.6903657937500001
1 0.6005036890625 0.728117225 0.6210403484375 0.7281038421875 0.6375551421875 0.7115347390625 0.6403028953125001 0.6964234640625 0.6370854031250001 0.6831788859375 0.626984390625 0.6706632203125 0.62124695 0.6681832062499999 0.61160860625 0.66549875625 0.5977276687499999 0.669129940625 0.588438096875 0.678450059375 0.584081596875 0.6869390484375 0.583170390625 0.7043259015625 0.586615684375 0.713223765625 0.6005036890625 0.728117225
1 0.6976561328125 0.6656496656249999 0.7128041171875 0.6751608421874999 0.7196876375000001 0.6744319296875 0.7326503015625 0.6696629578125 0.739875525 0.6624139765625 0.746751978125 0.64316041875 0.7418118390624999 0.6254669093749999 0.7353839203125 0.617502396875 0.72976038125 0.6128490265625001 0.7142706953125 0.609857921875 0.7042906484375 0.6136935421875 0.6950010796874999 0.6230136625 0.6884663296875 0.63574714375 0.6880107265625 0.6444405718749999 0.6976561328125 0.6656496656249999
1 0.69169795625 0.6860410078125 0.694217909375 0.675276440625 0.6928369640625001 0.6643074421875 0.6893916703125 0.655409578125 0.681127209375 0.6451694875 0.6578357296874999 0.64176950625 0.649806134375 0.6457073453125 0.6382244109374999 0.6614453203124999 0.6390358515625 0.6832811046875 0.6546465078125 0.70262349375 0.6751831640625 0.7026101125 0.69169795625 0.6860410078125
1 0.70342185 0.7422282421874999 0.720057609375 0.7420104203125 0.7291193765624999 0.737037015625 0.7386367515625001 0.72337018125 0.739775759375 0.701636615625 0.7279521 0.6846720171875 0.7184276625 0.6798142109375 0.7067249734375001 0.6792008984375 0.698695378125 0.6831387375 0.68516320625 0.6987744921875 0.6841381 0.7183347 0.68758339375 0.7272325625 0.6958478578125 0.7374726546875 0.70342185 0.7422282421874999
1 0.767060834375 0.6474937515625 0.773944353125 0.6467648406250001 0.7869070203125 0.6419958671875 0.796310490625 0.6305023921874999 0.7995138484375001 0.6066976828125 0.7896406390624999 0.5898353078125 0.7820666484375 0.5850797187500001 0.7645126109375 0.58415975 0.756483015625 0.588097590625 0.7471934453125 0.5974177125 0.7422674421875 0.6167734828125 0.7437622875 0.625569128125 0.753749396875 0.64025815 0.767060834375 0.6474937515625
1 0.8081482859375001 0.68451626875 0.8267344921875001 0.68440066875 0.8431353843749999 0.67000491875 0.8454275359375 0.6635870703125 0.8446160953125 0.6417512859375 0.8411708015625001 0.6328534218749999 0.8346289859375 0.6270622625 0.80938705625 0.6235600625 0.799293115625 0.6295690390625001 0.7919539906249999 0.63899138125 0.789661840625 0.6454092296875 0.79058718125 0.6650716609375 0.8005742937500001 0.67976068125 0.8081482859375001 0.68451626875
1 0.7482680265625 0.707529990625 0.7558420171875 0.712285578125 0.7724777781250001 0.712067759375 0.7794752 0.7091654890625 0.79094301875 0.6956008734375 0.7938046734374999 0.6783162390624999 0.7904732812499999 0.6672450140625 0.7823227187499999 0.6548315703124999 0.774748728125 0.6500759828125 0.7571946890625 0.649156015625 0.7418259734375 0.6625161937499999 0.7374694734375 0.671005184375 0.7365582671875 0.6883920375 0.7400035609375 0.6972899031249999 0.7482680265625 0.707529990625
1 0.7833831625000001 0.7278945640625001 0.7930285718750001 0.7491036578125 0.8043895593749999 0.7562370406250001 0.8171244218749999 0.75581478125 0.8260722890625001 0.75301473125 0.8332975125000001 0.74576575 0.8398322625000001 0.7330322671875 0.8405156671875 0.7199921265625 0.8353477265624999 0.7066453296875 0.8289198093750001 0.6986808140625 0.819395371875 0.6938230078125 0.80574223125 0.6931074765624999 0.795762190625 0.696943096875 0.7885369671875 0.7041920828125 0.7840665671875 0.7148544234374999 0.7833831625000001 0.7278945640625001
1 0.839020821875 0.7111964796875 0.847285284375 0.7214365671875 0.8548592749999999 0.7261921546875 0.8695445890625001 0.72587211875 0.87849245625 0.723072065625 0.8857176796875 0.71582308125 0.8923663312500001 0.70091624375 0.8912131875 0.685600525 0.8877678953125001 0.6767026609375 0.8756025359375 0.6662581359375 0.8698650890625 0.6637781234375 0.8521971562499999 0.6650315124999999 0.8409571359375001 0.6742494125 0.8366006359375 0.682738403125 0.8355755281249999 0.7022986171875 0.839020821875 0.7111964796875
1 0.9017980734375 0.7635213296875001 0.9203842812499999 0.7634057296875 0.9253173546875001 0.7625745968750001 0.9346069234375 0.7532544734375 0.9389634234375 0.744765484375 0.94010243125 0.7230319171875 0.9244917796875001 0.7036895296875 0.90303684375 0.7025651234375 0.8950072499999999 0.7065029625 0.8856037796875 0.717996440625 0.883311628125 0.724414290625 0.8843508703125 0.7419033625 0.8896327109375 0.7530768046875 0.9017980734375 0.7635213296875001
1 0.83020805625 0.7673970984375 0.83365335 0.7762949625 0.843754359375 0.7888106265625 0.855229246875 0.79377065 0.86211276875 0.7930417359375 0.8730110874999999 0.7903439062500001 0.8843650046875 0.778952646875 0.8888354062499999 0.768290296875 0.889291009375 0.759596871875 0.8859596171874999 0.748525653125 0.8778090515624999 0.73611220625 0.8682846156249999 0.7312544 0.852681028125 0.7304366515625 0.8467157796875 0.7323033515625 0.8353618609375 0.743694609375 0.8308914609375 0.7543569578125 0.83020805625 0.7673970984375
1 0.736130934375 0.771184028125 0.7425588484375 0.7791485406249999 0.750132840625 0.7839041296875 0.766768603125 0.7836863078125 0.773766021875 0.7807840390624999 0.78305559375 0.7714639171875 0.78741209375 0.7629749265625 0.7882094000000001 0.747761434375 0.7830414593749999 0.7344146390625 0.774776996875 0.7241745484375001 0.7534359640625 0.7208767843749999 0.74540636875 0.7248146249999999 0.7361167984375 0.73413474375 0.7316463984375 0.74479709375 0.73096299375 0.757837234375 0.736130934375 0.771184028125
1 0.782955828125 0.81068655625 0.7893837453125 0.818651071875 0.7969577375 0.823406659375 0.813593496875 0.8231888421875 0.82059091875 0.8202865703125 0.8298804875 0.8109664515624999 0.8342369875 0.8024774609374999 0.83503429375 0.7872639609375 0.8252749828124999 0.768228228125 0.81196355 0.760992628125 0.80221130625 0.760481534375 0.792231265625 0.7643171546875 0.78294169375 0.7736372765625 0.77858519375 0.7821262671875 0.7777878874999999 0.7973397609374999 0.782955828125 0.81068655625
1 0.8824286921875 0.8158997093749999 0.8906931578125 0.8261397984375 0.9002175937500001 0.8309976046875001 0.9149029078125 0.8306775640625 0.9219003296875 0.8277752984375001 0.9311899 0.8184551750000001 0.9356603 0.8077928312499999 0.9363437046875 0.7947526921875 0.9330123125 0.7836814671875 0.9247478499999999 0.7734413796874999 0.9171738578124999 0.7686857921875 0.8996198203124999 0.7677658234375 0.8864293546875001 0.77688150625 0.88000850625 0.7874416375 0.877374653125 0.800379559375 0.8824286921875 0.8158997093749999
1 0.88301233125 0.84208220625 0.8841513390625 0.820348640625 0.8723276828125 0.8033840453125001 0.864753690625 0.7986284578125 0.8431848546875 0.7996774078125 0.8296526859375 0.8153131640625 0.8273605359375 0.8217310124999999 0.8282858765625001 0.8413934453125 0.8420599843750001 0.8584602578125 0.8477974265625001 0.8609402703125 0.8644331890625001 0.8607224531250001 0.88301233125 0.84208220625
1 0.77758835625 0.8757850390625 0.785966721875 0.883851771875 0.8023746796875001 0.8879806671875 0.8132729984375 0.885282834375 0.8246269171874999 0.8738915734375 0.8290973171875 0.8632292296875 0.829666821875 0.8523624421875 0.826335428125 0.8412912265625 0.8180709640625 0.8310511343749999 0.810496971875 0.8262955468750001 0.7909924890625 0.8252733593749999 0.777688121875 0.8365623984375 0.7733316218749999 0.8450513890625 0.772420415625 0.8624382421875 0.77758835625 0.8757850390625
1 0.8404795046875 0.925936534375 0.8551648203125 0.9256164968749999 0.868241384375 0.91867416875 0.8756944093750001 0.9070784703125 0.8782143625 0.896313909375 0.875110771875 0.880895971875 0.8650097609375 0.8683803093750001 0.8554853187499999 0.8635225015625 0.835866934375 0.8646736718750001 0.8245130156249999 0.8760649328125 0.820156515625 0.8845539234375 0.8193592109375001 0.899767415625 0.82911851875 0.9188031515624999 0.8404795046875 0.925936534375
1 0.780599246875 0.948950253125 0.78633669375 0.9514302656250001 0.802972453125 0.9512124453125 0.809969875 0.948310178125 0.8192594453125001 0.9389900546875 0.8242993500000001 0.917460925 0.82096795625 0.9063897078125001 0.81086694375 0.8938740421875 0.8032929515625 0.8891184531249999 0.787689365625 0.8883007031249999 0.7796597703125 0.8922385437499999 0.7681919515625 0.9058031578125 0.7652163953125 0.9252611515625 0.7703843359375 0.9386079484375 0.780599246875 0.948950253125
1 0.7594506828124999 0.8486825703124999 0.77252725 0.8417402453125 0.777802021875 0.8343890453125 0.7810053796875 0.8105843374999999 0.7721643453125 0.792686390625 0.7674590765625 0.7891708109375 0.7617216296875 0.7866907984375 0.7401527999999999 0.78773975 0.724442378125 0.807619996875 0.7253677203125 0.827282428125 0.7371913796875 0.8442470234374999 0.7447653703125 0.8490026109375 0.7594506828124999 0.8486825703124999
1 0.754083209375 0.913781053125 0.76108063125 0.9108787859374999 0.77243455 0.899487528125 0.7756379078125 0.8756828203125 0.7740291609375001 0.8690605343750001 0.7620916015625 0.8542692921875 0.738800121875 0.8508693125000001 0.72125315625 0.868473984375 0.7188471046875 0.877065190625 0.720000246875 0.892380909375 0.7318239046875 0.9093455046875001 0.7393978953125 0.91410109375 0.754083209375 0.913781053125
1 0.680151571875 0.7944021875 0.6884160375 0.8046422734374999 0.695990028125 0.8093978625 0.7126257875 0.80918004375 0.719623209375 0.8062777734375001 0.7289127796875 0.796957653125 0.7332692796875 0.7884686656250001 0.734066584375 0.7732551640625001 0.7288986453125 0.7599083671875 0.718683734375 0.7495660609375 0.6992931515625 0.7463705187499999 0.69126355625 0.7503083578124999 0.681973984375 0.7596284796874999 0.677617484375 0.7681174687500001 0.6768201796875 0.7833309625 0.680151571875 0.7944021875
1 0.67145270625 0.84842944375 0.679261565625 0.8673629625 0.692459103125 0.8767719203125001 0.7051939671875 0.8763496609375 0.714141834375 0.8735496125 0.72343140625 0.8642294890625 0.72790180625 0.8535671468749999 0.7285852109375 0.84052700625 0.72525381875 0.8294557812500001 0.716989353125 0.81921569375 0.7094153624999999 0.81446010625 0.693811775 0.8136423578124999 0.6878465328125001 0.8155090578124999 0.6764926109375 0.8269003156249999 0.6720222109375 0.8375626640625 0.67145270625 0.84842944375
1 0.6776810921875 0.9348392390625 0.6852550843749999 0.9395948265625 0.7057917406249999 0.939581446875 0.718063934375 0.929327971875 0.722420434375 0.92083898125 0.72172289375 0.89682984375 0.7135723296875 0.8844163953124999 0.7059983375 0.8796608062500001 0.6983104453125 0.8770785765625 0.6864938546875 0.8786386203125 0.6763999140625 0.8846475968749999 0.6689468890625 0.8962432921874999 0.6666547390625001 0.902661146875 0.6676939796875 0.9201502187499999 0.6776810921875 0.9348392390625
1 0.6531799281249999 0.7679264125 0.6659147953125 0.76750415625 0.6748626640625 0.7647041046874999 0.6820878859375 0.75745511875 0.686444384375 0.74896613125 0.6874694921875 0.7294059234375 0.6840241984375 0.720508059375 0.6719727375 0.707890175 0.6505178093749999 0.7067657703125 0.6351490906249999 0.7201259453125 0.6319457328125 0.7439306546875 0.6353910265625 0.75282851875 0.6436554921875 0.76306860625 0.6531799281249999 0.7679264125
1 0.632436675 0.8278604328125001 0.6475846578125 0.8373716078125 0.6583690718749999 0.836847134375 0.6693812890624999 0.8319759437500001 0.6787847625000001 0.8204824671875001 0.6817603171875 0.801024471875 0.678428925 0.7899532546875 0.6701644625000001 0.779713165625 0.6625904703125001 0.774957575 0.646986884375 0.7741398265625 0.6410216359375001 0.7760065265625 0.6296677171875 0.7873977890625 0.6251973171875 0.7980601296875001 0.6246278125 0.8089269171875 0.632436675 0.8278604328125001
1 0.63062839375 0.899683421875 0.6382023859375 0.904439009375 0.6548381484375 0.9042211874999999 0.6597712203125 0.9033900578124999 0.6733033890625 0.8877543031249999 0.6762789437500001 0.8682963140625001 0.6711110046875 0.85494951875 0.660896090625 0.8446072093750001 0.643455959375 0.8415138843750001 0.6334759140624999 0.8453495046875 0.62418634375 0.8546696234375 0.6197159437499999 0.8653319734375 0.6191464390625 0.876198753125 0.624200478125 0.891718909375 0.63062839375 0.899683421875
1 0.56862018125 0.7580465109375 0.5851349734375 0.74147740625 0.5874271249999999 0.7350595515625 0.5863878828125 0.7175704796875 0.572613778125 0.7005036671875 0.55127274375 0.6972059046875 0.541178803125 0.70321488125 0.533839678125 0.712637221875 0.530750221875 0.734268571875 0.5377547109374999 0.7498909375 0.544296525 0.755682096875 0.548083521875 0.7580598921874999 0.56862018125 0.7580465109375
1 0.5969727640625 0.7954912843749999 0.615558975 0.795375684375 0.62462074375 0.7904022734375 0.6319598671875 0.7809799328125 0.635163225 0.7571752328125 0.629881384375 0.7460017890625 0.617716025 0.7355572640625 0.6100281328125 0.732975034375 0.5982115421875001 0.734535078125 0.587085421875 0.741579625 0.5784863234375 0.75638424375 0.579525565625 0.7738733156250001 0.58480740625 0.785046759375 0.5969727640625 0.7954912843749999
1 0.6060628046875001 0.8646164421875 0.615010675 0.8618163890625 0.6264784953125 0.8482517765625 0.62945405 0.8287937796874999 0.6242861109375 0.8154469843750001 0.6140711999999999 0.805104678125 0.5946806171875 0.801909134375 0.5866510218750001 0.805846975 0.5731188515625 0.8214827265625001 0.57209374375 0.841042940625 0.583803503125 0.8601808906249999 0.5933279390624999 0.865038696875 0.6060628046875001 0.8646164421875
1 0.5841734749999999 0.9277593859375 0.606660578125 0.9278482203125 0.6168684234375 0.9196658859375001 0.6235170734375 0.90475905 0.6239726765625 0.8960656234375 0.620641284375 0.8849943984375 0.6087037234375 0.8702031609375 0.60101583125 0.8676209296874999 0.5833478999999999 0.86887431875 0.5699296281249999 0.8823367125000001 0.565459228125 0.8929990625 0.5683350171875 0.91276370625 0.5784360265624999 0.9252793718750001 0.5841734749999999 0.9277593859375
1 0.402127465625 0.7068241390625001 0.4059144625 0.7092019328125 0.422550225 0.7089841109374999 0.4316119953125 0.7040107046874999 0.441129365625 0.6903438734375 0.44342151718749995 0.6839260171875 0.44226837343750003 0.66861030625 0.426657721875 0.6492679140625001 0.4071532390625 0.648245728125 0.39384886875 0.659534765625 0.38949236875 0.66802375625 0.38720021875 0.674441609375 0.38846726249999997 0.68758396875 0.393749103125 0.69875740625 0.402127465625 0.7068241390625001
1 0.45675415625 0.7467355437500001 0.463637675 0.746006628125 0.4705211921875 0.7452777187499999 0.4816473125 0.7382331703125 0.48806816093750005 0.7276730453125 0.490815915625 0.7125617640625 0.48576187656250003 0.697041615625 0.4774974109375 0.686801525 0.45615638281250004 0.6835037625 0.44090156406250003 0.6946905859375 0.4340251125 0.7139441359375 0.43712870312499996 0.7293620749999999 0.4472297140625 0.7418777375000001 0.45675415625 0.7467355437500001
1 0.4818892484375 0.7709357421874999 0.4919902578125 0.7834514046875001 0.503465146875 0.78841143125 0.5103486671875 0.787682515625 0.519296534375 0.784882465625 0.53065045625 0.773491209375 0.5351208578125 0.762828859375 0.5356903609375 0.7519620796875001 0.5305224203125001 0.738615284375 0.52409450625 0.73065076875 0.5165205140625 0.7258951812500001 0.500916928125 0.72507743125 0.4928873328125 0.7290152703125 0.4835977609375 0.7383353890625 0.47867175624999997 0.757691165625 0.4818892484375 0.7709357421874999
1 0.5504039453125 0.8257406046875 0.5592379109375 0.8251139078125 0.5681857781249999 0.8223138593750001 0.5795397 0.810922603125 0.5840101 0.800260253125 0.5845796046875 0.789393471875 0.5775751171875 0.773771096875 0.5691967531250001 0.7657043671875 0.5478557203125 0.7624066046875 0.5304226546875 0.7778379234374999 0.5273331984375 0.7994692718749999 0.5289419453125 0.80609155625 0.5408795015625001 0.8208827984375 0.5504039453125 0.8257406046875
1 0.49040978593749995 0.8509276828125 0.49419678125 0.8533054765625 0.5108325406249999 0.853087653125 0.5250551828125001 0.8429364046875 0.5315899328125 0.8302029203125001 0.5322733375 0.8171627812500001 0.5225140265625 0.79812704375 0.50920259375 0.79089144375 0.49945035000000004 0.7903803500000001 0.4874059578125 0.7962871078125 0.4801807375 0.8035360890625001 0.4758242375 0.8120250796875 0.47514083281249997 0.8250652203125 0.48203141875 0.8428609484375 0.49040978593749995 0.8509276828125
1 0.44152054218750003 0.813496290625 0.4472579828125 0.815976303125 0.461943296875 0.8156562624999999 0.4782302890625 0.8034338703125 0.4827006890625 0.7927715296875 0.48338409374999997 0.7797313890625001 0.478216153125 0.7663845921875 0.4717882390625 0.7584200765625 0.464214246875 0.7536644890625 0.44861066093749996 0.752846740625 0.4333558421875 0.7640335625 0.4267071921875 0.7789404015625 0.42636548906250005 0.7854604734375 0.43141952968749997 0.8009806234375001 0.44152054218750003 0.813496290625
1 0.45668972500000005 0.8785813906250001 0.4656375953125 0.8757813390625 0.472862815625 0.8685323531250001 0.47962536718750004 0.8514521546875 0.47835832343750007 0.8383097968750001 0.46274766874999995 0.8189674078125 0.44129274062499996 0.817843003125 0.4279883703125 0.8291320453125 0.4236318703125 0.8376210343749999 0.4244433109375 0.8594568203125 0.43443042343749994 0.874145840625 0.4420044140625 0.8789014281249999 0.45668972500000005 0.8785813906250001
1 0.3966460953125 0.774095978125 0.4023835375 0.7765759906249999 0.415118403125 0.7761537359374999 0.42613061874999997 0.7712825453125001 0.43553409218750005 0.75978906875 0.43850964843750007 0.7403310734375 0.43517825468750004 0.72925985625 0.42691379375 0.7190197640625 0.41738935 0.7141619578125 0.40568666093749994 0.713548646875 0.3936422671875 0.7194554046875 0.386303146875 0.72887774375 0.3830997890625 0.75268245 0.3865450828125 0.7615803156250001 0.3966460953125 0.774095978125
1 0.389328175 0.8390922406250001 0.3950656171875 0.8415722546875 0.4117013796875 0.8413544359375 0.426037921875 0.8290298265624999 0.430394421875 0.8205408375 0.43130562812499995 0.803153984375 0.4260237875 0.791980540625 0.4158088765625 0.7816382359375 0.400319190625 0.778647128125 0.39033914531249997 0.7824827484375 0.381049575 0.791802871875 0.37669307500000004 0.8002918609374999 0.37578186874999997 0.817678715625 0.3792271625 0.826576578125 0.389328175 0.8390922406250001
1 0.38212415625 0.9019151484375 0.389698146875 0.9066707359375 0.4082843546875 0.9065551359375 0.42468524687500003 0.8921593859374999 0.427774703125 0.8705280375 0.42432941093750004 0.8616301734375 0.414228396875 0.8491145109374999 0.4047039609375 0.8442567046875 0.39690216718750004 0.8438478296874999 0.3869221203125 0.8476834484375001 0.375568203125 0.85907470625 0.3710978015625 0.86973705625 0.3705282984375 0.8806038375 0.373859690625 0.8916750609375 0.38212415625 0.9019151484375
1 0.4868788609375 0.9183017390625 0.5035146203124999 0.9180839187500001 0.5105120421875 0.9151816500000001 0.5219798609375 0.90161703125 0.5242720125 0.8951991843749999 0.5232327703124999 0.8777101125 0.5076221140625 0.85836771875 0.499934221875 0.8557854875 0.48811763125 0.8573455328125 0.47057066562500005 0.8749502078125 0.4680507140625 0.8857147703124999 0.46931775625 0.898857128125 0.47930486875 0.9135461515625 0.4868788609375 0.9183017390625
1 0.541021671875 0.8928080046875 0.5557069859375 0.89248796875 0.56064005625 0.8916568359375001 0.574172228125 0.876021084375 0.577261684375 0.854389734375 0.565551928125 0.83525178125 0.5579779359375 0.8304961921875 0.54237435 0.82967844375 0.5343447546875 0.8336162828125 0.5228769328125 0.8471809 0.52047088125 0.8557721078125 0.5216240234375 0.8710878187500001 0.53528423125 0.89032799375 0.541021671875 0.8928080046875
1 0.3050889234375 0.76711834375 0.31782378906250003 0.7666960890625 0.33193252968750003 0.7587181921874999 0.3383533796875 0.7481580609375 0.3409872328125 0.735220140625 0.33593319374999997 0.719699990625 0.32766872812500003 0.7094598999999999 0.3122929421875 0.7042954375 0.29325113125 0.7131044671875 0.2846520328125 0.7279090859374999 0.283968628125 0.7409492265625001 0.28913656875 0.754296021875 0.2955644859375 0.7622605375 0.3050889234375 0.76711834375
1 0.352027721875 0.8044475171875 0.36086168750000003 0.8038208250000001 0.3738243515625 0.799051853125 0.3789852265625 0.79387400625 0.385406075 0.78331388125 0.38631728125000003 0.765927028125 0.3828719875 0.757029165625 0.372770975 0.7445134984374999 0.3514299484375 0.7412157359375 0.343400353125 0.745153575 0.3339968796875 0.7566470515625 0.330793521875 0.780451759375 0.340666734375 0.7973141359375 0.352027721875 0.8044475171875
1 0.348496796875 0.871821575 0.3553803140625 0.8710926593749999 0.36226383281249996 0.8703637499999999 0.373503853125 0.8611458484375 0.37992470156249997 0.8505857171875 0.380835909375 0.8331988625 0.3738314203125 0.817576496875 0.3672896046875 0.8117853374999999 0.345948571875 0.808487575 0.33069375624999997 0.8196743984375001 0.32633725625 0.8281633890625001 0.32531215 0.8477235953125 0.33518535781250003 0.8645859734375 0.348496796875 0.871821575
1 0.3277323359375 0.8761816734375 0.3269208953125 0.8543458859375 0.31314678749999997 0.8372790703125 0.29169185937500003 0.8361546656250001 0.2762092390625 0.8516882015625 0.2739170890625 0.8581060484374999 0.2748424296875 0.8777684812500001 0.2886165375 0.8948352953125 0.31110364218750003 0.8949241296875 0.325440184375 0.8825995203125 0.3277323359375 0.8761816734375
1 0.2921474625 0.8274612375 0.30362235000000004 0.8324212624999999 0.3085554203125 0.8315901328124999 0.31945373906249996 0.8288923 0.33298590781250004 0.81325654375 0.334124915625 0.7915229765625 0.32884307343749997 0.780349540625 0.32046470781249997 0.77228280625 0.301074125 0.7690872625 0.29304453124999996 0.7730251015625 0.28375496093749997 0.782345225 0.2792845609375 0.7930075671875 0.27871505625 0.8038743546875 0.28204645 0.8149455718749999 0.2921474625 0.8274612375
1 0.26941841875 0.7946698343749999 0.2816906125 0.784416359375 0.2882253625 0.771682875 0.2871861203125 0.754193803125 0.2715754640625 0.7348514140625 0.25207098125 0.7338292281250001 0.2387666140625 0.74511826875 0.23441011562499997 0.7536072593750001 0.23211796406250002 0.76002510625 0.2333850078125 0.773167465625 0.2368303015625 0.78206533125 0.25083221093749997 0.794785434375 0.26941841875 0.7946698343749999
1 0.2001064171875 0.7550784671875 0.20389341249999998 0.7574562609375 0.2224796234375 0.7573406609375 0.23154139062499998 0.75236725 0.238880515625 0.742944909375 0.24208387187499997 0.719140209375 0.2386385796875 0.71024234375 0.2246366734375 0.697522240625 0.2030678375 0.6985711921875 0.1959565171875 0.7036468203124999 0.18953566875 0.71420694375 0.1871296171875 0.7227981531250001 0.18839666093750002 0.7359405109375 0.1918419546875 0.7448383749999999 0.2001064171875 0.7550784671875
1 0.137813040625 0.7681587515625 0.14791405 0.7806744171875 0.1593889390625 0.78563444375 0.1643220109375 0.7848033125 0.1752203265625 0.782105478125 0.18450989843750001 0.772785359375 0.1910446484375 0.7600518765625 0.1915002515625 0.7513584484375 0.18644621249999999 0.7358382921875 0.1800182984375 0.72787378125 0.17244430625 0.72311819375 0.15684072031250001 0.72230044375 0.148811125 0.7262382828125 0.137343303125 0.7398028984375 0.1344816484375 0.757087534375 0.137813040625 0.7681587515625
1 0.16285543593750001 0.8501062328125 0.1738676546875 0.8452350421875 0.183271125 0.833741565625 0.18636058125 0.8121102171875 0.172814278125 0.7906966875 0.1534236953125 0.78750114375 0.147458446875 0.78936784375 0.13404017968749998 0.8028302390625001 0.1293419765625 0.817839303125 0.134282115625 0.8355328125 0.14071003124999998 0.8434973250000001 0.15207101875 0.8506307062499999 0.16285543593750001 0.8501062328125
1 0.19473894687499999 0.8201769484374999 0.21321125468750002 0.8222347062500001 0.22215912499999999 0.819434653125 0.23362694374999998 0.8058700375000001 0.2367164 0.784238690625 0.23327110625 0.775340825 0.2250066453125 0.7651007359374999 0.21548220156250003 0.760242928125 0.2037795125 0.7596296171875 0.1957499171875 0.7635674546875 0.1843959984375 0.7749587124999999 0.181192640625 0.7987634203125 0.184637934375 0.8076612859375001 0.19473894687499999 0.8201769484374999
1 0.26015005 0.8595638796875 0.2690979171875 0.8567638265624999 0.2805657390625 0.8431992125000001 0.2836551953125 0.8215678640625 0.2784872546875 0.8082210671875 0.2701088921875 0.8001543328125 0.24876785781250002 0.796856571875 0.23133479375000002 0.8122878874999999 0.22824533749999998 0.8339192343749999 0.233413278125 0.84726603125 0.24362819062500002 0.8576083406249999 0.24936563125000002 0.860088353125 0.26015005 0.8595638796875
1 0.17766171718749998 0.866137475 0.187648828125 0.8808264984375 0.1952228203125 0.8855820859374999 0.21185857968750002 0.8853642640625001 0.21885600156249999 0.8824619968749999 0.228145571875 0.873141875 0.232615971875 0.86247953125 0.233071575 0.8537861046874999 0.2280175359375 0.8382659468749999 0.223426165625 0.8325770125 0.21206517812499998 0.8254436296875 0.1984120421875 0.8247280984375 0.19038244843750002 0.8286659375 0.178800725 0.8444039078125 0.17650857343749998 0.8508217640625 0.17766171718749998 0.866137475
1 0.923723565625 0.494433975 0.944260221875 0.49442059531250004 0.95125764375 0.4915183234375 0.9628393640624999 0.47578034843749994 0.9639783718749999 0.4540467828125 0.9521547125 0.4370821859375 0.9445807203125 0.43232659843750004 0.928977134375 0.43150885 0.91372231875 0.44269567031249996 0.9070736687500001 0.4576025140625 0.9065041640624999 0.46846929375 0.90983555625 0.47954051875000003 0.91798611875 0.49195396249999995 0.923723565625 0.494433975