1 0.07051977968749999 0.16702396875 0.0824452765625 0.16990179375 0.10205473125 0.167205896875 0.10990892187500001 0.1635778640625 0.11708220625000001 0.15216706093750001 0.11820763125 0.138344503125 0.11255225937499999 0.1270757703125 0.1038469375 0.12097533593750001 0.0896044359375 0.118300221875 0.0780194 0.11931378125 0.06677480625 0.12421872812500001 0.059261071875 0.1317381453125 0.05581863593750001 0.145763415625 0.0618144625 0.160923534375 0.07051977968749999 0.16702396875
1 0.16017840625 0.24446533124999997 0.1728368390625 0.2423775671875 0.1794474078125 0.237878046875 0.1885972515625 0.2223731484375 0.184918434375 0.20701031718750001 0.1662641765625 0.193937959375 0.1477281109375 0.19555965625 0.1388005296875 0.2002618890625 0.12716345625 0.21402380625 0.128525265625 0.2295893484375 0.1338401859375 0.23696669531249998 0.147349746875 0.24460739843749998 0.16017840625 0.24446533124999997
1 0.2699809578125 0.23191797187500002 0.277102203125 0.2332555296875 0.28976063750000003 0.23116776562500002 0.29993183437500004 0.22733702500000003 0.307445571875 0.219817609375 0.31139868593750003 0.2116294140625 0.310207103125 0.19800956249999999 0.29369962968749996 0.182788803125 0.270359321875 0.1828702296875 0.2635785203125 0.1854240578125 0.2539180015625 0.195091878125 0.249964890625 0.2032800734375 0.25098624687500004 0.2149542296875 0.25381393281250003 0.2205885984375 0.2699809578125 0.23191797187500002
1 0.4277597734375 0.20733089218749998 0.42820429375 0.1857255625 0.4204021390625 0.17660523125 0.4093798125 0.1707075125 0.38620973125 0.17273463125 0.37208541875 0.18475356874999999 0.3681323078125 0.19294176406250002 0.371811125 0.20830459375000002 0.385661140625 0.21983668281250002 0.3927823875 0.2211742390625 0.41470885468749996 0.21827563125 0.4277597734375 0.20733089218749998
1 0.52858270625 0.21223413125 0.536607121875 0.21055179062499998 0.54858465 0.20068125625 0.5523675359375 0.19054737187499998 0.55151640625 0.1808189046875 0.5373259375 0.16539543437499998 0.5277174515625 0.1623148953125 0.5114983984375 0.1637338796875 0.49505707968749996 0.17595553125000002 0.49178487187500003 0.19192649687500002 0.49744024375 0.2031952296875 0.508632796875 0.2110386421875 0.52858270625 0.21223413125
1 0.6631914437499999 0.1896741703125 0.67499874375 0.1778579421875 0.676464621875 0.1679267703125 0.67295603125 0.15450962968749998 0.6569592328125 0.14512594843749999 0.6359359375 0.1450046625 0.6194946171875 0.1572263140625 0.616392634375 0.17514297031249998 0.6218777828125 0.18446601406250002 0.6330703343749999 0.19230942499999998 0.6507032359375 0.1937076265625 0.6631914437499999 0.1896741703125
1 0.7787014015625 0.1756471875 0.78836191875 0.1659793671875 0.788636215625 0.1424283421875 0.7822479 0.136125196875 0.7676649484375 0.129558696875 0.7491288828125 0.1311803921875 0.7308812359375 0.14944183125 0.7324132703124999 0.16695306875 0.7462632859375 0.17848515468749998 0.755871771875 0.18156569218750002 0.7708472093750001 0.1792752203125 0.7787014015625 0.1756471875
1 0.2029297015625 0.159360771875 0.22485616562500002 0.1564621640625 0.24005386562500003 0.1433690234375 0.2416899703125 0.135383540625 0.238181378125 0.1219664 0.2303792234375 0.11284607499999999 0.22184413281249998 0.108691334375 0.2100888625 0.1077592015625 0.1963570390625 0.11092116562500001 0.1843795125 0.12079169999999999 0.1804264015625 0.1289798953125 0.1844456703125 0.1482341109375 0.1933212171875 0.156280234375 0.2029297015625 0.159360771875
1 0.32787791718750003 0.146468634375 0.3474873734375 0.143772734375 0.3607085171875 0.1347736921875 0.3646616296875 0.126585496875 0.3634700484375 0.1129656515625 0.3492795796875 0.0975421765625 0.3444753359375 0.0960019078125 0.32130525468750004 0.098029028125 0.312377675 0.1027312609375 0.3050341640625 0.11219636875000001 0.3033980609375 0.12018185156250001 0.30690665 0.1335989921875 0.32075666406250003 0.14513107812499998 0.32787791718750003 0.146468634375
1 0.47028880624999997 0.1330290015625 0.48531628125 0.11799017187500001 0.483784246875 0.100478934375 0.4759820921875 0.091358609375 0.46744700000000006 0.08720386718749999 0.45800874062499997 0.086069021875 0.4396429015625 0.0896364109375 0.42783559843749996 0.101452634375 0.4260292671875 0.107492428125 0.4298783109375 0.1248009484375 0.43875385937500005 0.13284707499999998 0.44836234218750004 0.13592761250000002 0.47028880624999997 0.1330290015625
1 0.5916763984375 0.1194680859375 0.5990199078125 0.1100029765625 0.6008262390625 0.10396318906249999 0.5969771953125 0.08665466250000001 0.583297409375 0.07706826875 0.5576400890625 0.0773524078125 0.541539225 0.09346544531249999 0.5432414859375 0.1129223734375 0.5594085093750001 0.124251746875 0.56652975625 0.12558930468750001 0.5838222078124999 0.123096115625 0.5916763984375 0.1194680859375
1 0.6838460468750001 0.1055225296875 0.696674703125 0.105380459375 0.7091629078125 0.10134700625 0.7188234296875 0.09167918281250001 0.7207999859374999 0.0875850859375 0.719097725 0.0681281578125 0.7004434671875 0.055055803125000004 0.6795903953125 0.056880210937499995 0.670662815625 0.06158244375000001 0.665466084375 0.068899146875 0.661512971875 0.07708734218749999 0.662534328125 0.0887614984375 0.671750325 0.10069901249999999 0.6838460468750001 0.1055225296875
1 0.82128246875 0.0885969390625 0.830039821875 0.081949009375 0.8381162718749999 0.067518315625 0.8321204468750001 0.052358196875 0.825732134375 0.0460550515625 0.8090024031249999 0.04163695625 0.7974173578125 0.042650515625 0.7861727734375 0.0475554609375 0.7766824765625 0.05916897343750001 0.7783847374999999 0.0786259015625 0.7810421984375 0.082314575 0.7993560046875 0.091495546875 0.82128246875 0.0885969390625
1 0.0807474671875 0.323956303125 0.091940021875 0.3317997171875 0.10849952812500001 0.3342721203125 0.11420693906249998 0.3327924921875 0.1266951421875 0.32875903906250004 0.13420888125 0.3212396234375 0.13816199375 0.313051428125 0.1369704109375 0.2994315765625 0.13165549062499998 0.292054228125 0.12046293749999999 0.2842108171875 0.1062204359375 0.281535703125 0.09480561875 0.28449495625 0.0805110859375 0.2945682015625 0.0745814171875 0.30685049375 0.07526232031249999 0.314633265625 0.0807474671875 0.323956303125
1 0.20959675937500002 0.3156243296875 0.2168882390625 0.3189075796875 0.2297168953125 0.31876550937500003 0.24452211093749998 0.31452934374999997 0.25418262812500003 0.30486152031249997 0.2574548375 0.28889055468749997 0.2517994640625 0.277621821875 0.2430941421875 0.27152139062499997 0.23348565781250002 0.268440853125 0.21494959218749998 0.2700625484375 0.2006550578125 0.2801357953125 0.196701946875 0.288323990625 0.197893528125 0.3019438359375 0.203378675 0.3112668796875 0.20959675937500002 0.3156243296875
1 0.335055653125 0.3085692703125 0.3548353375 0.3078190640625 0.3650065359375 0.303988321875 0.374667053125 0.2943205 0.37844994062500004 0.2841866140625 0.3777690375 0.27640384375 0.36357856875 0.26098036874999997 0.3539700828125 0.25789983125 0.3354340171875 0.2595215265625 0.3189927 0.271743175 0.315209815625 0.281877065625 0.3160609453125 0.2916055265625 0.321375865625 0.2989828734375 0.335055653125 0.3085692703125
1 0.470685746875 0.297683465625 0.481027171875 0.2957984171875 0.487637740625 0.291298896875 0.496957809375 0.277739690625 0.4957662265625 0.26411983906250003 0.49045130625000005 0.256742490625 0.469650265625 0.24581854218750002 0.44913764843750004 0.251534334375 0.4394771265625 0.26120215468749997 0.4358644671875 0.273281734375 0.44186029062500004 0.28844185312500004 0.4530528484375 0.2962852671875 0.470685746875 0.297683465625
1 0.5847818593749999 0.28083930156250003 0.599024359375 0.283514415625 0.60473176875 0.2820347875 0.617219971875 0.27800133437499996 0.62688049375 0.2683335109375 0.6273250171875 0.24672818125 0.6244973296875 0.2410938125 0.6133047734375 0.23325040000000002 0.5990622734375 0.2305752859375 0.5969154953125 0.232723690625 0.5853304500000001 0.23373725156249997 0.5733529234375 0.24360778593750002 0.5693998109375 0.25179598125 0.5709318453125001 0.2693072125 0.5847818593749999 0.28083930156250003
1 0.7445372328125 0.25215812656250003 0.7460031109374999 0.2422269484375 0.7401775125000001 0.229012525 0.7241807140625001 0.21962884218749998 0.70332764375 0.22145324843749997 0.6870565515625 0.2356205890625 0.6864418031249999 0.25528022968749997 0.6917567234375 0.2626575765625 0.702779053125 0.26855529843750003 0.7099002999999999 0.26989285625 0.7295097578124999 0.26719695625 0.7445372328125 0.25215812656250003
1 0.8230932531249999 0.256068584375 0.8403857 0.25357539687499997 0.8460931078125 0.252095771875 0.8557536265625 0.24242795312499998 0.861002390625 0.2223628890625 0.8556874703125 0.2149855421875 0.842177909375 0.20734483906249998 0.832569425 0.2042643015625 0.8209843796875 0.20527786093749997 0.8120568 0.2099800953125 0.8002495 0.22179631875 0.799464525 0.23951026875 0.8134847671875001 0.252988046875 0.8230932531249999 0.256068584375
1 0.20589415312499998 0.3933914 0.20753025625000002 0.3854059171875 0.2040216671875 0.37198877656249996 0.1878546453125 0.3606594015625 0.17361214375 0.3579842890625 0.1645143375 0.360740828125 0.14824324375 0.3749081734375 0.14463058281250002 0.386987753125 0.150626409375 0.402147871875 0.1664529765625 0.4095858609375 0.19069645156249998 0.406484540625 0.20589415312499998 0.3933914
1 0.323210440625 0.3733246234375 0.319361396875 0.356016103125 0.30568160624999996 0.3464297078125 0.2800242953125 0.3467138453125 0.26572975625 0.3567870921875 0.2617766453125 0.36497528749999997 0.263138453125 0.3805408296875 0.284279946875 0.395356165625 0.306206409375 0.39245755625 0.321404109375 0.3793644171875 0.323210440625 0.3733246234375
1 0.4323982453125 0.3804369078125 0.4420587625 0.370769084375 0.44267350937499994 0.3511094453125 0.4398458234375 0.34547508125 0.42384902812499997 0.3360913984375 0.400678946875 0.33811851718749997 0.3845780796875 0.3542315546875 0.3861101140625 0.3717427859375 0.3999601296875 0.383274875 0.41420263124999995 0.3859499890625 0.42222704375 0.3842676484375 0.4323982453125 0.3804369078125
1 0.5267146703125001 0.364342946875 0.534006153125 0.367626196875 0.5491518171875 0.36728141718749996 0.557176234375 0.3655990765625 0.5691537609374999 0.3557285421875 0.573106871875 0.347540346875 0.5717450640624999 0.3319748046875 0.5602120546875 0.3202400078125 0.5506035703125 0.31715947031249997 0.5320675046875001 0.31878116562500003 0.5231399234375 0.32348339843749996 0.5136496328125 0.33509691406250003 0.5125242078125 0.348919471875 0.518009353125 0.358242515625 0.5267146703125001 0.364342946875
1 0.6664160671875 0.3599630015625 0.6790745015625 0.3578752375 0.6847819046875 0.35639561249999996 0.6965892109375 0.344579384375 0.6968635046875 0.32102835937499996 0.6806964796874999 0.3096989859375 0.6664539796875 0.307023871875 0.6507456046875 0.314279934375 0.6432318640625 0.3217993484375 0.6392787531249999 0.32998754375 0.6404703359374999 0.343607396875 0.64578525625 0.35098474375 0.6592948203125 0.35862544375 0.6664160671875 0.3599630015625
1 0.772487765625 0.3448011734375 0.7901206671875001 0.3461993734375 0.8004620890625 0.344314321875 0.807072665625 0.3398148 0.8162225062499999 0.32430990312499997 0.8150309234374999 0.31069005 0.8095457765624999 0.3013670140625 0.8008404546874999 0.2952665796875 0.7937192078125 0.29392902187500003 0.7664257875 0.30219864375 0.7589120484375 0.3097180625 0.7551291625000001 0.31985194687499996 0.7612952125 0.33695776093749996 0.772487765625 0.3448011734375
1 0.1379441859375 0.4973655328125 0.14579837499999998 0.49373750000000005 0.15528866875 0.482123984375 0.15607364375 0.46441004062499996 0.1420534015625 0.45093225937500003 0.1301279109375 0.4480544328125 0.1115918453125 0.449676128125 0.097467534375 0.46169506875 0.093514421875 0.46988326249999995 0.0947060046875 0.48350310937499996 0.103922 0.495440621875 0.1206517390625 0.4998587171875 0.1379441859375 0.4973655328125
1 0.25825838437500004 0.484878815625 0.269162521875 0.476082484375 0.27311563437499997 0.46789428906249997 0.2717538265625 0.452328746875 0.2664389046875 0.4449514 0.2506123359375 0.43751341093749996 0.22975925937500002 0.43933782031249996 0.2208316796875 0.444040053125 0.211681840625 0.459544953125 0.21253297031249999 0.4692734140625 0.21801811718750003 0.47859645781250004 0.2340149109375 0.48798013906250004 0.25825838437500004 0.484878815625
1 0.37179178749999997 0.4749459296875 0.377499190625 0.4734663046875 0.391453278125 0.4595016765625 0.3920680265625 0.4398420359375 0.375730778125 0.4265669671875 0.359171265625 0.4240945640625 0.34114587812499997 0.43155333906250004 0.33363214218750004 0.43907275312499994 0.333187621875 0.4606780890625 0.33601530625 0.466312453125 0.3472078640625 0.47415586718749997 0.3568163484375 0.47723640468750006 0.37179178749999997 0.4749459296875
1 0.5234565875 0.420504684375 0.5181416671875 0.4131273375 0.5023150937499999 0.4056893453125 0.4793152390625 0.40966215781250004 0.465531384375 0.42557248281250004 0.46689319218750003 0.441138025 0.4722081125 0.448515371875 0.48803467968750003 0.45595336093750005 0.5099611484375 0.45305475156249997 0.5249886218750001 0.43801591562500003 0.5234565875 0.420504684375
1 0.6236647734375 0.44506755625 0.6315189609375 0.4414395265625 0.6433262656250001 0.4296233015625 0.64496236875 0.42163781875 0.6411133265625 0.40432929375000004 0.62262929375 0.39320263125 0.594995421875 0.39758086718749996 0.5853349046874999 0.407248690625 0.5813817921875 0.41543688593750006 0.5827435999999999 0.43100242812499995 0.59676384375 0.44448020625 0.606372328125 0.44756074375 0.6236647734375 0.44506755625
1 0.7521736140625 0.4328441984375 0.7639809171875 0.4210279703125 0.7645956640625 0.40136833125000004 0.75928074375 0.393990984375 0.7457711828125 0.3863502828125 0.7226011015625 0.388377403125 0.706500234375 0.40449044062499995 0.70803226875 0.42200167187500004 0.7243695156250001 0.4352767421875 0.73149076875 0.4366142984375 0.7464662078125001 0.4343238234375 0.7521736140625 0.4328441984375
1 0.8678537953125 0.4207629078125 0.8794908749999999 0.4070009875 0.8777886140625 0.387544059375 0.869986459375 0.378423734375 0.8591343546875001 0.37447170625 0.8382812843749999 0.3762961125 0.821839965625 0.3885177609375 0.82139544375 0.41012309687500004 0.83524545625 0.4216551828125 0.844853940625 0.42473572031250006 0.8621463921875 0.42224253593750005 0.8678537953125 0.4207629078125
1 0.18340942968750001 0.5767127265624999 0.19392107812499998 0.5767733671874999 0.20872629062499998 0.572537203125 0.2205335953125 0.560720978125 0.2223399234375 0.5546811843749999 0.2184908828125 0.5373726640625 0.2000068484375 0.526246 0.179153778125 0.5280704078125 0.1702261984375 0.532772640625 0.164859240625 0.5381436546875 0.16107635468749998 0.5482775390625 0.1622679375 0.561897390625 0.16758285781249999 0.5692747390624999 0.18340942968750001 0.5767127265624999
1 0.294455596875 0.5650368593749999 0.30869809843749996 0.5677119734375 0.31440550312500004 0.566232346875 0.322429921875 0.564550009375 0.33440744843750003 0.554679478125 0.3401668890625 0.5404514890625001 0.33699875156250003 0.5309257406250001 0.3291965953125 0.521805409375 0.31585725781249996 0.516110403125 0.2950041875 0.517934809375 0.2808798765625 0.529953746875 0.2769267640625 0.538141940625 0.2779481203125 0.5498160984375 0.28326304062499996 0.5571934453125 0.294455596875 0.5650368593749999
1 0.43047817187500004 0.545294084375 0.4502578578125 0.5445438796875 0.455965265625 0.5430642531250001 0.469919346875 0.5290996203125 0.4705340953125 0.50943998125 0.45668408281249995 0.49790789531249996 0.4470755984375 0.4948273578125 0.43085653749999997 0.49624634062500006 0.42192895625000004 0.500948575 0.41243866406249996 0.512562090625 0.4109727875 0.5224932625 0.414140925 0.5320190171875 0.41945584687500004 0.5393963640624999 0.43047817187500004 0.545294084375
1 0.576279465625 0.5305775390624999 0.5880867656250001 0.5187613109375 0.5885312859375 0.49715598125 0.569877028125 0.4840836234375 0.5490239578125 0.48590803125 0.5347294203125 0.495981275 0.5307763078125001 0.5041694703124999 0.5321381171875 0.5197350125 0.5484753671875 0.5330100812499999 0.553279609375 0.5345503500000001 0.57057205625 0.5320571625 0.576279465625 0.5305775390624999
1 0.70608395625 0.5064773125 0.7066987046875 0.486817671875 0.701383784375 0.479440325 0.6878742234375 0.47179962187499996 0.6714849359375 0.47127291250000003 0.658093565625 0.4783262625 0.6486032734375 0.489939775 0.650135309375 0.5074510125 0.6664725546875 0.5207260796875001 0.673593809375 0.5220636359374999 0.69088625625 0.5195704515624999 0.70608395625 0.5064773125
1 0.7942484609375 0.5134683078125 0.8013697078125 0.514805865625 0.8140281421875001 0.5127181046875 0.8241993375 0.508887359375 0.8317130765625 0.5013679421874999 0.8346448328125 0.481505590625 0.8291596859375 0.472182553125 0.8204543640624999 0.46608211875 0.8108458781250001 0.46300158125 0.794626825 0.4644205640625 0.77818550625 0.476642215625 0.77423239375 0.4848304109375 0.77525375 0.4965045671875 0.7780814375 0.50213893125 0.7942484609375 0.5134683078125
1 0.15721764375 0.6642896875 0.16507183125 0.6606616546875 0.1745621265625 0.6490481390625 0.175687553125 0.6352255796875 0.17020240625 0.6259025375 0.15420561093750002 0.61651885625 0.12408450156249999 0.6191541125 0.1196207109375 0.621505228125 0.11030064531249999 0.6350644328125 0.1121731328125 0.6564670578125 0.12336568437499999 0.66431046875 0.13297416875 0.6673910078125 0.15721764375 0.6642896875
1 0.2864594234375 0.6471007359375001 0.2923890921875 0.63481844375 0.29153796249999997 0.6250899828125001 0.286052815625 0.615766940625 0.2748602640625 0.607923528125 0.26773900781250004 0.6065859703125 0.244739153125 0.6105587828125 0.230955296875 0.6264691078125 0.23514479062500002 0.6476690140625 0.2511415890625 0.657052696875 0.27770206875 0.653748665625 0.2864594234375 0.6471007359375001
1 0.37772590625 0.6361750765624999 0.40196938125 0.6330737531249999 0.41287351718750004 0.624277421875 0.4168266296875 0.616089228125 0.41546482031250004 0.6005236859374999 0.41014989999999996 0.5931463375 0.39664033593750003 0.5855056375000001 0.3895190890625 0.58416808125 0.3734702546875 0.5875327578125 0.35934594531249997 0.599551696875 0.355563059375 0.60968558125 0.356414190625 0.6194140484374999 0.3617291109375 0.6267913953125 0.37772590625 0.6361750765624999
1 0.5224538062499999 0.62253273125 0.5378217328125 0.6113852875 0.5417748453125 0.6031970921875 0.5405832640625 0.5895772406249999 0.5377555765625 0.5839428765625 0.5240757890625 0.5743564812499999 0.50073548125 0.5744379078125 0.48231760625 0.590753653125 0.48119218124999996 0.6045762171875 0.48667732656249996 0.6138992546875001 0.4978698796875 0.6217426703125 0.5074783640625 0.6248232078125 0.5224538062499999 0.62253273125
1 0.6404509984375 0.6102487328125 0.6483051875 0.6066207 0.6579657078125 0.59695288125 0.6584102281249999 0.5753475453125 0.6420729765625001 0.5620724781249999 0.63263471875 0.560937634375 0.6142688796875 0.564505021875 0.6004850234375 0.58041534375 0.6020170593749999 0.5979265812500001 0.6073319796875001 0.6053039296875 0.6183543046875 0.6112016484375 0.625475559375 0.6125392046875 0.6404509984375 0.6102487328125
1 0.760765196875 0.5977620156250001 0.7686193890624999 0.5941339859375 0.7779394546875 0.580574778125 0.779745784375 0.574534990625 0.7764074203125 0.5630635453124999 0.7577531609375 0.5499911890625 0.734583078125 0.5520183078125 0.7184822140625 0.5681313453125 0.7166758859375 0.57417113125 0.7200142484375001 0.5856425765625 0.72532916875 0.5930199234375 0.7411557421875 0.6004579156250001 0.760765196875 0.5977620156250001
1 0.8792730656250001 0.5913150921875 0.896054834375 0.5829848296875 0.9012515656250001 0.5756681265625 0.9030578953124999 0.5696283328125 0.8993790781250001 0.5542655015625 0.880724825 0.541193146875 0.8598717468749999 0.5430175546875 0.8487973875 0.54986819375 0.8436006578124999 0.5571849 0.8429859093750001 0.5768445390625 0.8545189140625 0.5885793375 0.8712486531250001 0.5929974312499999 0.8792730656250001 0.5913150921875
1 0.228169975 0.7414070500000001 0.23766026875000001 0.7297935343749999 0.235958009375 0.7103366062500001 0.217303753125 0.6972642515625 0.20323147812500003 0.6965348296875 0.1896698828125 0.7016424875 0.17786257968750002 0.7134587156250001 0.176226475 0.7214441984375 0.1825627515625 0.7404957015625 0.1983893234375 0.747933690625 0.2203157859375 0.74503508125 0.228169975 0.7414070500000001
1 0.3647552671875 0.714752990625 0.36870837968750003 0.706564796875 0.3673465703125 0.6909992546875 0.36203165 0.68362190625 0.3485220859375 0.67598120625 0.32088821562500003 0.6803594421875 0.31122769687499996 0.690027265625 0.307444809375 0.70016115 0.3137810875 0.7192126531249999 0.32960765625 0.7266506453125 0.35385113125 0.723549321875 0.3647552671875 0.714752990625
1 0.4339250609375 0.704780246875 0.44263038281249995 0.71088068125 0.45455587187499996 0.7137585078125 0.46953131406250004 0.711468034375 0.484899240625 0.700320584375 0.48868212812499995 0.6901867 0.487660771875 0.6785125421875 0.48483308437500006 0.6728781734375 0.47364052812499996 0.6650347609375 0.46403204374999996 0.6619542234375 0.45012999374999996 0.6631704953125 0.438885409375 0.668075440625 0.4313716703125 0.6755948578125001 0.42758878281249996 0.68572874375 0.42843991406250004 0.6954572109375 0.4339250609375 0.704780246875
1 0.5923327484375001 0.7007243015625 0.60967723125 0.685482753125 0.6104622046875 0.6677688093749999 0.5964419671875001 0.6542910281250001 0.58683348125 0.651210490625 0.568297415625 0.6528321859374999 0.5593698359375 0.65753441875 0.5500497656250001 0.6710936249999999 0.5484136625 0.6790791078125 0.5515818 0.6886048625 0.5654318125 0.7001369484375 0.5750402968749999 0.7032174859375 0.5923327484375001 0.7007243015625
1 0.6722364515625 0.68000953125 0.6834290078125 0.6878529453125 0.70106190625 0.68925114375 0.7090863203125 0.6875688078125 0.721234075 0.679643965625 0.7253574140625 0.673401465625 0.7263126140625 0.6576332125000001 0.7233147015625 0.650053153125 0.7096349109375 0.6404667578125001 0.686294603125 0.6405481843749999 0.6795138078125 0.6431020125 0.6698532859374999 0.65276983125 0.6660704 0.6629037234374999 0.6667513046875 0.67068649375 0.6722364515625 0.68000953125
1 0.8456716140625 0.6609147484375 0.8474779437500001 0.6548749625 0.8439693531250001 0.641457821875 0.8301193375 0.6299257359375 0.818193846875 0.627047909375 0.8089258140625001 0.6278587578125 0.79553444375 0.6349121078125 0.7880207046875001 0.6424315218750001 0.7875761828125001 0.6640368578125 0.8087176749999999 0.6788521937499999 0.8306441375 0.675953584375 0.8456716140625 0.6609147484375
1 0.1725379890625 0.8394020359375001 0.1803921765625 0.8357740031249999 0.18988247187500001 0.8241604875 0.1916888015625 0.8181207015625 0.187839759375 0.8008121750000001 0.16935572968749998 0.7896855125 0.159917471875 0.7885506671875 0.1438686359375 0.7919153453125001 0.12742732031249998 0.8041369953125 0.1269828 0.825742325 0.13495517968749998 0.8368083453124999 0.1436604984375 0.8429087796875001 0.1725379890625 0.8394020359375001
1 0.2816596328125 0.8190719062499999 0.294318065625 0.8169841468750001 0.300025471875 0.8155045187500001 0.31397955781250003 0.8015398859375 0.3145943046875 0.781880246875 0.3030613 0.7701454484375 0.2863315609375 0.7657273546875001 0.279380540625 0.7663354890625 0.2636721578125 0.7735915515625 0.258305203125 0.7789625625000001 0.252886215625 0.7970819359375 0.2585415875 0.80835066875 0.2697341421875 0.8161940812499999 0.2816596328125 0.8190719062499999
1 0.408924859375 0.80597705625 0.4169492734375 0.8042947171874999 0.4249736875 0.80261238125 0.43695121718749996 0.7927418484375 0.4409043296875 0.7845536531249999 0.439542521875 0.7689881109375001 0.41840103125 0.7541727734375 0.3975479546875 0.7559971812499999 0.38342364687499997 0.7680161171875 0.3796407609375 0.7781500078125 0.380491890625 0.78787846875 0.3859770375 0.7972015109374999 0.394682359375 0.8033019421875001 0.408924859375 0.80597705625
1 0.5014869953125001 0.783174528125 0.5126795468750001 0.791017940625 0.5246050421875 0.7938957656250001 0.5349464640625 0.7920107171875 0.5406538703125 0.790531090625 0.5547781828125 0.778512153125 0.55856106875 0.7683782625 0.5578801640625 0.7605954921875 0.5523950171875 0.7512724546875 0.5412024609375 0.7434290406249999 0.5292769734375 0.7405512140625 0.5200089390625 0.7413620609375 0.5087643468749999 0.7462670078125 0.4991038296875 0.7559348296875 0.495831621875 0.7719057953124999 0.5014869953125001 0.783174528125
1 0.6679190984375001 0.7774362406249999 0.6772391640625 0.763877034375 0.6755369046874999 0.7444201078125 0.6641741265625 0.7346309984375 0.654565640625 0.7315504609375 0.6337125625 0.73337486875 0.6176116984375 0.74948790625 0.619484184375 0.7708905234375 0.635651209375 0.7822199000000001 0.64277245625 0.7835574578125 0.6600649078124999 0.7810642718749999 0.6679190984375001 0.7774362406249999
1 0.7582824140625 0.769530475 0.77325785625 0.7672400015624999 0.78111204375 0.76361196875 0.790772565625 0.7539441499999999 0.7938745468749999 0.7360274875 0.7885596265625 0.728650140625 0.7748798390625 0.7190637468750001 0.75153953125 0.7191451734375 0.7426119515625 0.7238474078125 0.73312165625 0.7354609234375 0.73199623125 0.74928348125 0.7374813765625 0.7586065234375 0.7486739296875 0.7664499359375 0.7582824140625 0.769530475
1 0.8873539687499999 0.750395834375 0.9069634265625 0.7476999375 0.9219909 0.7326611015625 0.92379723125 0.7266213140625 0.9199481875 0.7093127875 0.913559878125 0.7030096453125 0.90146415625 0.6981861265625 0.892025896875 0.69705128125 0.8806110859375 0.7000105328124999 0.8645102171874999 0.7161235703125 0.8627038890625001 0.7221633578125 0.8663827046874999 0.7375261875 0.8752582515625 0.745572315625 0.8873539687499999 0.750395834375
1 0.1790727359375 0.940780771875 0.18941415781249998 0.9388957203125001 0.20122146093749999 0.9270794953125 0.20166598281249998 0.9054741609375 0.19883829687500001 0.899839796875 0.182841503125 0.8904561125000001 0.15967141875 0.8924832328125 0.140913090625 0.9049075953125 0.14029834531250002 0.9245672359375 0.14561326562500002 0.9319445828124999 0.1568058171875 0.9397879953125001 0.166414303125 0.9428685328125 0.1790727359375 0.940780771875
1 0.283390140625 0.9189103734374999 0.2960485703125 0.9168226109375001 0.308536775 0.91278915625 0.31819729531249996 0.903121334375 0.3201738515625 0.8990272359375 0.3184715921875 0.8795703093749999 0.304621575 0.8680382234374999 0.2880620703125 0.8655658203125001 0.2766472515625 0.8685250734375 0.2644995 0.8764499125 0.2583996046875 0.886786515625 0.2599316390625 0.904297746875 0.2762688859375 0.9175728171875001 0.283390140625 0.9189103734374999
1 0.4841707546875 0.8787976125 0.4846152765625 0.8571922765625001 0.46596101718750005 0.8441199234375001 0.4360101421875 0.8487008703125 0.424713515625 0.8663541734375 0.4259050984375 0.8799740265624999 0.43992534218749996 0.8934518046875001 0.4518508296875 0.8963296312500001 0.46682627187500003 0.8940391546875001 0.47468045937500003 0.890411125 0.4841707546875 0.8787976125
1 0.565095815625 0.8697569984375001 0.5784351546875001 0.8754520093749999 0.6003616171874999 0.8725534015624999 0.6134125359375 0.8616086624999999 0.617195421875 0.8514747781249999 0.6163442906250001 0.8417463109375 0.6108591453125001 0.8324232734375 0.6021538265624999 0.8263228390625 0.5902283296874999 0.8234450140625 0.5809602968750001 0.8242558609374999 0.5652519218750001 0.8315119234375 0.5598849640625 0.8368829375000001 0.556102078125 0.847016821875 0.5572936609375 0.8606366734374999 0.565095815625 0.8697569984375001
1 0.7030429171875 0.8586684859375 0.712651403125 0.8617490234374999 0.7276268406249999 0.8594585484374999 0.739944821875 0.8534794015625 0.74514155 0.8461626953125 0.7489244359375 0.8360288109375 0.74541584375 0.8226116703124999 0.7292488203125 0.8112822968750001 0.7221275734375 0.8099447390625001 0.701444721875 0.8137148406250001 0.691613978125 0.8214369703125 0.6876608671875 0.829625165625 0.6858545359375 0.8356649515625 0.6891929015625 0.847136396875 0.7030429171875 0.8586684859375
1 0.8390654921875 0.838925709375 0.8517239249999999 0.8368379453125 0.8618951218750001 0.8330072046874999 0.87155564375 0.82333938125 0.8720001640625 0.8017340531249999 0.8556629171875001 0.7884589828124999 0.8323226109374999 0.788540409375 0.8255418078125001 0.7910942390625 0.815881290625 0.8007620578125 0.812098403125 0.8108959484374999 0.812949534375 0.8206244093749999 0.81843468125 0.8299474531250001 0.8271400015625 0.836047884375 0.8390654921875 0.838925709375
1 0.4146887546875 0.9652605078125 0.4164950828125 0.9592207203124999 0.4128162671875 0.9438578906249999 0.4014534875 0.9340687828125 0.391845003125 0.9309882437500001 0.3733089375 0.932609940625 0.3570378453125 0.9467772812499999 0.35127840312499997 0.9610052703124999 0.3542763140625 0.9685853281249999 0.375417803125 0.9834006640625 0.399661278125 0.9802993437499999 0.4146887546875 0.9652605078125
1 0.5433157875 0.967731203125 0.5490231953125 0.966251575 0.5629772765625 0.9522869421875001 0.5644431562500001 0.9423557703125001 0.561104790625 0.9308843250000001 0.5424505328125 0.91781196875 0.51928045 0.9198390875 0.5073029250000001 0.9297096187499999 0.5033498125 0.9378978140625 0.5023946125000001 0.9536660687499999 0.5164148546875 0.96714385 0.5283403437499999 0.9700216749999999 0.5433157875 0.967731203125
1 0.6502906515625 0.949549478125 0.6550948937500001 0.951089746875 0.6747043484375 0.9483938500000001 0.682558540625 0.94476581875 0.6920488312499999 0.9331523031250001 0.6928338046875 0.915438359375 0.687518884375 0.9080610124999999 0.6763263296875001 0.900217596875 0.6644008390625 0.8973397703125 0.6551328078124999 0.8981506187500001 0.6417414359375 0.9052039687500001 0.634397921875 0.9146690765625 0.6337831734375 0.934328715625 0.6366108609375 0.9399630859375 0.6502906515625 0.949549478125
1 0.79128769375 0.9332926640625001 0.7993121109375 0.9316103234374999 0.8118003187499999 0.9275768703124999 0.8214608374999999 0.9179090484374999 0.8234373937499999 0.9138149500000001 0.8217351328125 0.8943580234375 0.8078851203124999 0.8828259375 0.7822278 0.8831100765625 0.7754470062500001 0.8856639046874999 0.765786484375 0.8953317234375 0.7620035984375 0.9054656156249999 0.762854728125 0.9151940749999999 0.7745579625000001 0.9288745687500001 0.79128769375 0.9332926640625001
1 0.9387250874999999 0.9105906359375 0.9460686015625001 0.9011255281249999 0.944196115625 0.8797229046874999 0.9388811953125 0.87234555625 0.927688640625 0.86450214375 0.9020313218749999 0.8647862828124999 0.8837836765624999 0.883047725 0.8879731703125 0.9042476296874999 0.9064571984375001 0.9153742953125 0.9206997015624999 0.9180494093749999 0.9287241187499999 0.91636706875 0.9387250874999999 0.9105906359375