1 0.9770568687500001 0.12469501093749999 0.9681940234375 0.11933632812499999 0.9516146593749999 0.116710415625 0.9415296703125 0.1190680546875 0.9235374937499999 0.1330268765625 0.9220098140624999 0.14267227031250002 0.9269765015625 0.1573012109375 0.9341968046875 0.1653659421875 0.9467651390625 0.17032277812500002 0.9673555265625 0.17061776875 0.9770201187499999 0.1632498734375 0.980916275 0.153979609375 0.9836661 0.1366178984375 0.9770568687500001 0.12469501093749999
1 0.8944656015625 0.10963636562500001 0.8755177609375 0.1066353234375 0.865432771875 0.108992959375 0.849809071875 0.12332691093749999 0.8535536171875 0.14567216875 0.86077391875 0.1537369 0.8733422578125 0.1586937359375 0.8936271046875 0.16091780625000002 0.9029861609375001 0.1554789859375 0.9128414265625 0.1392426671875 0.9105487562500001 0.1230597765625 0.8944656015625 0.10963636562500001
1 0.8278426281250001 0.10106179687500001 0.7997264000000001 0.09463115 0.7773028 0.10591063437499999 0.77333083125 0.13098865937499998 0.775814175 0.1383031296875 0.7846770203125 0.1436618078125 0.8043507999999999 0.149744034375 0.8175302062500001 0.1508427140625 0.8292577453125001 0.145779025 0.8403351546875 0.12182638906250001 0.8371258765625 0.11143073437499999 0.8278426281250001 0.10106179687500001
1 0.7263035203125 0.083002109375 0.7041854562500001 0.0923525125 0.700900365625 0.0977646203125 0.704644909375 0.120109878125 0.7162966359375 0.13085394687500002 0.7268020296875 0.1335065765625 0.7500664296874999 0.13224761406250002 0.7630161125 0.11946761406249999 0.7657659375 0.10210590312500001 0.74998831875 0.0867534125 0.7263035203125 0.083002109375
1 0.6765654375000001 0.0751243703125 0.65051215625 0.0709979359375 0.6280885578125 0.0822774203125 0.6256442703125 0.0977100515625 0.63091649375 0.11040991250000001 0.63607385 0.11617043593750001 0.6533791484375 0.121877534375 0.6763380140625 0.122547653125 0.6889821546875 0.111696728125 0.6923430515625 0.0904768609375 0.6833653421875 0.0781788421875 0.6765654375000001 0.0751243703125
1 0.609636921875 0.0684788765625 0.5770892765625 0.0593688953125 0.5603192453125 0.065611403125 0.5510750515625 0.0779895625 0.5513047765625 0.0918682421875 0.55791400625 0.1037911328125 0.5657453859375 0.107997709375 0.595198615625 0.11365137656249999 0.6066206171874999 0.11051676875000001 0.6161703453125 0.09620952968749999 0.6180035625 0.08463505625 0.609636921875 0.0684788765625
1 0.52291976875 0.048811815625 0.5087088859375 0.0465610328125 0.49358140156249997 0.0500974890625 0.477346628125 0.06828959999999999 0.47872269687499996 0.09025972812500001 0.5008798156250001 0.10365642500000001 0.509016728125 0.1059339203125 0.53422920625 0.1000398296875 0.54481040625 0.0868846921875 0.5416769343750001 0.0606812796875 0.52291976875 0.048811815625
1 0.4610337515625 0.040987504687499995 0.43765448749999997 0.035307121875 0.416453028125 0.0388702875 0.4059866953125 0.058964764062499994 0.40682749218750003 0.0689852875 0.41951069375000005 0.0808814671875 0.4442269625 0.08578487500000001 0.4566804390625 0.0838023703125 0.46871350781250004 0.0768096015625 0.47176886875 0.0575188140625 0.4610337515625 0.040987504687499995
1 0.387610871875 0.0293584640625 0.3598001796875 0.0209987421875 0.3403561296875 0.0287951953125 0.334015684375 0.0534980890625 0.3484562890625 0.06962755625 0.3782150609375 0.07335214375 0.3902481328125 0.066359375 0.3962072375 0.0593933234375 0.398651525 0.0439606921875 0.387610871875 0.0293584640625
1 0.305325140625 0.01237074375 0.28400881875 0.0089945703125 0.2669332484375 0.017166154687499997 0.260974146875 0.024132210937500002 0.25883539375 0.0376357609375 0.26204467187499997 0.0480314140625 0.272664928125 0.0576233828125 0.2997496796875 0.0629019203125 0.3168252484375 0.054730332812500004 0.3249231078125 0.034260731249999996 0.31418798593749997 0.0177294203125 0.305325140625 0.01237074375
1 0.197010565625 0 0.19144742343750001 0.0032329015625 0.185182784375 0.0121280375 0.1886217921875 0.0364023734375 0.206041953125 0.049048809375 0.21891582187499997 0.0520765640625 0.24145429062499998 0.047736425 0.2499725421875 0.0322770828125 0.24859648124999997 0.0103069546875 0.23216875625000002 0 0.197010565625 0
1 0.177199790625 0.039536984375 0.1549668609375 0.041948043750000004 0.1429337859375 0.0489408109375 0.1390376296875 0.0582110765625 0.1424766375 0.0824854140625 0.15813938593750002 0.09089856406249999 0.1807927171875 0.0934977640625 0.20115337656249999 0.07991406875 0.20214579062500002 0.058319071874999996 0.1907996 0.0456459234375 0.177199790625 0.039536984375
1 0.26804282968750004 0.06381246406249999 0.2503171359375 0.053095101562500004 0.233126703125 0.054327346875 0.21276604531249999 0.0679110421875 0.21207916718750003 0.087576959375 0.22342535625 0.1002501109375 0.2315622671875 0.10252760624999999 0.2491731015625 0.10630562187499999 0.259258096875 0.10394798593750001 0.2772502734375 0.089989165625 0.2773260796875 0.0741814046875 0.26804282968750004 0.06381246406249999
1 0.3139605609375 0.065152703125 0.291842496875 0.0745031078125 0.2875649921875 0.10151021093749998 0.2981852484375 0.111102175 0.3300069578125 0.117130978125 0.34708252812499996 0.108959390625 0.35074896093749997 0.085810446875 0.3373398234375 0.070833084375 0.3139605609375 0.065152703125
1 0.4128256515625 0.0847663375 0.39922584687499996 0.078657396875 0.37195042031250003 0.0822472765625 0.3616747578125 0.0934733328125 0.3606823375 0.1150683296875 0.3747025453125 0.1261875328125 0.3852079390625 0.1288401578125 0.405798321875 0.12913515 0.4205054140625 0.12058843281250001 0.42440157031250003 0.11131816875 0.4221089 0.095135278125 0.4128256515625 0.0847663375
1 0.49316330312499995 0.106389190625 0.472343190625 0.0922155171875 0.45545829531250004 0.091518684375 0.4377716546875 0.1035484296875 0.43647369999999996 0.1270725015625 0.45358832343750005 0.14164801875 0.4711991578125 0.1454260359375 0.4812841484375 0.1430684 0.49660231093749996 0.130663525 0.49874106406249996 0.117159975 0.49316330312499995 0.106389190625
1 0.5312496578125 0.10352285624999999 0.5111945359375001 0.115177471875 0.5098965843750001 0.13870154375 0.519179828125 0.1490704859375 0.5293796859375 0.15365219218749998 0.5547070328125 0.15469744375 0.5694141187499999 0.14615072812500002 0.572775015625 0.12493086093750001 0.5549344578125 0.1072741609375 0.5312496578125 0.10352285624999999
1 0.63485170625 0.12388675 0.609409496875 0.115902159375 0.587291434375 0.1252525625 0.57980465 0.1418640140625 0.5830139296875 0.1522596671875 0.59569713125 0.16415584375 0.6180449234375 0.1686841203125 0.6304983953125001 0.16670161562500002 0.6425314640625001 0.15970884531250001 0.6461978953124999 0.136559903125 0.63485170625 0.12388675
1 0.7127060140625 0.1381951328125 0.6994117421875 0.1301571140625 0.6777898812500001 0.1287100203125 0.655060746875 0.14191858125 0.6564368093749999 0.1638887078125 0.6714884921875 0.176160015625 0.6938362859375 0.1806882921875 0.7079323 0.1759997328125 0.7165654203125 0.16747973124999999 0.71962078125 0.1481889453125 0.7127060140625 0.1381951328125
1 0.7820030078125 0.1452157578125 0.7586237453125 0.139535375 0.7335261265625 0.152368803125 0.7307763015625001 0.1697305140625 0.7342911171875001 0.1781970921875 0.74964833125 0.1885393171875 0.7648906828125 0.19194220312500002 0.7797126375000001 0.19033482968749998 0.7917457109375 0.1833420609375 0.7957176796875001 0.1582640359375 0.7820030078125 0.1452157578125
1 0.832046625 0.151164415625 0.82196163125 0.15352205000000002 0.8099285609375 0.16051481875 0.8063379359375 0.16785600625 0.807713996875 0.1898261328125 0.8251341578125 0.20247257031250002 0.8454190109375 0.20469663749999997 0.862800115625 0.194595971875 0.8670776203124999 0.167588871875 0.8486259828125 0.153790328125 0.832046625 0.151164415625
1 0.8953845156250001 0.16515109375 0.8860254609375 0.170589915625 0.8794552796874999 0.18141412343750002 0.8776220625000001 0.1929885984375 0.8811368828124999 0.20145517656249998 0.8948515546875001 0.21450345624999997 0.9029884671874999 0.21678095000000003 0.92357885 0.21707593906249997 0.9415710265625 0.20311711875 0.9425634468749999 0.18152212031249998 0.9244173468750001 0.1657945015625 0.8953845156250001 0.16515109375
1 0.9564320359374999 0.2242568453125 0.9327472359375 0.22050554218750001 0.9133031859375 0.2283019953125 0.906962734375 0.2530048921875 0.9234662859375 0.271438565625 0.9481825625000001 0.2763419734375 0.960215634375 0.2693492046875 0.9692301000000001 0.24309236093750003 0.9680837609375 0.23500091875 0.9564320359374999 0.2242568453125
1 0.8806406734375001 0.2122526734375 0.85932435 0.2088764984375 0.8372062859374999 0.218226903125 0.8332343171875 0.24330492656249997 0.8401490859375 0.2532987390625 0.852717425 0.2582555734375 0.8726967359375 0.2624087203125 0.8827817250000001 0.260051084375 0.89305739375 0.2488250296875 0.896418290625 0.2276051625 0.8806406734375001 0.2122526734375
1 0.8137121578125001 0.205607178125 0.804849309375 0.2002485 0.7859014703125 0.1972474578125 0.7661518843749999 0.20697299062500002 0.760728046875 0.2258886484375 0.7714631640625 0.2424199578125 0.7772315984375 0.244322321875 0.799579390625 0.24885060312500001 0.8110013875 0.245715990625 0.8196345078125 0.23719598749999998 0.824752815625 0.2202094078125 0.8137121578125001 0.205607178125
1 0.7077416265625 0.1848681546875 0.690360521875 0.19496881875 0.684936684375 0.21388447500000002 0.6956718015625001 0.23041578437500002 0.7038087140625 0.232693278125 0.7264620421875 0.2352924796875 0.746517165625 0.223637865625 0.7475095796875 0.2020428671875 0.726995003125 0.1859401171875 0.7077416265625 0.1848681546875
1 0.653572121875 0.174311075 0.639361240625 0.17206029218750002 0.6292762515625 0.1744179328125 0.611284075 0.188376753125 0.60975639375 0.198022146875 0.61502861875 0.2107220125 0.62801735 0.22068910625 0.6479966671875 0.2248422578125 0.65808165625 0.22248461874999997 0.6737053515625 0.20815066718750003 0.6737811640625 0.19234290625 0.653572121875 0.174311075
1 0.5608958656249999 0.16161007031250002 0.538166725 0.1748186296875 0.5374798453125 0.1944845515625 0.5522259875 0.2086849328125 0.579616275 0.21203439531249998 0.5976084515625 0.198075575 0.5979898 0.180338734375 0.5822121828125 0.16498624374999998 0.5608958656249999 0.16161007031250002
1 0.5260187890625 0.17487205781249998 0.520746565625 0.1621721921875 0.50435788125 0.1506778609375 0.482430484375 0.15115984843750002 0.4650493796875 0.1612605125 0.46375143124999996 0.1847845859375 0.4730346734375 0.195153528125 0.4811715859375 0.197431021875 0.494045459375 0.20045878125 0.5064989328125 0.19847627343750002 0.51822646875 0.193412584375 0.524491109375 0.1845174515625 0.5260187890625 0.17487205781249998
1 0.4333034765625 0.1394239484375 0.4143556359375 0.13642290625 0.3919320359375 0.14770239062499999 0.3885711390625 0.16892225624999999 0.4009488 0.18274751250000001 0.42803355156249995 0.18802605 0.4477831390625 0.178300515625 0.4511440359375 0.15708065 0.442166321875 0.14478263125 0.4333034765625 0.1394239484375
1 0.34597525 0.1236150484375 0.331153296875 0.125222421875 0.319120221875 0.1322151921875 0.3130853140625 0.15498900468750001 0.3275259203125 0.171118471875 0.3546106703125 0.1763970078125 0.371686240625 0.1682254234375 0.3777211546875 0.1454516078125 0.3666804953125 0.130849378125 0.34597525 0.1236150484375
1 0.280268878125 0.109253240625 0.2607099640625 0.1101103546875 0.24096038437499998 0.1198358890625 0.23729395156250002 0.14298483125 0.24802906875000003 0.159516140625 0.253797496875 0.16141850468750002 0.28592475 0.16551822656249998 0.2949782703125 0.16200848437499998 0.301242909375 0.1531133515625 0.30254086406249997 0.1295892796875 0.280268878125 0.109253240625
1 0.220140271875 0.10566221406250001 0.2068459984375 0.0976241984375 0.182244590625 0.099660128125 0.1672319625 0.11013592187500001 0.1659340125 0.13366 0.1783116703125 0.14748525625 0.2080704421875 0.15120984375 0.21949244218750003 0.1480752359375 0.228125565625 0.139555234375 0.22911797812499998 0.1179602359375 0.220140271875 0.10566221406250001
1 0.1438159421875 0.143010403125 0.121086809375 0.1562189640625 0.12009439375 0.1778139609375 0.13247205312500002 0.19163921718750002 0.162230821875 0.195363809375 0.1799174625 0.1833340640625 0.18503577031250001 0.166347484375 0.167500746875 0.1467617078125 0.1438159421875 0.143010403125
1 0.23649220468749999 0.155711409375 0.21456481093750002 0.1561933953125 0.19718370624999998 0.16629406093750002 0.19558021875 0.191747215625 0.208263415625 0.2036433890625 0.23297969062499999 0.20854679687500002 0.2470757046875 0.20385823906249997 0.25838284375 0.1937842875 0.2587641875 0.17604745 0.23649220468749999 0.155711409375
1 0.29539866875 0.1670187484375 0.278628634375 0.17326125625 0.2699955203125 0.181781259375 0.26724569531250003 0.1991429703125 0.2816863015625 0.21527243125 0.308771053125 0.22055096875000002 0.3315001890625 0.20734240937499998 0.332187071875 0.1876764921875 0.31197803125 0.1696446609375 0.29539866875 0.1670187484375
1 0.3685160171875 0.180576871875 0.3431128625 0.19533938125 0.342425984375 0.2150053 0.359540603125 0.22958081406250003 0.3821939328125 0.2321800109375 0.4022490546875 0.2205254015625 0.405304415625 0.2012346109375 0.385095375 0.18320278437499998 0.3685160171875 0.180576871875
1 0.4416333609375 0.19413498906249999 0.418904225 0.207343553125 0.4153136 0.2146847359375 0.41966921562500004 0.2331718390625 0.43502642968750005 0.2435140625 0.45767975937500005 0.24611326406249998 0.4780404171875 0.2325295734375 0.478727296875 0.21286365156249998 0.46058120156250004 0.19713603125 0.4416333609375 0.19413498906249999
1 0.5340040875 0.208765075 0.5197932062499999 0.2065142921875 0.4953066609375 0.215489565625 0.49194576406249996 0.23670943281249998 0.5029864171875 0.2513116609375 0.5108177921875 0.2555182359375 0.533471121875 0.2581174359375 0.550546690625 0.24994584843749998 0.5538317796875 0.244533746875 0.554518659375 0.22486782500000002 0.5340040875 0.208765075
1 0.5979530453125 0.21889359375 0.580457078125 0.22205492031250001 0.56513891875 0.2344597953125 0.564757571875 0.25219663125 0.5795037187500001 0.2663970171875 0.606588471875 0.27167555625 0.623969575 0.26157489218749996 0.6296989484375 0.24073015781249998 0.6118583906249999 0.2230734578125 0.5979530453125 0.21889359375
1 0.692081175 0.23775697031249998 0.6808498468749999 0.2320231578125 0.6589224578125 0.2325051453125 0.6468893859375 0.2394979109375 0.6406247453125 0.24839304375000001 0.644674825 0.2688092265625 0.6576635578125 0.2787763203125 0.6776428734375 0.2829294671875 0.6877278640625 0.28057183124999996 0.7033515578125 0.2662378796875 0.7034273703125 0.2504301203125 0.692081175 0.23775697031249998
1 0.739756315625 0.2433304984375 0.7229862828125 0.24957300781249997 0.7170271796875001 0.2565390578125 0.71809770625 0.2804382671875 0.72738095625 0.29080720625 0.740254825 0.293834965625 0.7658877078125 0.29295113437500003 0.7764689078125 0.279796003125 0.7792187328125 0.2624342921875 0.7610726375 0.246706671875 0.739756315625 0.2433304984375
1 0.8321270359374999 0.2579605828125 0.8030942062499999 0.2573171765625 0.7898389890625 0.2720262578125 0.7877002359375 0.2855298125 0.7953409421875001 0.2986048078125 0.8136777046875 0.3054640078125 0.8292256 0.3069378125 0.8419846062499999 0.30302623125 0.8498917875 0.2914250453125 0.8502731359375 0.2736882046875 0.8321270359374999 0.2579605828125
1 0.8889705578125 0.2669637125 0.8765170859375001 0.26894621875 0.8668524937500001 0.2763141171875 0.8628805249999999 0.301392140625 0.874226715625 0.31406528906250003 0.88236363125 0.3163427890625 0.904711425 0.320871065625 0.9247665421875 0.30921645 0.9281274390625001 0.2879965875 0.914718303125 0.273019228125 0.8889705578125 0.2669637125
1 0.91387980625 0.3243006671875 0.8997837921875 0.328989225 0.893824684375 0.3359552765625 0.8907693234374999 0.3552460671875 0.89428414375 0.363712640625 0.9069673390625 0.3756088171875 0.9293151312499999 0.3801370984375 0.9466962359375 0.3700364328125 0.9527311515625 0.3472626171875 0.9446700453125001 0.32917736249999996 0.91387980625 0.3243006671875
1 0.873004571875 0.32178160624999996 0.8617732437500001 0.31604779843749997 0.840456925 0.312671625 0.8207073390625 0.322397159375 0.8170409062499999 0.3455461015625 0.8291130359375 0.3613004390625 0.8585662703124999 0.36695410625 0.8705993375000001 0.35996133750000003 0.8813712109375 0.3379377859375 0.8802248796875001 0.3298463375 0.873004571875 0.32178160624999996
1 0.7791819765625 0.3009891546875 0.7646655640625 0.300667453125 0.7469789234374999 0.31269719375 0.7439235625 0.331987984375 0.7477439125 0.33852548125 0.755269753125 0.3446611328125 0.768143621875 0.34768888750000004 0.7762805390625 0.3499663875 0.7988190015625001 0.3456262421875 0.8067261875 0.33402505625 0.8068019937500001 0.3182172953125 0.7791819765625 0.3009891546875
1 0.7193589046875 0.2954690515625 0.7057590953124999 0.2893601125 0.691242678125 0.2890384109375 0.6711875625 0.3006930203125 0.667826665625 0.3219128875 0.6771099078125 0.3322818296875 0.6941096703125 0.33991800625 0.7022465812500001 0.3421955 0.7224165671875 0.3374802296875 0.730323753125 0.325879040625 0.733073578125 0.3085173359375 0.7193589046875 0.2954690515625
1 0.637073175 0.27848133124999996 0.615451315625 0.2770342375 0.5953961999999999 0.2886888484375 0.5985296703125 0.31489226718749996 0.6115184015625 0.32485936249999997 0.6314977203125001 0.329012509375 0.643951190625 0.3270300046875 0.6536157828125 0.3196621046875 0.657587753125 0.29458408125 0.637073175 0.27848133124999996
1 0.47364805 0.252597334375 0.45852056093750004 0.2561337890625 0.44618195 0.2650556328125 0.44725248281249996 0.2889548421875 0.45787273749999996 0.2985468078125 0.4825890078125 0.30345021875 0.5047070703125 0.2940998140625 0.5060050265625 0.2705757359375 0.4878589328125 0.2548481171875 0.47364805 0.252597334375
1 0.414436046875 0.243219075 0.39548820625 0.24021803125000002 0.377686703125 0.2453084359375 0.3703905890625 0.2530514609375 0.3670296921875 0.274271328125 0.3760074046875 0.28656935156249996 0.384144315625 0.2888468453125 0.41627156718749997 0.2929465671875 0.43067311875 0.286328928125 0.4346450875 0.26125090625 0.42979326562500003 0.2535613046875 0.414436046875 0.243219075
1 0.327107821875 0.2274101703125 0.30025279843749997 0.23601031562500002 0.29597529375 0.263017415625 0.3028900609375 0.273011228125 0.3110269734375 0.2752887234375 0.3407857421875 0.279013315625 0.355492828125 0.2704666 0.36267407500000004 0.25578422968750003 0.3501815484375 0.235019634375 0.327107821875 0.2274101703125
1 0.2702642984375 0.218407040625 0.256358953125 0.21422718125 0.2415370046875 0.21583455625 0.22446143593749998 0.22400614375 0.221176346875 0.22941824687499998 0.2198783953125 0.2529423234375 0.228856103125 0.2652403421875 0.23905596093749998 0.269822046875 0.264077771875 0.272796378125 0.2841328890625 0.2611417640625 0.287799321875 0.23799282187499998 0.27912715 0.22376572343749998 0.2702642984375 0.218407040625
1 0.19477847343750002 0.20447379062499998 0.180873128125 0.20029392812500002 0.16337716093750002 0.203455253125 0.15103855 0.2123771015625 0.14737211875 0.23552604531250002 0.15634983125 0.2478240671875 0.162118259375 0.24972643125 0.17972909374999999 0.25350444843750003 0.1921825671875 0.2515219421875 0.2104802796875 0.235634040625 0.210556090625 0.21982628124999998 0.19477847343750002 0.20447379062499998
1 0.1462648359375 0.250181703125 0.119906025 0.2479843453125 0.102219384375 0.260014090625 0.09885848750000001 0.28123395625000003 0.10237330156249999 0.28970053125 0.115056496875 0.301596709375 0.14481526718749999 0.305321296875 0.16456485468749998 0.29559576249999997 0.1685368234375 0.270517740625 0.16162205624999998 0.26052392812499997 0.1462648359375 0.250181703125
1 0.19806586406249999 0.260363646875 0.17862181875 0.26816010625 0.17289243906250001 0.2890048421875 0.1761017171875 0.29940049687500003 0.18465903125 0.3066882546875 0.21678627968750003 0.310787971875 0.234167384375 0.30068730781249997 0.23959122656249998 0.2817716515625 0.21968772187500002 0.2618107453125 0.19806586406249999 0.260363646875
1 0.2951735484375 0.27574399375 0.2762257078125 0.27274295 0.26614071250000004 0.2751005890625 0.2511280890625 0.285576384375 0.248072728125 0.3048671703125 0.25674490625 0.31909427031250004 0.2648818171875 0.3213717640625 0.28486112812500003 0.3255249140625 0.29494612343750004 0.323167275 0.31026428125 0.3107624046875 0.31301410625 0.29340069375 0.2951735484375 0.27574399375
1 0.3493430515625 0.286301071875 0.3392580625 0.28865870781249997 0.324245434375 0.2991345015625 0.3211900734375 0.31842529218750004 0.32986225 0.3326523921875 0.3356306859375 0.33455475625000003 0.3701264140625 0.339029609375 0.38544457187500003 0.3266247328125 0.38849993125000004 0.307333946875 0.3706593734375 0.289677246875 0.3493430515625 0.286301071875
1 0.41772343593750005 0.299108934375 0.4033218859375 0.30572656875000004 0.3967517125 0.31655078125 0.39522403125 0.32619617500000003 0.40049625625 0.338896040625 0.4100850359375 0.3473359 0.42295890937499997 0.3503636609375 0.4485917890625 0.34947983125 0.46154147031250004 0.336699825 0.4622283484375 0.3170339078125 0.4440822546875 0.3013062875 0.41772343593750005 0.299108934375
1 0.49588328125 0.3114882375 0.47582815937499995 0.323142846875 0.4713209296875 0.336271271875 0.47422467187499995 0.3485960015625 0.4790764921875 0.35628560625 0.49370777187500003 0.363546646875 0.5163611015625 0.36614584843750003 0.5334366703125 0.3579742609375 0.537714175 0.3309671609375 0.5175051390625 0.31293533125 0.49588328125 0.3114882375
1 0.5909280203125 0.324564371875 0.5743486609375 0.321938459375 0.559221171875 0.3254749140625 0.5495565796874999 0.3328428140625 0.5461956828125001 0.3540626796875 0.5572363375 0.36866490937499996 0.5650677125 0.372871484375 0.5874155046875 0.3773997609375 0.6098391046875 0.3661202765625 0.6146518765625 0.35106277656249996 0.611442596875 0.3406671234375 0.5909280203125 0.324564371875
1 0.666413846875 0.33849762499999997 0.645097521875 0.3351214515625 0.625653478125 0.34291790624999996 0.6196943687500001 0.3498839609375 0.61870195625 0.37147895625 0.6358165796875 0.38605447187499997 0.660532853125 0.3909578828125 0.6773028875 0.3847153765625 0.6832619906249999 0.37774931875 0.684865478125 0.352296165625 0.666413846875 0.33849762499999997
1 0.7490051140625 0.35355626406249996 0.7354053046875 0.3474473265625 0.7208888859375 0.34712562343750003 0.701139303125 0.356851159375 0.6960209984375 0.373837734375 0.706450578125 0.3922981234375 0.7166504359375 0.396879828125 0.7366297515625 0.401032975 0.74671474375 0.398675340625 0.7596644234375 0.385895334375 0.7606568390625 0.3643003375 0.7490051140625 0.35355626406249996
1 0.8179965703125 0.3625059703125 0.7966802484375 0.359129796875 0.776930665625 0.36885533125 0.771506825 0.3877709875 0.7747161015625 0.398166640625 0.78193640625 0.40623137187499997 0.7945047453125 0.41118820781250004 0.8171580734375 0.4137874078125 0.8291911484375 0.406794640625 0.83278176875 0.3994534578125 0.8358371296874999 0.380162665625 0.8179965703125 0.3625059703125
1 0.9005878375 0.37756460937499997 0.8677346515625001 0.37038370781249996 0.850353546875 0.38048437343749997 0.8487500609374999 0.40593752812500006 0.855664828125 0.4159313390625 0.8679276249999999 0.42281725000000003 0.8808015015624999 0.42584500937499997 0.8956234484375001 0.42423763125 0.9109416124999999 0.4118327609375 0.9136914375 0.39447105 0.9005878375 0.37756460937499997
1 0.9258026218750001 0.4329724875 0.897380859375 0.42847092187499997 0.8796942187499999 0.44050066250000003 0.876333321875 0.46172053125 0.8928368734375001 0.48015420468750003 0.912816184375 0.48430735 0.9242381859375 0.48117274375 0.9301972890625001 0.474206684375 0.9350858656250001 0.443341425 0.9258026218750001 0.4329724875
1 0.8452742953125 0.420218053125 0.823957978125 0.41684187968749997 0.807187946875 0.42308438437499996 0.8008474953125001 0.447787278125 0.8139510953125001 0.46469371718749997 0.8197195296875 0.46659608124999996 0.842067321875 0.4711243625 0.859142890625 0.4629527734375 0.8675462828124999 0.44055409218749997 0.8609370515625001 0.4286312 0.8452742953125 0.420218053125
1 0.745798134375 0.40446257656249995 0.726354084375 0.41225903124999996 0.72039498125 0.41922508281250004 0.7187914937500001 0.44467824218749996 0.7409486125 0.45807493906249996 0.765970425 0.461049265625 0.7833515281250001 0.4509486015625 0.78824010625 0.420083340625 0.771851415625 0.4085890109375 0.745798134375 0.40446257656249995
1 0.6771122140625 0.3935837953125 0.6579736984375 0.39945116875000003 0.6520145953125 0.4064172265625 0.648959234375 0.4257080125 0.6610313640625 0.44146234531250006 0.692853075 0.44749114843750004 0.70992864375 0.439319559375 0.7162690953124999 0.414616665625 0.70729138125 0.4023186484375 0.6771122140625 0.3935837953125
1 0.620268690625 0.38458066562500004 0.60132085 0.3815796234375 0.5795083234375 0.38900094687500003 0.573473409375 0.4117747609375 0.5821455859375 0.426001859375 0.5923454421875001 0.43058356406250003 0.6146932359374999 0.4351118453125 0.6338317453125 0.4292444671875 0.6422351374999999 0.40684578125000004 0.63150001875 0.3903144765625 0.620268690625 0.38458066562500004
1 0.5492142875 0.3733267546875 0.5255294875 0.36957545 0.5130760171875 0.37155795625 0.49745231562500003 0.38589190625 0.4953135640625 0.39939545625 0.5005857890625001 0.41209532187500003 0.5227429078125 0.42549201875 0.530879825 0.42776951875 0.5534182859375 0.423429375 0.5630828765625 0.41606147499999996 0.5670548453124999 0.39098345 0.5492142875 0.3733267546875
1 0.4734229265625 0.3613225828125 0.4521066078125 0.357946409375 0.44202161249999994 0.36030404531250004 0.427008990625 0.37077984062499997 0.42395362968750006 0.39007062656249997 0.4305628625 0.4019935140625 0.44076271875 0.40657521875 0.46784747031249996 0.41185376093750004 0.4803009421875 0.40987125312500006 0.48729151562500006 0.4040573015625 0.4895060796875 0.3747459921875 0.4734229265625 0.3613225828125
1 0.4163887296875 0.36118786875 0.3935056765625 0.34470998750000004 0.3689042703125 0.34674592187500003 0.3535861046875 0.35915079687499996 0.35198261875000003 0.3846039515625 0.3660028265625 0.3957231546875 0.3765082203125 0.3983757796875 0.3893820890625 0.401403534375 0.40687806093749995 0.3982422109375 0.41715372500000003 0.3870161546875 0.4199035484375 0.3696544484375 0.4163887296875 0.36118786875
1 0.3224512734375 0.3334560765625 0.2981554015625 0.3335629328125 0.280774296875 0.3436635984375 0.276802328125 0.36874162187500004 0.29154847031250003 0.3829420046875 0.321001703125 0.3885956765625 0.34342530312499997 0.3773161921875 0.3467862 0.3560963234375 0.335745546875 0.341494096875 0.3224512734375 0.3334560765625
1 0.2602597203125 0.327560846875 0.2513968703125 0.3222021640625 0.230080553125 0.31882599218749996 0.2109420375 0.32469336875 0.2049829359375 0.331659425 0.2016220390625 0.3528792890625 0.21399970468750001 0.36670454375 0.2434529328125 0.3723582125 0.25991742812499996 0.368044784375 0.26916162187500003 0.35566662656250003 0.27099483750000003 0.3440921515625 0.2602597203125 0.327560846875
1 0.17117408437499998 0.30751865624999997 0.14687821406249998 0.3076255078125 0.1288860375 0.32158432812500004 0.1299565625 0.3454835375 0.14160829375 0.35622760625 0.15448216406249998 0.359255365625 0.17950397499999998 0.36222969374999997 0.1915370421875 0.35523692812499996 0.198412759375 0.342483634375 0.1943626796875 0.32206745625 0.17117408437499998 0.30751865624999997
1 0.1386287390625 0.3597106375 0.1297658890625 0.35435195468749997 0.106081090625 0.35060064999999996 0.083657490625 0.3618801328125 0.079685521875 0.3869581578125 0.096494609375 0.4034627546875 0.1262533796875 0.40718734218749997 0.14034939375 0.402498784375 0.1463084953125 0.3955327328125 0.1517323390625 0.37661707187500004 0.1386287390625 0.3597106375
1 0.214114565625 0.37364388437499996 0.20288323749999998 0.36791007656249997 0.17652442031249999 0.3657127234375 0.1674709015625 0.3692224609375 0.155552690625 0.38315456875 0.15692875781249999 0.405124696875 0.16414906093749998 0.4131894296875 0.1790858765625 0.41852139531250004 0.1993707234375 0.42074546562500004 0.2094557171875 0.41838783125 0.21942584687500002 0.4090908515625 0.22309227968749998 0.38594190781250004 0.214114565625 0.37364388437499996
1 0.2786746 0.37991425 0.25972676093749997 0.37691320625 0.2472732890625 0.3788957109375 0.2292811125 0.3928545359375 0.22828869218749998 0.4144495328125 0.245403315625 0.4290250453125 0.27485655000000003 0.43467871718750006 0.29193211875 0.4265071296875 0.30033550937500003 0.404108446875 0.28753744531250003 0.3852729265625 0.2786746 0.37991425
1 0.332844103125 0.39047132812499996 0.31771661406249996 0.39400778281250004 0.3050724734375 0.404858709375 0.30377451875 0.42838278125 0.32325762343750003 0.443333428125 0.35301639375 0.44705802187500004 0.3677234796875 0.43851130156250007 0.3723065203125 0.409575121875 0.354160425 0.393847503125 0.332844103125 0.39047132812499996
1 0.44954975781249995 0.4277416625 0.4408775796875 0.41351456249999996 0.41574090625000004 0.4036008921875 0.395876459375 0.4063870859375 0.3838433859375 0.41337985 0.3795658796875 0.440386953125 0.386480646875 0.450380765625 0.3966805046875 0.4549624703125 0.4213967796875 0.459865878125 0.4311762328125 0.45943732343750004 0.4405352890625 0.4539985015625 0.44679993281249997 0.44510336875 0.44954975781249995 0.4277416625
1 0.49390075156249996 0.4159801953125 0.4692993375 0.418016128125 0.45696073437500007 0.42693797343749995 0.45298876562499996 0.4520159953125 0.45990353281249996 0.4620098078125 0.4724718671875 0.46696664375 0.49245118281250005 0.471119790625 0.5049046546875 0.4691372859375 0.51785433125 0.45635727968750006 0.5191522875000001 0.4328332078125 0.49390075156249996 0.4159801953125
1 0.572060590625 0.4283594984375 0.5602181890625 0.4264838453125 0.5427222234375 0.42964517031250005 0.530383615625 0.438567015625 0.5267171828125 0.4617159625 0.5333264125 0.47363885000000006 0.54352626875 0.47822055468749997 0.5780219984375 0.48269540781250003 0.5930346203125 0.4722196125 0.5978473921874999 0.4571621125 0.5946381140625 0.4467664546875 0.572060590625 0.4283594984375
1 0.6608406890625 0.45033076562499996 0.6357040171875 0.44041709375 0.61583956875 0.4432032875 0.6064805140625 0.44864210781249997 0.6022030078125 0.4756492109375 0.6111807203125 0.48794723281249996 0.6169491500000001 0.48984959687499996 0.6464023828125 0.4955032640625 0.6604984046875 0.49081470781250003 0.66645750625 0.4838486546875 0.6698184031250001 0.4626287890625 0.6608406890625 0.45033076562499996
1 0.736632053125 0.4623349375 0.723337778125 0.45429691875 0.7067584203124999 0.45167100624999995 0.6919364671875 0.453278384375 0.6799033921875 0.4602711484375 0.673562946875 0.484974046875 0.6822351249999999 0.49920114531250004 0.688003553125 0.501103509375 0.71982526875 0.5071323078125001 0.736289765625 0.50281888125 0.7425544046875 0.493923746875 0.7453042296875 0.4765620359375 0.736632053125 0.4623349375
1 0.8124234156249999 0.4743391109375 0.7825497828125 0.46367517812500003 0.7560002906250001 0.47034624531249997 0.7490487734375 0.49890729531250005 0.7535950578125 0.5085259765625 0.763794915625 0.51310768125 0.7932481499999999 0.5187613484375 0.8097126453125 0.514447921875 0.8159772859375 0.5055527890625 0.81933818125 0.484332921875 0.8124234156249999 0.4743391109375
1 0.8793519328125001 0.48098460625 0.8509301671875 0.47648304062499997 0.8335490640625001 0.4865837046875 0.8298826296874999 0.5097326515625 0.8388603437500001 0.5220306703125 0.8490602 0.526612375 0.8788189640624999 0.5303369671875 0.89352605625 0.5217902484375 0.8992554296874999 0.5009455109375 0.8947091453124999 0.491326834375 0.8793519328125001 0.48098460625
1 0.9154925031250001 0.5440553671874999 0.9066296578124999 0.5386966890625 0.88294485625 0.534945384375 0.8658692890624999 0.5431169687499999 0.861591784375 0.5701240734375 0.8760323890624999 0.5862535359375001 0.8983801828125 0.5907818171875 0.909802184375 0.5876472046875 0.9157612875 0.580681153125 0.9200387921875001 0.5536740484375 0.9154925031250001 0.5440553671874999
1 0.8308382953125 0.526692515625 0.8047850140625 0.52256608125 0.7906889984375 0.527254640625 0.7838132828125 0.5400079296875 0.7834319390625 0.5577447703125 0.7927151890624999 0.5681137125 0.802915046875 0.57269541875 0.830305334375 0.576044878125 0.8450124203125 0.5674981609375 0.8504362625 0.5485825046875 0.8420696218750001 0.532426325 0.8308382953125 0.526692515625
1 0.75504693125 0.5146883437499999 0.733730609375 0.51131216875 0.7119180828125 0.51873349375 0.7079461125 0.5438115171875 0.7169238265625 0.5561095390624999 0.72269225625 0.5580119031249999 0.7521454890625 0.563665575 0.7665470453125 0.5570479374999999 0.7734985625 0.5284868828125 0.766278259375 0.520422153125 0.75504693125 0.5146883437499999
1 0.665350225 0.4985043078125 0.64815979375 0.499736553125 0.6361267203125001 0.5067293203125 0.631849215625 0.5337364250000001 0.63876398125 0.5437302359375 0.6489638390625 0.5483119421875 0.67131163125 0.55284021875 0.693124159375 0.5454188953125 0.6994646109375 0.5207160015625 0.6884239515624999 0.5061137687499999 0.665350225 0.4985043078125
1 0.6014012625 0.4883757875 0.584821903125 0.48574987500000005 0.5630093765625 0.493171203125 0.556057853125 0.5217322531249999 0.57080399375 0.5359326390625 0.597888753125 0.541211178125 0.617332796875 0.5334147234375 0.6236732484374999 0.5087118296875001 0.6170640171875 0.49678893906250005 0.6014012625 0.4883757875
1 0.52797838125 0.47674674531249994 0.509030540625 0.4737457015625 0.4872180140625 0.48116703125000004 0.48232943749999996 0.5120322921875 0.49768665156249997 0.5223745156249999 0.524771403125 0.5276530578124999 0.541846971875 0.5194814703125 0.5461244765625 0.492474365625 0.5412726546875 0.484784765625 0.52797838125 0.47674674531249994
1 0.46815530625 0.47122664218750004 0.45692397968750004 0.465492834375 0.43560766093750003 0.4621166609375 0.41646914687500003 0.4679840390625 0.41020450625000004 0.47687917031250004 0.40745468125000006 0.4942408828125 0.4184953359375 0.508843109375 0.4242637703125 0.5107454734375 0.45371699843749996 0.5163991453125 0.46781301875 0.511710584375 0.476521946875 0.4873828203125 0.4753756078125 0.479291378125 0.46815530625 0.47122664218750004
1 0.39473242656249996 0.4595976015625 0.369595753125 0.44968393281249996 0.349731303125 0.4524701234375 0.34037224843749997 0.45790894687500006 0.33464286875 0.47875368281249997 0.33785215156250004 0.48914933749999995 0.35320936875000003 0.4994915625 0.3708202 0.5032695828125 0.39202165624999996 0.4997064125 0.397980759375 0.4927403609375 0.40134165624999996 0.47152049218750003 0.39473242656249996 0.4595976015625
1 0.308015271875 0.43993054374999996 0.279287971875 0.4373580546875 0.262212403125 0.44552964375000004 0.2576293625 0.4744658234375 0.2750495234375 0.487112259375 0.2997657984375 0.49201567031250004 0.3148932875 0.4884792171875 0.3221893984375 0.48073618749999997 0.3240984203125 0.453353953125 0.308015271875 0.43993054374999996
1 0.25067554062499997 0.4417249109375 0.24139229218749997 0.43135596718749997 0.23252944531250003 0.42599729062499997 0.21121312187500002 0.42262111718749995 0.1890950609375 0.431971521875 0.1809972046875 0.4524411265625 0.18420648281250002 0.46283678124999994 0.1971952203125 0.47280388125000006 0.22664844843749998 0.4784575484375 0.2431129453125 0.47414412187500005 0.2523571390625 0.4617659578125 0.25388481875 0.4521205640625 0.25067554062499997 0.4417249109375
1 0.1591065609375 0.4143682484375 0.1280107828125 0.4114206328125 0.1106296796875 0.4215212984375 0.106963246875 0.444670240625 0.115940959375 0.4569682640625 0.12614081562499999 0.46154996875 0.1558995875 0.46527455624999997 0.1633105640625 0.46447087187499997 0.1729751546875 0.4571029734375 0.177252659375 0.43009586874999994 0.1591065609375 0.4143682484375
1 0.11532988749999999 0.4608264203125 0.0869081296875 0.45632485625 0.0728121109375 0.4610134140625 0.06417898749999999 0.46953341406250004 0.062269965625 0.49691565000000004 0.06949026875 0.5049803828125 0.0841215484375 0.5122414281250001 0.096995425 0.5152691843749999 0.114491390625 0.512107859375 0.1298095484375 0.499702984375 0.13110750468750001 0.476178909375 0.11532988749999999 0.4608264203125
1 0.1837102734375 0.47363428125 0.154982978125 0.47106179375 0.13997035156249998 0.4815375875 0.134240978125 0.5023823265625 0.1429131484375 0.5166094234374999 0.1531130046875 0.5211911296875 0.1828717765625 0.524915721875 0.1975788609375 0.5163690015625 0.20124529375 0.493220059375 0.1925731234375 0.4789929609375 0.1837102734375 0.47363428125
1 0.27310144375 0.49174739375 0.2642385921875 0.48638871406249995 0.235816834375 0.48188715000000004 0.21637278593749998 0.48968360468750005 0.2101081453125 0.49857873750000004 0.2076638578125 0.5140113671875 0.21633603437499999 0.5282384671875 0.224167409375 0.5324450406250001 0.2559891203125 0.5384738390625 0.270085140625 0.53378528125 0.276349778125 0.5248901484374999 0.27909960312500004 0.5075284375 0.27310144375 0.49174739375
1 0.31634515625000004 0.4946415828125 0.296175171875 0.499356853125 0.2888790625 0.507099884375 0.286970034375 0.5344821171875 0.2941903375 0.54254685 0.3067586765625 0.547503684375 0.3341489640625 0.5508531421875 0.35153006875 0.5407524765625 0.3555020375 0.515674453125 0.3420929015625 0.5006970953125001 0.31634515625000004 0.4946415828125
1 0.4199472109375 0.515005478125 0.40871588281250004 0.5092716687500001 0.3897680421875 0.5062706265625 0.374640553125 0.5098070765625 0.36199640624999996 0.5206580015625 0.35924658125 0.5380197124999999 0.36245586093750004 0.548415365625 0.3825500375 0.5595078578125 0.4075718453125 0.5624821843750001 0.4216678640625 0.557793625 0.427626965625 0.5508275734375 0.429230453125 0.52537441875 0.4199472109375 0.515005478125
1 0.4679278796875 0.518649928125 0.45043191406250005 0.5218112484375 0.43748223125 0.5345912546875 0.43618428124999997 0.5581153328124999 0.44340458437499997 0.5661800640625 0.45597291875 0.5711369000000001 0.47832071093749995 0.5756651765624999 0.5007443109375 0.5643856921875 0.5026533390625 0.5370034625 0.4821387625 0.5209007109375 0.4679278796875 0.518649928125
1 0.57607621875 0.548632503125 0.568855915625 0.54056776875 0.5484562015625001 0.5314043609375 0.5211807828125 0.5349942421875 0.5109051124999999 0.546220296875 0.5081552874999999 0.5635820078125 0.5116701078125 0.57204858125 0.5338272265625 0.585445278125 0.546701096875 0.5884730375 0.55915456875 0.586490528125 0.5711876421875 0.5794977640625001 0.5780633546875 0.5667444703125 0.57607621875 0.548632503125
1 0.646710225 0.5548761515625 0.6378473734375001 0.5495174734375 0.6046886515625001 0.5442656484375 0.587307546875 0.5543663125 0.5850929890625001 0.5836776218749999 0.6048816312499999 0.596699190625 0.6299034359375 0.5996735203125 0.64399945625 0.5949849640625 0.649958559375 0.5880189062500001 0.65331945625 0.5667990406250001 0.646710225 0.5548761515625
1 0.6849114421875 0.5589491578125 0.6698988140625 0.569424953125 0.6644749765625 0.5883406140624999 0.6752100953125 0.60487191875 0.6830414703125001 0.6090784921875 0.7080632812500001 0.6120528234375 0.7251388484375 0.6038812390625 0.729416353125 0.5768741375 0.7180701593750001 0.5642009828125001 0.6849114421875 0.5589491578125
1 0.793861521875 0.5762051546875 0.7562713765625 0.56827399375 0.7488604046875 0.569077678125 0.7365217937499999 0.577999528125 0.7322442890625 0.60500663125 0.7357591046875 0.6134732046875 0.760895778125 0.6233868765625 0.7761381296875001 0.6267897609374999 0.7885916015625 0.6248072578125 0.801235746875 0.61395633125 0.8049021796875 0.590807384375 0.793861521875 0.5762051546875
1 0.8391681796875 0.5814035578125 0.8253777015624999 0.5841630343750001 0.8155224359375 0.600399353125 0.8136892187500001 0.611973828125 0.8264872828125001 0.63080934375 0.8322557171874999 0.6327117078125 0.8620144812499999 0.6364362984375 0.8793955859375 0.626335634375 0.8830620187499999 0.6031866875 0.8672844062499999 0.5878341984375 0.8391681796875 0.5814035578125
1 0.8898251734375 0.6447960203124999 0.8637718921875001 0.6406695859375 0.8462759265625 0.6438309109375 0.8419593640624999 0.6480909140625 0.8370707875000001 0.6789561749999999 0.841922609375 0.686645775 0.8589223703125001 0.6942819484375 0.8812701640625 0.6988102296875 0.8986512671875 0.6887095640625 0.9049917187500001 0.6640066703125 0.901782434375 0.6536110125000001 0.8898251734375 0.6447960203124999
1 0.7876749937499999 0.63059449375 0.769682815625 0.6445533140624999 0.7683848656250001 0.66807739375 0.7732366875000001 0.67576699375 0.7834365437499999 0.6803486999999999 0.8179322734375001 0.6848235484375 0.8329448953125 0.674347753125 0.8342428515625 0.6508236796875 0.8184652328125 0.6354711890625 0.7876749937499999 0.63059449375
1 0.736179503125 0.61848346875 0.7196001437499999 0.61585755625 0.6977876171874999 0.6232788796875 0.6932045765625 0.6522150609375 0.7055822375 0.666040315625 0.7374039531250001 0.672069115625 0.7518055015625 0.6654514796875 0.7584514890625 0.6388195062500001 0.751842259375 0.62689661875 0.736179503125 0.61848346875
1 0.6390718234375 0.6031031234374999 0.6196277718750001 0.6108995765625 0.6135928578125001 0.63367339375 0.622265034375 0.6479004921875 0.6345278390625 0.6547864046874999 0.6619181249999999 0.658135865625 0.6766252125000001 0.649589146875 0.682660128125 0.626815334375 0.6671880453125001 0.6095337640625 0.6390718234375 0.6031031234374999
1 0.5801653546875001 0.5917957828125 0.5582379609375 0.592277765625 0.5435308734375 0.600824484375 0.5401699765625 0.6220443515625 0.5433792562499999 0.63244000625 0.54853661875 0.6382005265624999 0.5658419109375 0.6439076218750001 0.58375828125 0.6457565625 0.6035078687500001 0.6360310296875 0.6071743015625 0.61288208125 0.6036594859375 0.6044155078125 0.5801653546875001 0.5917957828125
1 0.52507924375 0.587025940625 0.5138479171875 0.5812921328125 0.49253159375 0.5779159578125 0.47041353125 0.5872663625000001 0.465830490625 0.6162025437499999 0.46861936875000004 0.6215879375 0.4808821671875 0.628473853125 0.5079669203125 0.6337523890625001 0.53008498125 0.6244019875 0.5352032890625 0.60741540625 0.532299546875 0.595090671875 0.52507924375 0.587025940625
1 0.44722493593749996 0.5727175609375 0.4359936078125 0.5669837484375 0.41941425 0.5643578359375 0.40428676093749993 0.567894290625 0.39133707812499996 0.5806742953125 0.3888927890625 0.5961069265625001 0.3921020671875 0.60650258125 0.39932237187499997 0.6145673109375 0.4142591875 0.6198992765625 0.4271330625 0.622927034375 0.44462902812499994 0.6197657125 0.45459915625 0.6104687328125 0.45650818437499996 0.5830865000000001 0.44722493593749996 0.5727175609375
1 0.37823347812499997 0.5637678562499999 0.362570728125 0.5553547062499999 0.34835984531249997 0.553103925 0.33353789218749996 0.554711303125 0.32150481875 0.5617040671875 0.315545715625 0.5686701234375 0.312795890625 0.5860318343750001 0.3214680671875 0.6002589328125 0.331667925 0.6048406375 0.35638419374999997 0.60974404375 0.37521717187500003 0.6058057484375 0.3841558296875 0.595356665625 0.38660011875 0.5799240359375 0.37823347812499997 0.5637678562499999
1 0.293579265625 0.5464050046875 0.2627890234375 0.5415283109375 0.24571345625 0.5496998953125 0.2376156015625 0.5701695015625 0.24051934218749998 0.5824942359375 0.2626764625 0.59589093125 0.27791881875 0.59929381875 0.2903722921875 0.5973113140625 0.3053849140625 0.58683551875 0.3093568828125 0.5617574953125 0.293579265625 0.5464050046875
1 0.21541942656250002 0.534025703125 0.1846291859375 0.5291490078125001 0.16426852812499998 0.5427326984375 0.162665040625 0.5681858531249999 0.1698853421875 0.5762505875 0.1868851 0.583886759375 0.20480147031249998 0.5857357000000001 0.219928959375 0.5821992453125 0.2269195328125 0.5763852968750001 0.2311970390625 0.5493781921875 0.21541942656250002 0.534025703125
1 0.15425934375 0.5292825765625 0.1423020765625 0.5204675796875 0.1212912953125 0.51516233125 0.1064693421875 0.5167697046875 0.0887827 0.52879945 0.0848865390625 0.5380697125 0.0871792140625 0.5542526046875 0.0964624578125 0.5646215453125001 0.11376775624999999 0.5703286421875 0.1414635796875 0.5717490234375 0.1508226359375 0.5663102 0.15739281562500002 0.5554859921874999 0.15953156875000002 0.5419824375 0.15425934375 0.5292825765625
1 0.10058834999999999 0.5692299625 0.06773516406249999 0.56204905625 0.05065959531250001 0.5702206453125 0.0447004921875 0.577186696875 0.041034057812500004 0.6003356453124999 0.047948826562500005 0.61032945625 0.064643046875 0.619894709375 0.077516921875 0.6229224656250001 0.0976869078125 0.6182071953125 0.110025515625 0.6092853468749999 0.1157548890625 0.5884406078125 0.10058834999999999 0.5692299625
1 0.171642746875 0.5804838734375 0.1408525078125 0.5756071796875 0.12079739062499999 0.58726179375 0.114762475 0.6100356078125 0.12137170625 0.6219584984375001 0.13569745 0.631148621875 0.1556767671875 0.63530176875 0.18016330625000002 0.6263264937499999 0.1865037578125 0.6016236015625 0.18153706875 0.58699465625 0.171642746875 0.5804838734375
1 0.24743410937500002 0.592488046875 0.23352877031250002 0.588308184375 0.20655888125000002 0.5899689875 0.1912407171875 0.6023738625 0.18818535625 0.62166465 0.1937631171875 0.6324354328124999 0.22096273437499997 0.6446533156250001 0.24155311875000002 0.64494830625 0.259239759375 0.6329185609375 0.26229511875 0.613627775 0.2590858421875 0.6032321203125 0.24743410937500002 0.592488046875
1 0.29480371562499996 0.5999906546875 0.2823502421875 0.6019731609375001 0.2726856515625 0.6093410593749999 0.2663452 0.6340439515625 0.2770803171875 0.6505752609375001 0.28964865624999997 0.655532096875 0.31230198593749997 0.65813129375 0.3370940671875 0.6472269453124999 0.3404549640625 0.626007078125 0.3276569015625 0.6071715578125 0.29480371562499996 0.5999906546875
1 0.4034482640625 0.6191757296875 0.3705950765625 0.6119948265625 0.3514565625 0.6178622046875 0.345497459375 0.62482825625 0.341831025 0.6479772046875001 0.3562716328125 0.6641066671875 0.38572486562499997 0.6697603359375 0.40486338125000004 0.6638929625000001 0.41082248281249995 0.65692690625 0.41418337968749996 0.6357070375 0.4034482640625 0.6191757296875
1 0.48409144531250003 0.63886950625 0.47213418437500004 0.6300545109375 0.44134394375 0.6251778156250001 0.4239628390625 0.635278484375 0.4193797984375 0.6642146640625 0.42866304218750007 0.6745836062499999 0.44123138125 0.6795404421875 0.456473734375 0.682943328125 0.47129568749999995 0.6813359546875 0.486308309375 0.670860159375 0.4893636703125 0.6515693671875 0.48409144531250003 0.63886950625
1 0.5595772718750001 0.6528027546875 0.5455570640625 0.641683553125 0.526914759375 0.6367534328125 0.509724328125 0.637985678125 0.4973857203125 0.6469075265625001 0.49135080468750003 0.6696813390624999 0.5020859265625 0.6862126484375 0.512285784375 0.6907943546875 0.5396760734375 0.6941438109375 0.5537720859374999 0.6894552515625 0.5624052093749999 0.6809352515625 0.564849496875 0.6655026203125 0.5595772718750001 0.6528027546875
1 0.62577985 0.6563670671875 0.5952951453125 0.649561290625 0.5828416734374999 0.6515438 0.57317708125 0.6589116984375 0.5682885046874999 0.6897769593749999 0.5857086640625 0.7024233953125 0.612793415625 0.7077019328125 0.62956345 0.701459425 0.636439159375 0.6887061375 0.636514971875 0.6728983765625001 0.62577985 0.6563670671875
1 0.6944657750000001 0.6672458484375 0.6684124953125 0.6631194140625001 0.654316475 0.6678079703125 0.645683353125 0.6763279734375 0.6434687953125 0.7056392890625001 0.6656259140625 0.7190359843749999 0.6832367484375 0.7228140015625 0.7100917703125 0.7142138578125 0.7120007984375001 0.6868316250000001 0.703328621875 0.6726045265625 0.6944657750000001 0.6672458484375
1 0.7465723343749999 0.6754987171875 0.72475980625 0.68292004375 0.717273021875 0.6995314890625 0.718954621875 0.7195725375 0.7390487984375 0.730665028125 0.773544528125 0.7351398812500001 0.788251615625 0.7265931609375 0.790466171875 0.6972818515625 0.7814884656250001 0.684983828125 0.7465723343749999 0.6754987171875
1 0.854911346875 0.6966128703125001 0.8247321765625 0.6878780203125 0.8122787062500001 0.6898605234375 0.8002456328124999 0.6968532921875 0.79390518125 0.721556184375 0.79505151875 0.729647634375 0.802271821875 0.7377123640625001 0.826377025 0.7464739328125 0.8493358890625 0.747144053125 0.8640429765625001 0.7385973328125 0.8715297609375 0.7219858875 0.8645001296875 0.7050527359375 0.854911346875 0.6966128703125001
1 0.8054811015625001 0.74810801875 0.7915757609375 0.74392815625 0.7740797875000001 0.7470894796875001 0.761741184375 0.7560113296875001 0.7586858234375 0.7753021171875 0.7622006375 0.78376869375 0.769420940625 0.7918334265625 0.7819892734375 0.7967902609374999 0.797231628125 0.800193146875 0.822023709375 0.7892887921875 0.82507906875 0.76999800625 0.8195013093749999 0.7592272203125 0.8054811015625001 0.74810801875
1 0.7372155828125 0.7422395015625 0.721132428125 0.7288160875 0.6971420937499999 0.7269938640625 0.679455453125 0.739023609375 0.6757890203125 0.762172553125 0.692598109375 0.778677146875 0.7149459015625 0.7832054281249999 0.7320214703125 0.7750338390625 0.7379805734375 0.7680677874999999 0.7407303984375 0.750706075 0.7372155828125 0.7422395015625
1 0.6459521390625 0.712953759375 0.6172248390624999 0.7103812734375 0.6028232890624999 0.716998909375 0.59655865 0.7258940453125 0.5941143624999999 0.741326675 0.597629175 0.74979325 0.619480759375 0.765119028125 0.64450256875 0.7680933578125 0.6621892109374999 0.7560636140625 0.66585564375 0.732914665625 0.6571834671875 0.7186875671874999 0.6459521390625 0.712953759375
1 0.5464759781249999 0.6971982828125001 0.5297059453124999 0.7034407921875 0.5237468375 0.7104068421874999 0.5206914765625 0.7296976328125 0.524206296875 0.7381642078125 0.541931990625 0.7488815671875 0.57169075625 0.7526061546875 0.5896829343750001 0.738647334375 0.5924327593750001 0.7212856234375 0.5772662171875 0.702074978125 0.5464759781249999 0.6971982828125001
1 0.48046406875000003 0.6847655515625 0.4539145828125 0.69143661875 0.44764993750000004 0.7003317499999999 0.44520564843750005 0.7157643796875 0.45357229062500004 0.731920559375 0.4637721484375 0.7365022640625 0.4908569 0.7417808015625 0.5076269328125 0.7355382953125 0.5145784546875001 0.7069772453125001 0.5100321640625001 0.6973585625000001 0.48046406875000003 0.6847655515625
1 0.42125207187499997 0.6753872921874999 0.397567265625 0.6716359875 0.3781232203125 0.679432446875 0.37216411250000003 0.686398496875 0.3726235703125 0.7141558625 0.384275296875 0.724899934375 0.394780690625 0.7275525593750001 0.41743401875 0.730151759375 0.4374891359375 0.7184971453125 0.4414611046875 0.693419121875 0.43248339687500004 0.6811211046875 0.42125207187499997 0.6753872921874999
1 0.3522606078125 0.666437590625 0.3217759046875 0.659631815625 0.3023318578125 0.6674282734375 0.2950747984375 0.697918403125 0.3074524640625 0.711743659375 0.339274175 0.71777245625 0.358718225 0.7099759999999999 0.3650586703125 0.68527310625 0.36184939374999997 0.6748774515625 0.3522606078125 0.666437590625
1 0.2696693453125 0.651378946875 0.23857356406250002 0.6484313312500001 0.2208869234375 0.6604610765625 0.2175260265625 0.68168094375 0.22104084687499997 0.69014751875 0.2350610546875 0.7012667203125 0.24556644374999997 0.70391934375 0.2634828125 0.705768284375 0.2832323984375 0.6960427515625 0.28957284375 0.6713398578125 0.2829636140625 0.659416965625 0.2696693453125 0.651378946875
1 0.165150684375 0.6368022890625 0.14776957968749999 0.6469029546875 0.1420402 0.667747690625 0.1527753234375 0.684279 0.1606066984375 0.688485575 0.18532297343749998 0.69338898125 0.2077465734375 0.682109496875 0.2117185421875 0.6570314749999999 0.1959409234375 0.641678984375 0.165150684375 0.6368022890625
1 0.08966485937499999 0.6228690375 0.06930419843749999 0.63645273125 0.0662488390625 0.6557435171875 0.069763659375 0.6642100921874999 0.0769839609375 0.6722748281250001 0.0895522953125 0.6772316625 0.1095316109375 0.681384809375 0.1343236875 0.6704804546875 0.13860119375 0.6434733515625 0.1275605390625 0.6288711234375 0.08966485937499999 0.6228690375
1 0.08523573437500001 0.6814916625 0.07430994375 0.6738287734374999 0.048256662500000005 0.6697023390625 0.031486628125 0.675944846875 0.025527526562500003 0.682910903125 0.019798146875 0.7037556359375 0.038364646875000005 0.7244935203125 0.0607124390625 0.729021796875 0.07079742812499999 0.7266641625 0.08581005625 0.7161883671875 0.0918449640625 0.693414553125 0.08523573437500001 0.6814916625
1 0.1406273890625 0.684332425 0.11633151093750001 0.6844392796875 0.10429844375 0.6914320453125 0.0980337984375 0.700327178125 0.095589509375 0.7157598078125 0.0991043296875 0.7242263875 0.116218953125 0.7388019046875 0.13146130625000002 0.7422047890625 0.14658879062500002 0.738668334375 0.16282356250000002 0.7204762265625 0.1635104421875 0.7008103046875 0.1406273890625 0.684332425
1 0.1971653734375 0.695264634375 0.1803953421875 0.7015071421875 0.1744362328125 0.70847319375 0.1707698 0.7316221421875 0.1841789359375 0.7465995015625 0.1943787921875 0.75118120625 0.2146636453125 0.7534052734375 0.2347187625 0.7417506625 0.23899626718750003 0.7147435578125 0.230018553125 0.7024455390625 0.1971653734375 0.695264634375
1 0.3048933078125 0.7202369453124999 0.29366198125 0.7145031375 0.2673031640625 0.7123057828125 0.252290540625 0.722781578125 0.24892964375 0.7440014453125 0.26306471249999996 0.7620599875 0.2877809890625 0.7669633953125 0.304551021875 0.7607208859375 0.3108156609375 0.7518257546875 0.3135654859375 0.73446404375 0.3048933078125 0.7202369453124999
1 0.3877901125 0.7333665093749999 0.3721273609375 0.7249533625 0.341031584375 0.7220057453125001 0.3316725296875 0.7274445625 0.3247968125 0.74019785625 0.3261728796875 0.762167984375 0.335456125 0.772536921875 0.35039294062500004 0.7778688875 0.365940834375 0.7793426984375 0.3736573421875 0.7766099328125 0.38897550625 0.7642050578124999 0.3926419375 0.7410561140625 0.3877901125 0.7333665093749999
1 0.46151853281250005 0.743066475 0.4502872046875 0.737332665625 0.42897088281249995 0.7339564921874999 0.41384339375 0.73749294375 0.40685281875 0.743306896875 0.4049437921875 0.7706891265625 0.419384403125 0.78681859375 0.4464691546875 0.79209713125 0.463850259375 0.7819964671874999 0.47072596874999995 0.7692431765625 0.470496240625 0.7553644921875 0.46151853281250005 0.743066475
1 0.542161715625 0.762760246875 0.5240156218750001 0.747032628125 0.4976568046875 0.7448352734375 0.48027569999999997 0.7549359375 0.4769148046875 0.7761558015625 0.48042961718750005 0.7846223796875 0.495175765625 0.7988227671875 0.5175235578125 0.80335104375 0.534293590625 0.7971085343750001 0.5429267062500001 0.7885885328125 0.54567653125 0.771226821875 0.542161715625 0.762760246875