0 0.8875989859375 0.0561895015625 0.883533621875 0.06574617031249999 0.8822270234375 0.073221278125 0.8893422890625 0.0873203640625 0.8982576812499999 0.08838056562499999 0.9026425921874999 0.08247634375 0.9033100953125001 0.06769635 0.8973274468750001 0.055338371875 0.8875989859375 0.0561895015625
0 0.854522209375 0.0590833453125 0.85045684375 0.0686400140625 0.849150246875 0.07611512031249999 0.8562655124999999 0.0902142078125 0.8612895187499999 0.0916148609375 0.867300575 0.081887965625 0.8682876265624999 0.0707604203125 0.8623049796875 0.058402440624999996 0.854522209375 0.0590833453125
0 0.8175540453125001 0.062317640625000004 0.815114825 0.06805164218750001 0.8144473218750001 0.082831628125 0.8212430421875 0.0932782765625 0.82626705 0.0946789296875 0.8322781062500001 0.084952034375 0.8332651578125001 0.0738244890625 0.827282509375 0.061466509375 0.8175540453125001 0.062317640625000004
0 0.7820380484375 0.0709454859375 0.7816900921875 0.0893779125 0.786220571875 0.0963423453125 0.795135965625 0.097402546875 0.7992013265625 0.087845878125 0.7979231375 0.0732361171875 0.792260040625 0.0645305796875 0.7820380484375 0.0709454859375
0 0.7494547984375 0.068275553125 0.745389434375 0.0778322203125 0.7466676234375 0.09244198125 0.751198103125 0.0994064140625 0.7581678015625 0.10063684218749999 0.7641788578125001 0.09090994687500001 0.7629006687500001 0.0763001859375 0.7572375671875 0.0675946484375 0.7494547984375 0.068275553125
0 0.7163780234375 0.0711693953125 0.711006059375 0.0882011703125 0.7119647 0.099158496875 0.7164951796875 0.106122925 0.725410571875 0.107183125 0.7294759359375 0.0976264625 0.7278781999999999 0.07936425625 0.72026940625 0.07082894375 0.7163780234375 0.0711693953125
0 0.6777837124999999 0.07822635781250001 0.675983590625 0.091265240625 0.6766226843750001 0.09857011875 0.685364096875 0.10884654062500002 0.6900685546875 0.106594753125 0.6941339203125 0.097038084375 0.69285573125 0.082428325 0.6871926296875001 0.07372278593750001 0.6777837124999999 0.07822635781250001
0 0.64633308125 0.0772975328125 0.642267715625 0.086854203125 0.6435459046875 0.1014639625 0.6480763875 0.1084283953125 0.656991778125 0.10948859687500001 0.6610571390625 0.099931928125 0.6597789515625 0.08532216718749999 0.6541158546875 0.0766166296875 0.64633308125 0.0772975328125
0 0.6113106125 0.080361603125 0.60887139375 0.08609560468750001 0.6085234359375 0.10452803125000001 0.6133734625 0.11514490625 0.6222888531249999 0.11620510625 0.626673765625 0.11030088281249999 0.627021721875 0.0918684515625 0.6210390765625 0.079510471875 0.6113106125 0.080361603125
0 0.57628814375 0.083425671875 0.5738489234374999 0.0891596734375 0.5731814187500001 0.1039396609375 0.5802966859375001 0.1180387484375 0.587266384375 0.119269175 0.59295789375 0.105889840625 0.591360159375 0.0876276390625 0.587962296875 0.082404315625 0.57628814375 0.083425671875
0 0.5674615000000001 0.1394038671875 0.561769990625 0.152783203125 0.5630481796875 0.1673929625 0.567578659375 0.17435739687500001 0.5745483578125 0.175587821875 0.57812019375 0.1715949296875 0.5818660125 0.158385821875 0.573298578125 0.1388931890625 0.5674615000000001 0.1394038671875
0 0.6005382765625 0.136510025 0.596153365625 0.142414253125 0.5980706484375 0.16432889374999998 0.6003358890625 0.1678111125 0.609251278125 0.1688713140625 0.6136361906250001 0.16296708437500002 0.6146232421875 0.1518395375 0.608321046875 0.1358291203125 0.6005382765625 0.136510025
0 0.631175834375 0.1393501828125 0.6308278781250001 0.157782609375 0.6353583578124999 0.16474704375 0.64621944375 0.16563701875 0.648658659375 0.159903015625 0.6470609234375 0.141640815625 0.6413978265625 0.13293527656249998 0.631175834375 0.1393501828125
0 0.6642526109375 0.136456340625 0.665850346875 0.15471854062499998 0.670380828125 0.161682975 0.6773505281250001 0.1629134015625 0.6833615843749999 0.15318650625000002 0.6840290875 0.1384065203125 0.6741550562499999 0.12638899374999998 0.6642526109375 0.136456340625
0 0.7017143 0.12765826875 0.6982880328125 0.1445198171875 0.7031380578124999 0.15513668593750002 0.7139991421875 0.156026665625 0.7177449593749999 0.14281755625 0.717105865625 0.1355126765625 0.711442765625 0.12680713906250002 0.7017143 0.12765826875
0 0.734297553125 0.1303282015625 0.7358952890625 0.148590403125 0.738160528125 0.1520726171875 0.7490216109375 0.152962596875 0.7530869765625 0.143405928125 0.7484109265625001 0.12357284375 0.7422543015625 0.12043108124999999 0.734297553125 0.1303282015625
0 0.7733853859375001 0.11770746406249999 0.7673743296875 0.127434359375 0.768972065625 0.14569655937499998 0.7712373046875001 0.149178775 0.784044084375 0.1498985265625 0.7864833 0.14416452500000002 0.7848855640625 0.125902325 0.7792224640625001 0.1171967859375 0.7733853859375001 0.11770746406249999
0 0.8064621640625 0.114813621875 0.80045110625 0.12454051562499999 0.8017292953125 0.1391502765625 0.8062597765625 0.1461147046875 0.8171208609375 0.147004684375 0.8195600765625001 0.1412706828125 0.8202275796875 0.126490696875 0.816510175 0.11761493125 0.8064621640625 0.114813621875
0 0.84148463125 0.11174955312499998 0.8370997234375 0.11765377968749999 0.8364322203125001 0.1324337671875 0.8412822453125001 0.1430506359375 0.8501976359375 0.144110840625 0.8545825484374999 0.1382066125 0.8549305046875 0.1197741859375 0.8492674046875001 0.1110686484375 0.84148463125 0.11174955312499998
0 0.874880959375 0.11250815 0.8714546875 0.12936969843749999 0.876304715625 0.1399865671875 0.8871657984375 0.140876546875 0.8912311624999999 0.13131987812499998 0.8899529749999999 0.11671011718749999 0.8803984890625 0.10834503124999999 0.874880959375 0.11250815
0 0.8988115453125 0.16194006249999998 0.894426634375 0.1678442859375 0.8934395828125 0.1789718375 0.8963439171875001 0.18975893125 0.90055485 0.19307091875 0.9075245484375 0.1943013515625 0.9119094593750001 0.18839712343749998 0.9122574171875 0.1699646953125 0.906594315625 0.1612591578125 0.8988115453125 0.16194006249999998
0 0.8820281546875 0.227815371875 0.88330634375 0.2424251390625 0.8878368218749999 0.24938956562499998 0.8967522140625 0.250449771875 0.900817578125 0.24089310312499998 0.8992198421875001 0.222630896875 0.8916110500000001 0.2140955859375 0.8820281546875 0.227815371875
0 0.863789078125 0.16500413125 0.8584171156249999 0.18203590625 0.8674780734375 0.1959647625 0.874128225 0.193542753125 0.8781935890625 0.183986084375 0.877234946875 0.173028765625 0.871571846875 0.1643232265625 0.863789078125 0.16500413125
0 0.8287666046875 0.1680682 0.82438169375 0.1739724234375 0.8233946421875 0.185099975 0.8305099109375 0.1991990578125 0.8374796109375 0.20042948906250002 0.8434906671875 0.19070259375 0.842212478125 0.176092834375 0.8365493765625001 0.16738729531250002 0.8287666046875 0.1680682
0 0.789678771875 0.18068893749999998 0.7909569609375 0.1952986984375 0.7954874390625 0.20226312656249998 0.8063485265624999 0.20315310625 0.8087877406249999 0.19741910468749999 0.8057378406250001 0.173763353125 0.7956898296875 0.17096204375 0.789678771875 0.18068893749999998
0 0.7559629 0.1762778953125 0.755934490625 0.1983627671875 0.7604649703125 0.2053271953125 0.771326053125 0.206217175 0.775710965625 0.200312946875 0.7737936828125 0.1783983015625 0.770395825 0.17317498125 0.7559629 0.1762778953125
0 0.725644890625 0.17709018125 0.721579525 0.18664685 0.7231772609375 0.20490905 0.7254425015625 0.208391265625 0.736303584375 0.20928124375 0.738742803125 0.20354724218750003 0.7394103078125001 0.18876725625 0.7334276609375 0.1764092765625 0.725644890625 0.17709018125
0 0.6922485671875 0.1763315828125 0.6865570578125 0.18971091874999998 0.6878352453125001 0.20432067968749998 0.69155265 0.21319644375000002 0.6985223484375 0.21442686875 0.7032268078125 0.2121750875 0.707292171875 0.20261841875000003 0.7079596765625 0.18783843281249998 0.69808564375 0.17582090625 0.6922485671875 0.1763315828125
0 0.6591717859374999 0.1792254265625 0.6531607328125 0.1889523171875 0.652493225 0.2037323078125 0.65734325625 0.2143491765625 0.6682043375 0.21523915625 0.672269703125 0.2056824875 0.6706719671875 0.1874202828125 0.6650088656250001 0.1787147484375 0.6591717859374999 0.1792254265625
0 0.616512115625 0.1958390578125 0.6181098515625 0.21410125781249997 0.6226403296874999 0.221065684375 0.6315557203125 0.2221258921875 0.6356210859375 0.2125692234375 0.6325711843749999 0.18891347187500002 0.6205774796875 0.1862823890625 0.616512115625 0.1958390578125
0 0.5894463953125 0.1890060046875 0.5834353390625 0.1987329 0.5824482875 0.2098604453125 0.5895635546875 0.22395952812500003 0.59847894375 0.225019734375 0.602544309375 0.215463065625 0.6009465734375 0.197200865625 0.59333778125 0.188665553125 0.5894463953125 0.1890060046875
0 0.5764088203125 0.24167220781249998 0.5703977640625 0.2513991015625 0.5719955 0.2696613078125 0.578471671875 0.27645550937499996 0.5854413703125 0.2776859421875 0.5908133328125 0.2606541671875 0.5879089984375 0.24986706718749999 0.58030020625 0.24133175625 0.5764088203125 0.24167220781249998
0 0.5948218796875 0.2952672390625 0.592382659375 0.301001240625 0.5920347031250001 0.319433671875 0.598830421875 0.3298803140625 0.6077458124999999 0.3309405203125 0.6118111765625 0.3213838515625 0.61247868125 0.306603859375 0.6064960328125 0.29424588281249997 0.5948218796875 0.2952672390625
0 0.6098051453125 0.242430809375 0.6057397812499999 0.25198747187500004 0.6070179703125 0.2665972390625 0.6115484484375 0.273561665625 0.6204638390625 0.2746218734375 0.6245292046875 0.2650652046875 0.623251015625 0.2504554375 0.6195336109375 0.2415796796875 0.6098051453125 0.242430809375
0 0.642881921875 0.2395369671875 0.6404427015625 0.24527096249999997 0.6397752 0.2600509546875 0.6465709203125 0.27049759687499997 0.6535406187499999 0.2717280296875 0.6579255265625 0.26582380156249996 0.658593034375 0.251043815625 0.6526103875 0.2386858359375 0.642881921875 0.2395369671875
0 0.675465175 0.24220689375 0.6744781203125 0.2533344453125 0.6773824578125 0.26412154062500004 0.6815933890625 0.267433528125 0.6905087796875 0.268493734375 0.6945741437499999 0.25893706562499996 0.6915242421875 0.235281315625 0.68147623125 0.23248000000000002 0.675465175 0.24220689375
0 0.747629784375 0.22669231406249998 0.7435644203125 0.23624898125 0.7451621562499999 0.2545111890625 0.747427396875 0.257993403125 0.760234171875 0.25871315625 0.7626733906250001 0.2529791546875 0.7610756546874999 0.23471694687500003 0.755412553125 0.2260114109375 0.747629784375 0.22669231406249998
0 0.714553009375 0.22958615781249997 0.708861496875 0.242965490625 0.7124049265625 0.261057471875 0.7166158593749999 0.264369459375 0.7235855578125 0.2655998921875 0.727650921875 0.25604322343749997 0.7260531859375 0.23778101562499998 0.7184443921875 0.22924570625000001 0.714553009375 0.22958615781249997
0 0.8157290312500001 0.22073440312499998 0.811663665625 0.23029107031249998 0.8132614015625 0.24855327656249998 0.8155266453125 0.252035490625 0.8283334203124999 0.25275524374999997 0.8307726359375 0.2470212421875 0.828855353125 0.22510659687499998 0.8235118031249999 0.2200534984375 0.8157290312500001 0.22073440312499998
0 0.77826734375 0.2295324734375 0.7775998390625001 0.24431246406249998 0.7843955609375 0.2547591078125 0.79136525625 0.2559895390625 0.7973763125 0.2462626453125 0.7927002671875 0.2264295609375 0.7826522546875 0.22362824531249997 0.77826734375 0.2295324734375
0 0.8507515 0.21767033281249998 0.8466861390625 0.22722699999999998 0.8482838750000001 0.2454892078125 0.85249480625 0.2488011953125 0.8614101968749999 0.24986140156249997 0.867421253125 0.24013450625 0.8661430640625 0.225524740625 0.860479965625 0.21681920312499997 0.8507515 0.21767033281249998
0 0.9080784140624999 0.2678608421875 0.90401305 0.277417509375 0.9056107859375 0.29567971718749997 0.9120869562499999 0.30247391874999996 0.9190566546875001 0.30370435156250003 0.9247481656250001 0.290325015625 0.9234699765625001 0.27571525 0.9178068749999999 0.2670097125 0.9080784140624999 0.2678608421875
0 0.8730559453125 0.2709249125 0.870616725 0.2766589140625 0.869949221875 0.2914389046875 0.8747992484375 0.302055775 0.8837146390624999 0.3031159796875 0.8894061484375 0.28973664375 0.8884475078125 0.27877931875 0.8827844078125 0.27007378125 0.8730559453125 0.2709249125
0 0.838033471875 0.27398898125 0.8339681078125001 0.28354564843749996 0.8352462968750001 0.2981554140625 0.8417224718749999 0.3049496171875 0.8486921703125001 0.3061800484375 0.8530770828125 0.3002758203125 0.853744584375 0.285495828125 0.8477619375 0.27313785 0.838033471875 0.27398898125
0 0.8030110031250001 0.27705305 0.800571784375 0.28278705312499997 0.8002238281249999 0.301219484375 0.8047543062500001 0.3081839125 0.8156153937499999 0.3090738921875 0.818054609375 0.3033398890625 0.8184025687500001 0.28490745624999997 0.81273946875 0.2762019203125 0.8030110031250001 0.27705305
0 0.76830808125 0.2837695578125 0.7658688625 0.28950356093749996 0.7697318390625 0.31124798125 0.7825386171875001 0.31196773437499997 0.7846582859375 0.3025812921875 0.78306055 0.2843190875 0.777716996875 0.2792659890625 0.76830808125 0.2837695578125
0 0.7349117578125 0.2830109625 0.7308463921875 0.2925676296875 0.73212458125 0.3071773953125 0.7366550609375 0.314141825 0.745570453125 0.3152020296875 0.7496358171875 0.3056453609375 0.7483576281250001 0.2910355953125 0.742694528125 0.2823300578125 0.7349117578125 0.2830109625
0 0.7096177515625001 0.2852239015625 0.6998892859375 0.28607503125 0.695823925 0.2956316984375 0.6974216609375 0.3138939046875 0.70389783125 0.32068810625 0.7108675296875 0.3219185390625 0.71443936875 0.31792564687499997 0.7181851859374999 0.3047165375 0.717546090625 0.2974116515625 0.7096177515625001 0.2852239015625
0 0.6648668171875001 0.2891391 0.6608014515625 0.2986957671875 0.6646644312500001 0.3204401890625 0.6708210546875 0.32358195 0.6794168984375 0.320989715625 0.6828431671875 0.30412816249999997 0.6799388359375 0.29334106718749997 0.6723300421875 0.28480575625000004 0.6648668171875001 0.2891391
0 0.631790040625 0.29203294375 0.6274051296875001 0.297937171875 0.6293224125 0.3198518171875 0.637744278125 0.3264757921875 0.6443944296875 0.324053784375 0.6465140984375 0.31466734218750003 0.64555545625 0.3037100171875 0.6395728125 0.2913520390625 0.631790040625 0.29203294375
0 0.5840495437500001 0.3514156578125 0.5799841781249999 0.3609723265625 0.5812623671875 0.37558209374999996 0.585792846875 0.38254652031249997 0.5966539296875 0.3834364953125 0.5990931500000001 0.3777025 0.5997606531249999 0.3629225078125 0.5960432453125 0.3540467421875 0.5840495437500001 0.3514156578125
0 0.6210177046875 0.3481813640625 0.6150066484375001 0.3579082578125 0.618550078125 0.3760002390625 0.6227610078125 0.3793122265625 0.6297307062499999 0.380542653125 0.633796071875 0.37098599062500004 0.632517884375 0.3563762234375 0.6268547828125001 0.3476706859375 0.6210177046875 0.3481813640625
0 0.6521487890625 0.345457746875 0.6480834265625 0.355014415625 0.6493616140625 0.36962418124999996 0.6538920921875 0.376588609375 0.6647531796874999 0.3774785828125 0.6671923953125 0.3717445875 0.6675403546875 0.3533121546875 0.6618772546875 0.344606615625 0.6521487890625 0.345457746875
0 0.6868517109375001 0.33874123906250003 0.6844124953125 0.344475240625 0.6843840828125 0.3665601125 0.6889145640625001 0.3735245390625 0.6978299546875 0.37458474062499997 0.7035214640625 0.3612054046875 0.7022432765625 0.3465956453125 0.6965801765624999 0.3378901078125 0.6868517109375001 0.33874123906250003
0 0.72219373125 0.3393296078125 0.7181283656249999 0.3488862765625 0.7194065546874999 0.36349604375 0.723937034375 0.37046047031249996 0.732852425 0.37152067187500004 0.7369177890625 0.361964009375 0.7356396000000001 0.3473542421875 0.7299765 0.3386487046875 0.72219373125 0.3393296078125
0 0.7552705078125 0.336435765625 0.7518442375000001 0.353297315625 0.7609051953125 0.367226175 0.7695010390625 0.36463393593750004 0.7716207109375001 0.35524749375 0.7680772828125 0.33715552031249996 0.76273373125 0.332102421875 0.7552705078125 0.336435765625
0 0.791919121875 0.32954903125 0.7881733046875 0.34275813906249997 0.78945149375 0.3573679046875 0.79592766875 0.36416210625 0.8009516703124999 0.365562759375 0.806962728125 0.3558358703125 0.8053649921874999 0.3375736640625 0.7997018953125 0.32886812656250003 0.791919121875 0.32954903125
0 0.826941590625 0.32648496250000003 0.821569628125 0.3435167359375 0.824473965625 0.35430383593750003 0.8309501359375 0.3610980375 0.837919834375 0.3623284640625 0.8436113437499999 0.34894912968749997 0.8423331562499999 0.33433936875 0.83667005625 0.32563383125 0.826941590625 0.32648496250000003
0 0.8600183671874999 0.32359111875 0.8575791515625 0.329325121875 0.8565921015625 0.3404526671875 0.8640269140625 0.35820419375 0.8709966109374999 0.3594346203125 0.8770076687499999 0.3497077328125 0.8779947203124999 0.33858018125 0.8739577640625 0.326051975 0.8600183671874999 0.32359111875
0 0.8953603875 0.3241794890625 0.8929211671875 0.32991349062499997 0.891934115625 0.3410410390625 0.8990493828125 0.35514012500000003 0.9079647734374999 0.3562003265625 0.9120301390625001 0.3466436640625 0.9107519500000001 0.33203389687499996 0.907034540625 0.3231581328125 0.8953603875 0.3241794890625
0 0.91734528125 0.37378162812500004 0.9132799171875 0.3833382953125 0.91455810625 0.39794805625 0.9232995203125001 0.408224478125 0.9283235218750001 0.40962513125 0.9359607249999999 0.39607556875 0.9324172984375 0.377983596875 0.924808503125 0.369448284375 0.91734528125 0.37378162812500004
0 0.88426850625 0.376675471875 0.880203140625 0.3862321390625 0.8818008765625001 0.4044943390625 0.884066115625 0.40797655937500005 0.896872890625 0.4086963078125 0.8993121109375 0.4029623046875 0.897714375 0.3847001046875 0.892051275 0.3759945671875 0.88426850625 0.376675471875
0 0.851191728125 0.3795693140625 0.8451806718749999 0.3892962078125 0.8464588609374999 0.4039059671875 0.8509893390625001 0.410870403125 0.8599047296875 0.4119306015625 0.8642896406249999 0.4060263734375 0.8652766921874999 0.394898828125 0.85702880625 0.3790586359375 0.851191728125 0.3795693140625
0 0.8142235640625 0.382803609375 0.8101581984375 0.3923602765625 0.8114363875 0.4069700375 0.8159668703125 0.41393447187500004 0.826827953125 0.41482444531249996 0.829267171875 0.4090904421875 0.8299346765625 0.39431045625 0.823952028125 0.3819524796875 0.8142235640625 0.382803609375
0 0.7767618765625001 0.39160168125 0.775774825 0.40272922656250004 0.7809443984375 0.41699854218750004 0.791805484375 0.4178885140625 0.7942447015625 0.4121545125 0.792646965625 0.3938923109375 0.7869838640625 0.385186775 0.7767618765625001 0.39160168125
0 0.74255248125 0.3927544125 0.7401132609375 0.39848841562500004 0.7439762375 0.42023283593749994 0.7567830109375 0.4209525828125 0.7605288296875 0.4077434765625 0.7576244953125 0.39695638125 0.7542266343749999 0.39173305625 0.74255248125 0.3927544125
0 0.7094757 0.39564825625 0.7054103390625001 0.40520492499999994 0.70636898125 0.41616224375 0.710899459375 0.42312667968750006 0.72176054375 0.424016653125 0.7258259078125 0.414459984375 0.724867265625 0.4035026640625 0.7130475421875 0.3916553640625 0.7094757 0.39564825625
0 0.6760793765625001 0.3948896609375 0.6720140156250001 0.40444632656249996 0.6736117515625 0.422708528125 0.6758769921875001 0.42619074843750004 0.688683765625 0.42691049531249997 0.6911229859375 0.42117649375 0.68952525 0.40291429218749997 0.6838621484375 0.39420875624999996 0.6760793765625001 0.3948896609375
0 0.6413764546875 0.40160616875 0.637311090625 0.41116283593749997 0.6385892796875 0.425772596875 0.6450654546875 0.43256680468750003 0.65008945625 0.4339674578125 0.6561005125 0.4242405625 0.654822325 0.4096308015625 0.649159228125 0.4009252640625 0.6413764546875 0.40160616875
0 0.6019690734375 0.410574465625 0.603566809375 0.428836665625 0.6080972906250001 0.43580110000000005 0.618958371875 0.43669107343749997 0.62238464375 0.4198295265625 0.619480309375 0.40904243124999995 0.6118715171875 0.4005071203125 0.6019690734375 0.410574465625
0 0.59494255625 0.45351377968750006 0.5889314999999999 0.46324067187500007 0.5905292359375001 0.4815028734375 0.5950597156249999 0.4884673015625 0.607866490625 0.4891870546875 0.6122514031249999 0.48328282656250005 0.6106536671875 0.4650206265625 0.6069362609375 0.45614486249999997 0.59494255625 0.45351377968750006
0 0.6263931875 0.45444260156249994 0.6239539703125 0.460176603125 0.6255517046875 0.4784388046875 0.6320278765625 0.48523300625 0.638997575 0.48646343906249995 0.6430629406249999 0.47690677031249995 0.6417847515624999 0.462297009375 0.63612165 0.453591471875 0.6263931875 0.45444260156249994
0 0.6630418031249999 0.44755586718749996 0.65735029375 0.4609352015625 0.6608937203125 0.47902717499999997 0.6693155875000001 0.48565115625 0.67791143125 0.48305891718750005 0.6800311046874999 0.473672475 0.67843336875 0.4554102734375 0.6727702671875 0.4467047375 0.6630418031249999 0.44755586718749996
0 0.6961185796875 0.44466202499999996 0.6923727625 0.45787113125 0.69591619375 0.47596310624999993 0.7001271250000001 0.4792750953125 0.710988209375 0.48016507343750003 0.714734025 0.46695596562499997 0.7134558375 0.45234620468750003 0.7035818046875 0.4403286796875 0.6961185796875 0.44466202499999996
0 0.7314605984375 0.44525039375000003 0.7290213796875 0.450984396875 0.728034328125 0.46211194375 0.73514959375 0.476211025 0.7421192921875 0.47744145781249997 0.74813035 0.4677145625 0.7468521609375001 0.4531048015625 0.7411890609375 0.44439926406249997 0.7314605984375 0.44525039375000003
0 0.768428759375 0.4420160984375 0.76273725 0.455395434375 0.765641584375 0.46618252812499994 0.772117759375 0.4729767296875 0.7771417609375 0.47437738749999997 0.78315281875 0.46465049374999995 0.7821941781249999 0.4536931734375 0.7762115296875 0.4413351953125 0.768428759375 0.4420160984375
0 0.8015055375 0.43912225625 0.7974401734375001 0.448678925 0.7987183609375 0.463288684375 0.8051945359375001 0.4700828875 0.8121642343750001 0.47131331875000004 0.8165491421875 0.465409090625 0.8168971 0.44697666406250003 0.8112340031249999 0.438271125 0.8015055375 0.43912225625
0 0.8384736984375 0.43588796093750004 0.834088790625 0.4417921890625 0.8360060734375001 0.46370682968750004 0.8382713109375001 0.46718904375000003 0.8491323953125001 0.4680790234375 0.853197759375 0.45852235468749997 0.8519195703125 0.4439125953125 0.8462564703125001 0.43520705625 0.8384736984375 0.43588796093750004
0 0.8696047828125 0.43316434375 0.8674851125 0.4425507859375 0.871028540625 0.4606427609375 0.8838353187499999 0.46136251406250006 0.8862745359374999 0.45562851249999997 0.8846768 0.4373663109375 0.8812789406249999 0.43214298749999996 0.8696047828125 0.43316434375
0 0.906572946875 0.42993004843750005 0.9025075828125001 0.4394867171875 0.9037857718750001 0.454096478125 0.9083162515625001 0.46106090625 0.917231640625 0.46212111250000004 0.921616553125 0.45621688281250006 0.9222840578125 0.441436896875 0.916301409375 0.42907891875 0.906572946875 0.42993004843750005
0 0.8935353734374999 0.4825962578125 0.8910961531250001 0.488330253125 0.890748196875 0.506762684375 0.8952786765624999 0.5137271140624999 0.906139759375 0.5146170921875 0.908578978125 0.508883090625 0.9095660296875 0.49775554531250005 0.9032638343749999 0.4817451265625 0.8935353734374999 0.4825962578125
0 0.9288773890625001 0.4831846265625 0.9264381703125 0.488918625 0.925131571875 0.49639373593749997 0.9283554531249999 0.5108332703125 0.9325663875 0.514145259375 0.9395360828125 0.515375690625 0.9439209953125 0.5094714625 0.9442689515625 0.4910390359375 0.9386058546875 0.48233349687500005 0.9288773890625001 0.4831846265625
0 0.8604585968749999 0.4854901 0.8547670875 0.498869434375 0.8557257281249999 0.509826753125 0.8602562062500001 0.5167911828125 0.8711172906250001 0.5176811625 0.8751826546875 0.50812449375 0.873904465625 0.49351472812499997 0.8682413656250001 0.484809196875 0.8604585968749999 0.4854901
0 0.8254361234375001 0.4885541703125 0.8194250671875001 0.4982810578125 0.8207032546875 0.5128908234375 0.8252337390625 0.5198552515625 0.8341491296875001 0.52091545625 0.838534040625 0.515011228125 0.8392015453124999 0.5002312421874999 0.8354841359374999 0.491355478125 0.8254361234375001 0.4885541703125
0 0.788787509375 0.495440903125 0.786348290625 0.5011749015625 0.7879460265625 0.5194371062500001 0.790211265625 0.5229193203125 0.8030180453125 0.5236390734375 0.8054572609375 0.517905071875 0.803859525 0.4996428671875 0.8004616671875 0.494419546875 0.788787509375 0.495440903125
0 0.7553911859375 0.4946823078125 0.751325821875 0.5042389703125 0.7529235578125 0.522501175 0.7571344890625 0.5258131640625 0.767995571875 0.52670314375 0.7704347921875 0.520969140625 0.76883705625 0.5027069359375 0.7631739546875 0.49400140312499996 0.7553911859375 0.4946823078125
0 0.71874256875 0.5015690421875 0.7146772078125 0.5111257109375 0.7179010875 0.5255652453125 0.724377259375 0.5323594468749999 0.729401265625 0.5337601046875 0.735092775 0.5203807703125001 0.7338145859375 0.5057710046875 0.7262057937499999 0.4972356984375 0.71874256875 0.5015690421875
0 0.6892376328125 0.50046999375 0.682907028125 0.5065444421875 0.682559071875 0.5249768734375 0.689354790625 0.535423515625 0.6963244890625 0.5366539484375 0.7003898546875 0.5270972796875 0.70105735625 0.5123172921875 0.69733995 0.503441528125 0.6892376328125 0.50046999375
0 0.6462584109375 0.5134311765625 0.6478561468749999 0.5316933828125 0.6523866296875 0.5386578109375 0.6632477125 0.539547790625 0.6673130734375 0.529991121875 0.664263171875 0.506335371875 0.6503237765625001 0.503874515625 0.6462584109375 0.5134311765625
0 0.6172469984375 0.5067683578125 0.6115554890625 0.5201476921875 0.6150989171875 0.538239665625 0.6193098484374999 0.5415516546875 0.628225240625 0.542611859375 0.632610153125 0.53670763125 0.6326385609375 0.514622759375 0.6292407046874999 0.509399440625 0.6172469984375 0.5067683578125
0 0.6025832796875 0.5632572296875 0.5988374609375 0.5764663328124999 0.599796103125 0.587423659375 0.6085375140625 0.5977000765625 0.6155072125000001 0.5989305078125 0.619572578125 0.5893738390625 0.6179748421875 0.57111163125 0.6123117406249999 0.5624061 0.6025832796875 0.5632572296875
0 0.6376057484375 0.5601931609374999 0.633540384375 0.5697498234375 0.6344990265625 0.5807071515625 0.6390295046875 0.5876715781249999 0.649890590625 0.588561553125 0.6523298078125 0.5828275546875 0.6533168578125 0.5717000031249999 0.6473342140625 0.55934203125 0.6376057484375 0.5601931609374999
0 0.6762000546875 0.5531361953125 0.6666171609375 0.5668559796875 0.667575803125 0.5778133078125001 0.674371525 0.5882599500000001 0.683286915625 0.5893201546875 0.6876718265624999 0.5834159265625 0.6880197828125 0.56498349375 0.6823566828125001 0.5562779609375 0.6762000546875 0.5531361953125
0 0.7079702343750001 0.5577174640625 0.7039048718750001 0.567274125 0.7048635140624999 0.5782314515625 0.7136049250000001 0.58850786875 0.7202550765625 0.586085859375 0.724320440625 0.576529190625 0.7233617984375 0.5655718656250001 0.715433459375 0.55338411875 0.7079702343750001 0.5577174640625
0 0.744299303125 0.5471782828125 0.738288246875 0.5569051765624999 0.7376207421875 0.5716851703125 0.7444164625 0.5821318109375 0.753331853125 0.5831920171875 0.7577167640625 0.5772877890625 0.75838426875 0.5625077953125001 0.7543473125 0.549979596875 0.744299303125 0.5471782828125
0 0.7757499359375 0.5481071109375 0.7733107171875 0.5538411078125 0.774908453125 0.5721033140625 0.7771736921875 0.575585528125 0.7899804703125 0.5763052765625 0.7924196875 0.5705712796875 0.7908219515625 0.5523090734375 0.78742409375 0.5470857546875 0.7757499359375 0.5481071109375
0 0.8127180984375 0.544872815625 0.8086527312499999 0.554429478125 0.8102504671874999 0.572691684375 0.814461403125 0.5760036734375 0.8214311015625 0.5772341046875 0.8274421562500001 0.567507209375 0.8261639671875001 0.5528974437499999 0.8205008703125 0.5441919109375 0.8127180984375 0.544872815625
0 0.8477405656249999 0.5418087468749999 0.84236860625 0.558840521875 0.845272940625 0.569627615625 0.8517491125 0.57642181875 0.8567731171874999 0.5778224765625 0.862784175 0.5680955812499999 0.8637712265624999 0.5569680359375 0.8555233390625 0.5411278421875 0.8477405656249999 0.5418087468749999
0 0.880817346875 0.538914903125 0.8783781265625 0.5446489015625 0.8777106218749999 0.55942889375 0.8845063421875 0.569875534375 0.8934217328124999 0.570935740625 0.8974870968750001 0.561379071875 0.8958893609375 0.543116865625 0.8924915 0.537893546875 0.880817346875 0.538914903125
0 0.9158398140624999 0.5358508343749999 0.9134005953125 0.54158483125 0.91499833125 0.5598470375 0.917263571875 0.5633292515625 0.9300703499999999 0.564049 0.9325095671874999 0.5583150031249999 0.9309118312500001 0.540052796875 0.9275139734375 0.534829478125 0.9158398140624999 0.5358508343749999
0 0.939770403125 0.5852827421875 0.9357050390625 0.5948394109375 0.9369832265625 0.6094491750000001 0.94183325625 0.62006604375 0.9526943390625 0.6209560171875 0.9570792484374999 0.6150517953125 0.9574272078125 0.5966193625 0.9494988671875 0.5844316109375 0.939770403125 0.5852827421875
0 0.9050674796875 0.5919992515625 0.901002115625 0.60155591875 0.9019607578125 0.6125132437499999 0.9107021718749999 0.6227896609375 0.9157261734375 0.6241903125 0.9210981374999999 0.6071585390625 0.92045904375 0.5998536578125 0.9147959421875 0.591148121875 0.9050674796875 0.5919992515625
0 0.8700450109375 0.5950633203125 0.8662991921875 0.608272428125 0.869523075 0.62271196875 0.8737340078125 0.62602395625 0.8807037046874999 0.62725438125 0.8863952156250001 0.613875053125 0.8854365734374999 0.6029177265625 0.8755625406249999 0.5909002015625 0.8700450109375 0.5950633203125
0 0.836648684375 0.5943047234375001 0.830957175 0.60768405625 0.8322353640625 0.6222938234375001 0.8367658453125 0.6292582515625 0.847626928125 0.630148225 0.8500661484375 0.624414228125 0.8507336499999999 0.6096342359375 0.840540071875 0.5939642703125 0.836648684375 0.5943047234375001
0 0.7980543765625 0.601361684375 0.79593470625 0.610748125 0.7991585859375 0.625187665625 0.80368906875 0.6321520953124999 0.8106587671875 0.6333825203125001 0.8160307296875 0.6163507453125 0.8128068453124999 0.6019112125 0.8074632953125 0.5968581140625 0.7980543765625 0.601361684375
0 0.7666037453125 0.6004328609375 0.7609122359375 0.6138121953125 0.7641361171875001 0.628251734375 0.7686665968749999 0.6352161640625 0.7775819875 0.6362763625000001 0.781647353125 0.6267197 0.7800496171875 0.6084574953125 0.774386515625 0.59975195625 0.7666037453125 0.6004328609375
0 0.727196365625 0.6094011578125 0.7268484078124999 0.6278335890625 0.7313788875 0.63479801875 0.740294278125 0.6358582171875 0.74435964375 0.6263015546874999 0.7430814546875 0.611691790625 0.7374183546874999 0.6029862515625 0.727196365625 0.6094011578125
0 0.6965588046875 0.606561 0.6911868453125 0.6235927734375 0.6986216578125 0.6413443015625 0.7075370484375 0.6424045015625001 0.7116024125 0.6328478390625001 0.7103242234375 0.618238071875 0.7043415765625001 0.6058800953125 0.6965588046875 0.606561
0 0.6615363359375 0.60962506875 0.6561643734375 0.6266568421875001 0.6624665671875001 0.642667259375 0.6674905734375 0.64406791875 0.6705688875 0.6456387968749999 0.6749537953125 0.6397345750000001 0.6753017531250001 0.6213021421875 0.671584346875 0.612426378125 0.6615363359375 0.60962506875
0 0.6265138671875 0.6126891375 0.622448503125 0.62224580625 0.6240462390625 0.6405080109375 0.6305224125 0.6473022140625 0.6374921078125 0.6485326390624999 0.6431836171875001 0.6351533109374999 0.642224975 0.624195984375 0.6342966359375 0.6120082328125 0.6265138671875 0.6126891375
0 0.6113566203125 0.6747417875 0.6110086640625 0.6931742140625 0.61553914375 0.7001386468749999 0.6272133 0.699117290625 0.6275612578125 0.6806848578125 0.6238438484375 0.6718090937500001 0.6137958390625 0.669007784375 0.6113566203125 0.6747417875
0 0.648818309375 0.665943715625 0.6447529453125 0.6755003828125 0.6463506812500001 0.693762590625 0.6528268546875 0.7005567921875 0.6614226984375 0.6979645515625 0.6635423671875 0.6885781109375 0.662583725 0.6776207890625 0.65660108125 0.6652628109375 0.648818309375 0.665943715625
0 0.6838407765625 0.662879646875 0.6797754125 0.6724363140625 0.6810536015624999 0.6870460765625 0.6855840828125 0.694010509375 0.6944994734375001 0.6950707078125 0.6985648390625 0.685514040625 0.6972866515625 0.6709042796875 0.69162355 0.6621987421875 0.6838407765625 0.662879646875
0 0.7169175546875 0.6599858046875 0.7128521937500001 0.6695424703125 0.7163956203125 0.6876344515625 0.720606553125 0.690946440625 0.7275762515624999 0.692176865625 0.731641615625 0.6826201984375 0.7326286671875 0.6714926515624999 0.7266460203125 0.6591346734375 0.7169175546875 0.6599858046875
0 0.7519400265625 0.656921734375 0.748194209375 0.6701308421875 0.748833303125 0.6774357234374999 0.7556290234375 0.687882371875 0.762598721875 0.689112796875 0.768609778125 0.679385903125 0.7670120421875 0.661123703125 0.75940325 0.652588390625 0.7519400265625 0.656921734375
0 0.7869624953125001 0.653857665625 0.7845232765625 0.6595916671875 0.7838557734375 0.6743716546875 0.7887057984375 0.684988528125 0.7995668859375 0.6858785015625 0.802006103125 0.6801445046875 0.8026736046874999 0.6653645125 0.7966909609374999 0.6530065359375 0.7869624953125001 0.653857665625
0 0.821984965625 0.650793596875 0.8179196 0.6603502640625 0.8191977890625 0.6749600250000001 0.8256739625 0.6817542328124999 0.8326436625 0.6829846578125001 0.8367090234375001 0.673427990625 0.8351112875 0.655165790625 0.8317134296875001 0.649942465625 0.821984965625 0.650793596875
0 0.857007434375 0.647729528125 0.8529420734375 0.65728619375 0.8542202609375 0.67189595625 0.8587507406249999 0.6788603906249999 0.8696118234375 0.6797503625 0.8736771875 0.6701936953125001 0.8723989984375 0.655583934375 0.86479020625 0.6470486234374999 0.857007434375 0.647729528125
0 0.89202990625 0.6446654578125 0.8879645406250001 0.654222125 0.8892427296875001 0.6688318875 0.8957189031249999 0.6756260953125001 0.9007429078125 0.6770267453125001 0.9067539640625 0.6672998531250001 0.907741015625 0.6561723046875 0.9017583671875 0.6438143281250001 0.89202990625 0.6446654578125
0 0.9229870109375 0.65115805625 0.9242652 0.66576781875 0.9310609187500001 0.676214465625 0.938030615625 0.6774448921875 0.9437221250000001 0.6640655578125 0.9424439375 0.6494557953125 0.9325699046875 0.6374382703125 0.9229870109375 0.65115805625
0 0.95519389375 0.6943452906250001 0.9472371453124999 0.704242409375 0.9459305484374999 0.711717515625 0.9533653640624999 0.72946904375 0.9603350609374999 0.7306994703125 0.966346115625 0.720972575 0.9647483796874999 0.702710375 0.9613505203124999 0.69748705 0.95519389375 0.6943452906250001
0 0.9182257328125001 0.697579584375 0.9118951296875 0.7036540390625 0.9112276250000001 0.718434025 0.91802334375 0.7288806734375 0.926938734375 0.729940871875 0.9310041 0.720384203125 0.9297259109375 0.70577444375 0.926328053125 0.70055111875 0.9182257328125001 0.697579584375
0 0.8812575718750001 0.7008138796875001 0.8771922062499999 0.710370546875 0.8784703953124999 0.7249803078125 0.88494656875 0.731774515625 0.891916265625 0.7330049421875 0.8959816296875 0.7234482734375 0.8947034421875 0.7088385125000001 0.8870946484375001 0.7003032015625 0.8812575718750001 0.7008138796875001
0 0.84428940625 0.7040481749999999 0.841850190625 0.7097821765625 0.8411826843749999 0.7245621640625 0.8479784046875001 0.7350088109375 0.854948103125 0.7362392359375 0.859333015625 0.7303350078124999 0.860320065625 0.7192074625 0.8540178718749999 0.7031970453125 0.84428940625 0.7040481749999999
0 0.8108930843750001 0.7032895781249999 0.8052015734375001 0.7166689109375 0.8061602156250001 0.7276262328125 0.8129559375 0.73807288125 0.8218713281250001 0.7391330796875 0.8256171453125001 0.725923971875 0.824658503125 0.71496665 0.81867585625 0.7026086734375 0.8108930843750001 0.7032895781249999
0 0.7722987765625 0.7103465390625 0.7701791046875 0.7197329796874999 0.7737225328124999 0.7378249546875 0.7779334640625 0.74113695 0.7868488546875 0.7421971484375 0.7909142203124999 0.7326404796875 0.7896360312499999 0.7180307203125 0.781707690625 0.7058429687500001 0.7722987765625 0.7103465390625
0 0.705825671875 0.7124817859375 0.7017603125 0.7220384531249999 0.703358046875 0.740300653125 0.70983421875 0.7470948625 0.7184300625 0.7445026203125 0.7205497328125 0.7351161796875 0.7192715453125 0.72050641875 0.7136084453125 0.7118008812500001 0.705825671875 0.7124817859375
0 0.7408481453125 0.709417715625 0.7364632328125 0.71532194375 0.735795728125 0.7301019296875 0.7387000625 0.7408890234375 0.7429109953124999 0.74420101875 0.7518263859375 0.7452612171874999 0.7555722031250001 0.7320521109375 0.754294015625 0.71744235 0.748630915625 0.7087368109375001 0.7408481453125 0.709417715625
0 0.6708032046875 0.7155458546875 0.6667378390625001 0.7251025234374999 0.6680160265625 0.7397122828125 0.6767574421875 0.7499887046875 0.6853532859375 0.7473964640624999 0.6874729578125 0.738010021875 0.6865143171875 0.7270527015625 0.68053166875 0.7146947234375001 0.6708032046875 0.7155458546875
0 0.6377264265625 0.718439696875 0.6317153703125 0.7281665921875 0.631047865625 0.742946578125 0.6358978937499999 0.7535634515625 0.648704671875 0.7542831984375 0.6511438875 0.748549196875 0.6492266046874999 0.7266345578125 0.645828746875 0.7214112328125 0.6377264265625 0.718439696875
0 0.6230627078125 0.7749285703125001 0.61899734375 0.7844852390625 0.62027553125 0.799095 0.6248060109375 0.8060594265625 0.63566709375 0.80694940625 0.6381063140625 0.8012154046875001 0.6384542703125 0.782782978125 0.6327911687500001 0.774077440625 0.6230627078125 0.7749285703125001
0 0.6489389875 0.82419025 0.6445540750000001 0.8300944781249999 0.6445256671874999 0.8521793499999999 0.6490561484375 0.8591437796875001 0.6618629234375 0.8598635328125 0.664302140625 0.8541295312500001 0.66238485625 0.832214884375 0.656721759375 0.823509346875 0.6489389875 0.82419025
0 0.65564595625 0.7775984984375001 0.6552980015625 0.79603093125 0.6598284796875 0.8029953578125 0.6706895671875001 0.8038853375 0.67312878125 0.798151334375 0.671531046875 0.7798891359375 0.66586795 0.771183596875 0.65564595625 0.7775984984375001
0 0.6900009218750001 0.789314421875 0.69679664375 0.7997610625 0.7057120343750001 0.80082126875 0.7094578515625 0.7876121609375 0.7008904171875 0.768119528125 0.6906684296875001 0.7745344281250001 0.6900009218750001 0.789314421875
0 0.68038961875 0.8251190796874999 0.676324253125 0.8346757421875 0.6776024421875 0.8492855078125 0.6832655437499999 0.8579910453125 0.6882895484375 0.8593916984375 0.6949397 0.8569696890625 0.6973789203125 0.8512356875 0.6954616375 0.8293210421874999 0.6920637765625 0.8240977234375 0.68038961875 0.8251190796874999
0 0.7154120875000001 0.8220550109375001 0.7113467265625 0.8316116734375001 0.7129444625 0.8498738781249999 0.7213663265625 0.8564978562500001 0.728016478125 0.854075846875 0.732081840625 0.8445191781249999 0.730803653125 0.8299094124999999 0.7251405531249999 0.82120388125 0.7154120875000001 0.8220550109375001
0 0.7243843 0.778945471875 0.7256624875 0.7935552312499999 0.7344039015625 0.803831653125 0.7410540515624999 0.8014096390625 0.745119415625 0.7918529703125 0.7435216796875 0.773590771875 0.7339671953125 0.7652256859375 0.7243843 0.778945471875
0 0.7607133671875 0.768406290625 0.7603654109375 0.7868387234374999 0.764895890625 0.79380315 0.778515740625 0.79261156875 0.778863696875 0.7741791421875 0.7728810484374999 0.7618211640625 0.7631525859375 0.76267229375 0.7607133671875 0.768406290625
0 0.7504345609375 0.8189909421875001 0.7463691953125 0.8285476046875001 0.7476473828125 0.84315736875 0.7544431031250001 0.8536040125 0.7614128015625 0.8548344437500001 0.7671043109375 0.8414551093749999 0.765826121875 0.82684534375 0.760163021875 0.8181398124999999 0.7504345609375 0.8189909421875001
0 0.7686736375 0.8818021828125 0.7702713734375 0.9000643890625 0.7748018531249999 0.9070288171875 0.779825859375 0.9084294749999999 0.7842107703125001 0.902525246875 0.7826130328125 0.8842630390625 0.77468469375 0.8720752890625001 0.7686736375 0.8818021828125
0 0.7835113359375 0.8160970984375 0.7810721171874999 0.8218310953125 0.7804046140625001 0.8366110875 0.78720033125 0.8470577296874999 0.7980614187499999 0.8479477078125001 0.8005006359375001 0.8422137062499999 0.8011681375 0.8274337203125001 0.79518549375 0.8150757421874999 0.7835113359375 0.8160970984375
0 0.8001207484374999 0.7594380000000001 0.7944292390625 0.7728173328125 0.795068334375 0.7801222140624999 0.8018640546875 0.7905688546875 0.8088337531249999 0.7917992875000001 0.8132186609375 0.785895059375 0.813886165625 0.771115071875 0.807903521875 0.7587570953125 0.8001207484374999 0.7594380000000001
0 0.822425190625 0.812692578125 0.8164141328125 0.8224194671875 0.81801186875 0.8406816718749999 0.8225423515625 0.8476461000000001 0.8314577421875 0.8487063062500001 0.8352035593749999 0.835497196875 0.831660128125 0.8174052171874999 0.826316578125 0.812352125 0.822425190625 0.812692578125
0 0.8077614703125 0.8691814453125 0.80369610625 0.8787381140624999 0.8052938421875 0.89700031875 0.8098243249999999 0.9039647484375 0.8167940203124999 0.9051951796875001 0.8228050765624999 0.8954682843749999 0.8215268874999999 0.88085851875 0.813598546875 0.8686707671875 0.8077614703125 0.8691814453125
0 0.8427839390624999 0.8661173765625 0.8387185781250001 0.8756740453124999 0.8399967671875 0.8902838093750001 0.8445272453125 0.8972482390625001 0.8553883296875 0.8981382171875 0.85782755 0.8924042156249999 0.8562298140625 0.8741420109375 0.8505667125 0.865436471875 0.8427839390624999 0.8661173765625
0 0.8555019671874999 0.809798734375 0.8514366062500001 0.819355396875 0.8530343421875 0.8376176031250001 0.8575648203125 0.8445820312500001 0.8664802109374999 0.8456422375000001 0.8721717203124999 0.8322629015624999 0.8708935312499999 0.8176531359375 0.8652304328125 0.8089476046874999 0.8555019671874999 0.809798734375
0 0.8331975249999999 0.75654415625 0.8291321640625 0.766100825 0.8281451093750001 0.7772283703125 0.8329951390625 0.7878452390625 0.8458019140624999 0.7885649921875 0.848241134375 0.7828309890625 0.8466433984374999 0.764568790625 0.840980296875 0.7558632515625 0.8331975249999999 0.75654415625
0 0.8665938484375 0.7573027546875 0.8641546328124999 0.76303675625 0.8631675828125 0.7741643015624999 0.8702828468750001 0.788263384375 0.8791982390624999 0.7893235890625 0.8832636031250001 0.7797669203125001 0.8816658671875001 0.761504721875 0.8782680062500001 0.756281396875 0.8665938484375 0.7573027546875
0 0.9032424656250001 0.75041601875 0.8988575546875 0.756320240625 0.89819005 0.7711002328125 0.9030400765625 0.7817171 0.9158468531249999 0.782436853125 0.918286071875 0.7767028515625001 0.9166883374999999 0.7584406515625 0.9110252359375 0.7497351140624999 0.9032424656250001 0.75041601875
0 0.898307209375 0.8060537609375 0.890524440625 0.8067346656250001 0.8864590734375 0.816291328125 0.888056809375 0.8345535343750001 0.89032205 0.8380357484375001 0.901183134375 0.8389257265625 0.9047549703125 0.8349328343750001 0.9065550968749999 0.8218939531249999 0.9036507625000001 0.811106853125 0.898307209375 0.8060537609375
0 0.8778064125 0.8630533078125 0.873741046875 0.8726099765625 0.8750192359375 0.8872197406250001 0.8818149546875 0.897666384375 0.888784653125 0.8988968156249999 0.8947957109375 0.8891699203125001 0.893197975 0.870907715625 0.8875348750000001 0.8622021765625 0.8778064125 0.8630533078125
0 0.9108831890625 0.8601594640625001 0.9087635171875 0.86954590625 0.9100417046875 0.8841556718750001 0.918783115625 0.8944320890625 0.9238071218749999 0.8958327468749999 0.9298181796874999 0.8861058515625 0.9282204437500001 0.867843646875 0.920292103125 0.8556558937500001 0.9108831890625 0.8601594640625001
0 0.92148154375 0.8132272593750001 0.9227597328125 0.8278370234375 0.9272902109375 0.834801453125 0.9362056015625001 0.8358616578125 0.9405905140625 0.8299574296875001 0.9375406140625 0.8063016796875001 0.9274926015625 0.8035003703125 0.92148154375 0.8132272593750001
0 0.934693096875 0.7513448421875 0.9335320671874999 0.7716886046875 0.9380625453125001 0.77865303125 0.950869325 0.779372784375 0.95298899375 0.7699863437500001 0.9517108046875 0.7553765828125 0.9421563203125001 0.747011496875 0.934693096875 0.7513448421875
0 0.9625150687499999 0.8004363015625 0.9565040125 0.8101631906250001 0.9577822015624999 0.8247729546875 0.964258375 0.8315671578125 0.971228075 0.8327975890625 0.97723913125 0.8230706937500001 0.97596094375 0.8084609296874999 0.9702978421875 0.799755396875 0.9625150687499999 0.8004363015625
0 0.9481708984375 0.8605776140625 0.9437859859375 0.8664818375 0.9450641750000001 0.881091603125 0.9518598968750001 0.8915382453125 0.9588295953125 0.8927686765624999 0.9632145031249999 0.8868644484375 0.9635624625 0.8684320156249999 0.9578993625000001 0.8597264843750001 0.9481708984375 0.8605776140625
0 0.3732970015625 0.093824303125 0.3672859421875 0.10355119531250001 0.371468465625 0.12894805781250002 0.3802098765625 0.1392244734375 0.3888057203125 0.1366322328125 0.39287108593750003 0.1270755703125 0.390953803125 0.10516092343750001 0.3810797703125 0.0931433984375 0.3732970015625 0.093824303125
0 0.340539771875 0.10037058437499999 0.33647440624999997 0.109927253125 0.3383916890625 0.1318419 0.340656928125 0.1353241140625 0.35151801250000003 0.1362140875 0.3559029234375 0.130309865625 0.35625088125 0.1118774328125 0.3502682328125 0.0995194546875 0.340539771875 0.10037058437499999
0 0.30746299062500004 0.103264428125 0.30209103125 0.120296203125 0.304995365625 0.131083296875 0.3114715375 0.13787750468749999 0.32006738125 0.13528526406250002 0.3225065984375 0.1295512625 0.3205893171875 0.107636621875 0.3152457640625 0.10258352343749999 0.30746299062500004 0.103264428125
0 0.27244052343749997 0.10632849687499998 0.2683751578125 0.115885165625 0.2699728921875 0.13414736562500001 0.2764490671875 0.1409415734375 0.2814730734375 0.1423422265625 0.287484128125 0.13261533125 0.2858863921875 0.11435313124999999 0.2802232953125 0.1056475921875 0.27244052343749997 0.10632849687499998
0 0.2396832921875 0.1128747796875 0.23561792812500001 0.1224314484375 0.2368961171875 0.137041209375 0.2414265984375 0.1440056421875 0.250341990625 0.14506584375 0.25440735000000003 0.13550917499999998 0.2531291625 0.1208994140625 0.247466065625 0.112193875 0.2396832921875 0.1128747796875
0 0.20660651562500001 0.11576862343750001 0.20254115156250002 0.1253252921875 0.2041388875 0.14358749843750002 0.20640412812500003 0.14706971093750001 0.21531951718750003 0.14812991250000002 0.2197044296875 0.14222569062499998 0.21778714687499998 0.1203110421875 0.2143892859375 0.11508771874999998 0.20660651562500001 0.11576862343750001
0 0.16751868125 0.1283893609375 0.16879687031249999 0.142999121875 0.17332735 0.1499635546875 0.182242740625 0.1510237546875 0.1863081046875 0.1414670859375 0.18357774843750002 0.1214637765625 0.171584046875 0.1188326921875 0.16751868125 0.1283893609375
0 0.14013341562499998 0.11790386875 0.13412235781249998 0.1276307640625 0.136039640625 0.1495454109375 0.1405701203125 0.1565098375 0.1494855109375 0.1575700390625 0.1535508765625 0.1480133765625 0.1516335921875 0.126098728125 0.1440248 0.1175634171875 0.14013341562499998 0.11790386875
0 0.100058528125 0.1416521546875 0.100697621875 0.1489570328125 0.10749334375 0.15940368124999998 0.1144630421875 0.1606341078125 0.118208859375 0.1474249984375 0.11725021875 0.136467678125 0.10737618593750001 0.12445015156250001 0.100058528125 0.1416521546875
0 0.0661970890625 0.12437245937500001 0.06375787031249999 0.1301064609375 0.06340991406249999 0.1485388875 0.0708447265625 0.16629041718749998 0.0836515046875 0.1670101640625 0.0877168703125 0.1574535015625 0.088064825 0.1390210703125 0.07981693906250001 0.12318087656250001 0.0661970890625 0.12437245937500001
0 0.05362463125 0.1935597640625 0.054902818750000006 0.2081695234375 0.061698540625 0.21861617187500001 0.0667225421875 0.2200168234375 0.0727336 0.2102899296875 0.0708163171875 0.1883752890625 0.061261831249999996 0.180010203125 0.05362463125 0.1935597640625
0 0.090766771875 0.1811092515625 0.08670140625 0.19066592031250001 0.08797959375 0.20527568125 0.094775315625 0.21572232812499997 0.101745015625 0.216952753125 0.1058103765625 0.2073960875 0.10421264062499999 0.1891338859375 0.09854954375 0.180428346875 0.090766771875 0.1811092515625
0 0.1257892390625 0.17804518281249998 0.12172387968750001 0.1876018515625 0.1230020671875 0.2022116109375 0.12753254687499999 0.2091760453125 0.1364479375 0.21023624531250001 0.1405133015625 0.20067957656250002 0.13891556562500001 0.1824173765625 0.1355177046875 0.177194053125 0.1257892390625 0.17804518281249998
0 0.1588660203125 0.1751513390625 0.15480065468749998 0.18470800781250002 0.1583440828125 0.2027999828125 0.16255501562500002 0.2061119765625 0.1695247140625 0.20734240312500002 0.173590078125 0.197785734375 0.17199234218749998 0.1795235328125 0.1685944828125 0.174300209375 0.1588660203125 0.1751513390625
0 0.1938884890625 0.17208727031249998 0.189823125 0.1816439390625 0.1936861 0.20338835937500002 0.2045471828125 0.204278334375 0.20698640156249998 0.19854433124999998 0.20765390625000002 0.18376434531250002 0.2039364984375 0.17488858125 0.1938884890625 0.17208727031249998
0 0.22501957187500002 0.16936365312499999 0.2228999015625 0.17875009687500001 0.2264433296875 0.1968420703125 0.23730441249999998 0.19773205 0.241369778125 0.18817538125 0.2404111359375 0.1772180625 0.230537103125 0.1652005359375 0.22501957187500002 0.16936365312499999
0 0.2600420421875 0.166299584375 0.25760282343749996 0.1720335875 0.2592005578125 0.1902957875 0.2614657984375 0.1937780015625 0.2723268859375 0.19466798125 0.2763922484375 0.18511131249999999 0.2751140609375 0.1705015515625 0.26750526875 0.161966240625 0.2600420421875 0.166299584375
0 0.2923057484375 0.1653170765625 0.2919577875 0.1837495046875 0.294542578125 0.190884159375 0.30540366093750004 0.1917741375 0.30784288125 0.1860401359375 0.3062451453125 0.16777793593749998 0.3028472828125 0.1625546109375 0.2923057484375 0.1653170765625
0 0.32538252343749996 0.162423234375 0.32729980625 0.184337875 0.329565046875 0.187820090625 0.34042613125 0.18871006875000002 0.34449149375 0.1791534 0.34321330625 0.164543640625 0.33333927343749997 0.152526115625 0.32538252343749996 0.162423234375
0 0.3628442140625 0.1536251625 0.35877884843749996 0.16318183125000002 0.36037658437500003 0.1814440328125 0.3626418234375 0.184926246875 0.3735029078125 0.18581622656250002 0.3759421265625 0.1800822234375 0.3762900828125 0.161649796875 0.3706269828125 0.152944259375 0.3628442140625 0.1536251625
0 0.38256386875000004 0.19974508124999998 0.37881805 0.212954190625 0.3800962390625 0.22756395624999998 0.38607888749999997 0.239921934375 0.39304858593750003 0.241152359375 0.3961268953125 0.24272324531249997 0.4021379546875 0.23299635 0.40216636250000004 0.21091147812500002 0.394238021875 0.19872372656249998 0.38256386875000004 0.19974508124999998
0 0.3460608203125 0.21950047968750003 0.34960424843750004 0.23759245468749998 0.35381518125 0.2409044421875 0.3624110265625 0.2383122078125 0.3661568421875 0.22510309999999997 0.36551774843749996 0.21779821875 0.35564371562499997 0.2057806921875 0.3460608203125 0.21950047968750003
0 0.3126644984375 0.2187418765625 0.31394268593749997 0.2333516421875 0.322684096875 0.24362805937499998 0.33096039374999997 0.237383384375 0.33308006562500003 0.22799694218750002 0.3321214234375 0.21703961718749998 0.32224739062499996 0.205022090625 0.3126644984375 0.2187418765625
0 0.2820269375 0.21590172343749997 0.2795877203125 0.22163572031249998 0.2786006671875 0.23276327187499998 0.28150500312500004 0.243550365625 0.285715934375 0.2468623546875 0.2943117796875 0.24427011875 0.2967509953125 0.2385361171875 0.29515325937500003 0.2202739125 0.2917554015625 0.21505059218749997 0.2820269375 0.21590172343749997
0 0.24700446875 0.21896579218749998 0.244884796875 0.22835223437500002 0.2484282234375 0.24644420937499997 0.25263915937500003 0.249756196875 0.25928931093749996 0.2473341875 0.263354671875 0.23777752031250002 0.2623960296875 0.2268202 0.2567329328125 0.21811466093749998 0.24700446875 0.21896579218749998
0 0.21587338437499998 0.221689409375 0.21180802031249998 0.231246078125 0.21308620781249998 0.2458558375 0.2176166859375 0.2528202671875 0.22653207812499998 0.25388047187499996 0.228971296875 0.24814647031249998 0.2296388015625 0.2333664828125 0.223656153125 0.22100850468750002 0.21587338437499998 0.221689409375
0 0.180850915625 0.22475347812500002 0.17678555 0.234310146875 0.1780637390625 0.24891990625 0.18259421874999998 0.2558843359375 0.1934553 0.256774315625 0.19589452031250001 0.2510403125 0.1939772375 0.2291256671875 0.19057937656249999 0.2239023484375 0.180850915625 0.22475347812500002
0 0.14777413749999999 0.2276473203125 0.1437087734375 0.2372039890625 0.14725220156250002 0.2552959640625 0.151463134375 0.25860795312499996 0.1564871390625 0.260008609375 0.162498196875 0.250281715625 0.1612200078125 0.2356719546875 0.1555569078125 0.22696641718750002 0.14777413749999999 0.2276473203125
0 0.11469735781249998 0.2305411640625 0.1093253953125 0.24757293906250002 0.1122297328125 0.25836003281250003 0.118705903125 0.265154234375 0.12372990937499999 0.26655489375 0.127795275 0.25699822499999997 0.1261975390625 0.2387360234375 0.11858874687500001 0.2302007125 0.11469735781249998 0.2305411640625
0 0.075609525 0.2431619015625 0.077207259375 0.26142410312500003 0.08173774218749999 0.26838852968750004 0.088707440625 0.2696189625 0.094079403125 0.2525871875 0.08551197031249999 0.2330945546875 0.0796748890625 0.2336052328125 0.075609525 0.2431619015625
0 0.0685830078125 0.286101209375 0.0632110453125 0.30313298906249997 0.066434925 0.31757252343750003 0.0709654078125 0.3245369515625 0.07793510625 0.3257673828125 0.0836266125 0.3123880484375 0.0823484234375 0.2977782828125 0.0744200875 0.28559053125 0.0685830078125 0.286101209375
0 0.09922056875 0.28894136875 0.0991921578125 0.311026240625 0.1037226359375 0.3179906671875 0.11263802812499998 0.31905087499999996 0.11507724374999999 0.3133168734375 0.11542520468749999 0.2948844390625 0.10976210312500001 0.2861789078125 0.09922056875 0.28894136875
0 0.13668225625 0.280143296875 0.13261689062499998 0.2896999640625 0.1342146265625 0.30796217187499997 0.13874510625 0.3149265984375 0.1457148046875 0.31615703125 0.1514063140625 0.302777696875 0.14786288593750002 0.2846857171875 0.1425193328125 0.27963261875 0.13668225625 0.280143296875
0 0.167813340625 0.27741967968750003 0.164067521875 0.2906287875 0.16502616406249998 0.3015861140625 0.1718218828125 0.31203275625 0.17879158125 0.3132631890625 0.1844830921875 0.299883853125 0.18320490312499998 0.2852740875 0.175596109375 0.2767387765625 0.167813340625 0.27741967968750003
0 0.20120966562499998 0.2781782828125 0.19746384687500002 0.2913873921875 0.2048986609375 0.30913891250000003 0.211868359375 0.3103693453125 0.217240321875 0.29333757031249996 0.2143359875 0.2825504703125 0.20672719375 0.274015159375 0.20120966562499998 0.2781782828125
0 0.23980397187500002 0.27112131562499997 0.2337929140625 0.280848209375 0.23507110312499999 0.2954579765625 0.23960158125 0.30242240468750003 0.2465712796875 0.30365283593750003 0.2509561921875 0.2977486078125 0.2516236953125 0.28296861562500003 0.24790629218750002 0.27409285625 0.23980397187500002 0.27112131562499997
0 0.27288074687499997 0.2682274734375 0.266869690625 0.2779543671875 0.2681478796875 0.29256413281250004 0.2726783625 0.2995285609375 0.2796480609375 0.3007589921875 0.2856591171875 0.2910320984375 0.284380928125 0.27642233125 0.2809830671875 0.2711990140625 0.27288074687499997 0.2682274734375
0 0.30401183125000003 0.26550385625 0.2999464671875 0.2750605234375 0.30122465625 0.289670290625 0.3057551375 0.29663471874999997 0.316616221875 0.2975246984375 0.319055440625 0.2917906953125 0.31972294375 0.277010703125 0.31600553750000004 0.26813494531250004 0.30401183125000003 0.26550385625
0 0.3390343046875 0.2624397875 0.3349689390625 0.2719964546875 0.336566675 0.2902586609375 0.3407776078125 0.29357065000000004 0.34580161249999997 0.29497130625 0.3518126703125 0.2852444125 0.35053448125000003 0.27063464531250003 0.3429256875 0.262099334375 0.3390343046875 0.2624397875
0 0.37016538906249996 0.2597161703125 0.368045715625 0.2691026109375 0.3693239046875 0.283712378125 0.373854384375 0.29067680625 0.3847154671875 0.2915667859375 0.38878083281250003 0.2820101171875 0.38718309687499997 0.2637479125 0.3818395421875 0.2586948140625 0.37016538906249996 0.2597161703125
0 0.393776428125 0.3054956421875 0.3897110640625 0.31505231093749997 0.389043559375 0.329832296875 0.394213134375 0.3441016109375 0.40507421718750003 0.344991590625 0.411085275 0.33526469531249997 0.4117527765625 0.320484703125 0.4077158265625 0.3079565 0.393776428125 0.3054956421875
0 0.35907350625 0.3122121515625 0.35500814062499997 0.3217688203125 0.3588711171875 0.34351323906250003 0.36308205 0.346825228125 0.3700517484375 0.348055659375 0.3760628046875 0.3383287640625 0.37446506875 0.320066559375 0.36880196875000004 0.3113610203125 0.35907350625 0.3122121515625
0 0.3259967265625 0.31510599375 0.32225091250000004 0.3283151015625 0.3254747921875 0.34275464218749996 0.33000527343749997 0.349719071875 0.33697497187500003 0.350949503125 0.3423469328125 0.333917721875 0.3391230515625 0.3194781875 0.3337794984375 0.314425090625 0.3259967265625 0.31510599375
0 0.29291995000000004 0.3179998375 0.2888545890625 0.32755650625 0.290452325 0.3458187109375 0.294982803125 0.352783140625 0.301952503125 0.35401357187500004 0.3076440125 0.3406342359375 0.3066853703125 0.3296769109375 0.29875703124999997 0.317489159375 0.29291995000000004 0.3179998375
0 0.25577780781250004 0.3304503484375 0.257055996875 0.3450601140625 0.2615864796875 0.3520245421875 0.2705018703125 0.35308474218749997 0.2729410859375 0.347350746875 0.27134335 0.32908854062500004 0.2637345578125 0.320553228125 0.25577780781250004 0.3304503484375
0 0.2251402515625 0.327610190625 0.2210748875 0.3371668578125 0.2220335296875 0.3481241828125 0.22656400781250002 0.3550886125 0.23742509374999998 0.35597858437499996 0.2411709078125 0.342769478125 0.238266575 0.331982384375 0.23292302031249998 0.32692928593750004 0.2251402515625 0.327610190625
0 0.1901177828125 0.330674259375 0.1860524171875 0.3402309265625 0.187011059375 0.3511882515625 0.1918610859375 0.36180512187499997 0.20077647812500002 0.36286532656250003 0.20484184062500002 0.3533086578125 0.20356365156249998 0.3386988921875 0.197900553125 0.3299933546875 0.1901177828125 0.330674259375
0 0.1589866984375 0.3333978765625 0.1546017859375 0.3393021046875 0.1542538296875 0.35773453593750004 0.15878430937500002 0.3646989640625 0.1676997 0.3657591703125 0.17013891875 0.3600251671875 0.170806421875 0.34524517499999996 0.167089015625 0.3363694109375 0.1589866984375 0.3333978765625
0 0.123964225 0.3364619453125 0.11989886406250001 0.3460186125 0.1214966015625 0.36428081875 0.1237618390625 0.3677630328125 0.1346229234375 0.3686530125 0.1386882875 0.35909634375 0.13741009843750002 0.344486578125 0.13174699843749998 0.335781040625 0.123964225 0.3364619453125
0 0.0889417578125 0.3395260140625 0.0835697953125 0.3565577875 0.08647412812500001 0.3673448890625 0.0929503015625 0.3741390890625 0.101546146875 0.37154685625 0.10366581875 0.36216041250000003 0.1023876296875 0.347550646875 0.0967245296875 0.338845109375 0.0889417578125 0.3395260140625
0 0.072158365625 0.40540132812499996 0.0731170078125 0.41635864843750003 0.0779670359375 0.42697552187500004 0.08882812031250001 0.427865496875 0.0922543859375 0.41100395 0.0893500515625 0.40021685468749996 0.07947602031249999 0.38819932968750004 0.072158365625 0.40540132812499996
0 0.11287234374999999 0.3889579265625 0.10880698281250001 0.39851459375 0.110724265625 0.420429240625 0.114935196875 0.42374122812500004 0.1219048953125 0.4249716546875 0.1259702609375 0.4154149921875 0.124372525 0.397152784375 0.1167637328125 0.38861747343749997 0.11287234374999999 0.3889579265625
0 0.1418837578125 0.39562075 0.1438010421875 0.4175353984375 0.14801197500000002 0.420847384375 0.154981671875 0.42207781093749996 0.16067318125000002 0.4086984765625 0.1574493 0.3942589421875 0.1498405078125 0.38572363125 0.1418837578125 0.39562075
0 0.1749605359375 0.3927269078125 0.176558271875 0.4109891140625 0.1807692046875 0.414301103125 0.18968459531249998 0.4153613015625 0.193749959375 0.4058046328125 0.189073909375 0.38597154843750003 0.1790259015625 0.383170240625 0.1749605359375 0.3927269078125
0 0.21404836875000002 0.3801061703125 0.2096634578125 0.38601040000000003 0.20899595468749999 0.40079038593750005 0.2157916734375 0.41123703437500003 0.22276137031249998 0.412467459375 0.227146284375 0.4065632359375 0.228133334375 0.395435684375 0.22409638125 0.3829074796875 0.21404836875000002 0.3801061703125
0 0.24305978281249999 0.38676899531250003 0.2443379703125 0.4013787546875 0.24886845000000002 0.408343190625 0.25583814843749997 0.409573615625 0.26152965781250004 0.3961942828125 0.2608905625 0.3888894015625 0.25101653125 0.3768718765625 0.24305978281249999 0.38676899531250003
0 0.2802019234375 0.374318484375 0.2761365578125 0.38387515156249996 0.277414746875 0.3984849125 0.2819452296875 0.40544934687499995 0.29086062031250004 0.406509546875 0.294925984375 0.396952878125 0.293647796875 0.38234311718749997 0.287984696875 0.37363758125 0.2802019234375 0.374318484375
0 0.3095328828125 0.38463375 0.3147024578125 0.3989030640625 0.3255635421875 0.3997930375 0.329309359375 0.3865839296875 0.3264050265625 0.3757968359375 0.3152243921875 0.371254415625 0.3095328828125 0.38463375
0 0.348301171875 0.3683605734375 0.34423580625 0.377917240625 0.34519444843749997 0.3888745609375 0.350044475 0.39949143593750003 0.35895986562500004 0.400551634375 0.3630252296875 0.39099496562499997 0.364331828125 0.3835198609375 0.3560839421875 0.36767966875 0.348301171875 0.3683605734375
0 0.3810584015625 0.3618142890625 0.3769930359375 0.3713709578125 0.378590771875 0.38963315781249996 0.3873321828125 0.39990957968749996 0.392356190625 0.40131023125 0.39999339218749996 0.3877606703125 0.3987152046875 0.3731509109375 0.388841171875 0.3611333859375 0.3810584015625 0.3618142890625
0 0.40336284375 0.41506886875 0.400923625 0.42080287031249997 0.4025213609375 0.43906507031249997 0.4070518390625 0.44602949843750006 0.4159672296875 0.44708970312499996 0.4200325953125 0.4375330359375 0.41875440625 0.42292327656250006 0.41503700156249995 0.41404751093750003 0.40336284375 0.41506886875
0 0.372231759375 0.41779248437499994 0.3665402484375 0.43117181875000005 0.370083678125 0.44926379375 0.3742946109375 0.4525757875 0.3812643078125 0.4538062125 0.38695581875 0.4404268796875 0.3859971765625 0.4294695578125 0.3780688375 0.41728180625 0.372231759375 0.41779248437499994
0 0.3945362015625 0.4710470640625 0.39015128906249996 0.4769512859375 0.3891642390625 0.4880788375 0.39627950312500004 0.5021779203125 0.40519489531249997 0.503238125 0.40763411562499996 0.49750412343750006 0.40830161875000004 0.48272413593749997 0.4023189703125 0.470366159375 0.3945362015625 0.4710470640625
0 0.4181472421875 0.5168265296875 0.4101904921875 0.52672365 0.411788228125 0.5449858562500001 0.41631870624999995 0.5519502843749999 0.42717979375 0.5528402625 0.4296190109375 0.5471062609375 0.43028651250000005 0.5323262703125 0.42430386875000003 0.519968296875 0.4181472421875 0.5168265296875
0 0.3795529359375 0.523883496875 0.37548756875 0.533440159375 0.3764462109375 0.5443974859375 0.3812962375 0.555014353125 0.3921573203125 0.5559043328125 0.3962226859375 0.546347665625 0.394944496875 0.5317378984375 0.389281396875 0.5230323671875 0.3795529359375 0.523883496875
0 0.3608203296875 0.466636025 0.35643541875 0.47254024687499996 0.356407009375 0.49462512031249994 0.35899179531250003 0.501759775 0.36985287968749997 0.502649753125 0.37391824375 0.49309308593749995 0.3723205078125 0.47483087968750004 0.368922646875 0.46960756249999996 0.3608203296875 0.466636025
0 0.3352635953125 0.42102677968749996 0.332824378125 0.42676078281249996 0.3347416609375 0.448675421875 0.3412178328125 0.45546963125 0.347867984375 0.45304761562499996 0.3519333484375 0.4434909484375 0.35097470625 0.43253362656250005 0.344992059375 0.42017565 0.3352635953125 0.42102677968749996
0 0.3021868171875 0.4239206234375 0.29812145624999997 0.43347729218750003 0.2997191921875 0.45173949062499996 0.3042496703125 0.45870392656250003 0.3112193703125 0.45993435156249995 0.3172304265625 0.45020745624999997 0.3159522390625 0.43559769531250003 0.309969590625 0.42323971875 0.3021868171875 0.4239206234375
0 0.26504467656249997 0.436371134375 0.2666424125 0.454633334375 0.2731185859375 0.4614275421875 0.27619689687500004 0.4629984203125 0.2822079546875 0.453271525 0.28061021875000003 0.4350093265625 0.2730014265625 0.4264740140625 0.26504467656249997 0.436371134375
0 0.2363528125 0.43336075 0.23228744843750002 0.4429174171875 0.23356563593750002 0.45752717656249997 0.23809611875 0.4644916125 0.24506581249999998 0.46572203749999996 0.2507573234375 0.45234270312499997 0.250118228125 0.4450378234375 0.244135584375 0.4326798453125 0.2363528125 0.43336075
0 0.2029564875 0.43260215156250004 0.197264978125 0.44598148593750003 0.1985431671875 0.46059124531249995 0.20307364687499999 0.46755568125 0.2119890359375 0.46861587968749996 0.21605440156250003 0.45905921093749996 0.21477621249999998 0.44444945156250004 0.20684787343750002 0.4322617 0.2029564875 0.43260215156250004
0 0.1692406171875 0.4281911140625 0.163229559375 0.43791800312499995 0.16352069687499998 0.46365531562499995 0.1680511765625 0.47061975 0.17502087500000002 0.471850175 0.186229915625 0.4543077234375 0.18300603437500002 0.4398681890625 0.1773429328125 0.43116265 0.1692406171875 0.4281911140625
0 0.1351767890625 0.4422125046875 0.1291657328125 0.45193939843750003 0.128178678125 0.4630669453125 0.1330287078125 0.47368381875 0.143889790625 0.47457379218750007 0.1463290109375 0.468839790625 0.1473160609375 0.45771224374999997 0.1413334125 0.44535426562499997 0.1351767890625 0.4422125046875
0 0.094143259375 0.4550034671875 0.0957409953125 0.47326566718749996 0.1022171703125 0.48005987499999997 0.10918686875000001 0.4812903015625 0.11455883124999999 0.46425852812499996 0.10599139843750001 0.4447658953125 0.09820862500000001 0.44544680000000003 0.094143259375 0.4550034671875
0 0.0851710515625 0.4981130078125 0.08273183125 0.503847003125 0.082383875 0.522279434375 0.087233903125 0.532896303125 0.0980949875 0.5337862828125 0.10216034843749999 0.5242296140625 0.10056261250000001 0.5059674140625 0.094899515625 0.4972618765625 0.0851710515625 0.4981130078125
0 0.1221392125 0.4948787125 0.116767253125 0.5119104859375 0.1196715859375 0.5226975796875 0.1261477578125 0.5294917828125 0.132797909375 0.5270697734375 0.13491758125 0.51768333125 0.13363939375 0.5030735703125 0.1260306 0.49453825937499996 0.1221392125 0.4948787125
0 0.1511506265625 0.5015415359375 0.1550136015625 0.5232859515625 0.16587468593750002 0.5241759296875 0.16994005 0.5146192625 0.1652640015625 0.49478617812500003 0.157161684375 0.4918146421875 0.1511506265625 0.5015415359375
0 0.19023846093750002 0.4889208 0.186173096875 0.49847746718749997 0.18777083125 0.5167396671875 0.194247003125 0.5235338703125 0.20089715468749997 0.5211118609375001 0.2033363734375 0.515377859375 0.2017386390625 0.4971156578125 0.1960755390625 0.488410121875 0.19023846093750002 0.4889208
0 0.22331523749999999 0.48602695625000003 0.2192498734375 0.4955836234375 0.22084760937499998 0.513845825 0.2273237796875 0.520640028125 0.23397393125 0.5182180187500001 0.23803929687499997 0.50866135 0.23449586875 0.49056937031250003 0.22915231406249997 0.485516278125 0.22331523749999999 0.48602695625000003
0 0.2563920140625 0.48313311406250004 0.25395279375 0.488867109375 0.2536048390625 0.5072995406249999 0.2581353171875 0.5142639703125 0.2670507109375 0.515324175 0.271116071875 0.50576750625 0.269837884375 0.491157746875 0.2641747875 0.482452209375 0.2563920140625 0.48313311406250004
0 0.2914144828125 0.4800690453125 0.287668665625 0.493278153125 0.290573003125 0.5040652453125001 0.2970491734375 0.5108594484375 0.303699325 0.5084374390625 0.3058189984375 0.49905099843749995 0.30486035624999996 0.4880936765625 0.29919725625 0.47938814062499996 0.2914144828125 0.4800690453125
0 0.3217324953125 0.47925675781250004 0.32106499374999997 0.49403674999999997 0.32818025781250004 0.50813583125 0.33514995625 0.5093662625 0.3408414671875 0.4959869296875 0.339563278125 0.4813771625 0.3319544859375 0.47284185624999997 0.3217324953125 0.47925675781250004
0 0.348102303125 0.5229546671875 0.3420912453125 0.5326815625 0.34368898125 0.5509437687500001 0.3482194609375 0.5579081953125 0.3571348515625 0.5589684015625 0.361200215625 0.549411734375 0.35960247968750003 0.5311495265625 0.3519936875 0.522614215625 0.348102303125 0.5229546671875
0 0.313399378125 0.5296711828125 0.30770787187500004 0.5430505109375 0.310931753125 0.55749005 0.3174079234375 0.5642842531250001 0.324058075 0.56186224375 0.32812343906249997 0.5523055765625 0.32684525 0.5376958109375 0.3211821515625 0.528990278125 0.313399378125 0.5296711828125
0 0.27837690937500004 0.5327352515625 0.27431154375 0.5422919140625 0.2755897328125 0.5569016812500001 0.2823854546875 0.5673483218750001 0.2909812984375 0.5647560875 0.2931009671875 0.555369646875 0.291822778125 0.5407598796875 0.2842139890625 0.5322245734375 0.27837690937500004 0.5327352515625
0 0.24530013281250002 0.5356290953125 0.23992817031250002 0.55266086875 0.2473629859375 0.5704123921875001 0.25433268125 0.5716428234375 0.25970464375 0.5546110484375 0.2590655484375 0.5473061640625 0.251137209375 0.5351184171875001 0.24530013281250002 0.5356290953125
0 0.20865151875 0.5425158296875 0.20653184531250002 0.5519022671875 0.207810034375 0.56651203125 0.2123405140625 0.5734764609375 0.2212559046875 0.5745366656249999 0.22532126875 0.564979996875 0.22372353281250001 0.5467177921874999 0.216114740625 0.5381824859375001 0.20865151875 0.5425158296875
0 0.1747332578125 0.569405875 0.1792637375 0.576370303125 0.1862334359375 0.577600734375 0.1916053984375 0.5605689609375 0.1833575109375 0.54472876875 0.173135521875 0.55114366875 0.1747332578125 0.569405875
0 0.14055226875 0.5484737421875 0.138113053125 0.5542077390625 0.137445546875 0.56898773125 0.14424126718750002 0.5794343734375 0.153156659375 0.5804945781249999 0.156902475 0.5672854703125 0.15594383437499998 0.55632814375 0.150280734375 0.5476226125 0.14055226875 0.5484737421875
0 0.1034101265625 0.5609242484375 0.104688315625 0.5755340125 0.1092187984375 0.5824984421875 0.118134190625 0.583558646875 0.12219955468749999 0.574001978125 0.11946919687499999 0.55399866875 0.10747549375000001 0.5513675859375 0.1034101265625 0.5609242484375
0 0.0928117734375 0.6078564578125001 0.0906921015625 0.6172428937500001 0.09197029062499999 0.6318526609374999 0.100711703125 0.642129078125 0.10736185625000001 0.63970706875 0.11110766875 0.6264979609375 0.107564240625 0.6084059796875 0.10222069062500001 0.6033528828125 0.0928117734375 0.6078564578125001
0 0.127021171875 0.6067037187500001 0.12635366718750002 0.6214837125 0.1312036921875 0.6321005796875 0.1428778484375 0.6310792234375 0.1429062609375 0.6089943515625 0.1395084 0.6037710328125 0.1314060796875 0.6007994921875001 0.127021171875 0.6067037187500001
0 0.16253716406250002 0.5980758749999999 0.158471803125 0.6076325437500001 0.1623347765625 0.6293769625000001 0.175141553125 0.6300967109375 0.17758077187500002 0.6243627140625 0.1756634890625 0.60244806875 0.1703199359375 0.5973949703125 0.16253716406250002 0.5980758749999999
0 0.1975596359375 0.5950118046874999 0.19381381875 0.6082209125 0.1970377 0.622660453125 0.2012486328125 0.6259724421875 0.20821833125000003 0.62720286875 0.21228369531250002 0.61764620625 0.21068595937499998 0.5993839984375 0.20307716562499997 0.5908486875000001 0.1975596359375 0.5950118046874999
0 0.2301428859375 0.5976817390625 0.2297949296875 0.616114171875 0.2323797171875 0.623248825 0.24324079843750002 0.6241388 0.24730616562500002 0.6145821375 0.2426301171875 0.5947490515625 0.2345277984375 0.5917775109375001 0.2301428859375 0.5976817390625
0 0.2632196625 0.5947878953125 0.262552159375 0.6095678875 0.2674021859375 0.62018475625 0.27631757968750004 0.62124495625 0.280382940625 0.61168829375 0.2791047515625 0.5970785281250001 0.2734416546875 0.5883729890625 0.2632196625 0.5947878953125
0 0.300361803125 0.5823373843749999 0.29629643906249997 0.591894053125 0.29789417500000004 0.610156259375 0.30242465625000003 0.6171206859375 0.313285740625 0.6180106609375 0.3170315578125 0.6048015578125 0.316072915625 0.5938442328125 0.3081445765625 0.5816564796875 0.300361803125 0.5823373843749999
0 0.3353842765625 0.5792733140624999 0.3313189109375 0.5888299828125 0.3303318609375 0.5999575296875 0.33323619375 0.6107446296875 0.3374471265625 0.6140566171875 0.34441682500000004 0.61528704375 0.350108334375 0.601907715625 0.3491496921875 0.5909503890625001 0.341221353125 0.5787626359375 0.3353842765625 0.5792733140624999
0 0.368461053125 0.5763794718749999 0.3643956875 0.585936140625 0.3656738765625 0.60054590625 0.37020435625000003 0.607510334375 0.3771740546875 0.6087407609375 0.3828655640625 0.595361425 0.3819069234375 0.5844041062499999 0.37624382343749996 0.5756985671875 0.368461053125 0.5763794718749999
0 0.40153782812500005 0.573485628125 0.39779201249999996 0.5866947375 0.40101589375 0.601134278125 0.4074920671875 0.6079284796875 0.41251607031250004 0.6093291328125 0.41852712812500004 0.5996022437499999 0.41660984531249995 0.5776875968749999 0.411266290625 0.5726344984375 0.40153782812500005 0.573485628125
0 0.42546841718749995 0.622917540625 0.4200964546875 0.639949315625 0.42105509531249996 0.6509066359375 0.42979651093750004 0.6611830578125 0.4348205125 0.662583709375 0.44083156875 0.6528568203125 0.43891428593750004 0.630942175 0.43130549374999994 0.6224068625 0.42546841718749995 0.622917540625
0 0.3923916390625 0.6258113843750001 0.3863805828125 0.6355382781250001 0.38797831875 0.6538004796875 0.394454490625 0.6605946859375 0.40336988125 0.6616548875 0.407435246875 0.65209821875 0.4058375109375 0.6338360171875 0.40017440937500004 0.6251304796875 0.3923916390625 0.6258113843750001
0 0.3557430265625 0.63269811875 0.35167766093749997 0.6422547875 0.3526363015625 0.6532121078124999 0.359432021875 0.66365875625 0.36640172031249996 0.6648891828125 0.3720932296875 0.651509846875 0.3711345875 0.640552528125 0.36547148749999997 0.6318469890625 0.3557430265625 0.63269811875
0 0.3226662453125 0.6355919625 0.318600884375 0.64514863125 0.3198790734375 0.659758390625 0.3244095515625 0.666722825 0.33137925 0.6679532515625 0.33739030625 0.6582263562499999 0.33643166562500004 0.6472690375 0.33044901875 0.6349110578125 0.3226662453125 0.6355919625
0 0.28958946874999997 0.6384858062500001 0.28421750625 0.6555175796875 0.2848566 0.6628224609375 0.291652321875 0.6732691078124999 0.296676328125 0.6746697593750001 0.30268738281249996 0.6649428703125 0.301089646875 0.646680665625 0.29542655 0.6379751265625 0.28958946874999997 0.6384858062500001
0 0.25651269375 0.6413796484375001 0.25050163593749997 0.65110654375 0.252099371875 0.6693687484375 0.258575546875 0.6761629515625 0.265225696875 0.6737409375000001 0.26929105781249996 0.6641842687499999 0.2683324171875 0.6532269484375 0.26040407656250003 0.641039196875 0.25651269375 0.6413796484375001
0 0.2154791671875 0.6541706125 0.2167573546875 0.668780371875 0.22355307343750003 0.6792270203124999 0.22857707968750002 0.6806276718750001 0.234268590625 0.6672483375 0.2307251609375 0.6491563625000001 0.223435915625 0.6442734921875 0.2154791671875 0.6541706125
0 0.1824023890625 0.6570644546875 0.18400012500000001 0.6753266609375 0.1904762984375 0.6821208640624999 0.195500303125 0.6835215140625001 0.1995656671875 0.6739648515625001 0.19796793125 0.655702646875 0.1903591390625 0.647167334375 0.1824023890625 0.6570644546875
0 0.1463928671875 0.6712560703125 0.15350813593749998 0.6853551578125 0.1604778328125 0.6865855843750001 0.1655302484375 0.66590136875 0.1553366703125 0.650231403125 0.147379921875 0.6601285234375001 0.1463928671875 0.6712560703125
0 0.11674236093749998 0.657288365625 0.114303140625 0.6630223671875 0.1159008765625 0.6812845734375 0.1204313578125 0.6882490015625 0.1274010578125 0.6894794265625 0.1330925671875 0.6761000921875 0.1321339265625 0.6651427734375 0.126470825 0.656437234375 0.11674236093749998 0.657288365625
0 0.10533093125 0.70613190625 0.0976937296875 0.7196814671875 0.0996110125 0.7415961125 0.10835242656249999 0.751872528125 0.1188939609375 0.7491100625 0.12263977968749999 0.7359009546874999 0.120722496875 0.7139863140625 0.1131137046875 0.7054510015625 0.10533093125 0.70613190625
0 0.1371011109375 0.7107131703125 0.134981440625 0.7200996109375 0.1385248703125 0.7381915921875 0.14468149375 0.7413333546875001 0.15133164375 0.738911340625 0.1537708640625 0.7331773375 0.152173128125 0.7149151375 0.1445643359375 0.706379825 0.1371011109375 0.7107131703125
0 0.17131050781249998 0.7095604359375 0.17096255 0.7279928625000001 0.17549303125 0.734957296875 0.1863541140625 0.735847271875 0.1887933328125 0.73011326875 0.187195596875 0.7118510687499999 0.181532496875 0.7031455296875 0.17131050781249998 0.7095604359375
0 0.20470683125 0.710319034375 0.2059850203125 0.72492879375 0.2105155 0.731893228125 0.2174851984375 0.7331236546875 0.22317670781249999 0.71974431875 0.216554965625 0.7000814609375 0.2087721953125 0.7007623656249999 0.20470683125 0.710319034375
0 0.243794665625 0.6976982953124999 0.237783609375 0.707425190625 0.23874225 0.7183825109375 0.2435922765625 0.728999384375 0.2525076671875 0.7300595859375 0.2565730328125 0.7205029171875 0.25529484375 0.7058931562499999 0.2496317421875 0.69718761875 0.243794665625 0.6976982953124999
0 0.27719099062499997 0.69845689375 0.273125625 0.7080135609375 0.276669053125 0.7261055421875 0.28753014062500004 0.726995515625 0.29159550312500004 0.717438846875 0.2906368625 0.7064815265625 0.2807628265625 0.6944640015625 0.27719099062499997 0.69845689375
0 0.3112548171875 0.684435503125 0.30718945625 0.693992171875 0.3068414953125 0.7124245984375001 0.31363721718750004 0.722871246875 0.320606915625 0.7241016734375 0.32987026406250003 0.7067294453125 0.328911621875 0.695772125 0.323248521875 0.6870665875 0.3112548171875 0.684435503125
0 0.34465114375 0.6851941 0.340585778125 0.69475076875 0.3418639671875 0.7093605296875001 0.3486596875 0.7198071765625 0.35562938593750004 0.7210376046875 0.3596947484375 0.7114809359375001 0.35841656093749996 0.696871175 0.35048822031250004 0.684683421875 0.34465114375 0.6851941
0 0.376101775 0.6861229234375 0.373982103125 0.6955093671875 0.377205984375 0.7099489 0.3817364640625 0.716913334375 0.3887061625 0.7181437609375 0.39471721875 0.7084168656250001 0.39311948281250003 0.6901546656249999 0.385510690625 0.681619353125 0.376101775 0.6861229234375
0 0.41275038906250006 0.6792361890625 0.40868502500000004 0.68879285625 0.4102827609375 0.7070550578125 0.4167589359375 0.7138492656250001 0.4253547796875 0.711257025 0.4274744484375 0.7018705828125 0.42651580781250004 0.6909132625 0.420533159375 0.678555284375 0.41275038906250006 0.6792361890625
0 0.43473528437500003 0.7288383265625 0.43066992031250007 0.7383949890625 0.43226765624999997 0.7566571953125 0.43679813437500004 0.7636216234375001 0.4457135296875 0.7646818296875 0.44977889062500004 0.7551251609375 0.448181153125 0.7368629546875 0.44251805781250003 0.728157421875 0.43473528437500003 0.7288383265625
0 0.4000323625 0.7355548359374999 0.3962865453125 0.7487639453125 0.39982997343750004 0.7668559187499999 0.4126367484375 0.7675756734375 0.4163825671875 0.7543665640625 0.4157434734375 0.747061684375 0.40781513125 0.73487393125 0.4000323625 0.7355548359374999
0 0.3666360390625 0.7347962390625 0.36158362187500004 0.755480453125 0.36448795624999997 0.7662675484375 0.37096412968750003 0.77306175 0.379559971875 0.770469515625 0.38167964374999996 0.7610830734375 0.3800819078125 0.7428208671875 0.374418809375 0.734115334375 0.3666360390625 0.7347962390625
0 0.3275482046875 0.7474169703125 0.3294654890625 0.7693316171875 0.335941659375 0.77612581875 0.340965665625 0.7775264765625 0.346657175 0.7641471421875 0.3434332953125 0.7497076078125 0.33777019375 0.7410020703125 0.3275482046875 0.7474169703125
0 0.2988563359375 0.7444065906249999 0.294471428125 0.7503108125 0.29638871093749997 0.7722254609375 0.3028648828125 0.7790196609375 0.3114607265625 0.776427428125 0.31358039843749996 0.7670409859375 0.3123022109375 0.752431225 0.306639109375 0.7437256875 0.2988563359375 0.7444065906249999
0 0.2657795609375 0.7473004343749999 0.2597685046875 0.7570273281250001 0.261366240625 0.7752895296875 0.265896721875 0.78225395625 0.2748121125 0.7833141625 0.2788774734375 0.7737574953124999 0.2772797375 0.75549529375 0.27388188125 0.7502719703125 0.2657795609375 0.7473004343749999
0 0.2271852546875 0.7543573953125 0.22506558124999998 0.7637438390625 0.228609009375 0.7818358109375 0.232819940625 0.7851478000000001 0.2397896390625 0.78637823125 0.2441745515625 0.7804740031249999 0.244522509375 0.7620415781250001 0.23659416718749998 0.749853825 0.2271852546875 0.7543573953125
0 0.19410847656250002 0.7572512390624999 0.1916692578125 0.7629852406250001 0.19326699375 0.7812474421875 0.19779747187500002 0.78821186875 0.20476717187500001 0.7894422999999999 0.208832534375 0.7798856328125 0.2098195859375 0.7687580859375001 0.20383693906250003 0.7564001078125 0.19410847656250002 0.7572512390624999
0 0.16103169687500002 0.76014508125 0.1585924796875 0.7658790843750001 0.1605097625 0.7877937234375 0.16277500312499998 0.7912759375 0.17169039375 0.7923361437499999 0.1760753046875 0.7864319156249999 0.1744775703125 0.768169715625 0.16881447031250002 0.759464178125 0.16103169687500002 0.76014508125
0 0.12600922812499998 0.7632091515625 0.123570009375 0.7689431531250001 0.12258295781249999 0.7800706984375 0.127752534375 0.79434000625 0.136667925 0.7954002124999999 0.1410528375 0.789495984375 0.141720340625 0.7747159984375 0.1357376921875 0.7623580203125 0.12600922812499998 0.7632091515625
0 0.11491734687499999 0.8157051328125 0.11085198125 0.8252617953125 0.1124497171875 0.8435240015625001 0.118925890625 0.8503182031250001 0.12557604375 0.8478961953124999 0.12964140468750002 0.8383395265625 0.128363215625 0.823729759375 0.1227001203125 0.815024228125 0.11491734687499999 0.8157051328125
0 0.1372217875 0.8689597046875001 0.1331564234375 0.8785163734375001 0.132169371875 0.889643925 0.13507370624999998 0.90043101875 0.13928464062499998 0.9037430078125 0.1482000328125 0.9048032125000001 0.15226539687500001 0.8952465437500001 0.1506676609375 0.8769843390625001 0.145004559375 0.8682788 0.1372217875 0.8689597046875001
0 0.147994121875 0.8128112890624999 0.14555490625 0.818545284375 0.14488740312499998 0.8333252765625 0.149737428125 0.8439421453125 0.16059851249999998 0.8448321265625 0.16466387656249998 0.8352754578124999 0.163705234375 0.8243181375 0.1557768953125 0.8121303843750001 0.147994121875 0.8128112890624999
0 0.1830165953125 0.8097472203124999 0.18057737499999998 0.815481215625 0.17990987187500002 0.8302612078125 0.18475989843750001 0.8408780765625 0.1956209828125 0.84176805625 0.199686346875 0.8322113874999999 0.1984081578125 0.817601621875 0.1927450578125 0.8088960890625 0.1830165953125 0.8097472203124999
0 0.2180390640625 0.8066831515624999 0.2139737 0.8162398124999999 0.2152518890625 0.8308495796875001 0.21978236875 0.83781400625 0.2286977578125 0.8388742140625001 0.2327631234375 0.8293175453125 0.231484934375 0.814707778125 0.22582183281249998 0.8060022468750001 0.2180390640625 0.8066831515624999
0 0.2053210375 0.8630017921875 0.20157521875 0.8762109015625 0.20706434062499998 0.8941326546875 0.21792542343750002 0.895022634375 0.2216712421875 0.8818135265624999 0.21844735937499998 0.8673739859375 0.2108385671875 0.8588386734375 0.2053210375 0.8630017921875
0 0.1722442609375 0.8658956359375001 0.16817889531250002 0.8754523046875 0.16977663125 0.8937145093750001 0.1720418703125 0.8971967234375 0.1829029546875 0.8980867031249999 0.18534217343749998 0.8923527015625 0.1860096765625 0.877572709375 0.1800270296875 0.86521473125 0.1722442609375 0.8658956359375001
0 0.2383978125 0.8601079500000001 0.2343324484375 0.8696646171875001 0.235930184375 0.8879268234375 0.240460665625 0.8948912515625 0.25132174687500003 0.89578123125 0.2553871125 0.8862245625 0.2537893765625 0.8679623578125 0.248126275 0.8592568187499999 0.2383978125 0.8601079500000001
0 0.24705047656249998 0.8133459703125 0.24800911874999998 0.824303296875 0.25285914374999996 0.8349201640624999 0.26372023125 0.8358101453125 0.26746604375 0.8226010359375 0.266507403125 0.811643709375 0.2566333703125 0.7996261828125 0.24705047656249998 0.8133459703125
0 0.2840186375 0.8101116749999999 0.2830315859375 0.821239228125 0.2878816171875 0.8318560953125 0.2967970078125 0.8329163015625 0.300862371875 0.8233596328124999 0.296186321875 0.8035265484374999 0.2880840015625 0.8005550124999999 0.2840186375 0.8101116749999999
0 0.27342028281249997 0.8570438796875001 0.26967446562499997 0.8702529890624999 0.2706331078125 0.881210315625 0.2793745203125 0.89148673125 0.2860246734375 0.8890647218750001 0.2897704875 0.8758556140625 0.28881184531250004 0.8648982890625 0.28314874843750004 0.85619275 0.27342028281249997 0.8570438796875001
0 0.31038844375 0.8538095859375 0.3063230828125 0.8633662531249999 0.30760127187499997 0.8779760203125001 0.31213175 0.8849404468750001 0.3191014484375 0.886170878125 0.32316681406250003 0.8766142109375 0.32188862500000004 0.8620044453125001 0.3181712171875 0.85312868125 0.31038844375 0.8538095859375
0 0.3211607796875 0.7976611703125001 0.3167758703125 0.8035653921874999 0.31578881718749996 0.8146929437500001 0.318693153125 0.8254800390625 0.322904084375 0.8287920265625001 0.3298737828125 0.8300224593750001 0.3339391484375 0.820465790625 0.3349261984375 0.8093382437500001 0.3312087921875 0.8004624796875 0.3211607796875 0.7976611703125001
0 0.354237559375 0.7947673265625 0.35017219375 0.8043239890624999 0.353715621875 0.8224159703125 0.3579265546875 0.8257279562500001 0.3629505609375 0.827128615625 0.3689616171875 0.8174017203125 0.367683428125 0.8027919546875 0.36202032812499996 0.794086421875 0.354237559375 0.7947673265625
0 0.348982753125 0.8467526234375 0.3392542890625 0.847603753125 0.33550847500000003 0.8608128625000001 0.3367866640625 0.8754226296875001 0.34358238124999996 0.8858692703125 0.3505520796875 0.8870997015625001 0.35412391875 0.883106809375 0.3578697359375 0.8698977015624999 0.35691109375 0.8589403765625001 0.348982753125 0.8467526234375
0 0.3288015015625 0.9074046156250001 0.3263622859375 0.9131386171875 0.3305448078125 0.9385354781249999 0.343351584375 0.93925523125 0.3454712546875 0.929868790625 0.34387351875 0.9116065828125001 0.3362647265625 0.9030712703124999 0.3288015015625 0.9074046156250001
0 0.295405178125 0.9066460187500001 0.289394121875 0.9163729125 0.2893657125 0.9384577843749999 0.2981071265625 0.9487342015625 0.3089682078125 0.9496241812499999 0.3130335734375 0.9400675125 0.3137010765625 0.9252875203125001 0.3051336421875 0.9057948874999999 0.295405178125 0.9066460187500001
0 0.3596130375 0.9010285578125 0.35618676875 0.9178901078124999 0.359410653125 0.932329646875 0.366206371875 0.9427762906250001 0.3731760703125 0.944006721875 0.380813271875 0.930457159375 0.381161228125 0.912024728125 0.3709676484375 0.8963547609375 0.3596130375 0.9010285578125
0 0.38595091406250004 0.8435183281249999 0.37622245468750004 0.8443694578125 0.3721570890625 0.8539261265625001 0.373754825 0.8721883343749999 0.3782853046875 0.8791527609375 0.38914638749999997 0.880042740625 0.393211753125 0.8704860734375 0.39451835156250004 0.8630109671874999 0.391614015625 0.8522238671875 0.38595091406250004 0.8435183281249999
0 0.38536864375 0.792043709375 0.3832489703125 0.8014301453125 0.3842076125 0.812387471875 0.39100333125 0.8228341140625 0.39797302968750004 0.824064546875 0.403664540625 0.8106852109375 0.4001211109375 0.7925932312499999 0.3947775578125 0.7875401328125 0.38536864375 0.792043709375
0 0.418271440625 0.7983660765625 0.42181486875 0.8164580578124999 0.42602580312500005 0.81977004375 0.4329954984375 0.821000478125 0.4370608640625 0.8114438093749999 0.43433050937499995 0.7914404984375001 0.42233680468749996 0.7888094140625 0.418271440625 0.7983660765625
0 0.4092992296875 0.8414756156250001 0.40523386562499997 0.851032284375 0.40651205468749996 0.8656420499999999 0.4133077734375 0.8760886921875001 0.4222231640625 0.8771488984375001 0.4279146734375 0.8637695640624999 0.42695603125000003 0.8528122375 0.4209733875 0.840454259375 0.4092992296875 0.8414756156250001
0 0.4478935359375 0.8344186562499999 0.44025633593749997 0.847968215625 0.44185407187500003 0.866230421875 0.44638455 0.87319485 0.45724563749999997 0.8740848281250001 0.4616305484375 0.8681806 0.4619785046875 0.84974816875 0.45599585625000005 0.837390190625 0.4478935359375 0.8344186562499999
0 0.4278578546875 0.9079393031249999 0.435292671875 0.9256908296875 0.4442080625 0.92675103125 0.449580021875 0.9097192578125 0.44101259062500003 0.8902266234375 0.43322981718750003 0.8909075281250001 0.4278578546875 0.9079393031249999
0 0.3949550578125 0.9016169296875001 0.3912092390625 0.9148260390624999 0.3966983609375 0.9327477921874999 0.4114508296875 0.93329731875 0.41519664843750004 0.9200882109374999 0.41423800625 0.9091308859374999 0.4063096640625 0.8969431328124999 0.3949550578125 0.9016169296875001