1 0.9924793390625 0.1980825375 0.9842845734375001 0.18966580625 0.9709114640625 0.1868232640625 0.9623647125 0.1894565171875 0.951731521875 0.197208684375 0.9461006875000001 0.20491165156250002 0.94393875625 0.22447675625 0.9541444609375 0.24222077031249997 0.9739778875 0.247548971875 0.9884319640625 0.2406089625 0.9940627984375 0.23290599531249997 0.9985876625 0.21161818281250003 0.9924793390625 0.1980825375
1 0.94393875625 0.22447675625 0.9373779453125 0.21306989375000002 0.9287306921875 0.20678194374999997 0.9210889140624999 0.20515763437499998 0.910631721875 0.207384809375 0.8976355999999999 0.21685967968750003 0.8915522796875001 0.22669142656250002 0.889742334375 0.2352065515625 0.8923062625 0.25132625468750003 0.9007775171875 0.26313919375 0.9053273875000001 0.2652187765625 0.9175190343749999 0.268922671875 0.9327020890625001 0.26325009062500004 0.9455977109375 0.244854021875 0.9469551703124999 0.23846767500000002 0.94393875625 0.22447675625
1 0.9853650593750001 0.264431628125 0.9817201624999999 0.25809448437500004 0.9697045125000001 0.24886559843749997 0.9539684703125 0.247745759375 0.943787765625 0.253369146875 0.9353415140625 0.2649235984375 0.931721621875 0.28195384843750004 0.933732565625 0.2912811265625 0.9402933765625001 0.3026879890625 0.9501220937499999 0.3081145890625 0.9546719593749999 0.3101941703125 0.9670396 0.3083730734375 0.9828511390625 0.29504671875 0.9873760031250001 0.2737589078125 0.9853650593750001 0.264431628125
1 0.9342855515625 0.29807354375 0.93081665 0.2862114109375 0.918524503125 0.2735863125 0.9070618359375 0.271149846875 0.8966046437499999 0.273377021875 0.8827035499999999 0.2871094515625 0.87963664375 0.3109321234375 0.8857449703125001 0.3244677671875 0.893663240625 0.3294882859375 0.90776533125 0.3335982609375 0.9163120828125001 0.3309650078125 0.9273977562500001 0.3210840625 0.9339335640625 0.3091235296875 0.9342855515625 0.29807354375
1 0.9671401015625 0.31729427656250003 0.9618612515624999 0.3139472625 0.940393878125 0.3116091921875 0.9297606875 0.3193613546875 0.924129853125 0.3270643234375 0.9205099625000001 0.34409457187500003 0.9225209062499999 0.3534218515625 0.92908171875 0.3648287171875 0.93508954375 0.36944315781250003 0.9534650093750001 0.37223650468749997 0.9688240609375001 0.361038934375 0.97525936875 0.34015720156249996 0.974706384375 0.333364778125 0.9671401015625 0.31729427656250003
1 0.9196049890625 0.348352134375 0.912591690625 0.339074053125 0.8896663546875001 0.3342011234375 0.8771227234375001 0.3415472140625 0.8714918890625001 0.3492501828125 0.866866525 0.3616167921875 0.8674195109375 0.368409209375 0.8708884125 0.38027135 0.8786306906249999 0.3908168609375 0.898464115625 0.39614506562499996 0.9133706796875 0.3870762703125 0.9190015140625001 0.379373303125 0.923073890625 0.3602142765625 0.9196049890625 0.348352134375
1 0.9640477093750001 0.40229792656249996 0.9624892515625 0.39084186875000004 0.95064959375 0.376087990625 0.9353660375 0.372839371875 0.9268192875000001 0.3754726234375 0.9129181921875 0.38920505625 0.9098512875000001 0.413027721875 0.9145016531250001 0.4240285078125 0.9219674390625 0.4311778125 0.937979975 0.43569386093749995 0.9465267265625 0.4330606078125 0.9547969843749999 0.42703114375 0.960880303125 0.41719939687499996 0.9640477093750001 0.40229792656249996
1 0.901607478125 0.1887794453125 0.8921307484375 0.172302865625 0.8868519046875001 0.168955853125 0.8772996796875001 0.1669254640625 0.8625691109375 0.1704692671875 0.8510309484375 0.18247899218750002 0.8464055859374999 0.1948456015625 0.8479640421875001 0.206301665625 0.8526144109375 0.21730244999999998 0.86008019375 0.22445175 0.8741822859375 0.228561721875 0.880366103125 0.22765117343750002 0.8933622250000001 0.218176303125 0.898993059375 0.2104733328125 0.901607478125 0.1887794453125
1 0.8903958171875 0.2509201765625 0.8823770468750001 0.23697845312500002 0.8656355343750001 0.23119497500000002 0.8594517125 0.23210552343750002 0.8417297312500001 0.2450258 0.8361993953125 0.261649971875 0.8377578531250001 0.273106028125 0.8484160468749999 0.2887212578125 0.866339025 0.2936433875 0.8748857765625001 0.291010134375 0.8892393578125001 0.27514891874999997 0.8924067609374999 0.26024745625 0.8903958171875 0.2509201765625
1 0.8816475875 0.320259403125 0.8781786859375 0.3083972625 0.869707428125 0.29658432343749996 0.848692540625 0.2921174703125 0.83614890625 0.29946355625 0.8277026546874999 0.3110180109375 0.8249877359375001 0.3237906953125 0.8280041515625 0.33778161562500003 0.83310700625 0.346653621875 0.8429357203125001 0.352080221875 0.8513064781249999 0.3549719609375 0.8617636703124999 0.352744784375 0.8723968609374999 0.3449926203125 0.8780276953125 0.3372896515625 0.8816475875 0.320259403125
1 0.8714413984375 0.3870637671875 0.8694304546874999 0.3777364875 0.8628696421875001 0.366329625 0.8542223953124999 0.36004167656249997 0.8446701687499999 0.3580112890625 0.8299396015625 0.3615550890625 0.8179489515625 0.37569359687500004 0.814781546875 0.3905950671875 0.816792490625 0.399922346875 0.8274506828125 0.4155375765625 0.8453736656249999 0.42045970156249995 0.849647040625 0.41914307500000003 0.862643159375 0.4096682078125 0.8687264796875 0.3998364546875 0.8714413984375 0.3870637671875
1 0.91186223125 0.42235500156250005 0.899469584375 0.40080870468749996 0.8803651390624999 0.39674792812500004 0.8760917640624999 0.3980645546875 0.8654585765625 0.40581672187500006 0.8598277421875 0.4135196921875 0.857213321875 0.4352135796875 0.8688769875 0.45549244843750003 0.884889525 0.460008496875 0.893436275 0.45737524531249996 0.9073373671875 0.4436428109375 0.912415215625 0.4291474234375 0.91186223125 0.42235500156250005
1 0.9518305765624999 0.45977501875 0.948638165625 0.45130908906249995 0.94044340625 0.44289235781249997 0.917065584375 0.44014820937500004 0.9064323953125 0.447900371875 0.9008015593750001 0.4556033421875 0.89718166875 0.472633590625 0.8991926125 0.48196087031249996 0.905753425 0.49336773593750005 0.91176125 0.497982175 0.9239528984375 0.501686071875 0.9301367140625001 0.5007755234375 0.94504328125 0.49170673125000003 0.9519310750000001 0.46869621875 0.9518305765624999 0.45977501875
1 0.8977346531249999 0.479426015625 0.8873529546875 0.46720699374999997 0.8782532156249999 0.463047825 0.8616122 0.4661855484375 0.8472586218749999 0.4820467640625 0.844543703125 0.4948194484375 0.846554646875 0.504146728125 0.8497470578125 0.5126126546875 0.857212840625 0.5197619578125 0.8751358218749999 0.5246840828125 0.8836825734374999 0.52205083125 0.89803615 0.50618961875 0.90075106875 0.493416934375 0.8977346531249999 0.479426015625
1 0.8495225 0.21775772031249999 0.84751155625 0.2084304421875 0.8409507453125 0.19702358125 0.8323034921874999 0.1907356296875 0.8246617140625 0.1891113203125 0.8099311468750001 0.192655121875 0.8040238171875 0.19696188125 0.7946725921875 0.212773896875 0.7938681187500001 0.2259526609375 0.797337021875 0.2378147953125 0.8089001874999999 0.24917246249999997 0.8191813874999999 0.25247028125000004 0.8296385859375001 0.25024310625 0.8426347046875 0.24076823906249997 0.845902609375 0.23478796875 0.8495225 0.21775772031249999
1 0.8075432093750001 0.17101043124999998 0.7995244390625 0.15706870781249999 0.7789620375 0.150473075 0.772778215625 0.151383621875 0.7569666796875001 0.164709978125 0.75143634375 0.18133415 0.7559107171874999 0.197859921875 0.7655634390625 0.2088115125 0.779665528125 0.21292148593750002 0.7882122796875 0.21028823281250003 0.8016608875 0.1986845828125 0.8080961953125 0.1778028484375 0.8075432093750001 0.17101043124999998
1 0.7944211046875 0.232745078125 0.7878602953125 0.22133821718750002 0.7792130421875 0.2150502671875 0.769660821875 0.21301987968749997 0.7592036234374999 0.215247053125 0.7485704359375001 0.22299921875 0.7424871140625 0.232830971875 0.740224684375 0.2434748734375 0.7417831406250001 0.2549309359375 0.7498019109375 0.268872659375 0.7577201812500001 0.2738931765625 0.7660909359375 0.2767849171875 0.7789110625 0.2728350390625 0.7932646437499999 0.25697382812499997 0.7964320484375 0.2420723578125 0.7944211046875 0.232745078125
1 0.7540002734375 0.19745384531250001 0.743518071875 0.1763136265625 0.7286870015625 0.17093622656250002 0.7205927375 0.17144069687500002 0.7104120359375 0.1770640828125 0.699602853125 0.1903412375 0.6973404203125 0.200985146875 0.698898878125 0.21244120312499998 0.7069176500000001 0.2263829265625 0.7129254734375 0.23099737031249998 0.725117121875 0.2347012640625 0.7313009390625 0.233790715625 0.749475409375 0.21874165625000003 0.753648284375 0.20850383125 0.7540002734375 0.19745384531250001
1 0.838863825 0.2866908703125 0.8387633250000001 0.27776966875000003 0.833107484375 0.26210524375 0.8263706796875001 0.256223371875 0.8029928578125001 0.25347922343749996 0.7923596703125 0.261231390625 0.7867288359375 0.2689343609375 0.7831089453125 0.2859646078125 0.7851198890625 0.2952918875 0.7916806984375 0.3066987484375 0.7995989703124999 0.31171927187500004 0.8098801718749999 0.3150170875 0.8160639937499999 0.3141065390625 0.8286076265625001 0.306760446875 0.8342384609375 0.29905747968749996 0.838863825 0.2866908703125
1 0.82810465 0.3467028171875 0.825088234375 0.33271189843750004 0.8147065359375001 0.32049288125 0.79751253125 0.3168381828125 0.78896578125 0.319471434375 0.7750646890625 0.33320386874999997 0.7714447984375 0.35023411718749997 0.7734557421875 0.359561396875 0.7814745109375 0.37350311718749996 0.7879348234375 0.37598878125 0.7982160281249999 0.37928659531250003 0.8086732203125001 0.37705942187499997 0.8169434796875 0.3710299578125 0.8253897312499999 0.359475503125 0.82810465 0.3467028171875
1 0.8607827234375 0.455996915625 0.8602297374999999 0.4492044984375 0.8582187937500001 0.4398772203125 0.851657984375 0.4284703546875 0.831095578125 0.4218747203125 0.8142785703125 0.43053743750000006 0.8086477359375 0.43824040468750003 0.8049273453125 0.446349453125 0.8055808296875 0.462063071875 0.8116891531249999 0.47559871718749996 0.8176969812499999 0.4802131625 0.8356199625 0.4851352875 0.8398933390625001 0.4838186609375 0.8505265265625 0.47606649375 0.8561573609375 0.468363525 0.8607827234375 0.455996915625
1 0.8163400046874999 0.402051125 0.809779190625 0.3906442625 0.80113194375 0.3843563125 0.79157971875 0.382325925 0.781122525 0.3845531 0.7704893359375 0.3923052640625 0.7648585015625 0.4000082328125 0.7616910953125 0.41490970312500003 0.7647075109375 0.428900621875 0.7750892109375 0.4411196390625 0.781549525 0.44360530000000004 0.7922832140625 0.4447743375 0.800829965625 0.4421410859375 0.8151835421875001 0.4262798734375 0.8183509484375 0.41137840312499996 0.8163400046874999 0.402051125
1 0.7750142 0.371017453125 0.77300325625 0.361690175 0.7649844875 0.347748453125 0.7597056375 0.3444014390625 0.7401487046875 0.3424694453125 0.7271525875 0.3519443140625 0.721069265625 0.36177606875 0.718806834375 0.37241996875 0.720365290625 0.3838760328125 0.7269261046875 0.3952828953125 0.732933928125 0.39989733906249997 0.748946465625 0.4044133875 0.753219840625 0.40309676093749996 0.7610376125 0.399196078125 0.77184679375 0.3859189234375 0.7750142 0.371017453125
1 0.784667403125 0.2974206640625 0.773280228125 0.2805380078125 0.7541757828125 0.2764772328125 0.734090871875 0.2911202125 0.73001849375 0.31027924375 0.7320294374999999 0.31960652500000003 0.7385902484375 0.3310133859375 0.7465085203124999 0.3360339078125 0.7567897203125 0.3393317234375 0.765336471875 0.3366984703125 0.7759696609375 0.3289463078125 0.7848684015625 0.31526306718749997 0.784667403125 0.2974206640625
1 0.7428891109375 0.268515778125 0.7403251828124999 0.252396075 0.7265750765625001 0.237236121875 0.7170228578125 0.2352057359375 0.706565659375 0.237432909375 0.695932471875 0.24518507656250002 0.6903016359375 0.25288804531250003 0.6866817453125 0.26991829375 0.6886926890625 0.2792455734375 0.6986219015625 0.293593371875 0.703171771875 0.2956729578125 0.71154253125 0.29856469531249996 0.7219997234375 0.2963375203125 0.7349958453125 0.2868626484375 0.741531653125 0.2749021171875 0.7428891109375 0.268515778125
1 0.7330349093749999 0.3242701640625 0.7283845437500001 0.3132693765625 0.720189778125 0.30485264375 0.6987224046875 0.3025145734375 0.6857262828125 0.3119894421875 0.6796429609375 0.3218211953125 0.6789389859375 0.343921159375 0.6854997968750001 0.355328021875 0.6915076250000001 0.3599424671875 0.707520159375 0.36445851406249996 0.711793534375 0.3631418875 0.7219742375 0.3575185046875 0.7308729765625 0.3438352671875 0.7330349093749999 0.3242701640625
1 0.6764005421875 0.26662047499999997 0.6611169859375 0.2633718546875 0.6525702359375 0.2660051078125 0.6391216296875 0.27760875937499996 0.6344962671875 0.28997536875 0.63414428125 0.3010253484375 0.6458079453125001 0.3213042171875 0.6656413718749999 0.32663242187499997 0.6833633515625 0.3137121484375 0.690251146875 0.2907016296875 0.6831373484375 0.2725023484375 0.6764005421875 0.26662047499999997
1 0.69990435 0.2171048421875 0.6952539843750001 0.20610405781250002 0.6851487765625001 0.19728125000000002 0.6717756609375 0.19443870624999998 0.6632289109375 0.1970719578125 0.6469648875 0.21252709531249997 0.6437974843750001 0.227428559375 0.645808428125 0.23675583906250003 0.6538271984375 0.2506975640625 0.6617454671874999 0.2557180859375 0.6701162234375 0.25860982187500003 0.6805734218749999 0.25638264843749997 0.691206609375 0.24863048437500002 0.69683744375 0.24092751406250001 0.69990435 0.2171048421875
1 0.7001813218749999 0.1359526765625 0.6810768765625 0.1318919015625 0.6725301265625 0.134525153125 0.6614444515625 0.1444061015625 0.65546163125 0.16315905 0.657472575 0.1724863296875 0.6681307671875001 0.188101559375 0.6860537484375 0.1930236890625 0.6946005000000001 0.1903904359375 0.708954078125 0.1745292203125 0.711568496875 0.1528353328125 0.7001813218749999 0.1359526765625
1 0.6570200875000001 0.17461511406250002 0.64900131875 0.160673390625 0.6403540671875 0.15438544062499998 0.6308018468750001 0.152355053125 0.6203446484375 0.1545822265625 0.6097114609375 0.1623343921875 0.603175653125 0.1742949234375 0.602924165625 0.1942661109375 0.6109429359375 0.20820783281250002 0.6169507609375 0.212822271875 0.629142409375 0.21652616875000003 0.637689159375 0.2138929171875 0.6483223484375 0.20614074843750002 0.6539531828125 0.1984377796875 0.6570200875000001 0.17461511406250002
1 0.647366884375 0.2482119015625 0.645355940625 0.2388846234375 0.63879513125 0.22747775781250001 0.618232725 0.22088212343750002 0.6120489078125 0.22179267187499999 0.5966898546875 0.23299024687499997 0.5907070328125 0.2517431953125 0.5912600171875 0.2585356203125 0.6002842609375 0.2771409796875 0.604834128125 0.27922056562500003 0.6208466625 0.2837366125 0.6293934125 0.2811033609375 0.6432945078125 0.26737092812499996 0.6474673828124999 0.2571331046875 0.647366884375 0.2482119015625
1 0.6352502515625 0.3146101890625 0.6332393078125 0.30528290937499997 0.62667849375 0.2938760484375 0.618031246875 0.2875881 0.608479021875 0.2855577109375 0.5980218296875 0.28778488593749996 0.5873886390624999 0.29553704999999997 0.5817578046875 0.3032400171875 0.5781379140625 0.3202702671875 0.5801488578125 0.3295975453125 0.5867096703125 0.3410044109375 0.5927174953125001 0.345618853125 0.6068195843749999 0.3497288265625 0.615366334375 0.34709557343749997 0.6259995265625 0.33934340625 0.6320828453125 0.3295116609375 0.6352502515625 0.3146101890625
1 0.6780340140625001 0.348178721875 0.6700152421875 0.3342369984375 0.6613679953125 0.32794905 0.6518157703125 0.3259186609375 0.641358578125 0.3281458359375 0.6307253875 0.335898 0.6250945531250001 0.34360096875 0.621927146875 0.35850244062500003 0.6249435625 0.372493359375 0.6285884578125 0.378830503125 0.6398751328125 0.3867919578125 0.6444250015625 0.3888715453125 0.6567926421875 0.387050446875 0.669788759375 0.3775755796875 0.6754195953125001 0.3698726109375 0.6780340140625001 0.348178721875
1 0.7169968890625 0.38093509375 0.7099835890625 0.3716570125 0.6932420765625 0.36587353437500003 0.6870582546875 0.3667840828125 0.674514621875 0.374130171875 0.6688837875 0.3818331421875 0.6643589234375 0.4031209515625 0.6760225890625 0.4233998203125 0.695856015625 0.428728025 0.710762578125 0.4196592296875 0.7163934125 0.41195626093750004 0.7204657890624999 0.3927972359375 0.7169968890625 0.38093509375
1 0.6654648937500001 0.41670579375 0.6634539515625 0.4073785140625 0.65161429375 0.39262463593749997 0.6301469140625 0.3902865625 0.6171507968750001 0.39976143125 0.6115199609374999 0.4074644015625 0.6083525562500001 0.422365871875 0.6103635 0.4316931515625 0.6169243140625 0.4431000125 0.6229321375 0.44771445625000006 0.6389446750000001 0.45223050468750003 0.64321805 0.45091387968749996 0.6533987515625 0.4452904953125 0.661845003125 0.4337360421875 0.6654648937500001 0.41670579375
1 0.7518623828125001 0.4094831046875 0.7389417546875 0.4045117796875 0.7265741140624999 0.406332878125 0.7126730234374999 0.42006530781249996 0.7075951734375 0.4345607 0.7081481593750001 0.44135311875000005 0.7198118250000001 0.4616319875 0.7396452499999999 0.46696019218749996 0.7545518125 0.4578914015625 0.7601826468749999 0.45018843437499995 0.764255025 0.4310294 0.7518623828125001 0.4094831046875
1 0.8066868015624999 0.47564791250000005 0.8051283437500001 0.46419185625 0.7985675328124999 0.452784990625 0.7932886828125 0.4494379765625 0.7741842375 0.4453772015625 0.7699108625 0.446693828125 0.759277675 0.4544459953125 0.7536468390625 0.46214896562499996 0.7500269484375 0.47917921406249997 0.7520378921875001 0.48850649218750003 0.758598703125 0.499913353125 0.7665169749999999 0.5049338765625 0.7767981749999999 0.5082316921875 0.7829819984374999 0.5073211421875 0.7931626984375 0.5016977609375 0.8039718828125 0.48842059843749996 0.8066868015624999 0.47564791250000005
1 0.752590878125 0.49529890937500004 0.7505799343749999 0.48597162968749996 0.7454770828124999 0.47709962656249993 0.7315509859375 0.46746466406250003 0.712999521875 0.470196309375 0.7070921968749999 0.4745030703125 0.698193459375 0.4881863015625 0.6959310265624999 0.498830209375 0.6974894843749999 0.510286265625 0.704050296875 0.5216931312499999 0.7100581218750001 0.5263075734375 0.7241602109375 0.530417546875 0.7303440343750001 0.5295069984375 0.743340153125 0.5200321265625 0.7489709875 0.5123291578125 0.752590878125 0.49529890937500004
1 0.702140334375 0.4367386765625 0.69349308125 0.43045072656250005 0.6739361500000001 0.42851873281249997 0.66094003125 0.43799360312499996 0.654856709375 0.44782535156250003 0.652594278125 0.458469259375 0.6566161640625 0.47712381875 0.670089775 0.48888756093749997 0.6765500875 0.491373221875 0.6912806609375 0.487829421875 0.7056342390625 0.47196820781250004 0.7082486578125 0.45027431875 0.702140334375 0.4367386765625
1 0.6532477625 0.474182878125 0.648597396875 0.46318209374999997 0.6384921890624999 0.45435928593749997 0.627029521875 0.45192282031250003 0.6165723234375 0.45414999375000004 0.6083020671875 0.46017945468750004 0.5998558140625 0.471733909375 0.5971408968749999 0.4845065953125 0.6001573125 0.498497515625 0.608628565625 0.5103104578125001 0.6131784359375 0.51239004375 0.6234596359375 0.5156878578125 0.633916834375 0.513460684375 0.644550021875 0.5057085203125 0.65018085625 0.49800554999999996 0.6532477625 0.474182878125
1 0.6114694703125 0.445277990625 0.6099110140625 0.433821928125 0.6033502000000001 0.422415065625 0.5966133953125 0.41653319375000003 0.5813298390625 0.41328457343749997 0.5727830875000001 0.415917825 0.5616974140625 0.42579877499999996 0.55561409375 0.43563052031250005 0.5538041484375 0.4441456453125 0.5568205625 0.45813656406250003 0.5679312421875 0.471623015625 0.5839437765625 0.4761390625 0.592490528125 0.4735058109375 0.6007607875 0.4674763484375 0.609659525 0.453793115625 0.6114694703125 0.445277990625
1 0.6231336171875 0.3810084828125 0.6215751609375 0.36955241875 0.61501435 0.3581455578125 0.606367096875 0.35185760781250003 0.5887206140625 0.35033169062499997 0.578539909375 0.3559550734375 0.5700936578125 0.367509528125 0.5664737671875 0.3845397765625 0.5684847109375 0.3938670546875 0.5795953890625001 0.40735350625000005 0.5975183687500001 0.41227563125 0.60179174375 0.41095900625 0.6147878640625 0.40148413906249997 0.6208711859375 0.39165238593749996 0.6231336171875 0.3810084828125
1 0.58024935625 0.33851874843749996 0.5782384125 0.32919146875 0.5683092000000001 0.314843671875 0.5553885703125 0.309872346875 0.5492047546875 0.3107828953125 0.5347506734375 0.3177229078125 0.526756909375 0.327148578125 0.524142490625 0.348842465625 0.531708771875 0.3649129703125 0.5377166 0.3695274109375 0.5518186921875 0.3736373859375 0.5580025078124999 0.3727268359375 0.5709986312499999 0.363251965625 0.5766294656250001 0.35554899687499997 0.58024935625 0.33851874843749996
1 0.9384319765625 0.5181134562499999 0.9268688140625001 0.5067557890625001 0.9073118828125001 0.504823796875 0.897131178125 0.5104471828125 0.888684925 0.5220016359375 0.885517521875 0.5369031 0.8875284656250001 0.5462303796875 0.8981866593750001 0.5618456078125 0.9161096375 0.5667677359375001 0.9305637171875001 0.5598277234375 0.9361945515625001 0.55212475625 0.9411719015625 0.528708165625 0.9384319765625 0.5181134562499999
1 0.8875284656250001 0.5462303796875 0.8809676546875 0.5348235171875 0.8723204015625001 0.5285355671875 0.8627681828125 0.52650518125 0.84994805625 0.5304550578125 0.8440407265625 0.5347618187500001 0.8351419890624999 0.54844505 0.8333320437499999 0.5569601734375 0.8348905 0.5684162374999999 0.84554869375 0.5840314656250001 0.8653821203125001 0.5893596703124999 0.8755628218749999 0.5837362828125 0.8863720031250001 0.5704591296875 0.889539409375 0.5555576578125 0.8875284656250001 0.5462303796875
1 0.8476606171875 0.5177315703125001 0.8461021609375001 0.50627550625 0.840999309375 0.497403503125 0.8270732125 0.487768540625 0.8085217484375 0.490500184375 0.7941681703125 0.5063614000000001 0.791453253125 0.5191340859375 0.7944696671875 0.5331250046875 0.7995725234375 0.5419970078125 0.8074907937500001 0.5470175265624999 0.8196824375 0.5507214234375 0.8282291890625 0.5480881703125 0.836499446875 0.5420587109375 0.8449457 0.53050425625 0.8476606171875 0.5177315703125001
1 0.7945701671875 0.54204620625 0.7920062390625 0.525926503125 0.7782561359375 0.51076655 0.76679346875 0.5083300859375 0.75397334375 0.5122799625 0.739167275 0.5302699578125 0.737910315625 0.5455775 0.7403737453125 0.5527760015625 0.746934559375 0.5641828640625 0.7567632718749999 0.5696094625 0.7613131421875 0.5716890453125 0.7736807828125001 0.56986795 0.78949231875 0.5565415921875 0.793212709375 0.5484325453125 0.7945701671875 0.54204620625
1 0.739468771875 0.5570335640625 0.7362763625000001 0.548567634375 0.7228027515625 0.5368038890625 0.7132505328125001 0.5347735015625 0.702793334375 0.537000675 0.6945230765625 0.543030140625 0.686076825 0.55458459375 0.68381439375 0.565228496875 0.68537285 0.5766845609375 0.6900232187500001 0.5876853453125 0.6960310437499999 0.5922997890625 0.713954021875 0.5972219140624999 0.7201378453125 0.596311365625 0.7284081015625 0.5902819046875 0.736854353125 0.5787274515624999 0.739468771875 0.5570335640625
1 0.7823530359374999 0.5995232921875 0.7798896046875 0.5923247968750001 0.7680499484375 0.5775709171875001 0.7527663921875 0.5743222968749999 0.744219640625 0.5769555484375 0.7303185453125 0.5906879828125 0.7261456703125 0.6009258078124999 0.727251640625 0.614510646875 0.7333599671875 0.6280462953125 0.7393677921874999 0.6326607390625 0.7553803296875 0.6371767875 0.761564146875 0.6362662375 0.7721973375 0.628514071875 0.781096075 0.6148308390625 0.7823530359374999 0.5995232921875
1 0.8359964718749999 0.582001078125 0.8344380140625001 0.570545015625 0.8278772046875 0.5591381531249999 0.8211403984375 0.55325628125 0.8077672843749999 0.5504137390625 0.7992205328125 0.553046990625 0.7885873453125 0.5607991546875 0.7825040234375 0.5706309078125 0.77978910625 0.5834035953125001 0.78180005 0.592730875 0.7849924578125 0.6011967984375 0.79245824375 0.6083461015625 0.8103812218750001 0.613268228125 0.8146545968750001 0.6119516015625 0.82765071875 0.6024767343749999 0.8337340390625 0.59264498125 0.8359964718749999 0.582001078125
1 0.824332325 0.6462705875 0.8227738671875 0.6348145234375 0.8162130546874999 0.6234076609375 0.8094762484375 0.6175257890625 0.7899193171875 0.6155937953125 0.7769231984375 0.6250686625 0.7712923640625 0.6327716328124999 0.7681249593749999 0.647673103125 0.770135903125 0.6570003828125001 0.7733283140625 0.665466309375 0.7807940953125 0.6726156125 0.7987170781249999 0.6775377375 0.8029904531250001 0.6762211109375 0.815986571875 0.66674624375 0.8220698921875 0.656914490625 0.824332325 0.6462705875
1 0.8793332203125 0.6223620296875 0.8763168046875001 0.6083711093749999 0.8663875890625 0.594023309375 0.8491935906249999 0.5903686125000001 0.840646840625 0.5930018640625 0.8267457453124999 0.606734296875 0.823678840625 0.6305569625 0.82687125 0.639022890625 0.8377054359375 0.6491131296875 0.851807528125 0.6532231015625001 0.8603542796875001 0.65058985 0.8686245359375 0.644560384375 0.8775232734375 0.6308771546874999 0.8793332203125 0.6223620296875
1 0.92895476875 0.5861852515625 0.920936 0.57224353125 0.91565715 0.56889651875 0.9041944828125 0.5664600531249999 0.893737290625 0.568687228125 0.8854670312499999 0.5747166906250001 0.8770207796875 0.5862711453125 0.8747583484374999 0.596915046875 0.8777747625 0.610905965625 0.8843355734375 0.6223128296875 0.8941642906249999 0.6277394265625 0.9048979796875001 0.628908465625 0.9134447296875001 0.6262752125 0.9217149875 0.6202457484375 0.9277983078125001 0.6104140015625 0.92895476875 0.5861852515625
1 0.9192010671874999 0.6508608375 0.9078138953125 0.6339781828125 0.88870945 0.6299174078124999 0.884436075 0.6312340328125 0.873802884375 0.6389862 0.864904146875 0.65266943125 0.8640996734374999 0.6658481953125001 0.8690265328125 0.6802451921875 0.879131740625 0.6890680031249999 0.8913233875 0.692771896875 0.8975072046875001 0.6918613484375 0.9100508406250001 0.68451525625 0.9156816750000001 0.6768122890625 0.9192010671874999 0.6508608375
1 0.9065314484375 0.7104667078125 0.9028865515625 0.7041295625 0.8908709015625 0.694900678125 0.8832291234375 0.6932763671875 0.872771925 0.6955035406250001 0.8621387374999999 0.703255709375 0.856507903125 0.710958678125 0.8538934828125001 0.7326525671875 0.864099190625 0.750396571875 0.8858430609375001 0.75613085625 0.89838669375 0.7487847671875001 0.904017528125 0.741081796875 0.9085423921875 0.7197939875 0.9065314484375 0.7104667078125
1 0.8636471859375 0.6679769796875 0.8566338859375 0.6586988953125 0.835619 0.6542320421875 0.8155340859375 0.668875021875 0.8114617078125 0.688034053125 0.8134726515624999 0.6973613328125 0.82458333125 0.7108477765625001 0.8425063125 0.71576990625 0.8545974578125 0.7105526 0.8625912250000001 0.701126925 0.868121559375 0.6845027531250001 0.8636471859375 0.6679769796875
1 0.615241796875 0.1457102203125 0.6146888109375 0.13891780468749998 0.6037541234375 0.1199063625 0.588923053125 0.11452896093750001 0.578918346875 0.1146273546875 0.565922225 0.12410222500000001 0.5585819437499999 0.1492415203125 0.565695740625 0.1674408046875 0.5717035687500001 0.17205524375 0.58962655 0.1769773734375 0.593899925 0.1756607484375 0.6045331125 0.167908584375 0.610163946875 0.1602056140625 0.615241796875 0.1457102203125
1 0.5973688234375001 0.187522884375 0.587263615625 0.1787000765625 0.5777113953125 0.1766696890625 0.56534375625 0.1784907859375 0.5514426609374999 0.1922232203125 0.547370284375 0.2113822453125 0.549381228125 0.22070952500000002 0.5559420375 0.23211639062499997 0.561949865625 0.23673083125 0.5760519578125 0.2408408046875 0.584598709375 0.238207553125 0.5984998 0.224475121875 0.60347715 0.201058528125 0.5973688234375001 0.187522884375
1 0.5611458734375 0.16536121718750002 0.55913493125 0.1560339375 0.5525741203125001 0.1446270765625 0.542016425 0.13793305 0.5239174484375 0.1385359125 0.5132842625 0.1462880765625 0.5076534265625 0.153991046875 0.5040335359375 0.17102129531250002 0.5075024375 0.1828834359375 0.5159736921875 0.194696375 0.5224340062499999 0.1971820359375 0.5327152093749999 0.20047985468750001 0.5412619609375 0.197846603125 0.5495322171875 0.19181714218749998 0.55797846875 0.18026268750000002 0.5611458734375 0.16536121718750002
1 0.512605775 0.1072070625 0.502500565625 0.09838425468749999 0.4910378984375 0.0959477890625 0.48058069999999997 0.09817496249999999 0.4699475140625 0.1059271265625 0.464316678125 0.113630096875 0.4606967875 0.13066034531249998 0.466352625 0.1463247734375 0.47572885468750004 0.153880153125 0.49174138906250003 0.15839620000000001 0.5002881390625 0.1557629484375 0.5141892343750001 0.142030515625 0.5172561390625 0.11820785 0.512605775 0.1072070625
1 0.5045865203125001 0.1778137203125 0.5009416234375 0.171476571875 0.488925975 0.1622476859375 0.47937374843749997 0.160217296875 0.466553621875 0.1641671765625 0.458283365625 0.1701966375 0.4522000453125 0.180028390625 0.44993761406250005 0.19067229218749998 0.45149607031250005 0.20212835624999997 0.4621542640625 0.21774358437500002 0.48389813437500007 0.223477865625 0.4940788359375 0.21785447812499997 0.5053405046874999 0.202448540625 0.5070499515625 0.18501221406249999 0.5045865203125001 0.1778137203125
1 0.5504871984374999 0.234294365625 0.548928740625 0.22283830937500002 0.5409099703125 0.2088965859375 0.5322627234375 0.20260863593749998 0.5246209453125 0.200984325 0.509890371875 0.2045281265625 0.49835221093750004 0.21653785625 0.493827346875 0.2378256671875 0.49483281874999996 0.24248930624999998 0.5009411453125 0.2560249484375 0.508859415625 0.26104546875 0.5229615078125 0.26515544062499996 0.5315082578125 0.2625221890625 0.54259393125 0.25264124374999997 0.5486772531249999 0.242809490625 0.5504871984374999 0.234294365625
1 0.5924664875000001 0.28104166249999996 0.5918130046875001 0.2653280375 0.587162634375 0.254327253125 0.5751469859375 0.2450983671875 0.5655947593749999 0.24306797812499997 0.5527746328124999 0.24701785781250002 0.5445043765625 0.253047321875 0.53842105625 0.2628790671875 0.536259121875 0.282444178125 0.5438254078125 0.2985146796875 0.5498332328125 0.303129125 0.5639353218750001 0.30723909531250004 0.5701191453125001 0.306328546875 0.5779369156249999 0.3024278625 0.5882936125 0.2912794875 0.5924664875000001 0.28104166249999996
1 0.5392755375 0.29643509843750004 0.5358066375 0.28457295625 0.5321617421875 0.2782358125 0.5201460875 0.2690069265625 0.51441475625 0.26778869375 0.49968418281250004 0.27133249375 0.485783090625 0.2850649265625 0.4821632 0.302095175 0.48417414374999995 0.3114224546875 0.4948323375 0.3270376828125 0.5108448703125 0.33155373125 0.51702869375 0.330643184375 0.5300248125 0.321168315625 0.535655646875 0.3134653453125 0.5392755375 0.29643509843750004
1 0.4959387890625 0.25607414687499996 0.49392784531249995 0.2467468671875 0.48399862968749996 0.23239906718749997 0.46298374375 0.22793221406250003 0.44807717656249996 0.2370010078125 0.4424463421875 0.2447039765625 0.4388264515625 0.261734225 0.44083739531250005 0.2710615046875 0.4488561640625 0.28500322499999997 0.455316478125 0.2874888875 0.467508121875 0.29119278125000003 0.47369194531250003 0.2902822328125 0.48668806406250004 0.28080736562499997 0.4923188984375 0.27310439531249997 0.4959387890625 0.25607414687499996
1 0.4602443 0.1327891296875 0.4532310046875 0.12351104531249998 0.4364894875 0.117727565625 0.42839522187499995 0.1182320375 0.41821452031249995 0.1238554234375 0.40976826875 0.135409878125 0.406148378125 0.15244012499999998 0.40815932187500004 0.16176740625 0.4173595578125 0.174847771875 0.44101387187499996 0.180988134375 0.454009990625 0.171513265625 0.459640825 0.16381029687499998 0.463260715625 0.1467800484375 0.4602443 0.1327891296875
1 0.4213819265625 0.108953953125 0.41982346875000004 0.097497896875 0.41472061406250005 0.08862589062500001 0.4060733671875 0.082337940625 0.3907898109375 0.0790893203125 0.382243059375 0.0817225734375 0.3687944515625 0.0933262203125 0.3642695890625 0.11461403125 0.365275059375 0.119277671875 0.36992542500000003 0.1302784578125 0.3793016546875 0.1378338390625 0.39340374843750003 0.141943809375 0.40195049843749997 0.13931055781249999 0.41022075625000004 0.13328109375 0.41911949374999996 0.1195978625 0.4213819265625 0.108953953125
1 0.367286003125 0.12860495 0.35635131875 0.1095935125 0.3415202484375 0.1042161125 0.335336425 0.10512665937500001 0.32088234843749996 0.112066671875 0.31525151406249996 0.1197696421875 0.3106261515625 0.13213625 0.31072665 0.1410574515625 0.31273759375 0.15038473125000001 0.3192984046875 0.16179159375000002 0.323848275 0.16387117499999998 0.3398608109375 0.168387228125 0.3484075625 0.165753975 0.35667781718749997 0.1597245140625 0.3651240703125 0.14817006093750001 0.367286003125 0.12860495
1 0.40770683593749996 0.1638961828125 0.395867178125 0.14914230781249999 0.3786731734375 0.145487609375 0.3701264234375 0.14812086093750002 0.3562253328125 0.161853290625 0.3520524546875 0.172091121875 0.35315842656249996 0.1856759640625 0.3578087953125 0.1966767484375 0.365274578125 0.2038260484375 0.383197559375 0.20874817812500002 0.3917443109375 0.206114925 0.4060978875 0.19025371093750001 0.40926529218749996 0.175352246875 0.40770683593749996 0.1638961828125
1 0.44594073125 0.1953851296875 0.43920392656249996 0.189503259375 0.41773654687499995 0.1871651859375 0.4075558453125 0.1927885734375 0.39910959375 0.2043430265625 0.396495175 0.22603691406249998 0.40114554375000006 0.2370376984375 0.41052177187499994 0.2445930765625 0.4265343078125 0.24910912812500002 0.435081059375 0.246475875 0.44898214999999997 0.2327434453125 0.45204905625 0.20892077343749998 0.44594073125 0.1953851296875
1 0.39850611874999997 0.23536419375 0.39285028125 0.21969976562500002 0.3827450734375 0.210876959375 0.3693719578125 0.20803441562499997 0.3608252078125 0.2106676671875 0.3501920203125 0.21841983125 0.3445611859375 0.2261228015625 0.3413937796875 0.24102427187500003 0.3429522375 0.252480328125 0.35288145000000004 0.2668281296875 0.3574313203125 0.2689077125 0.3696229671875 0.272611609375 0.37816971875 0.2699783578125 0.38880290624999997 0.2622261890625 0.394433740625 0.25452322031249996 0.39850611874999997 0.23536419375
1 0.354163896875 0.1903396046875 0.3461451296875 0.1763978796875 0.33749787656249997 0.1701099296875 0.3279456578125 0.16807954375 0.317488459375 0.17030671718749998 0.306855271875 0.17805888125 0.3012244375 0.1857618515625 0.29760454531249997 0.2027920984375 0.2996154890625 0.212119378125 0.3061762984375 0.22352624375 0.314094571875 0.2285467625 0.324375771875 0.23184458125 0.33483297031250003 0.2296174078125 0.3454661578125 0.2218652375 0.3510969921875 0.21416227031249999 0.354163896875 0.1903396046875
1 0.32485422812500003 0.0839864375 0.316835459375 0.07004471875 0.30627776406249996 0.06335068906249999 0.28817878750000003 0.0639535546875 0.2775456 0.07170572187499999 0.271914765625 0.07940869218749999 0.268294875 0.096438940625 0.27030581875 0.10576621875 0.27686662812499996 0.11717307968749999 0.28287445624999996 0.12178752500000001 0.2969765484375 0.12589749687500001 0.3055233 0.12326424375 0.31615648749999997 0.11551207968749999 0.321787321875 0.10780911093750001 0.32485422812500003 0.0839864375
1 0.309821678125 0.1453150140625 0.3032608671875 0.1339081484375 0.29461361406250003 0.1276201984375 0.28506139531249997 0.1255898125 0.27460419687500004 0.1278169859375 0.25879266093750003 0.14114333750000002 0.254619784375 0.15138116875000002 0.254267796875 0.1624311484375 0.259923634375 0.178095575 0.2673894203125 0.18524487812499998 0.2853123984375 0.1901670046875 0.299766478125 0.1832269953125 0.30776024375 0.17380131875 0.3123856078125 0.1614347109375 0.309821678125 0.1453150140625
1 0.2688478609375 0.10323135624999999 0.26565545 0.09476543125 0.2555502421875 0.0859426234375 0.2402666859375 0.082694003125 0.231719934375 0.08532725468749999 0.2182713296875 0.096930903125 0.214550940625 0.10503994999999999 0.2142994515625 0.12501113749999998 0.22568662499999997 0.1418937953125 0.23405738125000003 0.1447855328125 0.24479107031249997 0.1459545703125 0.25570075000000003 0.14159861406250002 0.2676913984375 0.1274601078125 0.2708588046875 0.1125586359375 0.2688478609375 0.10323135624999999
1 0.22706956875 0.0743264703125 0.225058625 0.06499919062500001 0.21130852031249997 0.049839234375 0.194114521875 0.0461845375 0.1832048375 0.050540492187499994 0.17030921875 0.06893656249999999 0.1690522578125 0.084244109375 0.1715156890625 0.0914426046875 0.1799869421875 0.1032555484375 0.18644725625 0.1057412109375 0.1948180125 0.1086329484375 0.20718565312499998 0.10681185156249999 0.2154559125 0.10078238749999999 0.2239021640625 0.089227934375 0.22706956875 0.0743264703125
1 0.2125900046875 0.1424474625 0.2104785625 0.1241989828125 0.1986389015625 0.10944510468749999 0.177171528125 0.1071070328125 0.16462789375 0.11445312187500001 0.15572915625 0.128136353125 0.1543716953125 0.13452270156249999 0.156935625 0.150642396875 0.16203847968750001 0.1595144046875 0.17141470781249998 0.1670697796875 0.1836063546875 0.1707736765625 0.19215310624999998 0.16814042499999998 0.20278629375 0.16038825625 0.20841712812500002 0.1526852890625 0.2125900046875 0.1424474625
1 0.25482078124999996 0.1692235734375 0.251628371875 0.1607576421875 0.2434336109375 0.15234091249999998 0.22623960781250002 0.1486862140625 0.21769285625 0.1513194671875 0.20424425156249998 0.1629231203125 0.1996188890625 0.17528972812500002 0.20027237343749998 0.191003346875 0.2068331828125 0.20241021250000002 0.21284101249999998 0.207024653125 0.2307639921875 0.21194678281249998 0.24521807031249998 0.20500677031249998 0.253664321875 0.193452315625 0.256831725 0.1785508515625 0.25482078124999996 0.1692235734375
1 0.30016847343749997 0.2189118015625 0.29669957343750003 0.20704966093750002 0.288228315625 0.19523672187500002 0.267213428125 0.19076986875 0.258666678125 0.1934031203125 0.24994393124999997 0.20156136249999998 0.24295563750000002 0.215650678125 0.24260365 0.2267006578125 0.24825949062500002 0.2423650859375 0.2557252734375 0.2495143890625 0.2717378078125 0.25403043593749997 0.2802845578125 0.25139718437499997 0.29091774843749996 0.24364502031250002 0.29654858281249996 0.23594205000000001 0.30016847343749997 0.2189118015625
1 0.3430527375 0.26140152968749997 0.34104179375 0.25207425 0.3344809796875 0.2406673875 0.3258337328125 0.23437943906249997 0.3162815078125 0.23234905156250002 0.305824315625 0.2345762265625 0.29282819375 0.24405109687499998 0.2858399 0.25814040625 0.2894093 0.2789237484375 0.29451215468749997 0.287795753125 0.302430425 0.292816271875 0.30889073906250003 0.29530193437499996 0.3231688203125 0.293886915625 0.3338020109375 0.2861347484375 0.3394328453125 0.278431778125 0.3430527375 0.26140152968749997
1 0.3869424703125 0.3085549046875 0.3863894859375 0.3017624796875 0.37781772812500003 0.2810283390625 0.35534488125 0.2740266265625 0.34089080312500003 0.280966640625 0.3328970390625 0.290392309375 0.329277146875 0.3074225578125 0.33128809062500003 0.3167498375 0.3378489046875 0.328156703125 0.34385672968750003 0.3327711453125 0.35795881875 0.3368811171875 0.364142640625 0.33597056875 0.3719604109375 0.3320698890625 0.3823171078125 0.3209215140625 0.3869424703125 0.3085549046875
1 0.43892695000000004 0.270655428125 0.4275397765625 0.25377276718749997 0.41034577812500006 0.2501180703125 0.401799028125 0.252751321875 0.39352876875 0.25878078125 0.3850825171875 0.27033523593750003 0.382820084375 0.28097914375 0.3858365 0.29497006406250004 0.392397309375 0.306376925 0.40222602656250006 0.311803525 0.41487015781250003 0.31337863593750004 0.4257798421875 0.30902268125 0.437770490625 0.29488417031249997 0.44093789375 0.27998270625 0.43892695000000004 0.270655428125
1 0.3318410765625 0.3235422609375 0.3298301328125 0.3142149828125 0.323269321875 0.30280811875 0.31271162812500003 0.2961140890625 0.2988860265625 0.2954003265625 0.2903392765625 0.2980335796875 0.278801115625 0.31004330625 0.2742762515625 0.331331115625 0.2752817234375 0.3359947578125 0.28330049218750003 0.3499364796875 0.2912187640625 0.354957003125 0.3034104125 0.3586608953125 0.3095942296875 0.35775034687499996 0.32259034999999997 0.3482754796875 0.328221184375 0.3405725109375 0.3318410765625 0.3235422609375
1 0.286493384375 0.2738540328125 0.2799325734375 0.2624471671875 0.27319576875 0.25656529375 0.25982265312499997 0.2537227515625 0.2493654609375 0.255949928125 0.23873227031250002 0.26370209375 0.23310143593750002 0.2714050625 0.23048701718750003 0.2930989515625 0.236595340625 0.30663459375 0.2459715703125 0.314189975 0.258163215625 0.3178938671875 0.2709833421875 0.3139439890625 0.2853369234375 0.298082775 0.2880518421875 0.2853100890625 0.286493384375 0.2738540328125
1 0.24169867812499998 0.23095821875000003 0.2317694609375 0.21661042187500001 0.210754575 0.21214356875 0.190669659375 0.22678655 0.18715026875000002 0.2527380015625 0.1951690390625 0.266679721875 0.20117686406250002 0.2712941625 0.21527895312499998 0.2754041359375 0.2238257046875 0.27277088437499997 0.23963724375 0.2594445328125 0.24370962187499998 0.24028549843749997 0.24169867812499998 0.23095821875000003
1 0.1998198859375 0.19313213125 0.19516951875 0.18213134375 0.1869747578125 0.1737146125 0.1678703125 0.16965383750000002 0.16359693749999998 0.1709704640625 0.150600815625 0.18044533125 0.14451749375 0.190277084375 0.14381351874999998 0.2123770515625 0.151832290625 0.226318771875 0.1616610046875 0.23174536875 0.1700317640625 0.23463710781249997 0.1785785140625 0.23200385625000003 0.1915746328125 0.22252898906250002 0.1972054671875 0.21482601875000001 0.1998198859375 0.19313213125
1 0.1877032546875 0.25953041875 0.1820474125 0.24386599375 0.17531060781250002 0.237984121875 0.1604795375 0.23260672031250001 0.154295721875 0.23351726875 0.1342108078125 0.248160246875 0.12968594375 0.2694480578125 0.130691415625 0.2741116984375 0.1353417828125 0.2851124859375 0.1447180109375 0.292667865625 0.1588201 0.2967778359375 0.1673668515625 0.294144584375 0.1780000421875 0.2863924203125 0.1836308765625 0.27868945156249997 0.1877032546875 0.25953041875
1 0.1307919140625 0.2830328984375 0.1273230125 0.27117076562500003 0.12367811875000001 0.2648336171875 0.115030865625 0.2585456671875 0.0935634921875 0.256207596875 0.0829303015625 0.2639597609375 0.07403156250000001 0.2776429984375 0.073780075 0.2976141796875 0.081798846875 0.31155590312500003 0.089717115625 0.316576425 0.09999831875000001 0.31987424062500003 0.11045551093749999 0.3176470640625 0.1210887015625 0.3098949015625 0.129987440625 0.29621166250000003 0.1307919140625 0.2830328984375
1 0.17166523281249998 0.3161953546875 0.16510441874999998 0.3047884890625 0.1407211296875 0.29738070156249996 0.120636215625 0.312023678125 0.1161113515625 0.333311490625 0.123225146875 0.351510775 0.129232975 0.3561252203125 0.14715595625 0.361047346875 0.1639729640625 0.3523846296875 0.1696037984375 0.34468166093749997 0.17367617500000002 0.325522634375 0.17166523281249998 0.3161953546875
1 0.22347372031249998 0.2838208671875 0.216736915625 0.27793899375 0.19526953593750002 0.2756009234375 0.17754755625000002 0.2885211984375 0.1730226921875 0.3098090078125 0.17503363593750002 0.3191362875 0.1801364875 0.32800829375 0.19333360625 0.3363758265625 0.204067296875 0.3375448640625 0.21261404687500002 0.3349116125 0.22651513906249998 0.321179178125 0.22958204375000002 0.2973565125 0.22347372031249998 0.2838208671875
1 0.2729187921875 0.3377174640625 0.2663579828125 0.3263105984375 0.2596211765625 0.3204287265625 0.2443376203125 0.31718010625000004 0.233880421875 0.3194072796875 0.21997933125000002 0.33313970937500004 0.21590695312500002 0.35229874375 0.21937585624999997 0.3641608765625 0.2297575546875 0.3763798984375 0.23621786875 0.3788655609375 0.253135375 0.379124046875 0.26613149687500004 0.36964917656249996 0.27221481718749996 0.35981742968749997 0.2749297359375 0.34704474375 0.2729187921875 0.3377174640625
1 0.48472712968750004 0.318214871875 0.4812582265625 0.3063527375 0.46705563593750005 0.29332156249999997 0.44704621875 0.2935183484375 0.43641302968750006 0.3012705171875 0.4298772234375 0.31323104687500003 0.4286202640625 0.3285385890625 0.43063120625 0.33786586875 0.4357340578125 0.346737875 0.4436523296875 0.3517583984375 0.455843978125 0.355462290625 0.46439072968749995 0.3528290390625 0.47502391718750003 0.345076875 0.48392265625 0.3313936359375 0.48472712968750004 0.318214871875
1 0.5251479625 0.3535061046875 0.517129190625 0.339564384375 0.49847723125 0.333374828125 0.49229341406250005 0.3342853765625 0.47974977812499997 0.3416314671875 0.47411894375 0.3493344359375 0.4710520390625 0.37315710156250004 0.47716036562499997 0.3866927484375 0.48316818906250003 0.39130719375 0.50109116875 0.3962293171875 0.5131823171875001 0.39101200937499997 0.5211760828124999 0.381586340625 0.5271589046875 0.362833384375 0.5251479625 0.3535061046875
1 0.566574265625 0.3934609765625 0.5600134515625 0.382054115625 0.5547346078125 0.3787071015625 0.5332672281249999 0.3763690296875 0.525449459375 0.380269709375 0.514640275 0.3935468703125 0.51192535625 0.40631955625 0.514941771875 0.4203104765625 0.520044628125 0.4291824796875 0.5298733421875 0.43460907656250003 0.5463383640624999 0.4369963453125 0.554156134375 0.43309566562499996 0.56496531875 0.41981850468750004 0.568585209375 0.40278825625000003 0.566574265625 0.3934609765625
1 0.51202585625 0.41524075937499993 0.5020966437500001 0.40089295781249995 0.49108646250000004 0.39632771093749997 0.48299219843749996 0.39683218125 0.474445446875 0.39946543437500004 0.4633597703125 0.4093463828125 0.45782943437499996 0.425970553125 0.45838242031250004 0.4327629703125 0.4603933640625 0.44209025 0.468135640625 0.45263576250000004 0.48987951093750004 0.45837004531250003 0.50242314375 0.45102395624999997 0.5104169078125 0.4415982875 0.5140368 0.4245680375 0.51202585625 0.41524075937499993
1 0.4705995515625 0.3752858859375 0.46403873906250004 0.363879021875 0.4553914921875 0.357591071875 0.44392882499999997 0.35515460625 0.43347162656249993 0.35738178125000003 0.41957053593750004 0.37111421093749997 0.4154981578125 0.39027324375 0.4175091015625 0.399600521875 0.4240699140625 0.41100738437500006 0.4319881828125 0.41602790624999997 0.4403589390625 0.41891964374999996 0.45508951406250003 0.41537584375 0.4694430921875 0.39951462968749996 0.472158009375 0.3867419421875 0.4705995515625 0.3752858859375
1 0.42407039375 0.32645900625 0.41396518593750004 0.3176361984375 0.40059207656250007 0.31479365625 0.390134878125 0.31702083124999997 0.3762337875 0.330753259375 0.371608425 0.34311986875 0.372161409375 0.34991229375 0.3756303109375 0.361774428125 0.3833725890625 0.3723199390625 0.40511645625000003 0.378054221875 0.417660090625 0.37070813281250004 0.42610634375 0.359153678125 0.42872076249999996 0.3374597921875 0.42407039375 0.32645900625
1 0.36806402656250004 0.34570392656250004 0.36132722031250003 0.33982205312499997 0.339859846875 0.33748398281249997 0.3273162125 0.34483007187500003 0.32168537812500003 0.352533040625 0.3176130015625 0.37169206718750003 0.31962394375000003 0.381019346875 0.33073462343750004 0.3945057984375 0.35056805 0.39983399999999997 0.3654746125 0.39076520625 0.3711054484375 0.3830622375 0.37417235312499997 0.359239571875 0.36806402656250004 0.34570392656250004
1 0.3172610125 0.382742053125 0.306326328125 0.3637306125 0.2934057 0.3587592890625 0.28340099375 0.35885768281249997 0.2656790109375 0.371777959375 0.25969618906249997 0.3905309078125 0.2627126046875 0.40452182812500004 0.267815459375 0.413393834375 0.27573372812499997 0.41841435625 0.2879253734375 0.42211825000000003 0.2941091953125 0.4212077015625 0.31183117656250003 0.40828742656249994 0.3178139984375 0.389534471875 0.3172610125 0.382742053125
1 0.41605114375 0.3970656609375 0.40803237187499997 0.383123940625 0.402753528125 0.3797769265625 0.3831965953125 0.3778449328125 0.37301589218750003 0.38346831406250004 0.36456964062499997 0.39502276875 0.36094974999999996 0.4120530171875 0.3629606921875 0.42138029687499995 0.3728899046875 0.43572809687499997 0.3793502203125 0.43821375781249994 0.3858105328125 0.4406994234375 0.40054110156249995 0.43715562031250005 0.41489468125 0.4212944109375 0.41806208749999996 0.40639293906249996 0.41605114375 0.3970656609375
1 0.3630611921875 0.43030149843750004 0.3600447765625 0.41631057968749996 0.3443842265625 0.40074455000000003 0.33055863125 0.4000307890625 0.319648946875 0.40438674218750004 0.3076583 0.4185252515625 0.3054963671875 0.43809036093750003 0.3130626484375 0.4541608609375 0.3209809203125 0.459181384375 0.3350830109375 0.4632913546875 0.3436297609375 0.46065810156250003 0.351900021875 0.45462863750000004 0.3603462734375 0.443074184375 0.3630611921875 0.43030149843750004
1 0.30459139375 0.442347921875 0.29320422343749997 0.4254652640625 0.27409977812499997 0.4214044890625 0.2596456984375 0.4283445 0.2516519328125 0.4377701703125 0.24803204218750002 0.45480041875 0.25104845781249996 0.4687913375 0.261430159375 0.4810103578125 0.2678904703125 0.483496021875 0.2805346046875 0.48507113281249997 0.2871709078125 0.48203180312500005 0.2954411671875 0.47600234218750004 0.3047923921875 0.46019032656250003 0.30459139375 0.442347921875
1 0.26180763125 0.408779390625 0.2597966875 0.3994521109375 0.249867475 0.3851043125 0.22885258125000002 0.38063745937500004 0.20876767031250001 0.39528044218749997 0.203689821875 0.409775828125 0.20424280625 0.4165682515625 0.2113566046875 0.43476753593749995 0.21736443125 0.439381975 0.23528740781250002 0.4443041046875 0.239560784375 0.44298747812499994 0.25255690625 0.43351260625 0.258187740625 0.4258096390625 0.26180763125 0.408779390625
1 0.21500198125 0.3565563046875 0.2084411671875 0.345149440625 0.20316232343750001 0.34180242656250004 0.1859683203125 0.338147728125 0.17742156874999998 0.3407809796875 0.1635204765625 0.35451341406250003 0.1594481 0.373672440625 0.16145904375 0.38299971875 0.16801985625 0.3944065859375 0.17593812656250002 0.39942710312499996 0.1881297703125 0.40313099843750005 0.200949896875 0.3991811203125 0.2124880609375 0.3871713953125 0.21801839531249997 0.3705472234375 0.21500198125 0.3565563046875
1 0.16211252812500002 0.39871334531249997 0.16100655625 0.38512850468750004 0.153440275 0.3690579984375 0.148161425 0.365710984375 0.130967428125 0.3620562875 0.1224206765625 0.3646895390625 0.11178748593750001 0.37244170312499997 0.10570416406250001 0.38227345625 0.10344173281249999 0.392917359375 0.10746362031250001 0.41157191718749997 0.12093723125 0.42333566093749997 0.12930798906250002 0.42622740312499996 0.1416756296875 0.42440630625000003 0.1523088171875 0.41665413906250004 0.1583921375 0.4068223921875 0.16211252812500002 0.39871334531249997
1 0.0984393765625 0.39296655625 0.0740560875 0.38555876875 0.0655093359375 0.388192021875 0.054876146875 0.3959441859375 0.052060729687499994 0.39979567031249996 0.047535865625 0.4210834796875 0.053191701562500006 0.4367479078125 0.060657487499999996 0.4438972109375 0.0804909140625 0.4492254125 0.095397478125 0.4401566203125 0.1038437296875 0.428602165625 0.1065586484375 0.41582947968750006 0.0984393765625 0.39296655625
1 0.2059017640625 0.4369455109375 0.2043433046875 0.4254894546875 0.192956134375 0.40860679375000003 0.1719412421875 0.404139940625 0.15467174687500002 0.4149314390625 0.1473314671875 0.4400707328125 0.154445265625 0.45827001718749993 0.160453090625 0.46288445625 0.17837606875 0.46780658593749996 0.18692281875 0.465173334375 0.195193078125 0.4591438734375 0.20363933125 0.44758941874999997 0.2059017640625 0.4369455109375
1 0.147431965625 0.44899193593750003 0.1427816 0.43799114843750003 0.1326763921875 0.42916833906249996 0.119303278125 0.4263257953125 0.1041202234375 0.431998378125 0.0916770875 0.448265665625 0.09042012656250001 0.463573215625 0.0938890296875 0.47543534843749996 0.097533925 0.481772496875 0.10545219531250001 0.486793015625 0.1195542875 0.49090298906249996 0.1257381046875 0.489992440625 0.1335558765625 0.48609176249999997 0.14436506093749998 0.4728146 0.147431965625 0.44899193593750003
1 0.0924310703125 0.47290049375 0.0844122984375 0.4589587703125 0.07913345468750001 0.45561175781249996 0.0638498984375 0.4523631375 0.055303148437500005 0.45499638906250006 0.045122443750000005 0.460619771875 0.039491609375 0.468322740625 0.03541923125 0.4874817734375 0.037430174999999996 0.49680905312499996 0.0439909875 0.508215915625 0.0519092578125 0.5132364359375 0.062190460937500004 0.516534253125 0.076921028125 0.51299045 0.09127460937500001 0.4971292375 0.0944420140625 0.48222777343749995 0.0924310703125 0.47290049375
1 0.45948839062499996 0.4463478125 0.457477446875 0.43702053437500005 0.44754823125 0.42267273593750004 0.4284437859375 0.41861196093749997 0.416352640625 0.42382926562499995 0.40835887499999995 0.43325494062500003 0.40383401093750004 0.454542753125 0.4048394828125 0.4592063921875 0.4094898484375 0.470207175 0.42077652343749994 0.47816863125 0.42723683437500004 0.4806542953125 0.439604475 0.478833196875 0.450237665625 0.4710810296875 0.45586849999999995 0.4633780609375 0.45948839062499996 0.4463478125
1 0.40685042656250003 0.46853367187500006 0.403381525 0.4566715296875 0.3949102671875 0.444858590625 0.37389537968750003 0.44039173906249995 0.3589888140625 0.44946053125 0.3533579796875 0.45716350156249996 0.3502910734375 0.48098616562499996 0.3549414421875 0.49198695312499996 0.3643176703125 0.49954233437499995 0.38033020624999997 0.5040583828125 0.38460358281249996 0.5027417578125 0.3975997 0.49326688750000003 0.403230534375 0.48556392031250006 0.40685042656250003 0.46853367187500006
1 0.339909375 0.46876715 0.3193469671875 0.462171515625 0.3131631515625 0.4630820640625 0.3001670296875 0.472556934375 0.29453619531249997 0.48025990468749996 0.291368790625 0.49516136875 0.293379734375 0.504488646875 0.2965721421875 0.512954575 0.30403792812499997 0.5201038765625 0.32387135312500004 0.5254320828125 0.3439562640625 0.5107891015625 0.3494866 0.49416492968750003 0.3489336140625 0.4873725140625 0.339909375 0.46876715
1 0.28445598906249997 0.4948044875 0.277719184375 0.4889226171875 0.25816225312499996 0.486990621875 0.2399877859375 0.5020396781249999 0.2359154078125 0.5211987109375 0.2379263515625 0.5305259906249999 0.244487165625 0.541932853125 0.2562263234375 0.5477655296874999 0.2731438296875 0.548024015625 0.28377702031249996 0.5402718515625 0.28940785468749997 0.53256888125 0.29247476093749997 0.5087462109375 0.28445598906249997 0.4948044875
1 0.24448764375 0.457384475 0.2362928828125 0.44896774375000004 0.21909887968750003 0.44531304531250004 0.21055212812500002 0.447946296875 0.1966510375 0.461678728125 0.1921261734375 0.48296653906250003 0.1931316453125 0.48763017968750005 0.20115041718749999 0.501571903125 0.21097912968750002 0.5069985015625 0.22553370625000002 0.508979690625 0.23807734218749999 0.5016336015625 0.24607110625 0.49220793125 0.2491380125 0.46838525937500003 0.24448764375 0.457384475
1 0.1917741859375 0.494016525 0.17938154374999998 0.472470225 0.15836665 0.46800337187499996 0.1434600875 0.4770721640625 0.137829253125 0.48477513125 0.134762346875 0.5085978046874999 0.14087067343749998 0.5221334468750001 0.1468784984375 0.5267478890625 0.1648014765625 0.5316700171875001 0.1816184875 0.5230073046875 0.187249321875 0.5153043359375 0.19232717187499998 0.5008089421874999 0.1917741859375 0.494016525
1 0.13677329062500002 0.5179250843750001 0.1306649640625 0.5043894375 0.11864931406250001 0.495160553125 0.1048237125 0.49444679062499997 0.093914034375 0.4988027453125 0.08192338437499999 0.5129412531249999 0.079308965625 0.5346351406250001 0.083959334375 0.5456359281250001 0.0914251171875 0.55278523125 0.1093480984375 0.5577073578125 0.1178948484375 0.55507410625 0.12571261875 0.5511734265625 0.1346113578125 0.5374901875 0.13677329062500002 0.5179250843750001
1 0.0804149359375 0.5482199828125001 0.07840399375 0.5388927031249999 0.069932734375 0.5270797625 0.055101665625 0.5217023625 0.0470074 0.5222068328125 0.0269224890625 0.5368498125000001 0.022397626562500002 0.558137621875 0.0295114234375 0.5763369078125 0.0355192484375 0.580951353125 0.0515317859375 0.5854674 0.057715603125 0.5845568515624999 0.07262216875000001 0.5754880625000001 0.078253003125 0.56778509375 0.0804149359375 0.5482199828125001
1 0.5569210625000001 0.467057765625 0.5524466875 0.45053199218750006 0.5401545421875 0.43790689374999997 0.530602321875 0.43587650624999996 0.5201451234375 0.43810368125 0.5043335875 0.45143003281249994 0.499708225 0.46379664218750005 0.499808725 0.47271784375000003 0.5088329640625 0.49132320625 0.5148407921875 0.4959376515625 0.5270324375000001 0.49964154375 0.533216259375 0.4987309953125 0.548575309375 0.487533421875 0.5546586296875 0.47770167499999994 0.5569210625000001 0.467057765625
1 0.5935964984375001 0.487090653125 0.5854017375 0.478673921875 0.5720286234375 0.475831378125 0.56157143125 0.47805855468749997 0.5476703359374999 0.491790984375 0.5435979578125 0.5109500171875 0.5456089015625001 0.5202772953125 0.5548091375 0.5333576640625 0.5746425609375 0.53868586875 0.594727475 0.5240428859375 0.5989003515625 0.5138050625 0.5992523390625 0.5027550765625 0.5935964984375001 0.487090653125
1 0.6440470453125 0.5456508890625 0.6420361015625 0.536323609375 0.6354752921875 0.5249167453125 0.624917596875 0.5182227171875 0.61727581875 0.51659840625 0.6068186203125 0.51882558125 0.593822503125 0.5283004499999999 0.5905545984375 0.5342807171875 0.58693470625 0.5513109671875001 0.58894565 0.5606382453125 0.5955064609375 0.5720451078125001 0.6034247328125 0.5770656296875 0.613705934375 0.58036344375 0.61988975625 0.579452896875 0.6324333890625 0.57210680625 0.6408796406249999 0.5605523531250001 0.6440470453125 0.5456508890625
1 0.6985954546875 0.5238711078125 0.6955790390625001 0.5098801890625 0.690476184375 0.501008184375 0.6799184890625 0.4943141578125 0.6722767109375 0.4926898484375 0.65754614375 0.4962336484375 0.6516388156249999 0.5005404062500001 0.642287590625 0.516352421875 0.6424885890625001 0.5341948249999999 0.6519653140624999 0.5506714078125 0.658425628125 0.5531570718750001 0.6687068328125 0.5564548859375 0.6791640250000001 0.5542277125 0.687434284375 0.5481982484375 0.6958805359375 0.5366437937499999 0.6985954546875 0.5238711078125
1 0.6860263343749999 0.5923981796875 0.6834624046875 0.5762784828124999 0.6716227484374999 0.561524603125 0.6563391921874999 0.5582759828125 0.647792440625 0.5609092359375001 0.633891346875 0.57464166875 0.6297184703125 0.58487949375 0.6318299140625 0.6031279734375 0.6429405921875 0.6166144250000001 0.6589531296875 0.621130471875 0.66749988125 0.6184972203125 0.6757701375 0.6124677562499999 0.6846688750000001 0.598784525 0.6860263343749999 0.5923981796875
1 0.72360674375 0.608173503125 0.7135015359375 0.59935069375 0.7001284265625001 0.596508153125 0.6915816765625 0.59914140625 0.6833114171875 0.6051708640625 0.674865165625 0.61672531875 0.672150246875 0.6294980046875 0.674161190625 0.638825284375 0.6821799578125 0.6527670078125001 0.6920086750000001 0.6581936078124999 0.6965585421875 0.6602731890625 0.711289115625 0.656729390625 0.72564269375 0.640868175 0.7282571124999999 0.6191742875 0.72360674375 0.608173503125
1 0.7602066875 0.64265258125 0.743465175 0.636869103125 0.737281353125 0.6377796499999999 0.7247377203125 0.6451257375 0.7191068859375 0.6528287078125 0.7140290359375 0.6673241 0.714582021875 0.6741165171875 0.7262456875 0.6943953875 0.7460791140625 0.6997235921875 0.7638010937499999 0.6868033171875 0.7702364015625001 0.665921584375 0.7682254578125 0.6565943062499999 0.7602066875 0.64265258125
1 0.81010425 0.69442039375 0.80163299375 0.6826074546875 0.794443703125 0.6788543625 0.776344725 0.679457228125 0.7633486078125 0.6889320953125 0.760080703125 0.6949123640625 0.7564608125000001 0.7119426140625 0.75847175625 0.7212698921875 0.765032565625 0.732676753125 0.7767717265625 0.73850943125 0.7917787890625 0.7383618390625 0.8047749109375 0.72888696875 0.810405746875 0.7211839984374999 0.8131206640625 0.7084113125 0.81010425 0.69442039375
1 0.8548989546874999 0.7373162062499999 0.8502485859375 0.7263154187499999 0.8401433781250001 0.717492609375 0.8224968953125 0.71596669375 0.8123161906249999 0.7215900765625001 0.804322425 0.7310157515625 0.8002500484375 0.750174778125 0.802260990625 0.7595020578125 0.8088218015624999 0.7709089234375 0.81865051875 0.7763355203125 0.8251108328125 0.7788211828125 0.835568025 0.7765940078125 0.846201215625 0.768841840625 0.85183205 0.761138871875 0.8548989546874999 0.7373162062499999
1 0.8959732718750001 0.7883210578125001 0.8948673015624999 0.7747362156250001 0.888306490625 0.7633293546875 0.877748796875 0.756635328125 0.8753858625 0.7583580296875 0.8639231953125 0.755921565625 0.8572868921874999 0.758960896875 0.8513795625 0.76326765625 0.842480825 0.7769508875 0.8412238640625 0.7922584359375 0.8432348078125 0.8015857140625 0.8483376609375 0.8104577187500001 0.8562559328124999 0.8154782375 0.8627162437499999 0.8179639 0.87699433125 0.8165488812499999 0.8876275187499999 0.8087967140625001 0.8937108390624999 0.798964965625 0.8959732718750001 0.7883210578125001
1 0.885566084375 0.8372830265625 0.8775473140625 0.8233413015625001 0.8722684703124999 0.8199942874999999 0.860805803125 0.8175578234374999 0.850348603125 0.8197849984375001 0.8373524859374999 0.829259865625 0.83408458125 0.835240134375 0.830464690625 0.8522703828125 0.8324756343749999 0.8615976625 0.8375784890625001 0.870469665625 0.85077560625 0.8788372015625001 0.8553254750000001 0.8809167828125 0.871966490625 0.8777790609375 0.8839571375 0.8636405546875 0.8871245421875 0.8487390828124999 0.885566084375 0.8372830265625
1 0.8427823218749999 0.8037144921875001 0.8333055921874999 0.7872379140625 0.8265687875 0.781356040625 0.8151061203125 0.778919575 0.804648928125 0.7811467515625 0.7935632499999999 0.7910277 0.7874799296874999 0.8008594468749999 0.7872284406250001 0.8208306343749999 0.797886634375 0.8364458625 0.8177200578124999 0.841774065625 0.8219934328124999 0.8404574390624999 0.8349895546875 0.830982571875 0.8410728765625001 0.82115081875 0.8427823218749999 0.8037144921875001
1 0.832123646875 0.8726476421875 0.8305651890625001 0.861191584375 0.8240043765625 0.84978471875 0.817267571875 0.843902846875 0.7958001984374999 0.8415647765625 0.7828040765625001 0.8510396468750001 0.77672075625 0.8608713937499999 0.7744583234375 0.871515303125 0.77601678125 0.882971359375 0.782577590625 0.8943782234375 0.791953821875 0.9019336046875001 0.8003245765625 0.9048253421875 0.813144703125 0.9008754640625 0.82377789375 0.893123296875 0.8298612140625 0.88329155 0.832123646875 0.8726476421875
1 0.8174430859375 0.92292623125 0.8075138687500001 0.9085784328125 0.7864989828125 0.9041115812499999 0.7767707640625 0.9076061859375001 0.76596158125 0.9208833406249999 0.762341690625 0.9379135890624999 0.764352634375 0.9472408671875 0.7754633140625 0.9607273187500001 0.7933862953124999 0.9656494453125 0.810203303125 0.956986728125 0.8158341374999999 0.949283759375 0.8194540281249999 0.9322535109375 0.8174430859375 0.92292623125
1 0.7937897328125 0.74768911875 0.7851424859375 0.7414011687500001 0.77367981875 0.738964703125 0.7632226203125 0.741191878125 0.7525894328125 0.7489440421875 0.7465061109375 0.758775796875 0.744796665625 0.776212121875 0.7472600953125 0.7834106171874999 0.752362946875 0.7922826234375 0.76028121875 0.7973031453125 0.774383309375 0.8014131140625 0.782930059375 0.7987798625 0.7968311546875 0.7850474296875001 0.80135601875 0.7637596203125 0.7937897328125 0.74768911875
1 0.755103353125 0.718328953125 0.74854254375 0.706922090625 0.7432636921875 0.703575078125 0.7217963203125 0.70123700625 0.711615615625 0.7068603921875 0.702716878125 0.7205436234375 0.7009069328125 0.729058746875 0.7034708609375 0.7451784499999999 0.711942115625 0.7569913890625 0.7203128750000001 0.759883128125 0.7348674500000001 0.76186431875 0.747863571875 0.75238945 0.75349440625 0.7446864796875 0.757114296875 0.72765623125 0.755103353125 0.718328953125
1 0.71568799375 0.6877013578125 0.71367705 0.6783740796875 0.7037478328125 0.6640262828125 0.6846433875 0.6599655062500001 0.6803700125 0.6612821328125 0.6725522421875 0.6651828109375 0.661743059375 0.6784599734375 0.659028140625 0.691232659375 0.6620445562499999 0.705223578125 0.6731552375 0.7187100234375 0.687257325 0.722819996875 0.6934411484375 0.721909446875 0.7064372671875 0.7124345765625 0.7120681015625 0.70473160625 0.71568799375 0.6877013578125
1 0.6674243843750001 0.6329434109375 0.6618690453125 0.626200190625 0.6432170875 0.620010634375 0.6346703359375 0.6226438859375001 0.6240371453125 0.630396053125 0.6184063109375 0.6380990234375 0.61523890625 0.6530004859375 0.61724985 0.662327765625 0.62790804375 0.6779429953125 0.645831025 0.682865125 0.654377775 0.680231871875 0.6654634500000001 0.6703509265625 0.6723512453125 0.6473404078125 0.6674243843750001 0.6329434109375
1 0.6219007000000001 0.5887801765625 0.6151638953125 0.5828983046875 0.5956069625 0.5809663109375001 0.583063328125 0.5883123968749999 0.57743249375 0.596015365625 0.573360115625 0.6151743984375 0.575371059375 0.6245016765625 0.5845712953125 0.6375820453125 0.6044047171875 0.6429102515625 0.6193112828125 0.6338414593749999 0.62494211875 0.6261384921875 0.62946698125 0.6048506796875001 0.6219007000000001 0.5887801765625
1 0.4942533828125 0.46597462187499994 0.4856061359375 0.459686671875 0.47605390937500003 0.4576562828125 0.4655967171875 0.459883459375 0.45496352656249994 0.4676356234375 0.4493326921875 0.4753385921875 0.4457128015625 0.492368840625 0.449181703125 0.50423098125 0.4542845578125 0.513102984375 0.462202828125 0.5181235046875 0.47057358281250006 0.5210152453125 0.4829412234375 0.519194146875 0.49965773437500005 0.501610234375 0.5018196671874999 0.48204512343749994 0.4942533828125 0.46597462187499994
1 0.44671827343750004 0.49703248125000005 0.44015746250000004 0.48562561875 0.4310577234375 0.48146645 0.4286947953125 0.4831891546875 0.41723212812500005 0.48075268906249996 0.4023255625 0.48982148125 0.396694728125 0.49752445156249997 0.3930748359375 0.5145546999999999 0.39508577968749997 0.523881978125 0.404286015625 0.5369623453125 0.42602988281250004 0.5426966296875 0.430303259375 0.5413800015625 0.44701977031249995 0.523796084375 0.44973468906249997 0.5110234 0.44671827343750004 0.49703248125000005
1 0.393728321875 0.5302683187499999 0.39171737812499996 0.5209410390625 0.3798777203125 0.5061871640625 0.36268371718750003 0.502532465625 0.354136965625 0.5051657171875 0.34023587499999997 0.5188981484374999 0.33616349687499997 0.5380571796875 0.338174440625 0.5473844609375 0.34327729218749997 0.5562564640625001 0.3545639671875 0.564217921875 0.36102427812500004 0.56670358125 0.375754853125 0.56315978125 0.381662178125 0.5588530203125 0.390560915625 0.5451697890625 0.393728321875 0.5302683187499999
1 0.5426929859375 0.515207578125 0.534221728125 0.5033946359375 0.5232115484375 0.4988293890625 0.5208486203125 0.50055209375 0.509385953125 0.49811562968749995 0.4935744140625 0.5114419796874999 0.488044078125 0.5280661515625 0.48859706249999996 0.534858575 0.500260728125 0.55513744375 0.5181837078125 0.5600595687500001 0.53500071875 0.551396853125 0.540631553125 0.5436938828125 0.5447039296875 0.5245348578125 0.5426929859375 0.515207578125
1 0.48158376406250003 0.525580490625 0.47248403124999994 0.5214213234375 0.470121096875 0.5231440265625 0.4567479875 0.520301484375 0.44420435312500006 0.5276475703125 0.43575810156249994 0.539202025 0.43349566875 0.5498459328124999 0.436512084375 0.5638368500000001 0.4476227640625 0.5773232953125 0.4655457421875 0.582245425 0.48563065781250003 0.56760244375 0.4911609921875 0.550978271875 0.49060800625 0.5441858546875 0.48158376406250003 0.525580490625
1 0.4350541265625 0.5613019890625 0.4284933125 0.5498951265625001 0.419846065625 0.543607178125 0.40838339843749993 0.5411707140625001 0.3955632734375 0.5451205906250001 0.3835726234375 0.5592590984375 0.37995273281249997 0.576289346875 0.38196367656249997 0.585616625 0.38852448906250003 0.5970234921875 0.40026364687499993 0.6028561640625 0.41718115312500004 0.6031146546875 0.4254514125 0.59708519375 0.43389766406249997 0.5855307390625 0.4370650703125 0.5706292687500001 0.4350541265625 0.5613019890625
1 0.5875881921875 0.5670245859375 0.5855772484374999 0.5576973062499999 0.5790164375 0.5462904453124999 0.556543590625 0.539288734375 0.5479968390625001 0.5419219859375 0.5369111625 0.55180293125 0.5309283390624999 0.5705558859375001 0.5314813265625 0.577348303125 0.5390476078125 0.5934188078125 0.5450554359375 0.5980332500000001 0.5572470796875 0.6017371453125 0.567704278125 0.5995099703125 0.5783374671875 0.5917578031249999 0.5839683015625 0.5840548328125 0.5875881921875 0.5670245859375
1 0.527836428125 0.5710111578125 0.5196416687500001 0.5625944281249999 0.5043581125000001 0.5593458078125 0.4958113609375 0.561979059375 0.482362753125 0.5735827109375 0.4768324171875 0.5902068828125 0.477385403125 0.5969993 0.4815832859375 0.61012886875 0.48904906875 0.61727816875 0.508882490625 0.6226063749999999 0.5237890562499999 0.6135375843750001 0.5294198906250001 0.605834615625 0.5324867984375 0.5820119421875 0.527836428125 0.5710111578125
1 0.575019071875 0.6355516578125 0.5749185734375 0.6266304546875 0.5625259296875 0.605084159375 0.5453319265625 0.6014294609374999 0.536785175 0.6040627125 0.522884084375 0.617795146875 0.5192641921875001 0.6348253953125 0.5212751359375 0.6441526734374999 0.524467546875 0.6526186 0.5319333296875 0.659767903125 0.5498563109375 0.6646900296875 0.5541296874999999 0.663373403125 0.564762875 0.6556212343750001 0.570393709375 0.647918265625 0.575019071875 0.6355516578125
1 0.617802834375 0.6691201906249999 0.6143339343750001 0.6572580484375 0.605862678125 0.645445109375 0.5867582328125 0.641384334375 0.5782114828125 0.6440175859374999 0.5671258046875 0.653898534375 0.561142984375 0.6726514828125 0.5616959687499999 0.6794439078125001 0.5692622515625 0.6955144078125 0.575270078125 0.7001288531250001 0.589372171875 0.704238825 0.5955559874999999 0.703328275 0.6085521093749999 0.6938534062499999 0.61418294375 0.6861504390625 0.617802834375 0.6691201906249999
1 0.6576706828125001 0.697619 0.6506573828125 0.68834091875 0.633915871875 0.682557440625 0.6277320484375 0.6834679875 0.6128254859375 0.692536778125 0.6071946500000001 0.7002397484375 0.60458023125 0.7219336359375 0.6106885578125001 0.73546928125 0.6166963828124999 0.7400837250000001 0.6346193609374999 0.7450058515625 0.6431661125 0.7423725984375 0.6575196921875001 0.7265113890625 0.6606870984375 0.71160991875 0.6576706828125001 0.697619
1 0.7025658875 0.7494360140625 0.70055494375 0.7401087328125 0.6887152875 0.72535485625 0.6672479078125 0.7230167828125 0.6542517890624999 0.7324916499999999 0.6481684671875 0.7423234046875 0.6464590218749999 0.7597597296874999 0.65402530625 0.77583023125 0.66003313125 0.7804446765625 0.6760456687499999 0.784960725 0.682229484375 0.7840501765625 0.6928626765625 0.7762980078124999 0.6984935109375 0.7685950390625 0.7025658875 0.7494360140625
1 0.606691675 0.7401821156249999 0.6061386875 0.7333896984375 0.6041277453125 0.72406241875 0.5941985296875 0.70971461875 0.5831883484375 0.7051493718749999 0.5731836421875001 0.705247765625 0.5554616578125 0.71816804375 0.5494788374999999 0.7369209921875 0.550031821875 0.743713415625 0.5575981078125001 0.75978391875 0.5636059312499999 0.7643983624999999 0.577708021875 0.7685083328125 0.58389184375 0.767597784375 0.5940725453125 0.7619744015625 0.602518796875 0.750419946875 0.606691675 0.7401821156249999
1 0.5213756359375 0.6530738765625 0.5183592203125 0.63908295625 0.504609115625 0.623923 0.4931464484375 0.6214865359374999 0.484599696875 0.6241197875 0.47396651093750003 0.6318719515625 0.46552025781250006 0.6434264062499999 0.46416279843749997 0.649812753125 0.466726728125 0.6659324484375 0.47474549843749997 0.6798741734375 0.47929536562499997 0.6819537546875 0.4914870109375 0.6856576515625 0.5043071375 0.681707771875 0.5102144656250001 0.6774010171875 0.5191132046875 0.6637177765625 0.5213756359375 0.6530738765625
1 0.478943859375 0.6084553640625 0.47547495937499995 0.5965932234375 0.46846165937500006 0.5873151421875 0.4536305890625 0.581937740625 0.44553632500000007 0.5824422109375 0.42781434531249996 0.5953624859375 0.421831521875 0.6141154421875 0.4223845078125 0.620907859375 0.4325902140625 0.6386518718749999 0.454334084375 0.6443861531249999 0.46924064843749996 0.6353173578125 0.4748714828125 0.627614390625 0.4794968453125 0.61524778125 0.478943859375 0.6084553640625
1 0.46627424062499995 0.6680612328125 0.4534291125 0.6486437140625 0.4319617328125 0.6463056421875 0.413787265625 0.6613547015625 0.41072036093750003 0.6851773671875 0.416828684375 0.6987130140625 0.42620491562499996 0.706268390625 0.43648611875 0.7095662093749999 0.44266993593750004 0.7086556609375 0.45757650156249996 0.69958686875 0.4632073359375 0.6918838984375 0.46627424062499995 0.6680612328125
1 0.37814278749999997 0.5848044703124999 0.3715819734375 0.5733976078125 0.3510195734375 0.566801975 0.34056237500000003 0.5690291484375 0.3346550484375 0.573335909375 0.326208796875 0.5848903625 0.3225889046875 0.6019206109375 0.3245998484375 0.611247890625 0.33380008437500003 0.6243282578125 0.3536335109375 0.6296564640625 0.3680875875 0.6227164515625 0.37653383906250004 0.6111619984375001 0.3801537296875 0.5941317500000001 0.37814278749999997 0.5848044703124999
1 0.337822453125 0.5584344390625 0.3372694671875 0.551642021875 0.32970318593750003 0.5355715171875 0.3229663796875 0.5296896453125 0.3014990015625 0.5273515718749999 0.28850288281249997 0.5368264453125 0.28287204843749997 0.5445294125 0.280257628125 0.5662233015625 0.286365953125 0.57975894375 0.29574218281250003 0.587314325 0.3060233859375 0.590612140625 0.316480578125 0.588384965625 0.32711376875 0.5806328015625 0.332744603125 0.57292983125 0.337822453125 0.5584344390625
1 0.41682916875 0.6141646359374999 0.4100923640625 0.6082827640625 0.388624984375 0.6059446921875 0.378444284375 0.611568075 0.36999803125 0.6231225296875 0.36738361249999996 0.6448164171874999 0.3768603390625 0.661293 0.38668905625 0.6667195953125 0.40169612031249996 0.6665720078125 0.41469223906249997 0.657097140625 0.4203230734375 0.6493941703125 0.42293749218750004 0.6277002828125 0.41682916875 0.6141646359374999
1 0.368389084375 0.6494800578125 0.36182827031250003 0.6380731953125001 0.349360134375 0.6309730906250001 0.33935542343749997 0.6310714828124999 0.33317160625 0.6319820328125 0.320175484375 0.641456903125 0.31363967656249997 0.653417434375 0.3123827171875 0.6687249765625001 0.3240463828125 0.6890038453125 0.3438798078125 0.69433205 0.36114930156249997 0.6835405546875 0.3667801375 0.675837584375 0.370400028125 0.6588073359375 0.368389084375 0.6494800578125
1 0.27980514218749997 0.5683520796875 0.2732443328125 0.5569452187499999 0.2645970796875 0.5506572671875001 0.2488610375 0.5495374281250001 0.2422247328125 0.5525767593750001 0.2339544734375 0.5586062187499999 0.22460325 0.5744182343750001 0.22626220468749997 0.5947955 0.23136506093749998 0.603667503125 0.24265173125 0.6116289609375001 0.24911204687500002 0.614114621875 0.2662055484375 0.6088481171875 0.2810116125 0.590858121875 0.2828215578125 0.582342996875 0.27980514218749997 0.5683520796875
1 0.31084974375 0.5960879359375 0.2874719234375 0.5933437859375 0.2768387359375 0.601095953125 0.2712079 0.6087989234375 0.267035025 0.619036746875 0.2666830375 0.6300867328125 0.27834670156249997 0.6503656015625 0.298180125 0.6556938046874999 0.31826503906250003 0.6410508265625 0.324700346875 0.62016909375 0.31758655 0.60196980625 0.31084974375 0.5960879359375
1 0.2696994515625 0.6440776515625 0.260675209375 0.6254722875 0.2539384046875 0.6195904156250001 0.2424757375 0.6171539515625 0.23201854531250002 0.6193811250000001 0.21620700468749998 0.63270748125 0.2116821421875 0.653995290625 0.2173379828125 0.6696597171875001 0.224803765625 0.6768090156250001 0.24081629843750002 0.6813250656250001 0.24936305 0.6786918140625 0.259996240625 0.670939646875 0.265627075 0.663236678125 0.2696994515625 0.6440776515625
1 0.2360159078125 0.5301199125 0.229455096875 0.5187130484375 0.2227182921875 0.512831175 0.20552428749999999 0.5091764765625 0.1969775375 0.5118097296874999 0.183076446875 0.525542159375 0.18000954062500002 0.5493648328125 0.1861178640625 0.562900475 0.1974045390625 0.5708619328125 0.20386485 0.57334759375 0.218595425 0.56980379375 0.23204402968750001 0.5582001421875 0.23576441875 0.55009109375 0.2360159078125 0.5301199125
1 0.1820204828125 0.5586921125 0.177370115625 0.5476913234375 0.1691753546875 0.53927459375 0.1438870859375 0.536124365625 0.136069315625 0.54002505 0.13043848125 0.54772801875 0.1240031734375 0.5686097515624999 0.124556159375 0.5754021687499999 0.136672309375 0.593552259375 0.1545952890625 0.598474384375 0.1631420390625 0.5958411328125 0.17659064687499998 0.584237484375 0.18257346875 0.5654845296875 0.1820204828125 0.5586921125
1 0.226362703125 0.6037167015625 0.2243517609375 0.594389421875 0.2129645890625 0.5775067625 0.19577058593750002 0.5738520640625 0.187223834375 0.576485315625 0.1761381609375 0.5863662609375 0.17005483906250002 0.596198015625 0.16834539375 0.613634340625 0.175911675 0.62970484375 0.181919503125 0.6343192875 0.1979320375 0.6388353359375001 0.20647878749999998 0.6362020828125 0.217111978125 0.6284499203125 0.2227428125 0.62074695 0.226362703125 0.6037167015625
1 0.1684458921875 0.62255554375 0.1633430375 0.6136835359374999 0.154695790625 0.6073955859375 0.1413226765625 0.60455304375 0.1308654828125 0.60678021875 0.1225952234375 0.6128096828125 0.11414897187499999 0.6243641375 0.11143405312500002 0.6371368234375 0.11445046875 0.651127740625 0.1195533234375 0.6599997453124999 0.12747159375 0.6650202640625 0.1396632375 0.668724159375 0.15248336406250002 0.6647742812499999 0.16728943125 0.6467842859374999 0.17000435 0.6340116 0.1684458921875 0.62255554375
1 0.1275725734375 0.5893930875 0.12556163125 0.5800658078125001 0.11709037343749999 0.5682528687499999 0.10034886093749999 0.562469390625 0.0941650390625 0.5633799374999999 0.07971096250000001 0.570319946875 0.0740801265625 0.5780229171875 0.06900227812500001 0.592518309375 0.07156620625 0.60863800625 0.0766690625 0.6175100140625001 0.08458733125 0.6225305359375 0.0986894234375 0.62664050625 0.107236175 0.6240072546875 0.1178693609375 0.6162550890625 0.1235001953125 0.6085521218750001 0.1275725734375 0.5893930875
1 0.07111372031249999 0.610766790625 0.065005396875 0.5972311453125 0.058268590625000005 0.5913492734375 0.037253698437499996 0.5868824203125 0.017168787499999998 0.6015253984375 0.0126439234375 0.6228132093750001 0.0146548671875 0.6321404875 0.0212156765625 0.643547353125 0.025765546875 0.6456269390625 0.043688525 0.6505490640625 0.0581426046875 0.64360905625 0.0661363703125 0.6341833796875 0.07166670625 0.617559209375 0.07111372031249999 0.610766790625
1 0.11455096718749999 0.66004894375 0.1129925109375 0.6485928796875 0.1049737421875 0.6346511593749999 0.0996948921875 0.6313041453125 0.0844113359375 0.628055525 0.07395414375 0.6302827 0.06286846562500001 0.6401636484375001 0.05678514531249999 0.6499953953125 0.0549752 0.65851051875 0.056533656249999995 0.6699665828125 0.064552425 0.6839083046875001 0.0743811421875 0.6893349 0.08084145625 0.6918205640624999 0.093209096875 0.6899994671874999 0.10620521406250001 0.6805245984375 0.11183604843749999 0.6728216296875 0.11455096718749999 0.66004894375
1 0.21288861093749997 0.6765013359375 0.2113301546875 0.6650452718750001 0.20476934375 0.653638409375 0.1980325390625 0.6477565359375 0.176565159375 0.6454184656249999 0.165931971875 0.6531706328125 0.15748572031250002 0.6647250875 0.154318315625 0.6796265499999999 0.156329259375 0.6889538296875 0.162890071875 0.7003606953125 0.168897896875 0.7049751359374999 0.18491043437500002 0.7094911890625 0.19345718437499998 0.7068579359375 0.20172744062499998 0.7008284734375 0.2101736921875 0.689274021875 0.21288861093749997 0.6765013359375
1 0.15788771562499998 0.7004098937500001 0.155876771875 0.6910826140624999 0.149315959375 0.6796757484375 0.1406687125 0.6733878 0.1311164875 0.6713574109375 0.11638591875 0.6749012125 0.1020323390625 0.6907624234374999 0.0988649328125 0.7056638937499999 0.10087587656250001 0.7149911734375001 0.10743668749999999 0.7263980343750001 0.1134445140625 0.7310124796874999 0.1294570484375 0.7355285265625 0.1380038 0.732895275 0.146274059375 0.7268658125 0.1547203125 0.7153113578125 0.15788771562499998 0.7004098937500001
1 0 0.6880629328125 0.001080275 0.6960039203124999 0.0076410859375 0.707410784375 0.0136489140625 0.712025225 0.027751006249999998 0.7161352 0.0382081984375 0.7139080250000001 0.048841389062500004 0.7061558578125 0.05774012656250001 0.6924726265625 0.0585446 0.6792938625 0.055075700000000005 0.667431721875 0.044694 0.6552127046875 0.027499995312499997 0.6515580062499999 0.0189532453125 0.6541912578125 0.0083200578125 0.661943421875 0.0022367359375 0.6717751765625 0 0.6822981890625 0 0.6880629328125
1 0.0999709046875 0.7192487359374999 0.0909466640625 0.700643371875 0.07038425781249999 0.6940477375 0.061837507812500005 0.6966809890625 0.046025971875 0.7100073421875 0.0415011078125 0.7312951515624999 0.0546227296875 0.7541088828125 0.07063526718749999 0.75862493125 0.076819084375 0.75771438125 0.09454106718750001 0.7447941078125 0.100523890625 0.7260411515625 0.0999709046875 0.7192487359374999
1 0.1446651125 0.7532233390624999 0.1347359 0.7388755406249999 0.1156314546875 0.734814765625 0.107084703125 0.7374480171875 0.0964515125 0.7452001859374999 0.0903681921875 0.75503193125 0.08810575937500001 0.7656758406249999 0.08966421718749999 0.7771318984375 0.0976829859375 0.7910736218750001 0.1075117015625 0.7965002218749999 0.12442920937499999 0.79675870625 0.1346099125 0.7911353203125 0.143056165625 0.7795808671875 0.14667605625 0.76255061875 0.1446651125 0.7532233390624999
1 0.08921172968749999 0.7792606828124999 0.0811929625 0.7653189593749999 0.06254100312500001 0.7591294015625001 0.0520838046875 0.7613565765625 0.0390876859375 0.77083144375 0.0320993921875 0.784920759375 0.0317474046875 0.795970740625 0.0359452875 0.8091003078125001 0.046779473437500003 0.819190546875 0.060881565625 0.82330051875 0.0737016921875 0.8193506390625 0.0880552703125 0.8034894250000001 0.0912226734375 0.7885879625000001 0.08921172968749999 0.7792606828124999
1 0.13591688125 0.822562565625 0.1283506 0.8064920640625 0.12161379375 0.800610190625 0.1063302375 0.797361571875 0.0977834875 0.7999948234375001 0.084787365625 0.80946969375 0.0787040453125 0.8193014406250001 0.0780000703125 0.8414014062499999 0.0845608796875 0.852808271875 0.09056870781250001 0.8574227140625 0.10658124218750001 0.8619387640625 0.112765065625 0.861028215625 0.125308696875 0.8536821281250001 0.1337549484375 0.8421276750000001 0.13591688125 0.822562565625
1 0.19355768125 0.7157791375 0.1729952796875 0.7091835046875 0.1668114578125 0.7100940515625 0.16135661875 0.7122720265625 0.1481845046875 0.7272718890625 0.1451175984375 0.7510945609374999 0.14831000625 0.7595604859375 0.1591441953125 0.7696507218749999 0.173246284375 0.7737606968749999 0.181793034375 0.7711274453125 0.1976045734375 0.7578010921875 0.20358739531249997 0.7390481375 0.19355768125 0.7157791375
1 0.1909177765625 0.7986540062499999 0.178525134375 0.7771077109375 0.15514731406249999 0.7743635609374999 0.13978826093750002 0.7855611359375 0.1365203578125 0.7915413984375 0.1334534515625 0.8153640703124999 0.1414722203125 0.8293057906250001 0.1474800484375 0.8339202312499999 0.161582140625 0.83803020625 0.170128890625 0.8353969546875 0.1859404265625 0.8220706 0.19101827656249998 0.8075752078124999 0.1909177765625 0.7986540062499999
1 0.2590407765625 0.7130108 0.25702983281249997 0.703683521875 0.2504690203125 0.69227665625 0.243732215625 0.6863947828125 0.224175284375 0.6844627890625 0.2116316515625 0.691808875 0.20318540000000002 0.7033633296875 0.2000179953125 0.7182648015625 0.2020289375 0.7275920796875 0.20858974843750003 0.7389989406249999 0.21459757656249998 0.7436133859375 0.2306101109375 0.7481294328125 0.23915686093750002 0.74549618125 0.2497900515625 0.7377440171874999 0.2558733734375 0.7279122640625 0.2590407765625 0.7130108
1 0.24491320156250002 0.7700818078125 0.23689442968750002 0.7561400875000001 0.231615584375 0.752793075 0.216332028125 0.7495444546875001 0.20778527812499997 0.75217770625 0.1971520875 0.7599298703125 0.191068765625 0.7697616234375 0.1883538484375 0.782534309375 0.18991230625 0.793990365625 0.19647311875 0.8053972328125001 0.2043913875 0.81041775 0.21658303281250002 0.8141216468750001 0.23176609374999999 0.8084490656250001 0.2442092265625 0.7921817734375 0.2464716578125 0.781537871875 0.24491320156250002 0.7700818078125
1 0.2342545265625 0.8390149578124999 0.23005664375 0.825885390625 0.2218618828125 0.8174686609374999 0.2108517015625 0.8129034140625 0.2027574375 0.8134078859375 0.19421068749999998 0.8160411375000001 0.183125009375 0.8259220859375 0.176237215625 0.848932596875 0.178248159375 0.8582598765625 0.18744839375 0.87134025 0.2072818171875 0.8766684515625001 0.2158285671875 0.8740352 0.229277175 0.8624315515625 0.2348075109375 0.8458073796875001 0.2342545265625 0.8390149578124999
1 0.31248321562500003 0.677646178125 0.3010960421875 0.660763521875 0.2800811546875 0.65629666875 0.2651745890625 0.6653654625 0.259543753125 0.67306843125 0.25547137656249996 0.6922274578125001 0.25748232031249996 0.7015547359375 0.26258517187499997 0.71042674375 0.27050344375 0.715447265625 0.2826950921875 0.719151159375 0.29315228437499996 0.7169239843749999 0.303785475 0.7091718203124999 0.30941630937500003 0.70146885 0.31248321562500003 0.677646178125
1 0.3003665828125 0.744044471875 0.2923478140625 0.730102746875 0.28706896406250004 0.7267557328125 0.2717854078125 0.7235071125 0.26323865625 0.726140365625 0.25260546875 0.733892534375 0.24652214843750003 0.7437242796875 0.244360215625 0.763289390625 0.25046854218750003 0.7768250343750001 0.25984476875 0.7843804140625 0.27012597031249996 0.787678228125 0.28721947187499997 0.782411725 0.2996626078125 0.7661444359375 0.301925040625 0.755500528125 0.3003665828125 0.744044471875
1 0.28980840625000004 0.8218988218750001 0.28824995000000003 0.8104427578125 0.2816891390625 0.799035896875 0.2730418859375 0.7927479468749999 0.2553954015625 0.7912220296875 0.24285176718749998 0.7985681203125 0.23440551406250001 0.8101225734374999 0.23224358281250002 0.8296876765625001 0.241267821875 0.848293040625 0.2458176921875 0.8503726234375 0.261830228125 0.854888675 0.2703769796875 0.8522554234375 0.27864723593749996 0.8462259624999999 0.287545975 0.8325427234375 0.28980840625000004 0.8218988218750001
1 0.41227881718750004 0.69663343125 0.4076284484375 0.68563264375 0.3994336890625 0.6772159140625 0.377966309375 0.674877840625 0.36024432968750003 0.6877981156249999 0.35471399375 0.7044222859375 0.355266978125 0.7112147109375 0.36693064375 0.7314935796875 0.38676407031250004 0.7368217828125 0.3910374453125 0.73550515625 0.398855215625 0.731604471875 0.4096643984375 0.7183273203125 0.41227881718750004 0.69663343125
1 0.353356534375 0.7108086328125001 0.344432790625 0.701124471875 0.333422609375 0.696559225 0.3253283453125 0.697063696875 0.31087426875 0.70400370625 0.30288050312500003 0.71342938125 0.29981359687500003 0.737252046875 0.304463965625 0.748252834375 0.3119297484375 0.7554021375 0.3298527296875 0.7603242640625 0.34430680625 0.7533842546875 0.35230057187499997 0.743958578125 0.35783090781250004 0.7273344078124999 0.353356534375 0.7108086328125001
1 0.3371425171875 0.7729985562499999 0.3304057125 0.7671166828125 0.31084878125 0.7651846890625 0.2983051484375 0.7725307765625 0.289858896875 0.7840852296875 0.2876969640625 0.8036503406250001 0.29526324531250003 0.8197208421875001 0.30318151718749997 0.8247413640625 0.315373165625 0.82844525625 0.3258303578125 0.8262180828125001 0.3420943828125 0.81076295 0.3461667609375 0.7916039171875 0.3371425171875 0.7729985562499999
1 0.33349714218750004 0.8512097859375001 0.3240204125 0.8347332062499999 0.30727890156250004 0.8289497296875 0.2991846375 0.8294542 0.283825584375 0.8406517703124999 0.2777422625 0.8504835234374999 0.2759323171875 0.8589986484375001 0.27849624687499996 0.87511834375 0.286238525 0.8856638562500001 0.307982390625 0.891398140625 0.3141662140625 0.8904875921875 0.3271623328125 0.8810127203125001 0.3350555984375 0.86266585 0.33349714218750004 0.8512097859375001
1 0.5638074109375 0.6976923875 0.5632544265625 0.6908999640625 0.5612434828125 0.6815726843750001 0.5513142671875 0.6672248875 0.532209821875 0.6631641109374999 0.512124909375 0.67780709375 0.5070470609375 0.6923024796874999 0.507600046875 0.699094903125 0.513255884375 0.7147593265625 0.5207216703124999 0.721908628125 0.53673420625 0.7264246796875 0.5410075828124999 0.725108053125 0.5511882828125 0.7194846671875 0.5591820484375 0.710058996875 0.5638074109375 0.6976923875
1 0.5066950734375 0.703352465625 0.4948554140625 0.6885985875 0.473388040625 0.686260515625 0.46275484999999994 0.6940126828125 0.4538561109375 0.7076959140625 0.45259915156249997 0.7230034625 0.456068053125 0.734865596875 0.464991796875 0.744549759375 0.4714521078125 0.74703541875 0.47791241875 0.7495210828125 0.4883696171875 0.747293909375 0.5013657359375 0.737819040625 0.5083540296875 0.7237297234375 0.5066950734375 0.703352465625
1 0.4541576078125 0.7344595203125001 0.4475967953125 0.7230526578124999 0.4408599890625 0.7171707859375 0.4255764328125 0.713922165625 0.4170296828125 0.7165554171874999 0.40875942500000007 0.72258488125 0.40031317343749995 0.7341393359375 0.39805074218750003 0.7447832359375 0.3996091984375 0.7562393000000001 0.40762797031250003 0.7701810203125 0.415546240625 0.775201540625 0.42200655468750004 0.7776872046875 0.43437419374999997 0.77586610625 0.44737031250000003 0.7663912390625 0.4539061203125 0.75443070625 0.4541576078125 0.7344595203125001
1 0.3987042265625 0.7604968640624999 0.38585909687500003 0.7410793453125 0.36439171875 0.738741271875 0.35421101718750003 0.7443646562499999 0.343401834375 0.757641815625 0.3411394015625 0.76828571875 0.34269785937499997 0.7797417828125 0.35071663124999997 0.793683503125 0.3586349 0.7987040203125 0.36700565625000003 0.8015957625000001 0.37746285468749996 0.7993685890625 0.3928219046875 0.7881710125 0.39608980625 0.7821907515625 0.3987042265625 0.7604968640624999
1 0.4425939609375 0.80765023125 0.44058301718750004 0.7983229515625 0.435480165625 0.7894509484375 0.42537495625000005 0.780628140625 0.41582273125 0.7785977515625 0.4010921640625 0.782141553125 0.3867385828125 0.7980027671875 0.3840236640625 0.810775453125 0.3870400796875 0.8247663718749999 0.398150759375 0.838252815625 0.41416329375 0.8427688671875 0.41843666874999996 0.8414522421875 0.42861737343749995 0.83582885625 0.43987904218749996 0.8204229171874999 0.4425939609375 0.80765023125
1 0.49860032812500005 0.7884053109375 0.4960363984375 0.7722856140625 0.48419673750000003 0.7575317359375 0.46891318125000003 0.7542831156250001 0.46036643125000004 0.7569163671875 0.45209617343749997 0.7629458312499999 0.44364992187499996 0.7745002859375 0.440935003125 0.787272971875 0.4424934625 0.798729028125 0.45506209999999997 0.8147503359374999 0.4691641921875 0.818860309375 0.47534800781250003 0.8179497609374999 0.48834413125 0.8084748890625001 0.49724286875 0.7947916578124999 0.49860032812500005 0.7884053109375
1 0.4843722515625 0.8365551234374999 0.47444303593750004 0.8222073218749999 0.45342814843749996 0.8177404703125 0.4333432359375 0.832383446875 0.428717871875 0.84475005625 0.43082931562500004 0.8629985375 0.435932165625 0.8718705453125001 0.4438504390625 0.876891065625 0.457952528125 0.8810010374999999 0.46649927812499997 0.8783677843750001 0.47994788593750004 0.8667641359375 0.48638319531249996 0.845882403125 0.4843722515625 0.8365551234374999
1 0.5505848078125 0.750505834375 0.5459344421875 0.73950505 0.535829234375 0.730682240625 0.5243665671875 0.7282457765625 0.51390936875 0.73047295 0.5032761796874999 0.73822511875 0.497192859375 0.7480568640625 0.49503092656250003 0.767621975 0.5011392531250001 0.78115761875 0.51051548125 0.7887129984375 0.5227071296875 0.792416890625 0.5288909453125 0.7915063421874999 0.5418870671875 0.7820314749999999 0.5475179015625 0.77432850625 0.5505848078125 0.750505834375
1 0.541384090625 0.8219738453125001 0.539373146875 0.8126465656249999 0.5328123375 0.8012397 0.524165084375 0.7949517484374999 0.508429040625 0.7938319109374999 0.49588540937500003 0.8011779984375 0.48789164375 0.810603675 0.4842717515625 0.827633921875 0.4862826953125 0.8369612015625 0.4969408890625 0.8525764296875 0.5129534265625 0.8570924796874999 0.51913724375 0.8561819281249999 0.5321333640625 0.8467070609375 0.5377641984375 0.8390040937500001 0.541384090625 0.8219738453125001
1 0.5288149703125 0.8905009156249999 0.5272565140625 0.8790448515625 0.5192377453125 0.86510313125 0.5105904921875 0.85881518125 0.5029487140625 0.8571908718750001 0.492491521875 0.859418046875 0.4794954015625 0.8688929140624999 0.473864565625 0.8765958828124999 0.471250146875 0.8982897703124999 0.48336629843749995 0.9164398609375001 0.5012892765625 0.9213619874999999 0.509836028125 0.9187287359375 0.5204692171875 0.9109765718749999 0.5265525390625 0.9011448171875 0.5288149703125 0.8905009156249999
1 0.4313823 0.8697909609375 0.4189896578125 0.8482446625 0.40797947656250005 0.843679415625 0.3998852125 0.8441838875000001 0.379800296875 0.8588268687499999 0.3742699609375 0.8754510390625001 0.37482294843749997 0.88224345625 0.3823892296875 0.8983139609374999 0.3883970578125 0.902928403125 0.404409590625 0.907444453125 0.4129563421875 0.9048112015625 0.42640494999999995 0.89320755 0.4310303125 0.8808409421875 0.4313823 0.8697909609375
1 0.3880455515625 0.8294300109374999 0.380479265625 0.81335950625 0.3737424609375 0.8074776343750001 0.3584589046875 0.8042290140624999 0.349912153125 0.8068622671875 0.33364813125000004 0.822317403125 0.3310337125 0.844011290625 0.34005795625 0.8626166515625 0.344607821875 0.8646962374999999 0.35870991406249997 0.8688062078125001 0.36489373125 0.8678956578125 0.3830682015625 0.8528465984375 0.38814605 0.8383512140624999 0.3880455515625 0.8294300109374999
1 0.6490229515625 0.7758794265625 0.6445485765625001 0.759353653125 0.62843554375 0.7459164 0.6122470156250001 0.7469253421875 0.601613825 0.754677509375 0.5927150875 0.768360740625 0.5919106125 0.7815395046875 0.5953795140625 0.7934016453125 0.6069426796874999 0.8047593140625 0.619134328125 0.8084632062500001 0.6295915203125 0.8062360312499999 0.63786178125 0.8002065671875 0.6463080328124999 0.7886521140625 0.6490229515625 0.7758794265625
1 0.5878132296875 0.7773311406250001 0.5810764234375 0.77144926875 0.5596090515625 0.769111196875 0.546612928125 0.7785860687499999 0.5409820937500001 0.7862890375 0.537362203125 0.8033192859374999 0.54083110625 0.8151814203125 0.5444760015625 0.82151856875 0.5557626734375 0.8294800265625 0.5641334296875 0.8323717640625 0.57695355625 0.8284218859375001 0.59085465 0.81468945625 0.59392155625 0.790866784375 0.5878132296875 0.7773311406250001
1 0.58079945 0.8526014375000001 0.56895979375 0.837847559375 0.5474924140625 0.8355094875000001 0.53967464375 0.8394101703124999 0.5288654625 0.8526873234375 0.5252455703125001 0.8697175734375 0.528714471875 0.8815797140624999 0.5371857296875 0.8933926546875 0.543646040625 0.8958783125 0.5501063515625 0.8983639765625 0.5648369265625 0.8948201765625001 0.5787380171875001 0.88108774375 0.58281039375 0.8619287171875 0.58079945 0.8526014375000001
1 0.6142069828125 0.8786145875000001 0.593192096875 0.874147734375 0.5754701125 0.8870680109375 0.5690348046875 0.9079497453125001 0.569587790625 0.9147421625 0.5802459843750001 0.9303573921874999 0.6019898515625 0.9360916734375 0.619711834375 0.9231714 0.6256946578125 0.90441844375 0.625141671875 0.8976260265624999 0.6142069828125 0.8786145875000001
1 0.6373588046875 0.8401489359375001 0.6358003453125 0.8286928796874999 0.6292395359375 0.8172860140625 0.62250273125 0.8114041421874999 0.6029458 0.809472146875 0.5927650953125 0.8150955328125 0.5847713296875 0.824521203125 0.5802464656249999 0.8458090125 0.58927070625 0.8644143765625 0.599099421875 0.8698409765624999 0.6036492890625 0.8719205593750001 0.6160169296875 0.8700994625 0.6290130515625 0.8606245921875001 0.635096371875 0.8507928437500001 0.6373588046875 0.8401489359375001
1 0.690901740625 0.813705521875 0.688890796875 0.8043782421874999 0.678961584375 0.7900304421875 0.6598571390625 0.7859696671874999 0.639772225 0.8006126453125001 0.6342418890625 0.8172368156250001 0.6372583046875 0.8312277343750001 0.6464585390625001 0.8443081093749999 0.6643815187500001 0.8492302328125 0.6811985296875 0.8405675171875 0.6868293640625 0.8328645484375 0.6914547265625 0.8204979390625 0.690901740625 0.813705521875
1 0.744545178125 0.7961833031250001 0.744444678125 0.7872621 0.7409757765625 0.7753999671875 0.7354204375 0.7686567421875 0.71485803125 0.7620611078125 0.6980410234375001 0.7707238234375 0.6924101890625 0.77842679375 0.689343284375 0.8022494578125 0.6939936531249999 0.8132502453124999 0.701459434375 0.8203995484375 0.7193824171875 0.825321675 0.7236557921875 0.82400505 0.7342889796875001 0.8162528796874999 0.7399198140625 0.8085499125 0.744545178125 0.7961833031250001
1 0.7882339125 0.8254942734374999 0.780667628125 0.80942376875 0.773930821875 0.8035418968749999 0.758647265625 0.8002932765624999 0.750100515625 0.802926528125 0.741830259375 0.8089559890625001 0.7329315203125 0.822639228125 0.731121575 0.8311543515625001 0.7341379906250001 0.8451452703125 0.740698803125 0.85655213125 0.7505275171875 0.86197873125 0.7550773875 0.8640583156250001 0.7674450265625 0.8622372171875 0.7804411453125 0.8527623468750001 0.786524465625 0.8429306000000001 0.7882339125 0.8254942734374999
1 0.7751118078125 0.8872289203125 0.76563508125 0.8707523421875001 0.7603562312500001 0.867405328125 0.7407993 0.865473334375 0.722172346875 0.882651175 0.7195579265625 0.9043450625 0.7256662515625 0.9178807062500001 0.73504248125 0.9254360859374999 0.745323684375 0.9287339015624999 0.7581438109375 0.9247840234375 0.7664140671874999 0.9187545625 0.7757652921875 0.9029425468750001 0.7751118078125 0.8872289203125
1 0.7256667359375 0.8333323281249999 0.7189299296875 0.82745045625 0.7074672625 0.825013990625 0.6970100640625 0.8272411640625 0.6863768765625 0.83499333125 0.6807460421875 0.8426963015625001 0.6781316234375 0.8643901890624999 0.6856979046875 0.8804606906249999 0.6936161765625 0.8854812140625 0.7119916421875 0.8882745578125 0.7249877640625 0.878799690625 0.7306185984375 0.8710967203125 0.7336855046874999 0.8472740468750001 0.7256667359375 0.8333323281249999
1 0.6786846093750001 0.8711826078125 0.6658394796875 0.8517650921875 0.6443721 0.8494270187499999 0.6341913984375 0.85505040625 0.625745146875 0.866604859375 0.623130728125 0.8882987484375 0.6306970125 0.90436925 0.63861528125 0.909389771875 0.6488964859374999 0.9126875875 0.655080303125 0.9117770374999999 0.6676239374999999 0.9044309484375 0.6760701890624999 0.8928764953125 0.6786846093750001 0.8711826078125
1 0.7211163843749999 0.9158011187499999 0.7140025859375 0.8976018359375001 0.7072657812500001 0.8917199640625 0.693892671875 0.888877421875 0.6810725453125 0.8928273015625001 0.6751652171875 0.89713405625 0.6662664781250001 0.9108172953125001 0.6644565328125001 0.91933241875 0.666014990625 0.9307884765625 0.6725758 0.9421953421874999 0.678583628125 0.9468097828125 0.6945961625 0.9513258328124999 0.7031429124999999 0.9486925812500001 0.7165915203125001 0.9370889296874999 0.72166936875 0.92259354375 0.7211163843749999 0.9158011187499999
1 0.1177703078125 0.3536887546875 0.1152063796875 0.3375690515625 0.103366721875 0.3228151765625 0.088083165625 0.31956655624999997 0.0795364140625 0.3221998078125 0.063724875 0.3355261609375 0.059200012499999996 0.3568139703125 0.0663138078125 0.37501325625000004 0.072321634375 0.3796277015625 0.0921550578125 0.3849559046875 0.09833888125 0.38404535625 0.10942455468750001 0.3741644109375 0.11550787656249999 0.3643326578125 0.1177703078125 0.3536887546875