1 0.9254905687500001 0.09413325156249999 0.9012624046875001 0.0959347328125 0.8842884718749999 0.1111146859375 0.883096890625 0.12473453125 0.887193528125 0.1329352828125 0.8971769796875 0.142631359375 0.9076711140624999 0.146490353125 0.9280607859375 0.147293928125 0.9474234890625001 0.13232296875 0.9487852968749999 0.11675742656250002 0.9448588843750001 0.106610978125 0.9254905687500001 0.09413325156249999
1 0.8342065812499999 0.09202869375 0.8217520515625001 0.0968208203125 0.8126253328124999 0.10484497343750002 0.8128011640624999 0.130347965625 0.8181773031249999 0.13768036875 0.8286714328125001 0.141539365625 0.85622741875 0.14296990781250002 0.8703019015625 0.133418046875 0.872514840625 0.10812403749999999 0.85809429375 0.0941185984375 0.8342065812499999 0.09202869375
1 0.767150759375 0.0881226546875 0.7500889109375 0.0905511078125 0.74113241875 0.09662956406249999 0.735673971875 0.1039943546875 0.7344823890625001 0.11761420781250001 0.7384088015625 0.12776064843749999 0.7520605265625 0.13679736250000002 0.772279965625 0.13954662812500002 0.7936909937500001 0.1286760421875 0.798122478125 0.10553672031250001 0.788309253125 0.0938949546875 0.767150759375 0.0881226546875
1 0.7116983453125 0.0891529546875 0.6832033140625 0.0846993765625 0.6617922859375 0.09556996250000001 0.6597495734375001 0.118918275 0.6695628046875 0.1305600421875 0.6754496171875 0.132055365625 0.698057834375 0.13501361875 0.7103421375 0.13216718593750001 0.71929863125 0.12608872499999998 0.723730115625 0.102949403125 0.7116983453125 0.0891529546875
1 0.6350874359375001 0.0844109546875 0.6064221812499999 0.08190306875 0.5899589203125 0.091245940625 0.584500475 0.0986107296875 0.58364934375 0.108339196875 0.5896240749999999 0.1225860140625 0.6056645703125 0.13183171875 0.628443009375 0.1328442828125 0.647635490625 0.11981901406249999 0.649167525 0.10230778125 0.64302256875 0.090006653125 0.6350874359375001 0.0844109546875
1 0.568459978125 0.0893650265625 0.5583063015625 0.081614646875 0.529641046875 0.07910676093749999 0.5104485624999999 0.092132028125 0.506868209375 0.1055428890625 0.510794621875 0.11568933125 0.5183893015625001 0.12517641562499998 0.5288834359375 0.12903541093749998 0.54910288125 0.131784678125 0.561387184375 0.12893824375000001 0.5732431296875 0.11723169687499999 0.5746049375 0.1016661546875 0.568459978125 0.0893650265625
1 0.48169539375000003 0.0768726453125 0.4554189046875 0.0745737515625 0.43878542343750004 0.08586231562499999 0.4346943921875 0.105110253125 0.44877448593749997 0.12300707968749999 0.45466129843749997 0.1245024046875 0.482217284375 0.125932946875 0.4961215421875 0.118326775 0.500553025 0.0951874515625 0.4909100265625 0.08159999375 0.48169539375000003 0.0768726453125
1 0.385974315625 0.07045872187499999 0.367292509375 0.0776469125 0.3616638375 0.08695739375 0.3604722546875 0.10057724531250001 0.3723338046875 0.1163193875 0.3804391609375 0.119969390625 0.39826983125000004 0.1225096671875 0.42223985624999993 0.10990238125 0.4259904375 0.0945458296875 0.41446934375 0.0749123 0.385974315625 0.07045872187499999
1 0.33325112031250004 0.0678066265625 0.3069746296875 0.06550773125 0.29307037343750003 0.0731139 0.2876119265625 0.080478690625 0.28607989218749996 0.097989928125 0.3016097078125 0.1130727078125 0.32899546874999996 0.11644894531250001 0.34784749375 0.10731506406249999 0.351938525 0.0880671265625 0.3424657515625 0.0725339734375 0.33325112031250004 0.0678066265625
1 0.2754978421875 0.081379434375 0.2566402125 0.0630646265625 0.2278047296875 0.062502434375 0.21356001406249997 0.0739999875 0.2098094359375 0.08935653906249999 0.2137358484375 0.0995029875 0.221500753125 0.10704437656250002 0.234383659375 0.11111236093750002 0.24504801406249999 0.11302566562500001 0.25733232968749997 0.1101792328125 0.271066359375 0.1045187578125 0.2739658078125 0.098890665625 0.2754978421875 0.081379434375
1 0.20110547968749998 0.0787921171875 0.1970088421875 0.070591365625 0.1870253859375 0.0608952890625 0.1754219859375 0.055958951562500005 0.1511938203125 0.0577604328125 0.1342198828125 0.07294038593749999 0.13336875312500002 0.08266884687500001 0.141391803125 0.1010160453125 0.1574322984375 0.11026175 0.1752629734375 0.11280202343750001 0.1901062796875 0.1082188875 0.1965037703125 0.1038771296875 0.199743671875 0.094357659375 0.20110547968749998 0.0787921171875
1 0.8966663015625 0.1484684375 0.8680010453125 0.145960553125 0.8488085671875 0.15898582187500002 0.8489844 0.184488815625 0.8567493109375001 0.1920302078125 0.867243440625 0.19588920468749998 0.8947994250000001 0.197319746875 0.9090441359374999 0.185822190625 0.910916621875 0.164419571875 0.9068199828125 0.1562188203125 0.8966663015625 0.1484684375
1 0.8268812593750001 0.14824479375 0.81527785 0.14330845625 0.7985564562499999 0.1418455234375 0.777145428125 0.152716109375 0.7727139421875 0.1758554328125 0.78252716875 0.18749719843749998 0.79063253125 0.1911472015625 0.8132407484374999 0.19410545937499998 0.8231362859375 0.191050034375 0.832263 0.1830258828125 0.8365242578125001 0.1618322546875 0.8268812593750001 0.14824479375
1 0.7243343140625 0.1373125140625 0.702923290625 0.148183096875 0.6984918062500001 0.17132241875 0.7060864859375 0.18080950468749998 0.7164103953125001 0.1866141953125 0.7391888328125 0.18762675625 0.7582110890625 0.1765471796875 0.7621318953125 0.1592449375 0.747881575 0.143293803125 0.7243343140625 0.1373125140625
1 0.6688818999999999 0.1383428125 0.64021664375 0.135834928125 0.6234129328125 0.149069184375 0.6215404453125 0.1704718078125 0.6372404890625 0.18360889687499998 0.6574599296875 0.1863581609375 0.6673554671875 0.1833027359375 0.684159178125 0.1700684765625 0.6855209875 0.154502934375 0.6688818999999999 0.1383428125
1 0.58749345 0.13318283125 0.563435509375 0.1330386203125 0.5520902453125001 0.13890808593749998 0.5466317984375 0.14627287656250001 0.5450997640625 0.16378411406249999 0.55252421875 0.1752168890625 0.5628481265625 0.1810215796875 0.5880153406249999 0.18224313125 0.604648821875 0.1709545640625 0.6102774937500001 0.161644084375 0.608910078125 0.1497609375 0.58749345 0.13318283125
1 0.522485940625 0.13337716875 0.510882540625 0.12844083125 0.4965499125 0.1271868890625 0.475138884375 0.138057475 0.47087762812499995 0.1592511015625 0.48512794374999996 0.1752022359375 0.5005698453125 0.17753351875 0.5137931984375 0.177710121875 0.5276974609375 0.17010395312499998 0.5363958078125 0.1532196859375 0.5346879421875 0.14522792499999998 0.522485940625 0.13337716875
1 0.441267715625 0.12627149375 0.417380003125 0.124181590625 0.39818752343749997 0.13720685625 0.3963150375 0.1586094796875 0.4039097171875 0.1680965625 0.41201507968750006 0.1717465703125 0.43701206406250004 0.1749138140625 0.4560343203125 0.16383424062500002 0.4601253515625 0.144586303125 0.45270089843749994 0.133153525 0.441267715625 0.12627149375
1 0.3838548953125 0.1359529140625 0.37387143906250003 0.126256840625 0.3600494890625 0.1191658203125 0.3481056375 0.11812086875000001 0.3382101 0.12117629218749999 0.32140638906249996 0.1344105484375 0.3220929015625 0.1540764671875 0.3298578109375 0.161617859375 0.3473480296875 0.16804951875000002 0.35562361249999996 0.1697538328125 0.36551915 0.1666984078125 0.3794234125 0.1590922375 0.3850520859375 0.14978175625 0.3838548953125 0.1359529140625
1 0.29043467500000003 0.11699648437500001 0.268935728125 0.1151155703125 0.25008370156250004 0.1242494515625 0.24445502812500003 0.1335599375 0.243433671875 0.14523409375000002 0.261182034375 0.162471559375 0.2861790234375 0.16563880312499998 0.3077602734375 0.152822525 0.30946253281249997 0.133365596875 0.2996493078125 0.12172383125 0.29043467500000003 0.11699648437500001
1 0.2068276734375 0.1096818203125 0.184818059375 0.11363798437499999 0.17057334531249999 0.1251355390625 0.169041309375 0.1426467765625 0.180902859375 0.15838891875 0.1913969890625 0.16224791249999998 0.21178665468750002 0.16305148593750002 0.23336791093749998 0.1502352078125 0.2330218515625 0.126677903125 0.21621253281250002 0.1124634734375 0.2068276734375 0.1096818203125
1 0.1465977171875 0.11029413749999999 0.13260554062500002 0.105148809375 0.11571391093750001 0.10563157031249999 0.10180965312500001 0.1132377421875 0.09635120781249999 0.12060253125 0.0948191734375 0.1381137640625 0.10096413125 0.15041489218749998 0.106510490625 0.1558016 0.1171748515625 0.15771490625 0.12306166874999999 0.1592102265625 0.1426825171875 0.155045071875 0.157097453125 0.14160182500000001 0.15658116875 0.1199902109375 0.1465977171875 0.11029413749999999
1 0.9258534468749999 0.200036621875 0.9041842843750001 0.2001014015625 0.884991803125 0.21312667031250002 0.8834597687500001 0.23063790312500002 0.8875564046875001 0.2388386546875 0.9104227625 0.25260271562500003 0.9260348859375 0.25298830781250004 0.9426683718750001 0.24169974375 0.945567821875 0.236071653125 0.9450515359375 0.2144600453125 0.9258534468749999 0.200036621875
1 0.85606840625 0.1998129796875 0.8323509187499999 0.19577738281249998 0.82245538125 0.19883280625 0.8107696656250001 0.2085936578125 0.8088971781250001 0.22999628125 0.8268157671875 0.2452880515625 0.849423978125 0.24824630781249998 0.863328240625 0.24064013593750003 0.8687866874999999 0.2332753453125 0.8706591749999999 0.211872728125 0.85606840625 0.1998129796875
1 0.76290631875 0.191662353125 0.7506220156250001 0.1945087859375 0.739106525 0.2023239453125 0.7346750421875 0.22546326875 0.746706815625 0.23925972031249998 0.752593628125 0.24075504374999998 0.7775906125 0.2439222875 0.7942240968750001 0.23263372499999999 0.7964370359374999 0.207339715625 0.7818462640625 0.19527996875 0.76290631875 0.191662353125
1 0.7096724453125 0.194847334375 0.6910729546875001 0.1873383328125 0.676399875 0.1899757765625 0.6624956156249999 0.19758194843750002 0.6565264921875 0.21078381406250002 0.659942225 0.22676733593749998 0.6723144484375 0.23667240312499999 0.6805900375 0.23837671718750003 0.6912543921875 0.24029001874999997 0.70353870625 0.2374435859375 0.7201721875 0.226155021875 0.7218744484374999 0.20669809374999998 0.7096724453125 0.194847334375
1 0.604566509375 0.18565175625000002 0.5828150328125 0.200413725 0.58350154375 0.22007964375000003 0.593485 0.22977572031250001 0.6039791296875 0.2336347140625 0.6243687953125 0.2344382875 0.6435612796875 0.22141301875 0.6452635390625 0.20195609062500003 0.6284542203125 0.1877416609375 0.604566509375 0.18565175625000002
1 0.544677003125 0.18237268906249998 0.5303443765625 0.18111874687500001 0.5060338984375 0.1976174171875 0.5043316375 0.2170743453125 0.516533640625 0.2289251046875 0.522420453125 0.230420425 0.54502866875 0.23337868281250002 0.5664396921875 0.222508096875 0.5684824046875 0.1991597828125 0.558498953125 0.1894637109375 0.544677003125 0.18237268906249998
1 0.47966949531249997 0.18256702656249998 0.4680660953125 0.17763068906249999 0.44861547343749997 0.1798501515625 0.43181176250000003 0.1930844109375 0.4301095015625 0.2125413390625 0.4480280890625 0.2278331078125 0.468247534375 0.230582375 0.4905976015625 0.222734825 0.494776553125 0.21623838437499998 0.49426026875 0.1946267765625 0.47966949531249997 0.18256702656249998
1 0.376952334375 0.1735804390625 0.357589625 0.1885513984375 0.3560575890625 0.20606263593750002 0.3691986359375 0.22093642500000002 0.39897316250000003 0.224521653125 0.41799541875 0.21344207656249997 0.4198679046875 0.192039459375 0.3962327296875 0.1733066703125 0.376952334375 0.1735804390625
1 0.3220105890625 0.168773659375 0.3100667375 0.1677287078125 0.29522343125 0.17231184375 0.280978715625 0.18380939999999998 0.2814950015625 0.2054210078125 0.2914784578125 0.21511708437500002 0.3019725859375 0.218976078125 0.322362253125 0.21977965156249998 0.33882551250000004 0.210436778125 0.344283959375 0.2030719875 0.341208678125 0.18319707968750001 0.3220105890625 0.168773659375
1 0.2546143125 0.16875900625 0.22850805937500002 0.16451441875 0.2045380328125 0.1771217078125 0.20300599843749997 0.1946329390625 0.20710263750000002 0.20283369062499998 0.218365590625 0.2116614140625 0.24575134531249998 0.21503765156250002 0.2623848296875 0.20374908593750002 0.26784327812500003 0.19638429531249998 0.2668163140625 0.1806097625 0.2546143125 0.16875900625
1 0.1757848640625 0.1618623234375 0.1542859171875 0.159981409375 0.1443903796875 0.1630368328125 0.1301456703125 0.174534390625 0.1286136359375 0.19204562187500002 0.13271027500000002 0.2002463734375 0.1487507703125 0.20949207812499998 0.16658144375 0.21203235468749998 0.1790359734375 0.207240228125 0.190721690625 0.1974793734375 0.192253725 0.179968140625 0.1757848640625 0.1618623234375
1 0.9014662687499999 0.258681175 0.8922516375 0.253953828125 0.8709229265625 0.250127221875 0.8586386109375 0.2529736546875 0.8471231250000001 0.2607888171875 0.84712873125 0.28823750625 0.8595009546875 0.29814256875 0.8677765453124999 0.29984688125000003 0.8856072171875 0.30238715625 0.89550275625 0.2993317328125 0.9071884671875001 0.28957088125 0.9090609546874999 0.26816825781250003 0.9014662687499999 0.258681175
1 0.789194021875 0.2488586265625 0.7725605375 0.2601471890625 0.770517825 0.283495503125 0.7886066375 0.2968415828125 0.8161626203125 0.298272128125 0.83023710625 0.2887202625 0.8324500453124999 0.2634262609375 0.817859278125 0.2513665109375 0.789194021875 0.2488586265625
1 0.736641053125 0.2442608375 0.7175308828125 0.2425889140625 0.698508625 0.25366848750000004 0.6942473687499999 0.2748621203125 0.709777184375 0.28994489843750004 0.73716294375 0.2933211375 0.753455971875 0.28592395625 0.7601060015625001 0.26493931875 0.75268154375 0.253506540625 0.736641053125 0.2442608375
1 0.6598599187499999 0.24146452968749998 0.6431385140625 0.240001596875 0.629404484375 0.24566207499999998 0.6213870390625 0.2547635640625 0.6198550046875 0.272274803125 0.6320570062499999 0.284125559375 0.63794381875 0.28562088281250003 0.663111028125 0.286842434375 0.6795742875 0.27749956249999996 0.6836653187499999 0.2582516265625 0.678289184375 0.2509192234375 0.6598599187499999 0.24146452968749998
1 0.5856377765625 0.23693151875 0.5615798375 0.23678730781250001 0.54494635625 0.24807587187500002 0.545292415625 0.271633175 0.5528870953125 0.2811202609375 0.565599775 0.2871339421875 0.5859894421875 0.2879375125 0.5998937046874999 0.280331340625 0.6055223765625 0.2710208609375 0.6048358656249999 0.2513549421875 0.5856377765625 0.23693151875
1 0.4873577046875 0.2322542984375 0.467994996875 0.247225259375 0.4686815078125 0.26689117812499996 0.4784947375 0.27853294375000004 0.4889888671875 0.2823919375 0.5093785328125 0.2831955109375 0.528400790625 0.2721159390625 0.5282249578125 0.24661293906249998 0.5066381015625 0.23198052812499997 0.4873577046875 0.2322542984375
1 0.44939550468749995 0.23971625468750002 0.43924182656250005 0.231965875 0.4155243390625 0.22793027812500002 0.393772859375 0.242692246875 0.39207059843750003 0.262149175 0.4064911453125 0.2761546171875 0.42432181562500004 0.2786948921875 0.43771539375 0.2769257984375 0.44923088437500003 0.269110640625 0.4545191046875 0.2636915390625 0.4557106875 0.25007169375 0.44939550468749995 0.23971625468750002
1 0.37944023125 0.2414383046875 0.3672382359375 0.2295875484375 0.3510275078125 0.22228753750000002 0.32884766718749997 0.2281893953125 0.314432728125 0.2416326453125 0.317508009375 0.261507553125 0.3298802375 0.2714126171875 0.3405445921875 0.27332591875 0.34882018124999997 0.2750302328125 0.36861125625 0.268919384375 0.3750087484375 0.2645776265625 0.380807646875 0.2533214515625 0.37944023125 0.2414383046875
1 0.272027834375 0.217336546875 0.257184528125 0.2219196828125 0.2429398140625 0.23341723593750002 0.2412375546875 0.25287416406249996 0.2545488265625 0.2658022640625 0.28193458437499996 0.2691785015625 0.3011270625 0.25615323437500004 0.302829321875 0.2366963078125 0.28619023593750004 0.2205361828125 0.272027834375 0.217336546875
1 0.20719055156250002 0.215585190625 0.1855213875 0.21564997031250002 0.16632890625000002 0.22867523906249998 0.164967096875 0.24424078124999998 0.168893509375 0.25438722343750003 0.18493400468750001 0.26363292656250004 0.20037590781249998 0.2659642125 0.21266021093749998 0.263117778125 0.22707515156250002 0.2496745328125 0.22638864218750002 0.2300086140625 0.20719055156250002 0.215585190625
1 0.151996278125 0.227421296875 0.1375757359375 0.21341585468750002 0.1281908765625 0.21063420000000002 0.10891048125 0.2109079703125 0.09227699375000001 0.2221965359375 0.0893775453125 0.22782462187500002 0.0881859625 0.2414444734375 0.0943309203125 0.25374560156250003 0.10226605312499999 0.2593412984375 0.1129304125 0.2612546 0.1188172296875 0.262749925 0.1384380796875 0.25858476874999997 0.14739456875 0.252506309375 0.1531934671875 0.24125013437499998 0.151996278125 0.227421296875
1 0.9047173890625 0.3040590796875 0.8948218515624999 0.3071145046875 0.88569513125 0.31513865625 0.88365241875 0.3384869703125 0.8956841953125 0.35228341875 0.9085670953125 0.35635140625 0.921620221875 0.3584736984375 0.9406424796874999 0.347394125 0.9430256437500001 0.3201544265625 0.9262163265625001 0.30593999374999997 0.9047173890625 0.3040590796875
1 0.849435190625 0.30314368593749996 0.8303250203125 0.30147176249999996 0.8204294843750001 0.3045271859375 0.8114729953125 0.31060564375 0.805674096875 0.32186181875000003 0.8068712859374999 0.3356906625 0.8133566953125 0.34410040468749997 0.8343449578125 0.35181839375 0.8499570828125 0.3522039859375 0.866250115625 0.3448068078125 0.8706815999999999 0.3216674859375 0.8654756921875 0.31238939062500004 0.849435190625 0.30314368593749996
1 0.7866462328125 0.30549270625 0.77265405625 0.300347378125 0.7511551203125 0.298466465625 0.7423688515625 0.30259923125 0.7338407296875 0.317537803125 0.7328193734374999 0.329211959375 0.7446809187500001 0.3449541 0.7505677359375 0.346449425 0.77078718125 0.34919868906249996 0.78946898125 0.3420105 0.7961190109375 0.3210258578125 0.79441114375 0.313034096875 0.7866462328125 0.30549270625
1 0.7154114640625 0.30808310781250003 0.689047065625 0.29303271406250003 0.6745442109375 0.29372446406249997 0.655181503125 0.3086954234375 0.6556977875000001 0.3303070375 0.6678997843750001 0.34215779375 0.6737866015625 0.3436531171875 0.694006046875 0.34640238125 0.7062903515625 0.343555946875 0.718656971875 0.3260123203125 0.7195081015625 0.3162838609375 0.7154114640625 0.30808310781250003
1 0.62403955625 0.2932270515625 0.60015184375 0.29113714687500003 0.580959365625 0.30416241718750003 0.57959755625 0.319727959375 0.5836941953125 0.3279287109375 0.5936776515625 0.33762478281249997 0.5995644640625 0.3391201046875 0.6173951390625 0.34166038125 0.6296794421875 0.338813946875 0.6386359359375 0.332735490625 0.6411893265625 0.3035500953125 0.62403955625 0.2932270515625
1 0.5474286484374999 0.28848505156250004 0.5259297109375 0.2866041375 0.5041782312499999 0.301366109375 0.502646196875 0.318877340625 0.5100706500000001 0.33031011875 0.520394559375 0.33611480625 0.5430027703125 0.3390730625 0.5578460765625 0.3344899265625 0.5644138 0.3282024765625 0.5666267390625 0.3029084734375 0.5474286484374999 0.28848505156250004
1 0.44658957499999996 0.28554453125 0.427226871875 0.300515490625 0.4301319265625 0.32233609531249996 0.44378365000000003 0.331372809375 0.47116940625000003 0.33474904375 0.487802890625 0.32346047968749997 0.48984560468750005 0.3001121671875 0.4706475140625 0.28568874375000003 0.44658957499999996 0.28554453125
1 0.41340492187500005 0.2934244734375 0.391818065625 0.278792059375 0.37253766875 0.27906582968750004 0.35078618906250003 0.2938277984375 0.3509620203125 0.319330796875 0.3587269328125 0.3268721875 0.3692210625 0.33073118125 0.389440503125 0.3334804484375 0.40684281093749997 0.327160609375 0.41613975156249994 0.3171907671875 0.41750155937500005 0.301625225 0.41340492187500005 0.2934244734375
1 0.3175959234375 0.27425905 0.305652071875 0.2732140984375 0.290808765625 0.27779723437500004 0.27656405156249997 0.28929479062499996 0.274861790625 0.30875171875 0.28228624999999996 0.32018449375 0.2903916078125 0.3238344984375 0.3106110546875 0.3265837640625 0.32050659062500003 0.323528340625 0.33475130000000003 0.3120307828125 0.3386721046875 0.2947285421875 0.3175959234375 0.27425905
1 0.2264821609375 0.27020879999999997 0.20251214062499998 0.2828160890625 0.200469428125 0.3061644015625 0.21028265781250002 0.3178061671875 0.21616947031249997 0.319301490625 0.24133668125000002 0.3205230421875 0.2605291625 0.3074977765625 0.2622314234375 0.2880408484375 0.24559233281249998 0.27188072343749997 0.2264821609375 0.27020879999999997
1 0.17819605624999998 0.2718660703125 0.1689814234375 0.267138721875 0.1546487953125 0.2658847796875 0.144923484375 0.2669945109375 0.12846022968749998 0.2763373859375 0.12402874531250001 0.2994767078125 0.128125384375 0.30767746093750004 0.1371697921875 0.314350496875 0.16950331406250002 0.3161990234375 0.1861368 0.304910459375 0.192105925 0.2917085875 0.19039805781250002 0.28371682656249997 0.17819605624999998 0.2718660703125
1 0.895003290625 0.3600661890625 0.8615604921875001 0.3571403234375 0.844586553125 0.3723202734375 0.8451028390624999 0.3939318875 0.8631916531250001 0.4072779671875 0.8857998703125001 0.41023622031249996 0.9075513453124999 0.3954742515625 0.9092536062500001 0.37601732499999996 0.9051569671875 0.367816571875 0.895003290625 0.3600661890625
1 0.8274367890625 0.3619972296875 0.8088372968750001 0.354488228125 0.7897271265625 0.3528163046875 0.7732638656249999 0.362159175 0.7708807015625 0.3893988734375 0.77847538125 0.398885959375 0.7865807453125 0.40253596406250003 0.8091889609375 0.4054942203125 0.8227527671875 0.401779434375 0.8309404375 0.3907322484375 0.8326426984375 0.3712753203125 0.8274367890625 0.3619972296875
1 0.748437103125 0.3570462375 0.7346151546875 0.3499552171875 0.71311621875 0.3480743046875 0.6968231859375 0.35547148281249996 0.6913647390625 0.362836271875 0.69017315625 0.376456125 0.6996459328125 0.39198927656250004 0.7219136921875 0.39883891875 0.742473590625 0.397696796875 0.74887108125 0.3933550421875 0.754329528125 0.3859902515625 0.7560317890625 0.3665333234375 0.748437103125 0.3570462375
1 0.6460603953125 0.34416826562499997 0.631387315625 0.34680570781250003 0.6173128265625001 0.35635757031250004 0.6132217953125 0.37560550625 0.6226945734375 0.3911386609375 0.6449623328125 0.3979883 0.6605744609374999 0.39837389375 0.67447871875 0.390767725 0.6789102015624999 0.3676284015625 0.6716559703125 0.35424993125 0.6460603953125 0.34416826562499997
1 0.5812231125 0.34241690937499997 0.55955395 0.3424816890625 0.5376322421874999 0.359189353125 0.5378080749999999 0.384692346875 0.5455729859375 0.39223373906250003 0.556067115625 0.3960927359375 0.5836231 0.397523278125 0.6053745765625 0.38276130625000004 0.6070768375 0.3633043796875 0.5950450625 0.3495079296875 0.5812231125 0.34241690937499997
1 0.520652703125 0.34692061406249997 0.504612203125 0.337674909375 0.48533180624999994 0.33794867812499996 0.46630955468749996 0.3490282546875 0.4632398796875 0.3566020359375 0.4640966171875 0.3743222578125 0.47851716250000004 0.3883277 0.4867927484375 0.3900320140625 0.5095711859375001 0.391044575 0.5234754484375 0.3834384046875 0.52893389375 0.3760736140625 0.528247384375 0.3564076953125 0.520652703125 0.34692061406249997
1 0.4302198453125 0.3350875921875 0.41110967499999995 0.33341566875 0.389698646875 0.3442862515625 0.38543738906249997 0.365479884375 0.3873154828125 0.37152595 0.4007969796875 0.382508359375 0.428182734375 0.38588459375 0.44208699687499997 0.3782784265625 0.450104440625 0.3691769296875 0.44941793125 0.3495110125 0.4302198453125 0.3350875921875
1 0.369649428125 0.3395912953125 0.3536089375 0.3303455921875 0.33927630937500003 0.32909164999999996 0.3180355078125 0.3380165390625 0.3127472859375 0.343435640625 0.311045025 0.36289256718749996 0.31292312031249997 0.3689386328125 0.324186071875 0.37776635625 0.353960603125 0.381351584375 0.3601878671875 0.3789555234375 0.3758823046875 0.36464392343749996 0.37707388750000004 0.3510240703125 0.369649428125 0.3395912953125
1 0.2939775671875 0.33787233125 0.2769980296875 0.3256035921875 0.2626654 0.3243496484375 0.2527698625 0.32740507343749997 0.2359661515625 0.34063933281250003 0.2363122109375 0.3641966359375 0.2416883453125 0.371529034375 0.24979370781250002 0.3751790390625 0.2700131484375 0.37792830624999996 0.2822974625 0.37508187187500003 0.29705285 0.3577472390625 0.29807420625000003 0.3460730828125 0.2939775671875 0.33787233125
1 0.2142090703125 0.32795261249999996 0.193220803125 0.3202346203125 0.173599953125 0.324399775 0.1620844671875 0.332214934375 0.159871528125 0.35750894375 0.1709642546875 0.36828235625 0.198350009375 0.37165859375 0.21481326875 0.362315721875 0.22010148906250002 0.356896621875 0.22180375 0.33743969375 0.2142090703125 0.32795261249999996
1 0.14092597812500002 0.326442634375 0.1329908453125 0.3208469375 0.1092733578125 0.316811340625 0.08786232968749999 0.3276819265625 0.08343084687499999 0.35082125 0.096401665625 0.367640734375 0.11662110625 0.370389996875 0.137861909375 0.36146510468750004 0.146049578125 0.35041791875 0.1470709359375 0.3387437625 0.14092597812500002 0.326442634375
1 0.9389514312499999 0.42174843125 0.9218016609375 0.41142538437500004 0.897743721875 0.41128117187499996 0.8838394656249999 0.4188873421875 0.8836748453125001 0.4482817265625 0.8957066203125 0.462078175 0.9085895203125001 0.4661461625 0.924371875 0.4645860609375 0.9358873624999999 0.4567709015625 0.9442452593749999 0.4437780203125 0.9449261625 0.43599524843750004 0.9389514312499999 0.42174843125
1 0.8282991328125 0.40716614375000004 0.8120061 0.41456332500000004 0.80518584375 0.43749365781250005 0.8070639359375 0.44353972343750003 0.8227639812499999 0.45667681250000003 0.8525385109375 0.460262040625 0.864053996875 0.45244687812500006 0.8689961593750001 0.42347047968749996 0.8614014781250001 0.41398339531249995 0.8282991328125 0.40716614375000004
1 0.78223156875 0.410978096875 0.77062816875 0.40604175937500003 0.749129221875 0.40416084531249996 0.72993674375 0.41718611250000004 0.7280642578125 0.43858873593750003 0.7378774875 0.4502305015625 0.7507603890625 0.4542984859375 0.775927603125 0.455520040625 0.7847138640625 0.4513872765625 0.7901723109375001 0.44402248593750004 0.7920447984375001 0.42261986250000005 0.78223156875 0.410978096875
1 0.7008431171875 0.405818115625 0.6723480875 0.4013645375 0.66245255 0.4044199625 0.6507668390625 0.41418081406249996 0.6488943515625001 0.43558343749999995 0.669031484375 0.45302989374999997 0.6941987000000001 0.45425144531250006 0.7079327296875 0.44859096875000004 0.7133911765625001 0.441226178125 0.7152636640625001 0.4198235546875 0.7008431171875 0.405818115625
1 0.6242322078125 0.401076115625 0.6029034984375 0.39724950937500003 0.590619184375 0.4000959421875 0.5765447 0.40964780625 0.5746722140625 0.431050425 0.586533759375 0.44679256875 0.5924205765624999 0.4482878890625 0.617417565625 0.4514551375 0.636269590625 0.44232125624999996 0.6408713015624999 0.41723623749999994 0.6334468421875 0.40580346250000005 0.6242322078125 0.401076115625
1 0.5213448203125 0.3940352203125 0.5023225640625 0.40511479375 0.500109625 0.430408803125 0.5077043109375 0.4398958859375 0.518198440625 0.44375488281250003 0.548143190625 0.44539441562500004 0.56255813125 0.43195116875000006 0.5642603921875 0.41249424062499995 0.5522286171874999 0.3986977890625 0.5213448203125 0.3940352203125
1 0.480225025 0.3963194609375 0.47101039218749996 0.3915921140625 0.4471226796875 0.38950221093750004 0.42810042656249997 0.4005817875 0.42366894374999997 0.423721109375 0.42887485156249994 0.4329992015625 0.43919875937499997 0.4388038890625 0.468973290625 0.44238911718749996 0.482707321875 0.436728640625 0.4881657671875 0.4293638515625 0.48986802812499997 0.4099069234375 0.480225025 0.3963194609375
1 0.3990068 0.3892137875 0.3752893140625 0.38517819062499997 0.353878290625 0.3960487734375 0.34841984375 0.4034135640625 0.3511546734375 0.4271798578125 0.364806396875 0.436216571875 0.394580921875 0.4398018 0.4083149578125 0.43414132343749995 0.41377340625 0.42677653437499996 0.41359757343750003 0.401273534375 0.3990068 0.3892137875
1 0.329221759375 0.38899014374999996 0.3130110328125 0.3816901328125 0.3034559484375 0.380854171875 0.286223875 0.3852283171875 0.271808934375 0.39867156718749996 0.2702769 0.4161827984375 0.2743735390625 0.42438355000000005 0.28213845000000004 0.43192494375 0.297410121875 0.43620192187500006 0.305685709375 0.4379062328125 0.325306559375 0.433741078125 0.3369922703125 0.4239802265625 0.336986665625 0.3965315375 0.329221759375 0.38899014374999996
1 0.24578498437500002 0.37972978749999997 0.22445627343750002 0.37590318125 0.212171959375 0.3787496140625 0.1980974765625 0.388301478125 0.1958845375 0.41359548124999995 0.20552754218749997 0.42718294375 0.213803125 0.4288872578125 0.2364113375 0.4318455109375 0.246306875 0.42879008750000003 0.2605515890625 0.4172925328125 0.26037575625 0.3917895328125 0.24578498437500002 0.37972978749999997
1 0.14033859375 0.37442559375 0.12387533906249999 0.383768465625 0.12097588906250001 0.38939655625 0.1194438546875 0.40690778906249997 0.12354049375000001 0.415108540625 0.14435853125 0.424772225 0.1623594328125 0.425366809375 0.18189236250000002 0.408450153125 0.183594621875 0.3889932265625 0.166785309375 0.374778796875 0.14033859375 0.37442559375
1 0.85936436875 0.464780396875 0.8451196578125 0.47627795468749995 0.8434173968750001 0.4957348828125 0.8475140359375001 0.503935634375 0.860995534375 0.5149180375 0.8909402906249999 0.5165575734375001 0.9077439984375 0.5033233125 0.9094462578125 0.4838663859375 0.892807165625 0.46770626249999997 0.85936436875 0.464780396875
1 0.8114187140625001 0.46254628125 0.790090003125 0.45871967500000005 0.78036469375 0.45982940625 0.76373120625 0.47111797031249997 0.7618587203125 0.49252059375 0.7761090421875 0.5084717265625 0.7819958546875 0.50996705 0.8143293828125 0.5118155718749999 0.82601509375 0.5020547203125 0.8302763515624999 0.4808610875 0.8206333484374999 0.46727362812499995 0.8114187140625001 0.46254628125
1 0.7061425515625 0.455296396875 0.6895090703125 0.4665849640625 0.6874663578125 0.4899332765625 0.6948908171875 0.5013660515625 0.707603490625 0.5073797328125 0.7327707046875 0.508601284375 0.7494041859375 0.49731271718750003 0.7514468984375 0.473964403125 0.7348078078125 0.45780428124999994 0.7061425515625 0.455296396875
1 0.65563790625 0.454798984375 0.6317501937500001 0.4527090796875 0.615286934375 0.46205195000000004 0.6106852234375 0.48713696874999995 0.6262150390625 0.5022197484375 0.6559895703125 0.5058049765625 0.6724528249999999 0.4964621046875 0.676884309375 0.4733227828125 0.66724130625 0.45973532031250003 0.65563790625 0.454798984375
1 0.5906303984375 0.45499332031249995 0.5790269968749999 0.4500569828125 0.5500212906249999 0.45144048437500006 0.5385058 0.4592556421875 0.5328771265625 0.4685661296875 0.5359524078125 0.4884410375 0.55642999375 0.5019961078125 0.5742606671875 0.50453638125 0.5891039734375 0.4999532453125 0.6009599125 0.488246696875 0.600613853125 0.46468939374999996 0.5906303984375 0.45499332031249995
1 0.51862680625 0.45261499374999997 0.50480485625 0.44552397343749994 0.47835815000000004 0.445170771875 0.45916566718749996 0.458196040625 0.45729317968750005 0.47959865781250005 0.46471763906249997 0.4910314359375 0.47743031562500005 0.4970451140625 0.5000385265625 0.5000033703125 0.5148818328125 0.49542023437499993 0.5240085515625 0.4873960859375 0.526221490625 0.4621020765625 0.51862680625 0.45261499374999997
1 0.449780809375 0.4554143828125 0.43519004062500005 0.4433546375 0.406524784375 0.4408467515625 0.3875025265625 0.451926328125 0.3851193625 0.47916602656249996 0.392714046875 0.48865310937500006 0.4055969484375 0.492721096875 0.43076416406250007 0.49394264843749996 0.4470571921875 0.48654546718749997 0.4525156375 0.4791806765625 0.45387744531249996 0.463615134375 0.449780809375 0.4554143828125
1 0.35840890625 0.4405583296875 0.3323026421875 0.43631374218749996 0.3174593375 0.44089687812499995 0.308332621875 0.44892102968750003 0.3064601359375 0.4703236484375 0.3161031390625 0.483911109375 0.3242084984375 0.4875611125 0.3515942515625 0.49093735 0.3653282890625 0.485276875 0.3707867359375 0.47791208437500005 0.3728294484375 0.454563771875 0.35840890625 0.4405583296875
1 0.29101263125 0.4405436765625 0.27719068125 0.43345265624999996 0.26046927656249996 0.43198972187500007 0.243237203125 0.43636386875 0.23428071093749997 0.442442328125 0.23189754687500003 0.4696820265625 0.2394922296875 0.479169109375 0.2475975890625 0.482819115625 0.27498334375 0.48619535 0.2912763765625 0.478798171875 0.29707527499999997 0.467541996875 0.298437084375 0.4519764546875 0.29101263125 0.4405436765625
1 0.2177295375 0.43903369843749995 0.2051870890625 0.43107432812499996 0.1789106 0.428775434375 0.16645606875000002 0.43356756093750004 0.1573293515625 0.44159170937500003 0.1552866390625 0.4649400234375 0.16731841249999999 0.478736475 0.175593996875 0.4804407890625 0.19581344375 0.48319005312499996 0.208097746875 0.48034361875 0.217054240625 0.47426515937499997 0.22165595 0.449180146875 0.2177295375 0.43903369843749995
1 0.0975221484375 0.42361545312500004 0.08088866875 0.4349040171875 0.0786757296875 0.46019802656250003 0.094205546875 0.4752808046875 0.11920253437499999 0.478448053125 0.1383950109375 0.4654227859375 0.140948403125 0.436237390625 0.1239688640625 0.4239686546875 0.0975221484375 0.42361545312500004
1 0.1480380171875 0.47901024531249997 0.12858739375 0.48122970625 0.1143426796875 0.49272726093749997 0.11247019218750001 0.514129884375 0.12211319218750001 0.5277173421875 0.132607325 0.531576340625 0.1528267734375 0.534325603125 0.1721894765625 0.5193546453125 0.174402415625 0.4940606359375 0.1645891859375 0.4824188703125 0.1480380171875 0.47901024531249997
1 0.2389815515625 0.48500618749999996 0.21748260625000002 0.4831252734375 0.202809525 0.48576271562500006 0.1938530375 0.4918411734375 0.1890811015625 0.51887188125 0.2046109171875 0.5339546671875001 0.2343854484375 0.5375398921875 0.2556262453125 0.5286149984375 0.2603981828125 0.501584290625 0.2528035015625 0.4920972078125 0.2389815515625 0.48500618749999996
1 0.320199778125 0.49211186093750003 0.2940935140625 0.48786727343749997 0.27686144218750003 0.49224141875000005 0.267734721875 0.500265571875 0.265521784375 0.5255595750000001 0.275505234375 0.5352556500000001 0.288388140625 0.5393236359375 0.30860758125 0.5420729015625 0.3208918953125 0.53922646875 0.33240738125 0.53141130625 0.3347905453125 0.5041716078125 0.320199778125 0.49211186093750003
1 0.40935313593749995 0.504813234375 0.40158822812499995 0.49727184218750003 0.38998481875 0.4923355046875 0.3708746484375 0.49066358125000004 0.34963385156250004 0.49958847500000003 0.34400517812500003 0.5088989546875 0.3426433703125 0.5244644968750001 0.35211614375 0.53999765 0.3626102765625 0.5438566484375 0.387607265625 0.5470238921874999 0.40628906562499995 0.5398357046875 0.41191773749999994 0.53052521875 0.41293909375000004 0.5188510625 0.40935313593749995 0.504813234375
1 0.4804176765625 0.504168525 0.46181818437500005 0.49665952343750003 0.4498743328125 0.495614571875 0.43264225156249997 0.4999887171875 0.4236857625 0.506067178125 0.421132371875 0.535252565625 0.43461386874999997 0.546234975 0.46677716562500005 0.550029190625 0.480511203125 0.5443687109375 0.4893797765625 0.5255387546875 0.48784213593750003 0.5156013046875 0.4804176765625 0.504168525
1 0.51454138125 0.4993116203125 0.4953489015625 0.5123368890625 0.493476415625 0.5337395078125 0.50311941875 0.54732696875 0.511224778125 0.550976971875 0.536221765625 0.5541442203125 0.5576327890624999 0.543273634375 0.5600159546875 0.516033934375 0.5432066359375 0.5018195046875 0.51454138125 0.4993116203125
1 0.615210228125 0.5041978312500001 0.588763521875 0.50384463125 0.5748592609375 0.5114508015625 0.5694008140625 0.5188155921875001 0.569746871875 0.542372896875 0.5795601015625 0.5540146625 0.592443003125 0.558082646875 0.615221440625 0.5590952109375 0.6344139234374999 0.546069940625 0.6366268625 0.5207759390625 0.6268136375 0.5091341703125 0.615210228125 0.5041978312500001
1 0.70897090625 0.5192628796875 0.6988172296874999 0.511512496875 0.667933421875 0.5068499281250001 0.65147016875 0.5161928 0.6458414953125 0.5255032859375001 0.6446499140624999 0.53912313125 0.6623982749999999 0.5563605968750001 0.6873952578125 0.55952784375 0.6996795734375 0.5566814109375 0.7086360593750001 0.5506029546875 0.71289731875 0.529409321875 0.70897090625 0.5192628796875
1 0.7518808765625 0.5102732078125001 0.73464879375 0.514647353125 0.7255220796875 0.5226715015625001 0.7221119515625001 0.53413666875 0.7255276859374999 0.5501201906250001 0.7402886796875 0.5602342484375 0.74856426875 0.5619385625 0.7713427125 0.5629511234375 0.7879761937499999 0.5516625562499999 0.7898486796874999 0.5302599390625 0.78020568125 0.5166724781250001 0.7518808765625 0.5102732078125001
1 0.8428244125000001 0.5162691500000001 0.8237142421874999 0.5145972265625 0.8098099796874999 0.5222033953125 0.80418130625 0.53151388125 0.8029897234375 0.5451337281249999 0.8069161359375 0.555280175 0.8168995875 0.5649762484374999 0.8275639484375 0.56688955 0.8479536187500001 0.5676931234375 0.8645870999999999 0.556404559375 0.86458149375 0.5289558703125 0.8522092703125 0.5190508046875 0.8428244125000001 0.5162691500000001
1 0.9003251499999999 0.519339228125 0.8860804359375001 0.530836784375 0.8819894046875 0.550084721875 0.8903529078125001 0.5645405296875 0.9017860859375 0.5714225625 0.9220055265625 0.5741718265625 0.9440974593749999 0.5555184718749999 0.943410946875 0.5358525546874999 0.9289904046874999 0.5218471124999999 0.9003251499999999 0.519339228125
1 0.9053720468750001 0.585460390625 0.8929998171875001 0.5755553265625 0.8668935640625 0.571310740625 0.8477010828125 0.58433600625 0.8458285953125 0.6057386296875 0.8521437796875 0.6160940609375001 0.8611881859375 0.6227671046875 0.883796396875 0.6257253578124999 0.9026484296874999 0.616591475 0.9081068765625 0.609226684375 0.9094686843750001 0.5936611421875 0.9053720468750001 0.585460390625
1 0.7350004578125 0.5656533453125 0.706335203125 0.5631454609375 0.69209049375 0.5746430140625 0.685610690625 0.5936819609375 0.689707328125 0.6018827140624999 0.705407371875 0.615019803125 0.7256268125 0.61776906875 0.7402998921874999 0.6151316265625 0.752155834375 0.603425078125 0.7516395499999999 0.5818134703125 0.7350004578125 0.5656533453125
1 0.78055734375 0.5676784703125 0.76358340625 0.5828584234374999 0.7640996921875 0.60447003125 0.7739129171875 0.6161118 0.7844070515625 0.619970796875 0.809574265625 0.6211923484375 0.826207746875 0.60990378125 0.828250459375 0.5865554687500001 0.8116113671875 0.5703953453125 0.78055734375 0.5676784703125
1 0.662826640625 0.5652207109375 0.651223240625 0.5602843734375 0.6297242953125 0.558403459375 0.608313271875 0.569274046875 0.60593010625 0.5965137453125 0.6135247921875 0.606000828125 0.6240189203125001 0.609859825 0.6514046796875 0.6132360593749999 0.6676977078124999 0.60583888125 0.6731561546875 0.598474090625 0.674688190625 0.580962853125 0.662826640625 0.5652207109375
1 0.59082305 0.562842384375 0.5746123328125 0.5555423734375 0.5555021625000001 0.55387045 0.5342613609375 0.5627953437500001 0.53136751875 0.5958721171875 0.5413509734375 0.60556819375 0.5496265578124999 0.6072725078125 0.5770123125 0.6106487421875 0.5909165734374999 0.6030425734375 0.5963750203125 0.5956777828125001 0.5982475078125 0.5742751593750001 0.59082305 0.562842384375
1 0.51975850625 0.563487090625 0.5119936 0.5559457015625 0.5003901921875 0.5510093640625 0.48128002031249995 0.549337440625 0.462598221875 0.55652563125 0.457139775 0.5638904218749999 0.45509706093749996 0.587238734375 0.4625215140625 0.598671509375 0.4730156484375 0.6025305046875 0.4980126375 0.6056977515625 0.51285594375 0.601114615625 0.5194236609375 0.594827165625 0.5235146937499999 0.575579228125 0.51975850625 0.563487090625
1 0.43538269218750003 0.5512037015625 0.42838659999999995 0.5486310359375 0.3971623515625 0.5478598546875 0.38581708593749997 0.5537293234375 0.3801884140625 0.563039803125 0.380534471875 0.5865971078125 0.39051792343749997 0.5962931828125 0.40561937343750004 0.6025158546875 0.41389495781249996 0.6042201656249999 0.436074809375 0.5983183078125001 0.44520152343749997 0.590294159375 0.4474144625 0.56500015 0.43538269218750003 0.5512037015625
1 0.349386925 0.5436800468749999 0.3229402078125 0.54332684375 0.3035775046875 0.5582978062499999 0.3037533375 0.5838008 0.3137367875 0.593496875 0.3266196953125 0.5975648609374999 0.34939813750000004 0.598577425 0.3684203890625 0.5874978515625 0.372681646875 0.5663042171875 0.3563830078125 0.546252709375 0.349386925 0.5436800468749999
1 0.28199065 0.54366539375 0.2511068421875 0.5390028250000001 0.22969582187499998 0.5498734078124999 0.22287556562500002 0.5728037406250001 0.2347371140625 0.588545884375 0.2406239265625 0.59004120625 0.270398453125 0.5936264328124999 0.2894207109375 0.5825468578125 0.2935117421875 0.5632989203125 0.2897555546875 0.5512067828125 0.28199065 0.54366539375
1 0.2129744203125 0.5484104750000001 0.1912173390625 0.5357237578125 0.1620414046875 0.5390529515625 0.1500152359375 0.552705190625 0.15053152187500002 0.5743167984374999 0.162733521875 0.5861675578125001 0.17100910625000001 0.58787186875 0.188839775 0.5904121453125 0.20368308281249997 0.585829009375 0.210080578125 0.5814872546875 0.2158794765625 0.5702310796875001 0.2129744203125 0.5484104750000001
1 0.1380713796875 0.5516602390625 0.131926421875 0.5393591109375 0.116995196875 0.531190746875 0.10266257031249999 0.5299368046875 0.090378265625 0.5327832390625 0.073574553125 0.5460174984374999 0.0737503875 0.571520490625 0.08373383749999999 0.5812165671875 0.09422797187500001 0.5850755609375 0.112058640625 0.5876158375 0.121954178125 0.5845604140625 0.130910671875 0.5784819578125 0.136709571875 0.56722578125 0.1380713796875 0.5516602390625
1 0.1672585265625 0.6032284203125 0.15966384218750002 0.5937413390625 0.14806044375 0.5888050015624999 0.1214435 0.5903974921875 0.1124870125 0.5964759515625 0.104129115625 0.6094688265625 0.1051560796875 0.625243359375 0.1116414890625 0.6336531015625 0.1219653921875 0.6394577921875 0.1350185234375 0.6415800875000001 0.1480716546875 0.6437023796875 0.1555784171875 0.640437965625 0.1670939078125 0.63262280625 0.17033380781250002 0.6231033296875 0.1672585265625 0.6032284203125
1 0.2364449765625 0.596537646875 0.2006134125 0.593402790625 0.1865389234375 0.6029546546875 0.18193721406250002 0.6280396671874999 0.196187534375 0.643990803125 0.2044631171875 0.6456951140625 0.22468256250000002 0.6484443796875 0.24609358593750003 0.63757379375 0.2481363 0.61422548125 0.2442098859375 0.6040790390625 0.2364449765625 0.596537646875
1 0.2871198578125 0.5950893671874999 0.27483554374999997 0.5979358 0.265538603125 0.6079056421875 0.26110711875 0.631044965625 0.27075011875 0.6446324265625 0.28585156875 0.6508550984375 0.30368223906249997 0.6533953703125001 0.3250932671875 0.6425247875 0.3279871109375 0.6094480078125 0.3156148875 0.5995429437500001 0.2871198578125 0.5950893671874999
1 0.392396021875 0.6023392515625 0.3662897578125 0.5980946640625 0.3450489609375 0.6070195546875 0.33856915781249997 0.6260585015625 0.34770147812499996 0.6454830406250001 0.37235801562500004 0.6525416703125 0.3954769046875 0.64966285 0.40187439999999996 0.6453210953124999 0.407332846875 0.6379563046875 0.40903510781249997 0.6184993765625 0.392396021875 0.6023392515625
1 0.4835976984375 0.6191409984375 0.4793308328125 0.6128859421875 0.459792296875 0.6023539046875 0.43573435624999995 0.60220969375 0.41654187499999995 0.6152349625 0.41466938906250006 0.6366375796875 0.41876602656250006 0.6448383328125 0.4265309359375 0.6523797250000001 0.43941383749999996 0.6564477125 0.45485574062499995 0.6587789953125001 0.46714004375 0.6559325609375 0.47865553437499997 0.648117403125 0.484454434375 0.6368612265625 0.4835976984375 0.6191409984375
1 0.5457880640624999 0.609877559375 0.5196818000000001 0.605632971875 0.5097862640625 0.608688396875 0.4981005515625 0.6184492515625 0.4936690671875 0.6415885734375 0.5114174296875 0.6588260390625 0.53641441875 0.661993284375 0.54630995625 0.658937859375 0.5579956671875 0.6491770046875 0.56020860625 0.6238830015625 0.5457880640624999 0.609877559375
1 0.6223989734375001 0.6146195609375 0.5891263999999999 0.6097480015625 0.572663140625 0.6190908734375 0.5680614312500001 0.6441758921875 0.58026343125 0.656026646875 0.5907575609375 0.6598856421875 0.6085882359375 0.66242591875 0.6232613171875 0.659788475 0.632217803125 0.65371001875 0.6344307421875001 0.628416009375 0.6223989734375001 0.6146195609375
1 0.6990098812500001 0.6193615609374999 0.67307384375 0.6131712796875 0.656011996875 0.6155997328125 0.647055503125 0.6216781890624999 0.6405757015625 0.6407171375 0.641943115625 0.652600284375 0.649537796875 0.66208736875 0.6741943328125 0.6691460015625 0.6898064609375 0.6695315921875 0.7009814953125 0.665607815625 0.7089989390625 0.656506325 0.710871425 0.6351037015625 0.6990098812500001 0.6193615609374999
1 0.7881632375 0.632062934375 0.77800955625 0.6243125515625 0.7496847515625 0.61791328125 0.7374004484375 0.6207597140625001 0.7258849578125 0.6285748734375 0.72367201875 0.6538688828125 0.7274282046875 0.6659610203125 0.7366428390624999 0.6706883671874999 0.7664173703125 0.6742735921875 0.7852693953125 0.6651397078125 0.7908980671875 0.655829228125 0.79208965 0.6422093765625 0.7881632375 0.632062934375
1 0.8590575546875 0.6333639171875001 0.8476243796875 0.6264818875 0.8189591249999999 0.6239740031250001 0.8101728578125 0.6281067671875 0.8047144109375 0.63547155625 0.8043795656249999 0.66681163125 0.8156425171875 0.6756393546874999 0.8430282765625 0.6790155921875 0.8577013578124999 0.67637815 0.8668280718749999 0.668353996875 0.8666522390625 0.642851003125 0.8590575546875 0.6333639171875001
1 0.9244055156250001 0.6292781953125 0.9005178031250001 0.6271882921875 0.8838843171875 0.6384768546874999 0.8815011531250001 0.665716553125 0.89703096875 0.6807993390625 0.9196391859374999 0.68375759375 0.9295347234375001 0.68070216875 0.941220434375 0.6709413140625 0.9432631468749999 0.647593 0.9244055156250001 0.6292781953125
1 0.8954110203125 0.685559075 0.866915990625 0.681105496875 0.8504527312500001 0.6904483671875 0.844994284375 0.6978131578125 0.84346225 0.7153243953125 0.85643306875 0.7321438812500001 0.8862076 0.73572910625 0.9050596265624999 0.726595221875 0.9106882984375 0.7172847421874999 0.9096613359375001 0.7015102093750001 0.8954110203125 0.685559075
1 0.826394790625 0.690304159375 0.816241109375 0.6825537765624999 0.79013485625 0.6783091890625 0.7711126 0.6893887656250001 0.766681115625 0.7125280875 0.779651934375 0.7293475734375 0.8046489234375 0.7325148171875 0.8169332265625 0.7296683828125 0.8284487171875 0.721853225 0.8304914296874999 0.6985049109375 0.826394790625 0.690304159375
1 0.745006340625 0.685144175 0.7348526578125 0.6773937953125 0.708576178125 0.6750949 0.6946719171875 0.6827010718750001 0.686484246875 0.6937482578124999 0.6852926640625 0.7073681046875 0.691437621875 0.7196692312499999 0.7027005749999999 0.7284969546875 0.7229200203125 0.731246221875 0.74032231875 0.7249263828125 0.752008034375 0.71516553125 0.7511512984375 0.6974453031250001 0.745006340625 0.685144175
1 0.6584119765625001 0.6707061015625 0.6251394046875001 0.6658345437500001 0.6152438671875 0.6688899671875 0.6035581546875 0.678650821875 0.601345215625 0.703944825 0.6133769921875001 0.7177412765625 0.63325598125 0.7243819296875 0.6464793375 0.724558528125 0.667720134375 0.7156336375000001 0.6733488078125001 0.7063231515624999 0.6728325234375 0.68471154375 0.6584119765625001 0.6707061015625
1 0.58180106875 0.6659641015625 0.5533060390625 0.6615105234375 0.53846273125 0.666093659375 0.52933601875 0.674117809375 0.5271230796874999 0.69941181875 0.5345475328125 0.71084459375 0.5472602125 0.7168582734375 0.577204965625 0.71849780625 0.596397446875 0.705472540625 0.598269934375 0.6840699171875 0.5941732953125001 0.6758691640625 0.58180106875 0.6659641015625
1 0.5197809328125 0.6732818468749999 0.5097974765625 0.663585775 0.4981940765625 0.6586494375 0.4717473609375 0.6582962359375 0.452554884375 0.6713215015625 0.4489745296875 0.6847323640625 0.454608809375 0.7028705671875 0.47525662031250004 0.7144799468749999 0.49308729375000004 0.7170202203125 0.50298283125 0.713964796875 0.5143280921875 0.7080953265625001 0.5225157625 0.6970481421875 0.5197809328125 0.6732818468749999
1 0.423971934375 0.6541164265625 0.4024729984375 0.6522355140625 0.390188684375 0.655081946875 0.381232196875 0.661160403125 0.37560352343750003 0.670470890625 0.3739012625 0.6899278171875001 0.3779979015625 0.69812856875 0.39847548593750004 0.7116836390625 0.41886515312499994 0.7124872109375 0.4430054046875 0.6979342296875 0.44521834218749995 0.6726402265625 0.4377938859375 0.6612074484375 0.423971934375 0.6541164265625
1 0.356575659375 0.6541017734375 0.3256918640625 0.6494392062500001 0.3157963265625 0.6524946296875 0.3015516109375 0.6639921875 0.2993386734375 0.6892861906250001 0.30676313125 0.7007189687500001 0.32169435156250004 0.7088873328124999 0.33713625 0.7112186140625 0.35197955625 0.706635478125 0.36605404375 0.6970836171875 0.3706557546875 0.6719985984375 0.356575659375 0.6541017734375
1 0.2918263015625 0.665101915625 0.27518720937499996 0.6489417921875 0.2441331859375 0.6462249171875001 0.227840153125 0.6536220984375001 0.22238170625000003 0.6609868890625 0.2184609015625 0.67828913125 0.22221708593749998 0.6903812671875 0.229981996875 0.6979226609375 0.24508344375000002 0.704145328125 0.258136575 0.7062676234375 0.2704208796875 0.7034211906250001 0.2843251421875 0.6958150187500001 0.2897835890625 0.688450228125 0.2918263015625 0.665101915625
1 0.1910695390625 0.6474642078125 0.15984528125 0.6466930234375 0.1481595703125 0.6564538765625 0.145435953125 0.6875849609375 0.1532008625 0.695126353125 0.168302309375 0.701349021875 0.186303209375 0.7019436046875 0.2053254609375 0.6908640312500001 0.2078788515625 0.6616786359375 0.2002841734375 0.6521915546875 0.1910695390625 0.6474642078125
1 0.1333985765625 0.6463398234375 0.11241030625 0.6386218296874999 0.1004664546875 0.637576878125 0.085793375 0.640214321875 0.0715486609375 0.651711878125 0.0657497625 0.6629680546875 0.06677672343749999 0.6787425875 0.07658995468749999 0.690384353125 0.0916914 0.6966070234374999 0.1071332984375 0.69893830625 0.13332186875000002 0.6884857046875 0.13878031562499998 0.6811209140625001 0.143041575 0.65992728125 0.1333985765625 0.6463398234375
1 0.15541940468749998 0.6972810359375 0.13409069375 0.6934544296875 0.116858609375 0.6978285750000001 0.10790212187499999 0.70390703125 0.10227345000000002 0.71321751875 0.1004009625 0.7346201359375 0.11004396718750001 0.748207596875 0.1205380953125 0.7520665906249999 0.14553507968749999 0.7552338390625 0.1695051046875 0.742626553125 0.174277040625 0.7155958453125 0.16463403593749998 0.7020083828125 0.15541940468749998 0.6972810359375
1 0.2409044921875 0.71064176875 0.22930109375000002 0.70570543125 0.1932992921875 0.7045162687500001 0.1814433546875 0.716222815625 0.1812787359375 0.7456171953124999 0.1936509578125 0.7555222609375 0.208922634375 0.7597992359375 0.2197572203125 0.7597668484375 0.23715951875000002 0.7534470093750001 0.24645646562499998 0.743477165625 0.248158725 0.7240202375 0.2409044921875 0.71064176875
1 0.3271584046875 0.72897123125 0.32340221874999997 0.71687909375 0.2994265875 0.7020376890625 0.287482734375 0.7009927375 0.2676916609375 0.7071035859375 0.255665490625 0.7207558234375 0.2558413234375 0.7462588218749999 0.2704320921875 0.75831856875 0.2809262265625 0.7621775625 0.293979353125 0.7642998578125 0.3062636671875 0.761453425 0.3150499296875 0.7573206578125 0.3257965953125 0.7445367734375 0.3271584046875 0.72897123125
1 0.3946369875 0.7142886921875 0.3808150375 0.7071976703125 0.36409364375000003 0.7057347390625 0.3518093296875 0.7085811718749999 0.33227639999999997 0.7254978265625 0.330914590625 0.74106336875 0.334841003125 0.7512098093749999 0.3553185890625 0.7647648796875 0.3755380296875 0.767514146875 0.402067053125 0.7531701562500001 0.404966503125 0.747542071875 0.4044502171875 0.7259304578125 0.3946369875 0.7142886921875
1 0.4668108046875 0.714721325 0.433538234375 0.7098497671875 0.41178675781249996 0.7246117390625 0.4117923640625 0.752060428125 0.417168503125 0.759392828125 0.4344884953125 0.7677701781249999 0.4548781671875 0.7685737515625 0.4697214734375 0.7639906171875 0.4790184125 0.7540207734375 0.481061125 0.7306724609375 0.4668108046875 0.714721325
1 0.5456402640625 0.721618009375 0.53642563125 0.7168906625 0.5052013734374999 0.7161194796875 0.4964151109375 0.720252246875 0.48822744062499995 0.7312994328125 0.48840327187500004 0.756802425 0.498386728125 0.7664985015625 0.513488175 0.772721171875 0.531489075 0.773315753125 0.5529000984375 0.7624451671875 0.555799546875 0.75681708125 0.5554534890625 0.733259778125 0.5456402640625 0.721618009375
1 0.6202028484375 0.7222596328125 0.5893190515625 0.7175970656249999 0.5744757453125 0.7221802015625001 0.565349025 0.7302043546875 0.5629658609375 0.757444053125 0.570560546875 0.7669311359375001 0.5832732218750001 0.7729448125 0.6106589765625 0.77632105 0.6205545140625001 0.7732656265625 0.6322402296875 0.763504775 0.63445316875 0.738210765625 0.6202028484375 0.7222596328125
1 0.6964733046875 0.73089301875 0.6654192828125 0.7281761453125 0.6486155703125001 0.7414104046875 0.6486211765625 0.7688590937499999 0.6563860874999999 0.7764004828125 0.6668802171875 0.7802594765624999 0.6847108921875 0.782799753125 0.694606428125 0.7797443296875 0.7088511390625001 0.768246771875 0.7086753046875 0.742743778125 0.6964733046875 0.73089301875
1 0.7832378953125 0.7433854 0.7754729890625 0.7358440109375 0.756873496875 0.7283350093750001 0.744929634375 0.72729005625 0.7276975625000001 0.731664203125 0.71874106875 0.737742659375 0.7129421703125 0.748998834375 0.7182359984375 0.7710284296875 0.7304379937500001 0.7828791859375 0.740932128125 0.7867381796874999 0.768488109375 0.788168725 0.7851215953125 0.7768801609375 0.7880210437499999 0.7712520703125 0.787334534375 0.7515861515625 0.7832378953125 0.7433854
1 0.8566912140625 0.742949684375 0.8474765796874999 0.7382223375 0.821029865625 0.7378691359375 0.8095143796875 0.74568429375 0.80388570625 0.75499478125 0.804401990625 0.7766063890625 0.8224908046875001 0.7899524687499999 0.84748779375 0.7931197156249999 0.8613920515625001 0.78551354375 0.8668504984375 0.778148753125 0.8665044390625001 0.75459145 0.8566912140625 0.742949684375
1 0.9388484828125 0.753078390625 0.9174318484375 0.7365002875 0.8983216781250001 0.7348283640625 0.8860373750000001 0.7376747984375001 0.8748623359375 0.741598575 0.8694038890625 0.748963365625 0.8738465859375 0.7807214203124999 0.894494396875 0.7923307953125 0.9218801515624999 0.7957070328125 0.9386838640624999 0.7824727765625 0.9443125359375 0.773162290625 0.944993440625 0.76537951875 0.9388484828125 0.753078390625
1 0.5938552687499999 0.78955530625 0.58404204375 0.7779135421875 0.5678313187499999 0.7706135296875 0.553498690625 0.7693595875 0.5412143875 0.772206021875 0.5271398984375 0.7817578859375 0.5240702234375 0.7893316671874999 0.5230488671875 0.8010058234375 0.5290235984375 0.815252640625 0.5471124125 0.8285987203125 0.5697206296874999 0.831556978125 0.5796161671875 0.828501553125 0.5938608750000001 0.817003996875 0.5974412296875 0.8035931406250001 0.5938552687499999 0.78955530625
1 0.5002648171875 0.7725445703125 0.46904056875 0.7717733875 0.45496608125 0.7813252484375 0.450534596875 0.8044645718749999 0.462396140625 0.8202067156249999 0.47272004843750004 0.826011403125 0.5002760296875 0.8274419484375001 0.5172499687500001 0.8122619984374999 0.5191224546875 0.7908593749999999 0.50947945 0.7772719171875 0.5002648171875 0.7725445703125
1 0.423653909375 0.76780256875 0.395158878125 0.7633489921875001 0.385263340625 0.7664044156250001 0.37101863281249997 0.7779019703125 0.36880569375 0.8031959796875 0.3828857875 0.8210928046875001 0.38877260156250004 0.822588125 0.4089920421875 0.8253373906249999 0.4212763546875 0.8224909578125 0.4382502875 0.8073110046875 0.44029299999999993 0.7839626921875 0.423653909375 0.76780256875
1 0.3446542328125 0.7628515796875 0.315988978125 0.76034369375 0.29696672031250004 0.7714232671875 0.292024559375 0.800399671875 0.3016675625 0.8139871296875001 0.31199146718750004 0.8197918171874999 0.3395474515625 0.8212223625 0.353451709375 0.81361619375 0.35891015625 0.806251403125 0.3612933203125 0.7790117046875 0.3446542328125 0.7628515796875
1 0.2748691828125 0.762627934375 0.26565455 0.7579005875 0.23681906718749998 0.7573383953125 0.2176265890625 0.7703636656249999 0.21319510468749997 0.7935029874999999 0.22727519375 0.8113998125 0.23538055781249997 0.8150498203125001 0.2605477671875 0.8162713703125 0.2770110265625 0.8069285 0.2824694734375 0.799563709375 0.28673073125 0.7783700765625 0.2748691828125 0.762627934375
1 0.2003065984375 0.7619863109375 0.18187733281250001 0.7525316171875 0.1675447046875 0.7512776734375 0.155090165625 0.7560698 0.14357467968749998 0.7638849624999999 0.13777577968750002 0.7751411375 0.1382920640625 0.7967527453125001 0.1504940609375 0.8086035046875001 0.16337696562499998 0.8126714921874999 0.17404132187500002 0.8145847937499999 0.188884628125 0.8100016578125 0.20841756406249998 0.7930850078125 0.2101198234375 0.7736280796874999 0.2003065984375 0.7619863109375
1 0.109873740625 0.7501532906249999 0.09076356875 0.7484813671875 0.0695227671875 0.757406259375 0.061164871875000006 0.7703991343750001 0.0598030640625 0.7859646765625 0.0670572953125 0.7993431484375 0.08198851562500001 0.807511509375 0.10220795625000001 0.810260775 0.1312959765625 0.794180084375 0.1358976859375 0.769095065625 0.1238659171875 0.7552986171875 0.109873740625 0.7501532906249999