0 0.047518624999999995 0.1335522765625 0.0429350828125 0.1393186171875 0.044291709375 0.1470124265625 0.050571034375000004 0.15086335 0.05800546875 0.14856083125 0.0620114625 0.14587121249999999 0.0603156796875 0.1362539484375 0.05403635 0.1324030265625 0.047518624999999995 0.1335522765625
0 0.012143007812499999 0.161605759375 0.0075594625 0.16737209687500001 0.0085769328125 0.17314245625 0.014856260937499999 0.1769933796875 0.024463267187500002 0.174307778125 0.028469259375 0.1716181578125 0.0271126328125 0.1639243453125 0.02083330625 0.160073425 0.012143007812499999 0.161605759375
0 0.05430175625 0.17202133125000002 0.0497182140625 0.17778766875000002 0.053247415625 0.18509839687500002 0.057015009375 0.187408953125 0.06662201875 0.18472335 0.06845543750000001 0.1824168125 0.0670988109375 0.17472300000000002 0.060819482812500006 0.17087208125 0.05430175625 0.17202133125000002
0 0.0947008390625 0.1470485859375 0.087843959375 0.1462743828125 0.08108784062499999 0.152423809375 0.07993273437500001 0.1585772484375 0.0865512171875 0.164351625 0.091235525 0.1655089109375 0.094324809375 0.163972559375 0.1019976359375 0.1566698671875 0.100980165625 0.1508995078125 0.0947008390625 0.1470485859375
0 0.0185869828125 0.19815135781249998 0.0158368578125 0.20161116250000002 0.017193484375000002 0.209304975 0.0234728078125 0.21315589531249998 0.033079815624999995 0.21047029374999998 0.036746654687500005 0.20585722343750001 0.035729184375 0.20008686406249998 0.02944985625 0.196235940625 0.0185869828125 0.19815135781249998
0 0.0585731578125 0.20895001406249997 0.05582303281249999 0.21240981718750002 0.057179659375000004 0.2201036296875 0.063458984375 0.22395455156250002 0.07306599375 0.22126894687499998 0.0767328265625 0.216655878125 0.07320362968750001 0.20934514843750002 0.0694360328125 0.20703459531249999 0.0585731578125 0.20895001406249997
0 0.092454515625 0.18512651875 0.08970439062499999 0.18858632343749998 0.0914001734375 0.1982035890625 0.099852075 0.2016714265625 0.1029413578125 0.20013507343749998 0.1087807671875 0.1951389203125 0.10742414062500001 0.187445109375 0.10331738906250001 0.18321110000000002 0.092454515625 0.18512651875
0 0.1259967171875 0.159379575 0.121413175 0.1651459125 0.12243064374999998 0.170916271875 0.12870996875000001 0.174767196875 0.138316978125 0.17208159375 0.1419838109375 0.16746852031249998 0.140966340625 0.1616981609375 0.1346870171875 0.157847240625 0.1259967171875 0.159379575
0 0.11955274062500001 0.1228339734375 0.1149692 0.12860031562500002 0.11598666875000001 0.1343706703125 0.12443856874999999 0.1378385109375 0.13187300156249998 0.1355359921875 0.13553983593750002 0.13092291875 0.1345223671875 0.1251525640625 0.1282430421875 0.1213016390625 0.11955274062500001 0.1228339734375
0 0.1660566421875 0.1324833765625 0.15736634375 0.1340157109375 0.15312195625 0.14170550312500002 0.15380027031250001 0.145552409375 0.157907021875 0.149786415625 0.1625913265625 0.1509437015625 0.1678531859375 0.1490242671875 0.1736925953125 0.1440281109375 0.17233596874999998 0.13633430156249998 0.1660566421875 0.1324833765625
0 0.20177141562499998 0.1063533484375 0.18873596875 0.1086518484375 0.1863249984375 0.11403510624999999 0.1873424671875 0.11980546249999999 0.193621796875 0.12365638593749999 0.1983061046875 0.124813671875 0.2013953875 0.12327732031250001 0.2072347953125 0.11828116250000001 0.2055390125 0.10866390156250001 0.20177141562499998 0.1063533484375
0 0.1995250953125 0.14443128125 0.1927689734375 0.1505807046875 0.1941256 0.15827451718750002 0.20040492968749998 0.162125440625 0.20783936249999999 0.159822921875 0.21184535312500002 0.1571333015625 0.2130004578125 0.150979859375 0.206381975 0.1452054859375 0.1995250953125 0.14443128125
0 0.18013657031250002 0.1805737125 0.1784407875 0.170956446875 0.1721614609375 0.1671055265625 0.162893609375 0.171714578125 0.1620776609375 0.1797914734375 0.166184415625 0.18402548125 0.18013657031250002 0.1805737125
0 0.22872214531249999 0.11945050312500001 0.22597201875 0.12291030781250001 0.2276678015625 0.1325275703125 0.23611970468750001 0.13599540937500001 0.2413815609375 0.134075975 0.245048396875 0.129462903125 0.24369177031249997 0.12176909375 0.2374124453125 0.11791816875000001 0.22872214531249999 0.11945050312500001
0 0.259376584375 0.10908715937499999 0.26314418125 0.11139771406250001 0.2770963375 0.10794594531249999 0.27757312968750003 0.0979455984375 0.2712938 0.09409467656250001 0.2604309296875 0.09601009375 0.2576808015625 0.09946989687499999 0.259376584375 0.10908715937499999
0 0.30476225625 0.1060425796875 0.299839553125 0.10988546875 0.29936276093749997 0.119885815625 0.30564209062500003 0.1237367375 0.3130765203125 0.12143421875 0.31674335781249996 0.116821146875 0.3157258875 0.111050790625 0.31161913281250003 0.1068167828125 0.30476225625 0.1060425796875
0 0.26687490468749997 0.13255569375 0.2641247765625 0.1360155 0.265820559375 0.1456327609375 0.2695881578125 0.1479433140625 0.27953431875 0.14718116718750002 0.28503457499999996 0.14026155625 0.28150537343750004 0.13295083125 0.275565203125 0.131023359375 0.26687490468749997 0.13255569375
0 0.2376778515625 0.1575364703125 0.23309430781249998 0.1633028125 0.234111778125 0.1690731703125 0.24039110625000001 0.1729240953125 0.2499981125 0.17023849375 0.253325790625 0.16370196718750002 0.2501357453125 0.158314690625 0.24636814999999998 0.1560041375 0.2376778515625 0.1575364703125
0 0.1997905015625 0.1840495859375 0.1973795328125 0.1894328421875 0.20090873125000003 0.19674356875000001 0.2068489046875 0.1986710390625 0.21645590937499998 0.1959854359375 0.221617009375 0.1871423765625 0.21876612031249998 0.1836785546875 0.21248679374999999 0.1798276296875 0.1997905015625 0.1840495859375
0 0.13244069218750001 0.195925175 0.12785715 0.20169151406250002 0.12887462031250002 0.2074618734375 0.13515394375 0.21131279531249997 0.14476095312499998 0.20862719218749998 0.14842778750000002 0.204014121875 0.1448985859375 0.19670339375 0.1411309921875 0.1943928390625 0.13244069218750001 0.195925175
0 0.023976615625 0.2477740265625 0.030255940624999998 0.25162494999999996 0.037690375 0.24932243125000003 0.042851471875000005 0.24047936875000003 0.040000584374999995 0.23701555000000002 0.03372125625 0.233164625 0.023197540625 0.23700349531249998 0.023976615625 0.2477740265625
0 0.03330835 0.2689360234375 0.028724807812499996 0.2747023625 0.030081434375 0.2823961734375 0.036360759375 0.28624709843749996 0.04379519375 0.28394457968750003 0.047462029687500004 0.27933150625000003 0.046105403125 0.27163769375 0.0376535 0.26816985625 0.03330835 0.2689360234375
0 0.0799867625 0.247814203125 0.0762191640625 0.2455036484375 0.06535629062500001 0.247419065625 0.060772746875000005 0.2531854046875 0.06396279218749999 0.25857268125 0.07241469218749999 0.26204052031249997 0.0776765515625 0.26012108437500003 0.0816825453125 0.25743146562499997 0.0828376453125 0.2512780234375 0.0799867625 0.247814203125
0 0.096725915625 0.222055203125 0.093975790625 0.22551500781249997 0.09533241718749999 0.23320881718750003 0.10161174375 0.237059740625 0.11339132656249999 0.2339910546875 0.1152247421875 0.23168452031250003 0.1138681171875 0.22399071093749998 0.10976136562500001 0.219756703125 0.096725915625 0.222055203125
0 0.107175884375 0.255911184375 0.102592340625 0.2616775234375 0.10360981093749999 0.2674478828125 0.1098891375 0.2712988046875 0.1194961453125 0.26861320312500003 0.12316297968750001 0.26400013125 0.12214550937499999 0.258229771875 0.115866184375 0.25437885 0.107175884375 0.255911184375
0 0.1513425609375 0.2332489953125 0.14757496718750002 0.230938440625 0.1367120921875 0.23285385781249998 0.134301125 0.238237115625 0.13531859531249998 0.244007471875 0.14159792031250001 0.24785839531249998 0.1490323546875 0.24555587656250003 0.15303834375 0.24286625781249999 0.1541934484375 0.23671281406250003 0.1513425609375 0.2332489953125
0 0.17025429375 0.20710691250000002 0.1678433234375 0.21249016874999999 0.171372525 0.21980089375 0.1773126953125 0.22172836562499998 0.184747128125 0.21942584687500002 0.18807480625 0.2128893234375 0.18739649375 0.2090424171875 0.18111716875 0.20519149374999998 0.17025429375 0.20710691250000002
0 0.24194925312499999 0.19446515625 0.23953828281249998 0.19984841250000002 0.240555753125 0.20561876875 0.24683508125000003 0.20946969375000002 0.2564420875 0.2067840921875 0.2582755046875 0.2044775546875 0.256579721875 0.1948602921875 0.248127821875 0.191392453125 0.24194925312499999 0.19446515625
0 0.27409795312499996 0.1798718265625 0.28037728125 0.183722746875 0.28781171250000004 0.181420228125 0.29147855 0.1768071578125 0.2876101921875 0.16757297499999999 0.27549145468749997 0.1687182078125 0.2727413265625 0.1721780140625 0.27409795312499996 0.1798718265625
0 0.3083184671875 0.1579717859375 0.312086065625 0.1602823390625 0.3216930703125 0.1575967375 0.32468159375 0.1491367578125 0.3214915484375 0.1437494828125 0.31337880625 0.1422050984375 0.3072002375 0.1452777984375 0.3083184671875 0.1579717859375
0 0.3144232859375 0.1925939296875 0.318190884375 0.1949044859375 0.3277978890625 0.19221888125 0.33146472656250003 0.1876058125 0.33044725625 0.181835453125 0.3216561953125 0.176444159375 0.31330505625 0.17989994843749998 0.3144232859375 0.1925939296875
0 0.285941421875 0.20257419062499998 0.279185303125 0.2087236140625 0.280541928125 0.21641742343749998 0.28899383125 0.21988526406250003 0.2942556890625 0.2179658296875 0.30009509843750004 0.212969671875 0.2990776296875 0.2071993171875 0.2949708765625 0.20296530937499999 0.285941421875 0.20257419062499998
0 0.250565803125 0.23062767343749999 0.247815675 0.23408747812500003 0.24917230156249998 0.2417812875 0.2529399 0.24409184062499997 0.2647194796875 0.24102315624999998 0.26655289843749996 0.23871662031250002 0.265196271875 0.23102281093750002 0.261428675 0.22871225625 0.250565803125 0.23062767343749999
0 0.2124130453125 0.21752248281250003 0.20782949999999997 0.22328882499999997 0.209186125 0.23098263281250003 0.2176380296875 0.234450471875 0.222899884375 0.23253103749999998 0.22690587812500002 0.22984141875000003 0.22772182812500003 0.221764525 0.21893076875 0.21637323125000002 0.2124130453125 0.21752248281250003
0 0.17496561093750002 0.252882675 0.1815840953125 0.25865705 0.191191103125 0.2559714484375 0.19485793906249999 0.251358375 0.1935013125 0.24366456718750001 0.1828768375 0.240579809375 0.1742872984375 0.2490357671875 0.17496561093750002 0.252882675
0 0.21485102656250002 0.2567577015625 0.21244005625 0.26214095937500004 0.2156301015625 0.267528234375 0.21939769843749998 0.2698387890625 0.22900470468749998 0.2671531875 0.232671540625 0.2625401125 0.2316540703125 0.256769753125 0.2232021703125 0.2533019171875 0.21485102656250002 0.2567577015625
0 0.1871482375 0.27750849375 0.1822255359375 0.281351378125 0.1810704296875 0.287504821875 0.1876889140625 0.2932791953125 0.19946849687499998 0.29021051249999996 0.2013019140625 0.2879039765625 0.1999452875 0.280210165625 0.1936659625 0.27635924375 0.1871482375 0.27750849375
0 0.1453286421875 0.2690163734375 0.1407451 0.2747827140625 0.1417625703125 0.280553071875 0.1480418953125 0.284403996875 0.157648903125 0.2817183953125 0.1613157375 0.27710532187500003 0.15995911093749998 0.26941150937499997 0.156191515625 0.2671009546875 0.1453286421875 0.2690163734375
0 0.11395901718749998 0.29438023750000003 0.10937547343750001 0.3001465765625 0.11039294375 0.30591693593749997 0.11667226875 0.3097678578125 0.126279278125 0.3070822546875 0.12960695625000002 0.30054573281249997 0.12641691093750002 0.29515845625 0.122649315625 0.29284790312500003 0.11395901718749998 0.29438023750000003
0 0.0758062578125 0.2812750453125 0.069050140625 0.2874244703125 0.0704067671875 0.29511828281249997 0.07417436250000001 0.2974288359375 0.0859539453125 0.29436015000000004 0.089620778125 0.2897470765625 0.0889424640625 0.285900171875 0.0826631390625 0.282049246875 0.0758062578125 0.2812750453125
0 0.0487817828125 0.3058727421875 0.04009148125 0.3074050765625 0.0355079390625 0.313171415625 0.036525409375 0.3189417765625 0.042804734375 0.322792696875 0.047489040625 0.3239499828125 0.050578325 0.32241363125 0.056417735937500005 0.31741747343750004 0.05506110937499999 0.30972366562500003 0.0487817828125 0.3058727421875
0 0.044702040625 0.34625721249999997 0.041951915625 0.34971701875 0.045820271875 0.358951196875 0.049587865625 0.36126175 0.059194875 0.35857614843749996 0.06286171093750001 0.353963075 0.0615050859375 0.3462692671875 0.0530531828125 0.3428014265625 0.044702040625 0.34625721249999997
0 0.08007765781250001 0.31820373125 0.075494115625 0.3239700703125 0.0765115859375 0.3297404265625 0.08279091093749999 0.3335913515625 0.09022534531250001 0.3312888328125 0.0942313390625 0.3285992109375 0.0928747125 0.320905403125 0.08876795781249999 0.316671396875 0.08007765781250001 0.31820373125
0 0.1182304171875 0.33130892031250003 0.1154802921875 0.3347687265625 0.11683691874999999 0.3424625359375 0.12311624531250001 0.3463134578125 0.130550678125 0.3440109390625 0.1342175125 0.3393978671875 0.1328608859375 0.33170405937499997 0.129093290625 0.32939350312500004 0.1182304171875 0.33130892031250003
0 0.0865216328125 0.35474933124999997 0.081938090625 0.36051566875 0.08295556093749999 0.366286028125 0.0892348859375 0.37013695156250004 0.09884189531250001 0.36745135 0.102169571875 0.360914825 0.10149125781249999 0.35706791875 0.095211934375 0.35321699687499997 0.0865216328125 0.35474933124999997
0 0.0548128515625 0.3781897421875 0.048735046875 0.38818606875 0.051925090625 0.3935733453125 0.0556926859375 0.3958839 0.06747226875 0.3928152140625 0.071139103125 0.38820214062499997 0.0701216328125 0.3824317828125 0.0613305765625 0.377040490625 0.0548128515625 0.3781897421875
0 0.1517726171875 0.305561975 0.149361646875 0.31094523125 0.150379115625 0.3167155875 0.1566584453125 0.3205665125 0.1662654515625 0.3178809109375 0.16959313125 0.31134438750000004 0.1664030859375 0.3059571109375 0.1626354921875 0.3036465578125 0.1517726171875 0.305561975
0 0.170197696875 0.352886140625 0.17386453125 0.34827306875 0.1690794671875 0.3401921578125 0.15821659375 0.342107575 0.1536330515625 0.3478739140625 0.1605906890625 0.35557174375 0.170197696875 0.352886140625
0 0.12650781093750002 0.36554798593750004 0.1219242671875 0.3713143234375 0.1229417375 0.37708468281249996 0.1292210640625 0.3809356078125 0.138828071875 0.37825000468750003 0.14215575 0.3717134796875 0.1414774359375 0.367866571875 0.13519810937500001 0.36401565156250004 0.12650781093750002 0.36554798593750004
0 0.0887212234375 0.3989847234375 0.0893995359375 0.4028316296875 0.092250425 0.4062954484375 0.09819059218750001 0.40822292187500003 0.105625028125 0.4059204 0.110786121875 0.3970773421875 0.10416764062499999 0.391302965625 0.09731075781250001 0.3905287625 0.0887212234375 0.3989847234375
0 0.0590842515625 0.415118425 0.054500709375 0.42088476406249997 0.055857335937499995 0.42857857343749994 0.0621366609375 0.4324294984375 0.07391624375 0.4293608125 0.077243921875 0.4228242890625 0.07371472343749999 0.41551356093749997 0.069947125 0.41320300625 0.0590842515625 0.415118425
0 0.0636948109375 0.4539705609375 0.061283840624999995 0.459353815625 0.0623013109375 0.465124175 0.0685806359375 0.4689750984375 0.08036021875 0.4659064125 0.0821936375 0.46359987656249996 0.08049785468750001 0.4539826140625 0.0720459515625 0.4505147734375 0.0636948109375 0.4539705609375
0 0.10619271562499999 0.4663095828125 0.1016091734375 0.47207592343749993 0.10262664375 0.47784628125 0.10890596875 0.48169720624999995 0.120685553125 0.47862852031249997 0.1243523859375 0.474015446875 0.12333491562500001 0.46824508906249995 0.117055590625 0.4643941640625 0.10619271562499999 0.4663095828125
0 0.0723113578125 0.49013307656249994 0.0658943984375 0.498205953125 0.0669118671875 0.5039763125000001 0.0778755 0.5089845203125 0.083137359375 0.507065084375 0.08897676875 0.502068928125 0.0872809859375 0.492451665625 0.07882908281249999 0.48898382500000004 0.0723113578125 0.49013307656249994
0 0.0986944 0.44284105 0.10463456874999999 0.44476852187500004 0.11206900312500001 0.442466003125 0.1157358359375 0.43785293125 0.11186748124999998 0.42861874999999994 0.099748740625 0.42976398437499996 0.0951651984375 0.43553032500000005 0.0986944 0.44284105
0 0.1351243609375 0.4017105015625 0.13020165781249998 0.4055533890625 0.131897440625 0.41517065156250005 0.1356650390625 0.41748120625 0.14744461874999998 0.41441251875 0.1492780375 0.41210598281250005 0.1479214109375 0.4044121734375 0.141642084375 0.4005612515625 0.1351243609375 0.4017105015625
0 0.1664939875 0.376346640625 0.16157128437499998 0.380189525 0.1604161828125 0.3863429671875 0.1670346640625 0.3921173421875 0.1788142453125 0.389048659375 0.1824810828125 0.3844355859375 0.18180276875 0.38058868125 0.1751842859375 0.37481430625 0.1664939875 0.376346640625
0 0.19579180000000002 0.358289484375 0.1996601578125 0.3675236671875 0.2126956046875 0.36522516562499996 0.2160232828125 0.35868863906250004 0.2128332375 0.3533013640625 0.20906564218749998 0.35099081249999997 0.20037534531249998 0.35252314687499997 0.19579180000000002 0.358289484375
0 0.19070445 0.329437696875 0.194472046875 0.33174825 0.20625162812500003 0.3286795640625 0.2070675765625 0.320602671875 0.20044909375 0.3148282953125 0.19393136875 0.3159775453125 0.1890086671875 0.3198204328125 0.19070445 0.329437696875
0 0.23399129218749998 0.2890813484375 0.225300996875 0.2906136828125 0.2213957640625 0.30022692968750003 0.22801424843749998 0.3060013046875 0.23544867812499998 0.303698784375 0.2385379625 0.3021624328125 0.24094893437499998 0.296779178125 0.23775888906249998 0.29139190312499996 0.23399129218749998 0.2890813484375
0 0.253104546875 0.27678651875 0.25972303124999996 0.28256089218749997 0.2671574625 0.28025837343750004 0.2711634546875 0.2775687578125 0.2723185609375 0.2714153140625 0.265700075 0.2656409375 0.257009778125 0.267173271875 0.253104546875 0.27678651875
0 0.2905519796875 0.24142632812499998 0.286307590625 0.2491161203125 0.2894976359375 0.25450339375 0.2954378078125 0.256430865625 0.3028722390625 0.254128346875 0.306539075 0.2495152734375 0.3051824484375 0.2418214625 0.30141485156250003 0.2395109109375 0.2905519796875 0.24142632812499998
0 0.3195106359375 0.22144572343750002 0.32337899375 0.23067990156249998 0.3364144390625 0.2283814 0.3382478578125 0.22607486406250002 0.336552075 0.2164576015625 0.332784478125 0.21414704687500002 0.32409418125 0.21567938125000002 0.3195106359375 0.22144572343750002
0 0.3305381578125 0.2522249828125 0.3259546109375 0.25799132187499996 0.3273112375 0.265685134375 0.331078834375 0.267995684375 0.34285841562499997 0.2649270015625 0.344691834375 0.262620465625 0.3433352078125 0.25492665312499996 0.33705587812500004 0.2510757328125 0.3305381578125 0.2522249828125
0 0.2934298796875 0.2895086265625 0.2997092078125 0.2933595484375 0.3093162140625 0.2906739453125 0.31298305000000004 0.286060875 0.308197984375 0.2779799625 0.2991685296875 0.27758884375 0.292412409375 0.2837382671875 0.2934298796875 0.2895086265625
0 0.265287171875 0.3014123375 0.2607036265625 0.307178678125 0.262399409375 0.316795940625 0.27051215625 0.3183403265625 0.2736014375 0.31680397656250003 0.2794408484375 0.31180781875 0.27808422187500004 0.304114009375 0.2696323234375 0.30064617031249996 0.265287171875 0.3014123375
0 0.23208412812499998 0.32908273593750004 0.229334 0.3325425421875 0.2306906265625 0.34023634999999997 0.23445822500000002 0.3425469046875 0.2462378046875 0.33947821875 0.2480712234375 0.3371716828125 0.24671459687500003 0.3294778734375 0.24294699999999997 0.32716731875 0.23208412812499998 0.32908273593750004
0 0.2367954453125 0.37485849843749997 0.2409022 0.379092503125 0.2526817796875 0.37602382031250003 0.2545151984375 0.37371728437499996 0.25156355 0.3633298328125 0.244706671875 0.362555634375 0.23577797500000003 0.369088140625 0.2367954453125 0.37485849843749997
0 0.20257493124999998 0.3967585390625 0.2061041328125 0.4040692640625 0.21913957968750003 0.4017707640625 0.22280641562499998 0.39715769375 0.21927721406249998 0.389846965625 0.2133370453125 0.3879194953125 0.20498590156250002 0.3913752828125 0.20257493124999998 0.3967585390625
0 0.1690327296875 0.4225054859375 0.17256193125 0.4298162125 0.1855973765625 0.4275177109375 0.1874307953125 0.425211175 0.1857350125 0.4155939125 0.17979484375000002 0.413666440625 0.1714437 0.41712222812500005 0.1690327296875 0.4225054859375
0 0.137323946875 0.44594589375 0.1411923046875 0.455180075 0.1542277515625 0.45288157343749996 0.15755543125 0.44634504843749995 0.1543653875 0.44095777500000005 0.1505977921875 0.4386472203125 0.14190749375 0.44017955468750003 0.137323946875 0.44594589375
0 0.14617889374999998 0.47710823593749996 0.14159535 0.482874578125 0.1422736625 0.48672148281250005 0.1463804140625 0.49095548906250003 0.1563265796875 0.49019333906250007 0.1639994078125 0.48289064843749996 0.16332109374999998 0.47904374375 0.1523574609375 0.47403553593750003 0.14617889374999998 0.47710823593749996
0 0.18155451250000001 0.44905475624999996 0.176970965625 0.45482109531250003 0.17866675 0.464438359375 0.184606921875 0.46636583125 0.1898687796875 0.46444639531250004 0.1957081890625 0.45945023906250004 0.19435156250000002 0.45175642656250004 0.1880722359375 0.44790550468749996 0.18155451250000001 0.44905475624999996
0 0.2132632953125 0.42561434531250003 0.20867975 0.4313806875 0.2096972203125 0.43715104374999997 0.2181491234375 0.4406188828125 0.22123840781249998 0.43908253124999996 0.22432768906249997 0.43754618125 0.22857207656249998 0.42985638593750003 0.2219535921875 0.4240820125 0.2132632953125 0.42561434531250003
0 0.244632921875 0.4002504828125 0.24188279375000002 0.40371028750000004 0.24323942031249998 0.411404096875 0.24951875 0.4152550203125 0.2591257546875 0.41256941874999997 0.26095917343749997 0.41026288125 0.25926339062500003 0.40064562031250006 0.2508114890625 0.3971777796875 0.244632921875 0.4002504828125
0 0.2781751234375 0.3745035359375 0.2735915765625 0.380269878125 0.274609046875 0.3860402375 0.28306095 0.3895080734375 0.29049538125 0.3872055546875 0.29416221875000004 0.3825924859375 0.2931447484375 0.37682212656249997 0.28686541875 0.3729712015625 0.2781751234375 0.3745035359375
0 0.30988390625 0.35106312968750003 0.3074729359375 0.356446384375 0.3084904046875 0.3622167421875 0.3147697328125 0.3660676640625 0.324376740625 0.3633820640625 0.32621015781249996 0.361075528125 0.3245143734375 0.3514582625 0.316062471875 0.3479904265625 0.30988390625 0.35106312968750003
0 0.2717311484375 0.3379579375 0.2671476015625 0.34372427656250004 0.268165071875 0.3494946359375 0.27444440000000003 0.3533455578125 0.28187883281250004 0.35104304062499997 0.285884825 0.3483534203125 0.28703992968750003 0.3421999765625 0.28042144375 0.33642560312500003 0.2717311484375 0.3379579375
0 0.3034399296875 0.314517528125 0.3006898046875 0.3179773328125 0.3023855859375 0.3275945953125 0.30615318281250004 0.3299051484375 0.31576018906250003 0.327219546875 0.31942702500000003 0.322606475 0.31840955625 0.3168361171875 0.312130228125 0.31298519375 0.3034399296875 0.314517528125
0 0.3369821328125 0.28877058125 0.3327377421875 0.2964603765625 0.33341605625000004 0.300307278125 0.3396953859375 0.3041582015625 0.35147496562499997 0.3010895171875 0.353308384375 0.2987829796875 0.3519517578125 0.2910891703125 0.345672428125 0.287238246875 0.3369821328125 0.28877058125
0 0.3683517578125 0.2634067171875 0.3637682125 0.269173059375 0.365124840625 0.276866871875 0.3688924359375 0.279177421875 0.3788385984375 0.27841527187500004 0.384338853125 0.2714956671875 0.3833213828125 0.26572530781250003 0.3770420546875 0.2618743828125 0.3683517578125 0.2634067171875
0 0.3769683078125 0.2995692359375 0.37421818125 0.3030290390625 0.3759139640625 0.312646303125 0.3796815609375 0.31495685625 0.3892885671875 0.3122712546875 0.392955403125 0.30765818125 0.391937934375 0.3018878265625 0.3856586046875 0.2980369015625 0.3769683078125 0.2995692359375
0 0.351777246875 0.3218603953125 0.3452595265625 0.3230096453125 0.3403368234375 0.326852534375 0.339520875 0.3349294265625 0.3458002046875 0.33878035 0.35048450625 0.33993763593750004 0.353573790625 0.338401284375 0.356663075 0.3368649328125 0.36090746406249996 0.3291751375 0.351777246875 0.3218603953125
0 0.38558485625 0.3357317546875 0.38100131249999997 0.341498090625 0.3823579390625 0.34919190312500004 0.388637265625 0.353042825 0.393899125 0.3511233921875 0.3979051171875 0.3484337734375 0.398381909375 0.3384334234375 0.3921025796875 0.334582503125 0.38558485625 0.3357317546875
0 0.353876071875 0.3591721609375 0.3449473796875 0.3657046703125 0.34630400625 0.37339848125 0.3547559109375 0.3768663171875 0.35784519062500003 0.3753299671875 0.360934475 0.3737936171875 0.365178865625 0.3661038234375 0.3619888203125 0.360716546875 0.353876071875 0.3591721609375
0 0.326851596875 0.3837698578125 0.3181613 0.3853021921875 0.3139169109375 0.392991984375 0.31459522500000003 0.3968388921875 0.3208745515625 0.4006898125 0.32555885625 0.4018470984375 0.32864814062500003 0.40031074687499996 0.33448755 0.3953145890625 0.33313092499999997 0.38762078125 0.326851596875 0.3837698578125
0 0.2827856796875 0.4133556734375 0.28037470937500003 0.41873893281249996 0.2839039109375 0.42604965781250004 0.2898440828125 0.42797712812500005 0.29727851250000004 0.425674609375 0.30094535 0.42106153749999997 0.2992495671875 0.4114442734375 0.29330939375 0.4095168046875 0.2827856796875 0.4133556734375
0 0.250022553125 0.44987315156249996 0.2563018828125 0.45372407499999995 0.2659088875 0.45103847343750003 0.2688974109375 0.44257849374999997 0.262278925 0.43680412031250004 0.25358862968749996 0.4383364546875 0.24866592656250003 0.4421793390625 0.250022553125 0.44987315156249996
0 0.2218798453125 0.4617768640625 0.215123725 0.4679262859375 0.2164803515625 0.47562009843749997 0.22493225468750003 0.479087934375 0.2301941109375 0.4771685 0.23603352187499999 0.472172346875 0.2350160515625 0.4664019875 0.228736725 0.4625510640625 0.2218798453125 0.4617768640625
0 0.2997533703125 0.44606240625 0.2932356484375 0.44721165625000003 0.2883129453125 0.45105454062500006 0.28749699687499997 0.45913143593749994 0.29160375156249996 0.46336544375 0.2962880578125 0.46452272656250004 0.301549915625 0.4626032953125 0.30555590781249997 0.459913675 0.30603269843750003 0.449913325 0.2997533703125 0.44606240625
0 0.32494443125 0.42377124374999997 0.3203608859375 0.4295375828125 0.32137835625 0.4353079421875 0.327657684375 0.43915886562499995 0.337264690625 0.43647326406250003 0.34093152656250003 0.431860190625 0.33991405625 0.42608983125 0.333634728125 0.42223891093750004 0.32494443125 0.42377124374999997
0 0.36032004687499997 0.3957177625 0.35356393124999996 0.4018671859375 0.35492055625 0.4095609953125 0.3586881546875 0.41187155000000003 0.37046773437499997 0.40880286562499996 0.374134571875 0.404189790625 0.37345625937500004 0.4003428890625 0.3671769296875 0.3964919640625 0.36032004687499997 0.3957177625
0 0.389856259375 0.3726604359375 0.38744528749999996 0.3780436921875 0.3888019140625 0.38573750156250003 0.3925695125 0.38804805625 0.4043490921875 0.3849793703125 0.4061825109375 0.382672834375 0.404825884375 0.374979025 0.3985465546875 0.3711281015625 0.389856259375 0.3726604359375
0 0.39847280625 0.40882295312499994 0.3938892640625 0.4145892953125 0.3952458890625 0.422283103125 0.403697790625 0.42575094375000005 0.406787075 0.424214590625 0.41262648593750006 0.4192184359375 0.410930703125 0.40960117343749997 0.40499053125 0.40767370156249993 0.39847280625 0.40882295312499994
0 0.362758034375 0.4349529828125 0.3581744875 0.4407193203125 0.3591919578125 0.44648968125 0.3632987109375 0.4507236875 0.3772508671875 0.44727191875 0.3790842859375 0.44496538125 0.3773885015625 0.4353481171875 0.3736209046875 0.433037565625 0.362758034375 0.4349529828125
0 0.5428656171874999 0.0462092375 0.5401154890625001 0.0496690421875 0.541811271875 0.059286303124999995 0.5455788703125 0.0615968578125 0.55735845 0.0585281734375 0.56068613125 0.05199165 0.5574960859375 0.0466043734375 0.5537284890625 0.044293820312499996 0.5428656171874999 0.0462092375
0 0.508984259375 0.07003273125000001 0.5062341328125 0.073492534375 0.5075907578125001 0.08118634375 0.5138700875 0.08503726874999999 0.5234770937500001 0.0823516671875 0.5268047734375 0.07581513906250001 0.523275571875 0.06850441406249999 0.5173354 0.06657694374999999 0.508984259375 0.07003273125000001
0 0.5511430109375001 0.0804483015625 0.546559465625 0.08621464375 0.547916090625 0.093908453125 0.5538562640625 0.095835921875 0.56346326875 0.0931503203125 0.56679095 0.08661379375 0.5636009046875 0.0812265234375 0.5598333078125 0.0789159671875 0.5511430109375001 0.0804483015625
0 0.5825126375 0.055084439062500004 0.5779290921875 0.0608507796875 0.57928571875 0.06854458906250001 0.587737621875 0.0720124296875 0.595172053125 0.0697099109375 0.59849973125 0.063173384375 0.5974822625 0.057403028125 0.591202934375 0.053552104687500005 0.5825126375 0.055084439062500004
0 0.61065534375 0.0431807296875 0.6169346734375 0.04703165 0.626541678125 0.044346046875 0.630208515625 0.0397329765625 0.6263401578125001 0.030498796875 0.6142214203125 0.031644028125 0.609637875 0.03741036875 0.61065534375 0.0431807296875
0 0.6628978921875001 0.04091035 0.654207596875 0.0424426828125 0.6499632078124999 0.050132478125000005 0.6506415203125 0.053979379687499995 0.654748275 0.058213387500000005 0.659432578125 0.0593706734375 0.6625218625 0.057834321875000004 0.6701946921874999 0.050531628125000005 0.6695163796875 0.0466847265625 0.6628978921875001 0.04091035
0 0.6859163796875001 0.0190022734375 0.681332834375 0.0247686140625 0.6823503046875 0.0305389734375 0.6911413609375 0.0359302640625 0.6964032203125 0.034010828124999996 0.7022426312500001 0.029014671875 0.7008860046875001 0.021320862500000003 0.6946066765625 0.017469939062500002 0.6859163796875001 0.0190022734375
0 0.725902553125 0.029800928124999997 0.7213190109375 0.0355672671875 0.7226756359375 0.0432610765625 0.7289549625 0.0471120015625 0.736389396875 0.0448094828125 0.7400562328125 0.040196409375 0.73836045 0.030579146875 0.734592853125 0.028268593749999998 0.725902553125 0.029800928124999997
0 0.7576113359375001 0.0063605187499999995 0.7530277937500001 0.0121268578125 0.7543844203125001 0.0198206671875 0.7628363203124999 0.0232885078125 0.7659256046875 0.021752156249999998 0.771765015625 0.0167559984375 0.772920121875 0.010602559374999999 0.7688133671874999 0.006368553125 0.7576113359375001 0.0063605187499999995
0 0.7915197093749999 0.027155503125 0.7981381921875 0.0329298765625 0.8055726249999999 0.0306273578125 0.80957861875 0.027937735937500003 0.8078828359375001 0.018320475 0.8041152374999999 0.016009921875 0.7954249390625 0.01754225625 0.7915197093749999 0.027155503125
0 0.82481354375 0 0.8257402234375 0.0052554625 0.8320195484375 0.0091063828125 0.8394539812499999 0.0068038625000000005 0.8431208187499999 0.00219079375 0.8427345234375 0 0.82481354375 0
0 0.833577696875 0.0306474453125 0.8311667281249999 0.0360307046875 0.8321841984375 0.0418010609375 0.8384635234375001 0.045651982812500005 0.8458979578125 0.043349464062499996 0.8499039515625 0.0406598453125 0.8507199 0.032582951562500004 0.8444405703125 0.028732028124999996 0.833577696875 0.0306474453125
0 0.8040414890625 0.053704771875 0.7994579453124999 0.0594711109375 0.800814571875 0.0671649234375 0.8092664718749999 0.07063276406249999 0.81235575625 0.06909641250000001 0.81819516875 0.0641002546875 0.8164993859375 0.05448299375 0.8105592125 0.052555521875 0.8040414890625 0.053704771875
0 0.7640553109375 0.04290611875 0.7594717703125 0.048672459375 0.7604892390625 0.054442815624999995 0.7667685640624999 0.0582937390625 0.7742029984375 0.0559912203125 0.777869834375 0.05137814843750001 0.776852365625 0.0456077921875 0.7705730375 0.041756867187500005 0.7640553109375 0.04290611875
0 0.6923603546875 0.05554787343749999 0.6877768093750001 0.061314215625 0.6925618765625 0.069395125 0.6972461796875 0.0705524109375 0.7068531890624999 0.067866809375 0.70868660625 0.06556027343750001 0.7069908234375 0.0559430109375 0.7032232265625 0.05363245625 0.6923603546875 0.05554787343749999
0 0.7323465296875 0.066346528125 0.7277629859375 0.0721128671875 0.72878045625 0.07788322656249999 0.73505978125 0.0817341484375 0.7424942156250001 0.0794316296875 0.7461610515625 0.07481855781249999 0.7451435828124999 0.0690481984375 0.738864253125 0.06519727812500001 0.7323465296875 0.066346528125
0 0.6984651734375 0.09017002187499999 0.694220784375 0.0978598140625 0.6977499875000001 0.1051705421875 0.7036901546875 0.1070980109375 0.713297165625 0.1044124109375 0.7151305812500001 0.10210587499999998 0.7134347984375 0.0924886078125 0.7071554703125 0.0886376890625 0.6984651734375 0.09017002187499999
0 0.660651571875 0.0789882828125 0.6560680249999999 0.084754621875 0.6570854953125 0.09052498125 0.663364825 0.0943759046875 0.6729718296875 0.091690303125 0.6762995109375 0.085153778125 0.673109465625 0.07976650468749999 0.6671692953125 0.0778390328125 0.660651571875 0.0789882828125
0 0.6196110515625 0.081266696875 0.62589038125 0.08511761875 0.6333248109375 0.08281510156250001 0.6369916484375 0.078202028125 0.635974178125 0.07243166875 0.6296948484375 0.0685807484375 0.6191711343749999 0.07241961875 0.6196110515625 0.081266696875
0 0.5911291875 0.0912469546875 0.5862064859375 0.0950898453125 0.5853905375 0.10316673750000001 0.594181596875 0.10855803125 0.5994434531249999 0.1066385953125 0.6034494453125 0.103948975 0.60426539375 0.0958720796875 0.6001586421875 0.091638075 0.5911291875 0.0912469546875
0 0.519434228125 0.1038887109375 0.5130172640625 0.11196158593750001 0.5136955765625 0.11580849374999999 0.5224866375 0.1211997859375 0.52992106875 0.11889726875 0.5332487484375 0.1123607421875 0.5325704359375 0.10851383437499999 0.52846368125 0.10427983125 0.519434228125 0.1038887109375
0 0.5540209093749999 0.1285306 0.5603002390625 0.1323815203125 0.5720798203124999 0.1293128390625 0.5725566125 0.119312490625 0.5662772828125 0.11546156875 0.5597595625 0.11661081874999998 0.5530034406250001 0.1227602421875 0.5540209093749999 0.1285306
0 0.525878203125 0.140434309375 0.5209555015625 0.1442772 0.5204787093750001 0.154277546875 0.5267580390625 0.15812846875 0.53235905 0.1581324875 0.5381984625 0.1531363296875 0.5390144109375 0.14505943593749998 0.53022335 0.13966814375 0.525878203125 0.140434309375
0 0.526583528125 0.1888996921875 0.5328628578125 0.192750615625 0.5424698625000001 0.1900650140625 0.5461367 0.18545194062499998 0.5426074984375 0.17814121562500002 0.5388398999999999 0.1758306609375 0.5283161859375001 0.17966953125000001 0.526583528125 0.1888996921875
0 0.5662035375000001 0.15315641875 0.561280834375 0.15699930625 0.560464884375 0.16507619843750002 0.5645716390625 0.16931020624999998 0.5745178015625 0.16854805781249999 0.5785237953125 0.1658584375 0.5793397437500001 0.1577815453125 0.5752329890625 0.1535475375 0.5662035375000001 0.15315641875
0 0.59356716875 0.13048217499999998 0.5911562 0.13586543281250002 0.59217366875 0.1416357921875 0.5984529968750001 0.1454867125 0.6080600031250001 0.14280110937499998 0.6113876828125 0.13626458749999998 0.6107093703124999 0.13241768125 0.601918309375 0.1270263875 0.59356716875 0.13048217499999998
0 0.627109371875 0.10473523124999999 0.6243592437500001 0.10819503281250001 0.6260550265625 0.1178122984375 0.6319951984375 0.119739765625 0.6394296296875 0.11743725 0.6434356234374999 0.1147476296875 0.641739840625 0.10513036406250001 0.6379722421875 0.1028198140625 0.627109371875 0.10473523124999999
0 0.5982784875 0.1762579359375 0.607069546875 0.1816492296875 0.6123314046874999 0.1797297953125 0.6159982390625001 0.175116721875 0.6146416140625 0.1674229140625 0.6061897093749999 0.1639550734375 0.597600175 0.172411034375 0.5982784875 0.1762579359375
0 0.5704749375 0.1900851015625 0.5658913906249999 0.19585144062499998 0.5669088609374999 0.2016218 0.573188190625 0.2054727234375 0.5806226203125 0.2031702046875 0.5846286140625 0.200480584375 0.5854445625 0.1924036890625 0.5791652328125 0.18855276875 0.5704749375 0.1900851015625
0 0.538766153125 0.2135255140625 0.532349190625 0.2215983890625 0.533027503125 0.22544529375 0.5393068328124999 0.2292962171875 0.5489138375 0.22661061562499998 0.552580675 0.2219975421875 0.5519023625 0.21815063750000002 0.5477956078124999 0.2139166328125 0.538766153125 0.2135255140625
0 0.5433767125 0.2523776484375 0.540626584375 0.255837453125 0.541983209375 0.2635312609375 0.5482625375 0.26738218593749996 0.5556969703125 0.2650796671875 0.5597029625000001 0.2623900453125 0.55800718125 0.252772784375 0.5542395828125 0.25046223125 0.5433767125 0.2523776484375
0 0.5603444015625 0.285084378125 0.5516541046875 0.2866167125 0.547070559375 0.29238305468750003 0.5480880296875 0.29815341093750003 0.55436735625 0.3020043328125 0.5590516609375 0.30316161875000003 0.5621409453124999 0.3016252671875 0.5661469390625 0.2989356484375 0.5669628859375 0.290858753125 0.5603444015625 0.285084378125
0 0.5580980796875 0.32316231093750003 0.553853690625 0.33085210625 0.5570437359375 0.33623938125 0.5608113328125001 0.3385499359375 0.5704183390625001 0.3358643328125 0.574085175 0.331251259375 0.5730677046875 0.3254809015625 0.5667883765624999 0.32162997656250003 0.5580980796875 0.32316231093750003
0 0.5645420546875 0.3597079125 0.559619353125 0.3635508 0.5584642484375 0.36970424375 0.565082734375 0.37547861718750003 0.5728563203125 0.3750995515625 0.5786957328125 0.37010339375 0.57699995 0.3604861328125 0.5710597765625 0.3585586625 0.5645420546875 0.3597079125
0 0.5709860296875 0.3962535125 0.5670807984375 0.405866759375 0.57027084375 0.4112540328125 0.5740384390625 0.4135645890625 0.5836454468750001 0.41087898593750005 0.58880654375 0.40203592343750005 0.5859556546875 0.3985721 0.5796763281249999 0.3947211796875 0.5709860296875 0.3962535125
0 0.6045282328125 0.37050656718749997 0.5999446859375 0.376272909375 0.6013013125 0.3839667171875 0.6075806421875 0.387817640625 0.6171876468749999 0.38513203906250004 0.620515328125 0.3785955125 0.6194978578125 0.37282515781250003 0.613218528125 0.36897423281249997 0.6045282328125 0.37050656718749997
0 0.5980842562500001 0.333960965625 0.5935007109375 0.3397273078125 0.5948573374999999 0.34742111875 0.6033092390625 0.35088895781249996 0.606398521875 0.3493526046875 0.612237934375 0.3443564515625 0.6133930390625 0.3382030078125 0.609286284375 0.3339690015625 0.5980842562500001 0.333960965625
0 0.593812853125 0.2970322828125 0.5888901546875001 0.300875171875 0.5884133625 0.3108755171875 0.5946926921875 0.3147264421875 0.602127121875 0.31242392343750003 0.6061331156249999 0.3097343015625 0.6069490640625 0.30165740625000004 0.598158003125 0.296266115625 0.593812853125 0.2970322828125
0 0.5851963062500001 0.26086976562499997 0.580612759375 0.26663610625 0.5819693859374999 0.274329915625 0.588248715625 0.2781808390625 0.5956831453125 0.275878321875 0.5993499828125 0.271265246875 0.6005050890625 0.265111809375 0.5917140265625 0.259720515625 0.5851963062500001 0.26086976562499997
0 0.57875233125 0.2243241640625 0.5741687843750001 0.23009050625 0.5730136796874999 0.2362439484375 0.579632165625 0.242018321875 0.5870665953125 0.23971580312500002 0.5910725890624999 0.2370261875 0.5918885375 0.228949290625 0.5877817828125 0.2247152828125 0.57875233125 0.2243241640625
0 0.6055384109374999 0.20472664218749997 0.6047224625000001 0.2128035375 0.6088292156249999 0.21703754531250002 0.6135135218750001 0.218194828125 0.6187753796875 0.21627539687500003 0.6239364765625 0.20743233437500003 0.6148062609375 0.20011759062499998 0.6104611140625 0.2008837578125 0.6055384109374999 0.20472664218749997
0 0.6169050890625 0.23742935625 0.61232154375 0.24319569687499998 0.6133390140625 0.24896605625 0.6196183421875 0.252816978125 0.6252193546875 0.2528209953125 0.629225346875 0.2501313734375 0.6297021390624999 0.24013102812499998 0.6234228109375 0.23628010625 0.6169050890625 0.23742935625
0 0.6201221453125 0.28743510781250003 0.6285740453125 0.290902946875 0.6316633296874999 0.28936659531250003 0.637502740625 0.28437043906250004 0.6361461140625 0.27667663125 0.6255216359375 0.2735918734375 0.619104675 0.2816647484375 0.6201221453125 0.28743510781250003
0 0.6297930390625 0.3105205546875 0.6252094953125 0.316286896875 0.626566121875 0.323980709375 0.6303337171875001 0.32629126249999996 0.6421132984375 0.323222578125 0.643946715625 0.320916040625 0.6422509328125 0.31129877499999997 0.6363107609374999 0.3093713046875 0.6297930390625 0.3105205546875
0 0.6358978578125 0.3451427046875 0.6313143140624999 0.3509090453125 0.6330100953125 0.36052630625000004 0.6367776921875 0.3628368609375 0.6485572734375 0.3597681765625 0.650390690625 0.3574616390625 0.6486949078124999 0.3478443765625 0.64241558125 0.3439934546875 0.6358978578125 0.3451427046875
0 0.639114915625 0.39514845468750004 0.6453942421875001 0.39899937812499997 0.6571738234375 0.3959306921875 0.657311459375 0.3840068953125 0.6535438609375 0.381696340625 0.642680990625 0.3836117578125 0.6380974453125 0.3893780953125 0.639114915625 0.39514845468750004
0 0.6654340671875 0.32208537656249997 0.6626839390625 0.3255451828125 0.6665522968750001 0.3347793640625 0.6724924671875 0.33670683125 0.6799269 0.33440431249999997 0.68393289375 0.3317146953125 0.6822371109375001 0.32209743125 0.6784695125 0.319786875 0.6654340671875 0.32208537656249997
0 0.6633352390625 0.2847736109375 0.6587516953125 0.29053995 0.659769165625 0.296310309375 0.6663876484375 0.30208468593750004 0.67382208125 0.2997821671875 0.6774889187500001 0.29516909375 0.6761322921875 0.28747528125 0.6698529625 0.2836243609375 0.6633352390625 0.2847736109375
0 0.6568912640625 0.2482280109375 0.6523077203125001 0.2539943515625 0.6536643468750001 0.261688159375 0.65743194375 0.263998715625 0.66703895 0.2613131125 0.6703666296875 0.2547765890625 0.667176584375 0.2493893140625 0.6634089875 0.24707876093749997 0.6568912640625 0.2482280109375
0 0.6569650109375 0.21053315781249998 0.648274715625 0.21206549218749998 0.6440303265625 0.2197552875 0.6447086390625001 0.2236021921875 0.64881539375 0.2278362 0.653499696875 0.22899348281249998 0.6565889796875 0.22745713125 0.6624283921874999 0.222460978125 0.6635834984375 0.21630753593750002 0.6569650109375 0.21053315781249998
0 0.6390806125 0.17897970000000002 0.6382646640625 0.18705659218749998 0.64237141875 0.19129059843750001 0.6470557218749999 0.192447884375 0.6523175796875 0.1905284484375 0.6574786796875001 0.1816853859375 0.6483484609375 0.17437064375 0.6440033125 0.1751368109375 0.6390806125 0.17897970000000002
0 0.6353867656250001 0.13897429375 0.63080321875 0.144740634375 0.6321598453124999 0.1524344421875 0.640611746875 0.155902284375 0.6458736046875 0.15398284843750001 0.6498795984375 0.15129322812499998 0.647844659375 0.1397525125 0.6419044859375 0.13782504375 0.6353867656250001 0.13897429375
0 0.667095546875 0.11553388125 0.6625120015625 0.1213002234375 0.663529471875 0.1270705828125 0.6698088 0.130921503125 0.6794158046875001 0.1282359015625 0.681249225 0.12592936875 0.679553440625 0.116312103125 0.6757858437500001 0.11400154843750002 0.667095546875 0.11553388125
0 0.6711285515625 0.1574627421875 0.674996909375 0.1666969203125 0.68803235625 0.16439841875 0.689865775 0.1620918828125 0.6885091484375 0.1543980734375 0.68222981875 0.15054715000000002 0.6757120953125 0.1516964 0.6711285515625 0.1574627421875
0 0.6821560703125 0.188242003125 0.6775725265625 0.19400833906249998 0.676417421875 0.20016178281250002 0.6852084796875 0.2055530734375 0.6926429125 0.20325055781249998 0.69630975 0.1986374828125 0.6949531234374999 0.190943671875 0.6865012203124999 0.18747583437499998 0.6821560703125 0.188242003125
0 0.6864274734375 0.225170684375 0.6836773453125 0.2286304890625 0.685033971875 0.23632430000000001 0.6913132984375 0.240175221875 0.69874773125 0.2378727015625 0.70241456875 0.2332596328125 0.7010579421875 0.2255658203125 0.6972903453125 0.22325526718750002 0.6864274734375 0.225170684375
0 0.691477946875 0.2728699 0.6999298484375001 0.27633773906250003 0.70519170625 0.274418303125 0.71035280625 0.265575240625 0.7037343203125 0.2598008671875 0.6968774390625 0.259026665625 0.690121321875 0.26517609062499997 0.691477946875 0.2728699
0 0.6993154234375 0.2982618828125 0.696565296875 0.3017216875 0.6979219234375 0.3094155 0.70420125 0.3132664234375 0.7138082578125 0.310580821875 0.7171359374999999 0.3040442953125 0.716457625 0.3001973890625 0.705493990625 0.2951891828125 0.6993154234375 0.2982618828125
0 0.6762231890625 0.3578648109375 0.671639646875 0.363631153125 0.672996271875 0.3713249625 0.6767638703125 0.373635515625 0.68854345 0.3705668296875 0.6918711296875 0.364030303125 0.6886810859375 0.35864303125 0.6827409140625 0.3567155609375 0.6762231890625 0.3578648109375
0 0.7057594 0.334807484375 0.703348428125 0.3401907421875 0.7043658984375 0.3459610984375 0.710645225 0.3498120234375 0.7202522328125001 0.3471264203125 0.7239190703125 0.342513346875 0.72256244375 0.3348195375 0.7141105390625 0.3313516984375 0.7057594 0.334807484375
0 0.714375946875 0.37097000156250004 0.709792403125 0.376736340625 0.7108098734375 0.38250670000000003 0.72177350625 0.387514909375 0.727035365625 0.385595475 0.7307022015625 0.38098240156249996 0.7290064187499999 0.3713651390625 0.725238821875 0.369054584375 0.714375946875 0.37097000156250004
0 0.7544358734375 0.3440738046875 0.7457455734375 0.3456061390625 0.7415011875 0.3532959328125 0.7421795 0.3571428359375 0.746286253125 0.36137684375 0.7509705578125 0.3625341296875 0.7562324171875 0.36061469375 0.760238409375 0.357925075 0.7607152015625 0.3479247296875 0.7544358734375 0.3440738046875
0 0.7479918984375 0.307528203125 0.7393015968750001 0.3090605375 0.7350572125 0.31675033125 0.7357355250000001 0.3205972390625 0.739842278125 0.32483124218750004 0.7445265812499999 0.3259885296875 0.7497884406249999 0.3240690921875 0.7537944328124999 0.3213794734375 0.7542712265625 0.311379128125 0.7479918984375 0.307528203125
0 0.732857621875 0.2725149390625 0.7282740796875 0.2782812765625 0.72963070625 0.2859750890625 0.73591003125 0.2898260140625 0.7455170421874999 0.2871404125 0.7488447203125 0.2806038859375 0.74531551875 0.273293159375 0.741547921875 0.2709826046875 0.732857621875 0.2725149390625
0 0.730758796875 0.235203171875 0.7221692625 0.2436591328125 0.72318673125 0.2494294875 0.7294660562499999 0.2532804125 0.739073065625 0.250594809375 0.7427399015625 0.2459817359375 0.74172243125 0.24021138125000002 0.7376156796875 0.2359773734375 0.730758796875 0.235203171875
0 0.731171703125 0.199431771875 0.7221422468750001 0.19904065312500002 0.7175587046875 0.20480699531250002 0.7164036 0.2109604359375 0.7192544875 0.214424259375 0.72519465625 0.21635172656249999 0.7326290906249999 0.21404920781249998 0.7359567703125001 0.207512684375 0.73527845625 0.20366577968750002 0.731171703125 0.199431771875
0 0.7135256953125 0.16287813906249998 0.7089421546875 0.16864447968750002 0.7099596234375001 0.1744148359375 0.7162389484375 0.178265759375 0.725845959375 0.17558015625 0.727679375 0.1732736203125 0.72632275 0.1655798125 0.720043421875 0.1617288875 0.7135256953125 0.16287813906249998
0 0.7070817203125 0.1263325375 0.702498178125 0.132098878125 0.7038548046875001 0.1397926875 0.7101341296875 0.1436436125 0.7175685640625 0.14134109374999998 0.7212354000000001 0.13672801875 0.7198787734375001 0.1290342109375 0.713599446875 0.12518328750000002 0.7070817203125 0.1263325375
0 0.7391296609375 0.10481558124999998 0.7345461171875 0.1105819203125 0.7355635875 0.11635227968749999 0.7418429140625 0.1202032015625 0.751449921875 0.11751759843750001 0.753283340625 0.11521106249999999 0.7515875578125 0.1055938 0.747819959375 0.10328324687499998 0.7391296609375 0.10481558124999998
0 0.7704992875000001 0.0794517203125 0.7677491625 0.0829115203125 0.7691057890625 0.0906053328125 0.7753851140625 0.09445625468749999 0.780646975 0.092536821875 0.7846529671875 0.089847203125 0.7829571828125 0.0802299359375 0.7791895875 0.0779193859375 0.7704992875000001 0.0794517203125
0 0.7474070546875 0.1390546453125 0.7413292499999999 0.149050971875 0.7445192953124999 0.1544382484375 0.7504594640625 0.15636571875 0.757893896875 0.1540632 0.761221578125 0.1475266734375 0.760543265625 0.1436797703125 0.7564365109375 0.13944576250000001 0.7474070546875 0.1390546453125
0 0.77877668125 0.1136907828125 0.77385398125 0.11753367031249999 0.7755497640625 0.12715093125000002 0.7840016656250001 0.13061877187499998 0.78709095 0.1290824203125 0.792930359375 0.1240862640625 0.791234578125 0.11446900156249999 0.78529440625 0.11254153125 0.77877668125 0.1136907828125
0 0.8061403171875 0.09101653750000001 0.8037293453125001 0.09639979531250001 0.8072585484375001 0.103710525 0.8110261421875 0.10602107499999999 0.8206331499999999 0.1033354734375 0.8242999875000001 0.098722403125 0.8229433609375001 0.09102859218750001 0.8144914562500001 0.08756075156250001 0.8061403171875 0.09101653750000001
0 0.840021671875 0.0671930484375 0.837271546875 0.0706528484375 0.8386281734375001 0.0783466609375 0.8449075 0.0821975828125 0.8523419328124999 0.0798950671875 0.8560087703124999 0.07528199218750001 0.8546521437499999 0.0675881796875 0.8462002406250001 0.06412034375 0.840021671875 0.0671930484375
0 0.846465646875 0.103738646875 0.843715521875 0.10719844999999999 0.8450721484375 0.114892259375 0.8513514750000001 0.118743184375 0.8609584828125 0.11605758125000001 0.8642861640625 0.10952105781249999 0.8607569625 0.10221032968749999 0.852644215625 0.1006659421875 0.846465646875 0.103738646875
0 0.8533495390624999 0.14913132499999998 0.85962886875 0.1529822484375 0.8670633015625 0.1506797296875 0.8707301390625 0.14606665624999998 0.8668617812500001 0.1368324765625 0.854743040625 0.1379777109375 0.8519929125000001 0.141437515625 0.8533495390624999 0.14913132499999998
0 0.869877315625 0.172990975 0.8611870156249999 0.174523309375 0.8569426296874999 0.182213103125 0.8576209421875 0.186060009375 0.8639002687499999 0.1899109328125 0.8685845750000001 0.191068215625 0.8716738578125 0.1895318640625 0.8756798531250001 0.186842246875 0.8764958015625 0.1787653515625 0.869877315625 0.172990975
0 0.8191020140624999 0.12641288906249998 0.812345896875 0.13256231406250002 0.8137025234375 0.1402561234375 0.8174701171875001 0.1425666765625 0.8292497015625001 0.13949799062499998 0.83108311875 0.1371914546875 0.82972649375 0.12949764531250002 0.8259588953125 0.127187090625 0.8191020140624999 0.12641288906249998
0 0.7920775375 0.15101058437499998 0.7855598125000001 0.1521598359375 0.78097626875 0.15792617343749998 0.7816545828125 0.16177308125 0.785761334375 0.16600708749999998 0.790445640625 0.16716437343749999 0.7957075 0.1652449375 0.7993743359375001 0.160631865625 0.798356865625 0.15486150625 0.7920775375 0.15101058437499998
0 0.8252068328125001 0.16103503749999998 0.8187898718750001 0.1691079109375 0.8198073421875 0.1748782703125 0.8282592421875 0.17834611250000001 0.8313485265624999 0.1768097609375 0.8371879375000001 0.171813603125 0.8358313109375001 0.16411979062499998 0.8295519828125 0.16026887031249998 0.8252068328125001 0.16103503749999998
0 0.7894920562500001 0.187165065625 0.7849085140625001 0.19293140625 0.785586828125 0.1967783109375 0.792205309375 0.2025526890625 0.8039848921875 0.199484003125 0.8058183109374999 0.1971774671875 0.804122528125 0.1875602 0.8003549296875001 0.185249646875 0.7894920562500001 0.187165065625
0 0.7581961796875001 0.1748340796875 0.7516784546874999 0.1759833296875 0.7467557546875 0.1798262140625 0.74560065 0.1859796578125 0.7497074046875001 0.1902136640625 0.7543917078125 0.1913709515625 0.7639987171875 0.1886853484375 0.765832134375 0.1863788109375 0.7644755078125 0.17868499843750002 0.7581961796875001 0.1748340796875
0 0.7577832734375 0.21060547500000001 0.7535388875 0.21829526875 0.7542172 0.22214217500000003 0.7630082578125 0.22753346562500001 0.768270115625 0.2256140296875 0.772276109375 0.22292440937500002 0.7730920593749999 0.2148475171875 0.7689853046875 0.21061351093749997 0.7577832734375 0.21060547500000001
0 0.7631729078125 0.26022814375 0.771624809375 0.2636959828125 0.7747140921875 0.26215963124999997 0.7787200859375 0.2594700109375 0.7791968781249999 0.249469665625 0.7685723999999999 0.246384909375 0.76181628125 0.252534334375 0.7631729078125 0.26022814375
0 0.8002811812499999 0.22294450000000002 0.7935250640625 0.2290939234375 0.7948816890625 0.2367877328125 0.8033335906250001 0.24025557343749998 0.806422875 0.238719221875 0.8122622859374999 0.2337230640625 0.8109056593749999 0.22602925468750001 0.8046263328125001 0.2221783328125 0.8002811812499999 0.22294450000000002
0 0.8298173906249999 0.1998871734375 0.825233846875 0.2056535125 0.8262513171875 0.21142387187499997 0.83253064375 0.21527479375 0.8399650765625 0.2129722734375 0.8436319140625 0.20835920468750002 0.8422752875 0.20066539218749999 0.8385076890625 0.1983548390625 0.8298173906249999 0.1998871734375
0 0.834088790625 0.23681585625 0.832016978125 0.2441225640625 0.8348678640625 0.2475863875 0.8386354624999999 0.2498969421875 0.8482424703125 0.2472113390625 0.8500758890625001 0.244904803125 0.8483801062499999 0.23528754062499999 0.8424399328125001 0.2333600703125 0.834088790625 0.23681585625
0 0.80455258125 0.2598731828125 0.7999690390625 0.265639521875 0.8009865078124999 0.27140988125 0.8076049921875 0.2771842578125 0.8150394265625 0.2748817390625 0.8187062609375 0.270268665625 0.8170104796875 0.26065140468750003 0.8110703078125001 0.2587239328125 0.80455258125 0.2598731828125
0 0.77101038125 0.28562012812500004 0.7682602562499999 0.28907993125 0.7699560390625 0.29869719843750003 0.773723634375 0.3010077515625 0.7833306421875 0.29832215 0.7869974796875 0.293709075 0.785980009375 0.28793871718749997 0.7797006796875 0.28408779375000004 0.77101038125 0.28562012812500004
0 0.7796269312499999 0.3217826453125 0.7750433890624999 0.3275489859375 0.7764000140625 0.3352427953125 0.7801676093750001 0.33755335 0.7919471921875 0.3344846640625 0.7956140296875 0.329871590625 0.794596559375 0.324101234375 0.78831723125 0.3202503109375 0.7796269312499999 0.3217826453125
0 0.78389833125 0.3587113296875 0.7811482078124999 0.362171134375 0.782843990625 0.371788396875 0.7891233171875001 0.375639321875 0.7965577500000001 0.373336803125 0.8005637437500001 0.37064718124999996 0.8010405359374999 0.3606468328125 0.79476120625 0.3567959125 0.78389833125 0.3587113296875
0 0.8283034062500001 0.331048965625 0.8196131078125 0.3325813 0.8150295625 0.3383476421875 0.8160470312499999 0.344117996875 0.8201537859375 0.3483520046875 0.8248380921875 0.349509290625 0.8279273765624999 0.34797293906250004 0.8337667874999999 0.3429767828125 0.8345827328125001 0.334899890625 0.8283034062500001 0.331048965625
0 0.8621847656250001 0.307225471875 0.851321890625 0.309140890625 0.8467383453125 0.31490723125 0.8474166593750001 0.3187541375 0.8540351421875 0.3245285109375 0.85871945 0.325685796875 0.861808734375 0.3241494453125 0.8658147265625 0.321459825 0.866291515625 0.3114594796875 0.8621847656250001 0.307225471875
0 0.8845249359375 0.28147049218750003 0.8796022328124999 0.285313378125 0.879125440625 0.295313728125 0.8875773453125 0.2987815640625 0.8928392031250001 0.296862128125 0.8986786125 0.2918659765625 0.8973219859375 0.2841721640625 0.8910426593749999 0.2803212421875 0.8845249359375 0.28147049218750003
0 0.8762475421874999 0.247231428125 0.8720031515625 0.25492121874999996 0.875193196875 0.2603084953125 0.8789607953124999 0.2626190484375 0.888567803125 0.259933446875 0.8922346375 0.25532037500000004 0.8908780109375 0.247626565625 0.884937840625 0.24569909375 0.8762475421874999 0.247231428125
0 0.8413118390625 0.2841319890625 0.8472520109375001 0.286059459375 0.8546864453125 0.283756940625 0.85835328125 0.2791438671875 0.8573358109375 0.2733735078125 0.846711334375 0.2702887546875 0.8399552124999999 0.2764381765625 0.8413118390625 0.2841319890625
0 0.8109965578124999 0.29641878125 0.8064130140625 0.30218512343750004 0.807430484375 0.3079554828125 0.8137098093749999 0.31180640312499996 0.8233168187500001 0.3091208 0.82698365625 0.30450773125 0.8256270296875 0.29681391874999996 0.81968685625 0.2948864484375 0.8109965578124999 0.29641878125
0 0.857765865625 0.345686490625 0.8531823203125001 0.3514528296875 0.854199790625 0.3572231890625 0.8629908500000001 0.3626144828125 0.868252709375 0.360695046875 0.8722587015625001 0.358005425 0.872735490625 0.34800507812500003 0.8664561656249999 0.34415415625 0.857765865625 0.345686490625
0 0.8887963359375 0.31839917500000003 0.884551946875 0.3260889703125 0.8855694156249999 0.33185932500000004 0.8918487453124999 0.33571024843749997 0.901455753125 0.333024646875 0.9051225875 0.3284115734375 0.9037659609375 0.32071776406249997 0.8974866359375 0.31686684062500003 0.8887963359375 0.31839917500000003
0 0.8784938656250001 0.20915349375 0.8676309921875 0.2110689109375 0.8652200203125 0.21645216718750002 0.8662374890625 0.222222525 0.87251681875 0.2260734484375 0.8772011265625 0.22723073437500002 0.8802904093749999 0.22569438281249998 0.88612981875 0.22069822499999997 0.8847731921875001 0.213004415625 0.8784938656250001 0.20915349375
0 0.636546584375 0.539387315625 0.6301296234375 0.54746019375 0.63114709375 0.55323055 0.6395989937500001 0.556698390625 0.642688278125 0.5551620390625 0.6457775625 0.5536256875000001 0.6500219515625 0.5459358921875 0.640891734375 0.5386211484375 0.636546584375 0.539387315625
0 0.6725267703125 0.5528755890625 0.66977664375 0.5563353953125 0.67113326875 0.5640292046875001 0.6774125953125 0.567880128125 0.687019603125 0.565194525 0.688853021875 0.5628879890625 0.6868180828125 0.551347275 0.6808779109375 0.5494198031249999 0.6725267703125 0.5528755890625
0 0.6095221078125 0.5639850109375 0.6030043859374999 0.5651342625 0.596248265625 0.571283684375 0.5976048921875 0.578977496875 0.60045578125 0.5824413203125001 0.6063959515625 0.5843687906249999 0.613830384375 0.582066271875 0.6193306375 0.5751466609375 0.6179740109375 0.56745285 0.6095221078125 0.5639850109375
0 0.6250962999999999 0.60784535625 0.6219062546874999 0.60245808125 0.6137935078125001 0.60091369375 0.6076149421875 0.6039863984375 0.6030313984375 0.6097527390625 0.6040488671875 0.6155230984375 0.608155621875 0.619757103125 0.6128399265625 0.6209143890625 0.6181017843750001 0.618994953125 0.62394119375 0.613998796875 0.6250962999999999 0.60784535625
0 0.6411571453125 0.5782394531249999 0.6372519125 0.5878526984375 0.641358665625 0.59208670625 0.6460429703125 0.5932439890625 0.651304828125 0.59132455625 0.655310821875 0.5886349375 0.6564659265625 0.58248149375 0.649847440625 0.5767071203125 0.6411571453125 0.5782394531249999
0 0.6808041609375 0.587114653125 0.6762206187500001 0.5928809937499999 0.6800889765625 0.602115175 0.6838565703125 0.6044257265625 0.6956361546875 0.6013570406250001 0.698963834375 0.5948205171875001 0.695773790625 0.5894332421875 0.6873218859375 0.5859654015625 0.6808041609375 0.587114653125
0 0.7128521015625 0.5655976984375 0.708946871875 0.5752109421875 0.7117977609375 0.578674765625 0.7180770843750001 0.5825256859375 0.7255115187500001 0.5802231671875 0.7310117734375 0.573303559375 0.727482571875 0.56599283125 0.7237149765625001 0.56368228125 0.7128521015625 0.5655976984375
0 0.742149915625 0.5475405421875 0.7456791140625 0.5548512703124999 0.7587145640624999 0.5525527703125 0.7623814015625 0.547939696875 0.761024775 0.5402458875 0.7572571765625 0.5379353328125 0.746394303125 0.5398507515625 0.742149915625 0.5475405421875
0 0.7057298140625 0.525205190625 0.7011462703125 0.53097153125 0.705353784375 0.5421291640625 0.711293953125 0.544056634375 0.7165558125 0.5421371984375 0.7242286421874999 0.5348345046875 0.723211171875 0.5290641500000001 0.71408095625 0.5217494046875 0.7057298140625 0.525205190625
0 0.775930509375 0.516793425 0.7731803875 0.5202532296875 0.777048740625 0.5294874093749999 0.7808163375 0.5317979625 0.790423346875 0.529112359375 0.7937510265625 0.5225758328125 0.79056098125 0.5171885625 0.782109078125 0.5137207218750001 0.775930509375 0.516793425
0 0.7828144015625 0.562186103125 0.78692115625 0.5664201109375 0.8008733156250001 0.5629683421875 0.8013501046875 0.5529679921875 0.795070778125 0.549117071875 0.7863804796875 0.55064940625 0.7817969328125 0.5564157437499999 0.7828144015625 0.562186103125
0 0.7506657031249999 0.5767794328125 0.748254734375 0.5821626906249999 0.7496113609374999 0.589856503125 0.7533789546875 0.5921670546875 0.7651585390625 0.58909836875 0.7669919578125 0.586791834375 0.765296175 0.5771745703125 0.7615285765625 0.574864015625 0.7506657031249999 0.5767794328125
0 0.715390846875 0.61175654375 0.7245210609375 0.6190712875 0.7319554953125 0.61676876875 0.7356223296875 0.6121556953125 0.7342657046875 0.6044618859375 0.7301589515625 0.6002278796875 0.7214686515625 0.6017602140625 0.715390846875 0.61175654375
0 0.651607109375 0.6120954328125 0.6430175734375 0.6205513921875 0.6443742 0.6282452015625 0.6528261015625 0.63171304375 0.658087959375 0.6297936078124999 0.6639273718750001 0.62479745 0.6625707453125 0.617103640625 0.655952259375 0.611329265625 0.651607109375 0.6120954328125
0 0.6227492156250001 0.6389996640625 0.6140589171874999 0.6405319984375 0.6098145296874999 0.648221790625 0.6104928421875 0.652068696875 0.6167721703125 0.6559196203125001 0.621456475 0.65707690625 0.624545759375 0.6555405546874999 0.628551753125 0.652850934375 0.6293677 0.6447740390625001 0.6227492156250001 0.6389996640625
0 0.62267546875 0.6766945171875001 0.6180919234375 0.68246085625 0.61944855 0.6901546671875 0.62790045 0.6936225046875 0.6331623093750001 0.69170306875 0.6371683015625 0.6890134531250001 0.63764509375 0.6790131046875 0.631365765625 0.6751621828125 0.62267546875 0.6766945171875001
0 0.65197328125 0.6586373609375 0.6558416390625 0.66787154375 0.6688770859375001 0.6655730421875 0.672543921875 0.6609599687500001 0.671526453125 0.655189609375 0.6627353921875 0.64979831875 0.654384253125 0.65325410625 0.65197328125 0.6586373609375
0 0.68792645 0.627507159375 0.685176325 0.630966965625 0.6868721078125 0.6405842265625 0.690639703125 0.64289478125 0.7024192859375 0.6398260953125 0.7057469671875001 0.63328956875 0.7025569218750001 0.627902296875 0.698789325 0.6255917421875 0.68792645 0.627507159375
0 0.725740053125 0.638688896875 0.722989928125 0.6421487031249999 0.7243465546875 0.6498425109375 0.7306258796875 0.6536934343749999 0.7402328890625001 0.6510078328125 0.74206630625 0.648701296875 0.7403705234375 0.6390840343749999 0.7319186203125 0.63561619375 0.725740053125 0.638688896875
0 0.759621409375 0.614865403125 0.7553770234375 0.6225551953124999 0.758567065625 0.627942471875 0.7623346625 0.630253025 0.771941671875 0.6275674234374999 0.7756085078125 0.62295435 0.77207930625 0.6156436249999999 0.768311709375 0.6133330703125 0.759621409375 0.614865403125
0 0.7928244546875 0.5871950046875 0.7882409078125 0.5929613453125 0.789597534375 0.6006551546875001 0.7958768640625 0.6045060796875 0.8011387234375 0.60258664375 0.8051447156249999 0.599897021875 0.8056215078125 0.5898966765625 0.7993421796875 0.5860457546875 0.7928244546875 0.5871950046875
0 0.8245332375000001 0.5637545937499999 0.8199496921874999 0.5695209359375 0.8213063187499999 0.5772147484375 0.8250739156250001 0.5795252984375 0.8368534984375 0.5764566125 0.83868691875 0.5741500796875 0.837330290625 0.5664562671875 0.8310509609375 0.56260534375 0.8245332375000001 0.5637545937499999
0 0.8159166875 0.527592078125 0.813505715625 0.532975334375 0.8145231859375001 0.5387456937499999 0.8208025156250001 0.5425966156250001 0.8304095234375 0.5399110140625 0.83407635625 0.5352979421875 0.8330588859375 0.5295275828125 0.8267795625 0.5256766609375 0.8159166875 0.527592078125
0 0.8640893578125001 0.5022402687499999 0.8581491874999999 0.5003127984375 0.8494588890625 0.5018451328125 0.8455536546875001 0.5114583765625 0.852172140625 0.5172327531249999 0.8568564484375001 0.5183900390625 0.8599457312500001 0.5168536875 0.8676185578125001 0.50955099375 0.8669402453125 0.5057040921875 0.8640893578125001 0.5022402687499999
0 0.8580754390625 0.5380076500000001 0.8534918921875001 0.5437739875000001 0.855187675 0.5533912546875001 0.8611278484374999 0.555318721875 0.86638970625 0.5533992890625 0.8722291156249999 0.5484031328125 0.8708724890624999 0.5407093203125 0.8645931625 0.5368584000000001 0.8580754390625 0.5380076500000001
0 0.8876116453125 0.5149503234374999 0.8852006765624999 0.520333578125 0.886218146875 0.5261039375000001 0.8924974734375001 0.5299548609375 0.9021044828125 0.5272692578125 0.9057713156249999 0.5226561859375 0.9019029578125 0.5134220078125 0.8959627906250001 0.5114945359374999 0.8876116453125 0.5149503234374999
0 0.9297703984375 0.5253658953125 0.9251868515625 0.5311322328125 0.926543478125 0.5388260453125 0.9328228078125 0.542676965625 0.9424298140625 0.5399913671875 0.9457574921875 0.5334548406249999 0.9422282921875 0.5261441109375 0.9384606953124999 0.5238335609375 0.9297703984375 0.5253658953125
0 0.8948346953125 0.5622664562499999 0.9011140234375 0.5661173749999999 0.9085484578124999 0.5638148562499999 0.9125544484375 0.561125240625 0.9108586656250001 0.5515079765625 0.9002341906250001 0.54842321875 0.89347806875 0.55457264375 0.8948346953125 0.5622664562499999
0 0.8710371374999999 0.5734039984375 0.8666919890625 0.574170165625 0.860275025 0.5822430421875 0.8609533375 0.5860899500000001 0.8650600921875 0.5903239546875 0.8697443984375001 0.5914812390625 0.8750062562500001 0.5895618046875 0.880845665625 0.584565646875 0.8794890390625 0.5768718390625 0.8710371374999999 0.5734039984375
0 0.8313163703124999 0.6022236484375 0.8270719796874999 0.6099134390625001 0.830262025 0.615300715625 0.8340296234375 0.6176112687499999 0.8436366312500001 0.6149256671875001 0.84696430625 0.608389140625 0.8437742671875 0.6030018687500001 0.8400066687500001 0.6006913140625 0.8313163703124999 0.6022236484375
0 0.7974350109375 0.6260471421875 0.7950240390625 0.631430396875 0.796041509375 0.63720075625 0.8023208390625 0.6410516796875 0.811927846875 0.6383660765625 0.8152555250000001 0.6318295515625 0.8120654828125 0.6264422796875 0.8036135796874999 0.6229744375 0.7974350109375 0.6260471421875
0 0.7682379609375001 0.651027921875 0.7633152578125 0.65487080625 0.7624993124999999 0.6629477015624999 0.76911779375 0.6687220765624999 0.776552228125 0.6664195578125 0.780558221875 0.663729940625 0.7810350140625 0.6537295921874999 0.774755684375 0.649878671875 0.7682379609375001 0.651027921875
0 0.7311296859375 0.6883115656250001 0.7374090109375 0.6921624875 0.7448434453125 0.6898599671875 0.74851028125 0.6852468984375 0.7471536546875 0.6775530859375001 0.7365291765624999 0.6744683296875 0.729773059375 0.6806177546875001 0.7311296859375 0.6883115656250001
0 0.694370425 0.6640527609375 0.689447725 0.6678956453125 0.691143509375 0.6775129125 0.69491110625 0.6798234625 0.7066906875 0.6767547796875 0.7085241046874999 0.67444824375 0.706828321875 0.664830978125 0.703060725 0.6625204265625 0.694370425 0.6640527609375
0 0.62405910625 0.729006803125 0.630338434375 0.732857725 0.6399454421875 0.7301721234375 0.6429339640625 0.72171214375 0.6397439203124999 0.716324871875 0.6312920156249999 0.7128570328125 0.6227024812499999 0.72131299375 0.62405910625 0.729006803125
0 0.6626616421875 0.68749316875 0.655905525 0.69364259375 0.6576013078125 0.7032598546875 0.6663923656249999 0.7086511484375 0.6716542234375 0.7067317140625 0.6774936359375 0.70173555625 0.675458696875 0.6901948421874999 0.6691793671874999 0.6863439171875 0.6626616421875 0.68749316875
0 0.6359025765624999 0.7517091703125 0.6294856125 0.7597820453125 0.6330148140625 0.7670927734374999 0.6367824109375 0.7694033265625 0.6485619921875 0.7663346421874999 0.6518896703125 0.759798115625 0.64836046875 0.7524873859375 0.6424202984375 0.7505599187499999 0.6359025765624999 0.7517091703125
0 0.667611359375 0.7282687578125 0.6630278125 0.734035096875 0.6640452828125001 0.7398054562499999 0.672836340625 0.7451967500000001 0.6759256234375 0.7436603984375 0.6835984546875 0.7363577046875001 0.682241828125 0.7286638953125 0.67847423125 0.726353340625 0.667611359375 0.7282687578125
0 0.698641828125 0.70098144375 0.6962308578124999 0.7063647 0.6975874828124999 0.714058509375 0.703866809375 0.717909434375 0.71130124375 0.715606915625 0.7164623421874999 0.7067638546875 0.7132722968749999 0.7013765796875 0.7095047 0.6990660265625 0.698641828125 0.70098144375
0 0.7679258171875001 0.69372294375 0.7721333296874999 0.7048805765624999 0.785168778125 0.702582075 0.788835615625 0.6979690015625 0.7874789890625 0.6902751921875 0.779027084375 0.6868073531250001 0.7725093609375 0.6879566046875001 0.7679258171875001 0.69372294375
0 0.738967159375 0.71370355 0.7343836171875 0.7194698921875 0.7357402421875 0.7271637015625 0.74201956875 0.7310146234375 0.753799153125 0.7279459375 0.75712683125 0.7214094125 0.7535976296875 0.7140986875 0.7498300343750001 0.7117881328125 0.738967159375 0.71370355
0 0.7072583765625 0.7371439609375 0.7026748328125 0.7429102984375 0.704031459375 0.7506041109375 0.7103107859375 0.7544550359375 0.71991779375 0.7517694328125 0.7232454749999999 0.7452329062499999 0.7197162734375 0.73792218125 0.715948675 0.7356116265625 0.7072583765625 0.7371439609375
0 0.6730009906250001 0.777891428125 0.679280315625 0.7817423484375 0.6867147499999999 0.779439828125 0.6903815875 0.774826759375 0.6890249609375 0.767132946875 0.6784004796875001 0.764048190625 0.6716443640625 0.770197615625 0.6730009906250001 0.777891428125
0 0.6405131328125 0.7905613046875 0.6362687453125 0.7982511 0.6394587890625 0.8036383703125001 0.6432263859375 0.8059489265625001 0.6550059671875 0.802880240625 0.656839384375 0.800573703125 0.6551436015625 0.790956440625 0.6466916984375 0.7874886015625 0.6405131328125 0.7905613046875
0 0.6459027640625 0.840183971875 0.6521820921875 0.844034896875 0.6617891 0.8413492953124999 0.665116778125 0.83481276875 0.6640993078124999 0.829042409375 0.6534748296874999 0.8259576546874999 0.64488529375 0.8344136125 0.6459027640625 0.840183971875
0 0.653025053125 0.8805764765624999 0.6567926484375 0.8828870312499999 0.6663996562500001 0.8802014296875 0.6697273359375 0.8736649062499999 0.669049021875 0.8698180000000001 0.6580853875 0.864809790625 0.6513292703125 0.8709592140625 0.653025053125 0.8805764765624999
0 0.662695946875 0.9036619265624999 0.6581124015625 0.909428265625 0.659469028125 0.917122078125 0.6657483562500001 0.9209730015625001 0.6713493703125 0.9209770203125001 0.6790221984375 0.9136743265625 0.677665571875 0.9059805140625 0.67138624375 0.90212959375 0.662695946875 0.9036619265624999
0 0.6940655734375001 0.8782980640625 0.689482028125 0.8840644062499999 0.690499496875 0.8898347609374999 0.69929055625 0.8952260546874999 0.7045524140625 0.8933066203125 0.7085584078125 0.890617 0.7090352 0.8806166546875 0.7027558703125 0.8767657312500001 0.6940655734375001 0.8782980640625
0 0.727268615625 0.8506276640625 0.723024228125 0.858317459375 0.7240416984375 0.8640878187500001 0.73066018125 0.8698621921875 0.7402671890625 0.867176590625 0.7439340265625 0.862563515625 0.7425773999999999 0.8548697078125 0.733786340625 0.8494784140625 0.727268615625 0.8506276640625
0 0.6872824421875 0.8398290093749999 0.6826988953125 0.8455953515625 0.683377209375 0.8494422578125 0.6899956953124999 0.8552166343750001 0.7017752749999999 0.8521479484375 0.70360869375 0.8498414125 0.7019129109375 0.840224146875 0.69563358125 0.8363732265625 0.6872824421875 0.8398290093749999
0 0.6776115468749999 0.8167435624999999 0.68137914375 0.819054115625 0.693158725 0.81598543125 0.6968255625 0.8113723578125001 0.6954689359375 0.8036785484375001 0.68484445625 0.8005937921875 0.6762549203125 0.8090497531249999 0.6776115468749999 0.8167435624999999
0 0.7252435390625 0.7756210484375 0.7162140828125 0.7752299296875 0.7116305390625 0.7809962703125 0.710814590625 0.7890731625 0.7170939171875 0.7929240875 0.721778225 0.794081371875 0.7248675078125 0.7925450203125 0.7307069187499999 0.7875488625 0.7293502937499999 0.7798550546875 0.7252435390625 0.7756210484375
0 0.722997215625 0.8136989828125 0.718074515625 0.817541871875 0.7172585671875 0.8256187640625001 0.7263887812500001 0.8329335078125 0.7316506390625 0.831014075 0.7374900515625 0.8260179171875001 0.7386451562499999 0.8198644765624999 0.7295149390625 0.8125497312500001 0.722997215625 0.8136989828125
0 0.754366840625 0.7883351203125 0.7497833 0.7941014609375 0.751139925 0.8017952703125 0.759591825 0.8052631109374999 0.764853684375 0.803343675 0.7703539390625 0.7964240640625 0.7668247375 0.7891133390625 0.763057140625 0.7868027859375 0.754366840625 0.7883351203125
0 0.747583709375 0.7498660687500001 0.7433393234375 0.757555859375 0.74435679375 0.76332621875 0.7506361171875 0.7671771390625 0.7624157015625 0.764108453125 0.7642491203125 0.7618019203124999 0.7625533375 0.7521846562500001 0.756274009375 0.748333734375 0.747583709375 0.7498660687500001
0 0.7753872625 0.7360389031250001 0.7820057453125 0.7418132796875 0.7916127546875 0.739127678125 0.7952795906250001 0.7345146031249999 0.7939229640625001 0.7268207906249999 0.783298484375 0.7237360374999999 0.7765423640625 0.7298854593749999 0.7753872625 0.7360389031250001
0 0.81283469375 0.7006787109375 0.8082511468750001 0.706445053125 0.8089294593749999 0.7102919562500001 0.815547946875 0.7160663328125 0.8273275296874999 0.712997646875 0.8291609453125 0.7106911109375 0.8274651625 0.7010738484375 0.8236975671875 0.69876329375 0.81283469375 0.7006787109375
0 0.8028246421875 0.6756698109375 0.8091039703125 0.6795207328124999 0.8165384031249999 0.6772182124999999 0.8216995 0.6683751531250001 0.8185094578125 0.662987878125 0.8125692859375 0.6610604062500001 0.8020455671875 0.6648992781249999 0.8028246421875 0.6756698109375
0 0.8461114875 0.6353134625 0.8417663375 0.6360796296875 0.8353493734375 0.6441525046875001 0.8360276875 0.6479994109375 0.8401344421875001 0.6522334187500001 0.8448187468749999 0.6533907015625 0.84790803125 0.6518543515624999 0.8537474390625001 0.6468581953125 0.8523908125 0.6391643828125 0.8461114875 0.6353134625
0 0.8709633890624999 0.6110988500000001 0.8682132625 0.6145586562500001 0.8702482015624999 0.6260993703125 0.8761883734374999 0.6280268390625 0.8836228078125 0.6257243203125 0.8872896406249999 0.6211112484375 0.8859330156249999 0.6134174406249999 0.8774811140625 0.6099495984375001 0.8709633890624999 0.6110988500000001
0 0.902672171875 0.5876584390625 0.898766940625 0.597271684375 0.9016178265624999 0.6007355078125001 0.9053854250000001 0.6030460609375 0.9149924328125 0.600360459375 0.9186592671874999 0.595747384375 0.917641796875 0.5899770296875 0.911362471875 0.5861261046874999 0.902672171875 0.5876584390625
0 0.9365535312500001 0.563834946875 0.932309140625 0.5715247406249999 0.9358383421875001 0.5788354671875 0.9439510890625 0.580379853125 0.9470403734374999 0.5788435015625 0.9525406234375 0.5719238921875001 0.9515231546875 0.5661535359375 0.9474164015625 0.5619195296874999 0.9365535312500001 0.563834946875
0 0.940485775 0.598840178125 0.938074803125 0.6042234359374999 0.9394314296875 0.6119172453124999 0.945710759375 0.6157681671875 0.9553177640625 0.613082565625 0.961157175 0.608086409375 0.9601397046875 0.60231605 0.9513486453125 0.596924759375 0.940485775 0.598840178125
0 0.9534474734374999 0.634236525 0.948524771875 0.6380794125 0.9480479796875001 0.6480797625 0.9543273078125001 0.6519306828125 0.9617617390625 0.6496281640625 0.96576773125 0.6469385484375 0.9640719484375 0.6373212828125 0.9577926203124999 0.633470359375 0.9534474734374999 0.634236525
0 0.911288721875 0.6238209578125 0.9067051749999999 0.6295872953125 0.908400959375 0.6392045625 0.9143411312499999 0.641132028125 0.9217755656250001 0.6388295125 0.9254423984375 0.6342164390625 0.924085771875 0.626522628125 0.9178064484374999 0.6226717078124999 0.911288721875 0.6238209578125
0 0.8755739468750001 0.649950984375 0.873162975 0.6553342437499999 0.8766921765625 0.662644971875 0.8804597734374999 0.664955521875 0.8922393546875 0.6618868359375 0.8955670359375001 0.6553503125 0.892376990625 0.6499630390625 0.8860976640624999 0.6461121140625 0.8755739468750001 0.649950984375
0 0.8463768937499999 0.674931765625 0.8424716625 0.6845450125 0.8456617078124999 0.689932284375 0.8494293031250001 0.6922428390625 0.8590363140624999 0.6895572359375 0.8623639890625 0.6830207109375 0.8588347875 0.675709984375 0.8550671953125001 0.67339943125 0.8463768937499999 0.674931765625
0 0.8528208703125 0.711477365625 0.8489156375 0.7210906109375 0.8521056828125 0.7264778859375001 0.8558732796875 0.728788440625 0.8654802890625 0.7261028375 0.869147121875 0.7214897640625 0.8677904953125 0.713795953125 0.8615111703125 0.70994503125 0.8528208703125 0.711477365625
0 0.81927866875 0.7372243125 0.814695121875 0.7429906515625 0.8160517484375 0.7506844640625 0.819819346875 0.7529950140625 0.8315989296874999 0.74992633125 0.8349266078124999 0.74338980625 0.83424829375 0.7395429 0.8279689687499999 0.735691978125 0.81927866875 0.7372243125
0 0.7857364687499999 0.7629712578125 0.782986340625 0.7664310624999999 0.7846821234375 0.7760483234375 0.7884497203125 0.7783588781249999 0.798056728125 0.775673275 0.8017235671874999 0.7710602046874999 0.800706096875 0.7652898453125 0.7944267671875 0.7614389234375001 0.7857364687499999 0.7629712578125
0 0.79068618125 0.8037468484374999 0.7882752125 0.8091301015625 0.7918044109375 0.8164408296874999 0.797744584375 0.8183683015625001 0.80735159375 0.8156827 0.8106792703125001 0.8091461734375001 0.807150071875 0.801835446875 0.8033824734375001 0.7995248921875 0.79068618125 0.8037468484374999
0 0.7589773984375 0.8271872546875001 0.75656643125 0.8325705125 0.7575839 0.8383408703124999 0.7638632249999999 0.8421917953125 0.7734702359375001 0.8395061921875 0.775303653125 0.8371996562499999 0.77360786875 0.827582390625 0.7673285421875 0.8237314703124999 0.7589773984375 0.8271872546875001
0 0.7679331046875 0.8652732249999999 0.7633495625 0.8710395671875 0.7647061890625 0.8787333765625001 0.7709855140624999 0.8825843000000001 0.7805925234375 0.879898696875 0.784259359375 0.8752856250000001 0.7825635765625 0.8656683609375 0.778795978125 0.8633578078124999 0.7679331046875 0.8652732249999999
0 0.7365634796875 0.8906370875 0.7316407796875 0.8944799765625 0.7304856734375 0.9006334171875 0.7396158890625 0.9079481640625 0.745216903125 0.90795218125 0.752889734375 0.9006494875 0.7515331078124999 0.892955675 0.745253778125 0.889104753125 0.7365634796875 0.8906370875
0 0.8207163359375 0.878773553125 0.8169487375 0.8764629984375001 0.8042524453125001 0.8806849531250001 0.8021806343750001 0.8879916609375 0.8050315187500001 0.8914554828125001 0.8113108484374999 0.8953064078124999 0.81874528125 0.8930038890625 0.8218345656249999 0.8914675359374999 0.824245534375 0.8860842796874999 0.8207163359375 0.878773553125
0 0.8033087234374999 0.8372197421875001 0.7968917609374999 0.8452926203125 0.79790923125 0.8510629796875 0.8041885593749999 0.8549139 0.8137955671875 0.852228296875 0.817462403125 0.847615228125 0.8161057749999999 0.839921415625 0.8098264484375 0.8360704906249999 0.8033087234374999 0.8372197421875001
0 0.8346783515625 0.8118558828125 0.8300948046875 0.8176222203125001 0.83145143125 0.8253160312500001 0.8377307609375 0.8291669562499999 0.8473377687499999 0.826481353125 0.850665446875 0.8199448281249999 0.8471362453125 0.8126340984375 0.84336865 0.8103235484375 0.8346783515625 0.8118558828125
0 0.8663871328124999 0.7884154703124999 0.8618035890625 0.794181809375 0.863160215625 0.8018756218749999 0.8716121187500001 0.8053434625 0.876873978125 0.803424028125 0.8808799671875001 0.8007344062499999 0.878845028125 0.7891936921875 0.8750774343750001 0.7868831359375 0.8663871328124999 0.7884154703124999
0 0.8347521 0.7741610296875 0.8304069515625001 0.774927196875 0.8236508296875 0.7810766234375001 0.8224957234374999 0.7872300609375 0.8253466125 0.790693884375 0.8312867859375 0.7926213546875001 0.8387212187499999 0.7903188359375 0.842727209375 0.787629215625 0.8410314265625001 0.7780119546875001 0.8347521 0.7741610296875
0 0.8596040015625 0.74994641875 0.8550204562499999 0.7557127578125 0.8560379265625 0.76148311875 0.8623172546875001 0.7653340390625 0.8719242640625 0.7626484359375 0.873757678125 0.7603419 0.8720618953124999 0.7507246375000001 0.8682943015625 0.748414084375 0.8596040015625 0.74994641875
0 0.897491353125 0.72343330625 0.8909736296874999 0.7245825578125 0.8867292390625 0.7322723484375 0.8874075515625 0.7361192546875001 0.89151430625 0.740353259375 0.8961986124999999 0.74151054375 0.8992878953125001 0.7399741921875 0.9072998812499999 0.73459495625 0.9059432546874999 0.7269011437499999 0.897491353125 0.72343330625
0 0.9245158296874999 0.698835609375 0.9202714390625 0.7065254015625 0.923461484375 0.7119126765625 0.9272290828124999 0.71422323125 0.9368360875 0.711537628125 0.9408420812499999 0.708848009375 0.9391462984375 0.699230746875 0.9353787 0.6969201921875 0.9245158296874999 0.698835609375
0 0.884529653125 0.6880369546875 0.8821186828125 0.6934202140625 0.8831361515625 0.6991905703125 0.88941548125 0.7030414921875 0.8990224859374999 0.700355890625 0.9026893234375001 0.69574281875 0.9016718546875 0.6899724625 0.8953925249999999 0.6861215374999999 0.884529653125 0.6880369546875
0 0.9158992796875 0.6626730921874999 0.9131491515624999 0.666132896875 0.914844934375 0.6757501593749999 0.91861253125 0.6780607140625 0.928219540625 0.6753751109375 0.9318863734375 0.6707620375000001 0.9305297484375 0.6630682296875 0.9267621500000001 0.6607576749999999 0.9158992796875 0.6626730921874999
0 0.95805803125 0.6730886640625 0.9519802234375 0.683084990625 0.9551702687500001 0.6884722671875 0.958937865625 0.6907828203124999 0.9707174468750001 0.6877141359375 0.9725508640625 0.6854075984375 0.9708550812500001 0.6757903375 0.96240318125 0.672322496875 0.95805803125 0.6730886640625
0 0.9608351703125001 0.714247334375 0.9584241984374999 0.7196305921875 0.96161424375 0.72501786875 0.970066146875 0.7284857046875 0.975328003125 0.7265662703125 0.9811674140625 0.7215701171875 0.9798107875 0.7138763046875 0.9735314609374999 0.710025384375 0.9608351703125001 0.714247334375
0 0.9291263859375001 0.7376877453125 0.9270545718750001 0.7449944562499999 0.9302446171875 0.750381728125 0.9361847890625 0.7523092 0.94361921875 0.7500066796875 0.9494586328124999 0.7450105265625 0.9481020062500001 0.737316715625 0.9396501 0.733848875 0.9291263859375001 0.7376877453125
0 0.8999293359375 0.762668525 0.8953457890625 0.7684348671875 0.896702415625 0.7761286765625 0.9029817453125 0.7799795984375 0.910416178125 0.7776770796875 0.91442216875 0.7749874609375 0.9148989609375 0.764987115625 0.90861963125 0.761136190625 0.8999293359375 0.762668525
0 0.8396280640624999 0.8526314703125 0.83504451875 0.8583978125 0.8364011453125 0.866091621875 0.8426804734375001 0.86994254375 0.8522874828125 0.867256940625 0.8559543156249999 0.86264386875 0.8542585328125 0.85302660625 0.8504909390625001 0.8507160515625 0.8396280640624999 0.8526314703125
0 0.873170265625 0.8268845234375 0.8704201390625 0.830344328125 0.869604190625 0.8384212234374999 0.87839525 0.8438125140625001 0.8858296843750001 0.8415099953125 0.8894965171875 0.836896921875 0.888139890625 0.8292031124999999 0.881860565625 0.8253521890625001 0.873170265625 0.8268845234375
0 0.9085458843750001 0.79883104375 0.9017897640625 0.8049804640625 0.903146390625 0.8126742765625 0.9094257203125 0.8165252000000001 0.9212053015624999 0.813456515625 0.9230387203125 0.811149978125 0.9213429359375 0.8015327125 0.9175753390624999 0.799222159375 0.9085458843750001 0.79883104375
0 0.9464332328125 0.772317928125 0.9399155125 0.7734671796875 0.934992809375 0.7773100687500001 0.9345160171875 0.7873104140625 0.940795346875 0.7911613359375 0.945479653125 0.7923186234374999 0.9485689359375 0.790782271875 0.9562417640625 0.783479578125 0.9548851375 0.7757857687499999 0.9464332328125 0.772317928125
0 0.9756302874999999 0.74733715 0.96887416875 0.7534865734375 0.9677190625 0.7596400140624999 0.976849278125 0.766954759375 0.9842837109374999 0.764652240625 0.988289703125 0.761962621875 0.9891056515625 0.753885728125 0.9824871671875 0.7481113515625 0.9756302874999999 0.74733715
0 0.9759964562500001 0.793879078125 0.9798648140624999 0.8031132609375 0.992900259375 0.8008147593749999 0.9958887828125 0.7923547796875 0.9930378953125001 0.78889095625 0.9892702984374999 0.786580403125 0.9805800015624999 0.7881127375 0.9759964562500001 0.793879078125
0 0.9427934109375 0.8215494781249999 0.9519236281250001 0.8288642218750001 0.9571854828124999 0.8269447859374999 0.9611914765625 0.8242551656250001 0.9616682687500001 0.8142548203125 0.9553889390625001 0.810403896875 0.9466986437499999 0.8119362296875 0.9427934109375 0.8215494781249999
0 0.9243584703125001 0.8376912125 0.9134956000000001 0.8396066296875 0.9092512109375 0.847296425 0.9099295234375001 0.8511433281249999 0.9162088531249999 0.8549942515625 0.9208931578125 0.8561515375000001 0.9239824421874999 0.8546151859375 0.9298218515625001 0.8496190296874999 0.9281260687499999 0.8400017671875 0.9243584703125001 0.8376912125
0 0.8883045421875 0.8618977890625 0.8839593906250001 0.8626639562499999 0.8772032718749999 0.8688133828125 0.8760481656250001 0.874966821875 0.88266665 0.8807411984375 0.8873509578125001 0.881898484375 0.8926128171875 0.87997905 0.89661880625 0.877289428125 0.897095596875 0.86728908125 0.8883045421875 0.8618977890625
0 0.9534817765625 0.850405284375 0.9488982296874999 0.8561716265625 0.95025485625 0.8638654359375 0.9587067609375 0.867333275 0.96179604375 0.8657969234375 0.967635453125 0.8608007671875001 0.9659396703124999 0.8511835062499999 0.959999496875 0.849256034375 0.9534817765625 0.850405284375
0 1 0.8257543125 0.9932025421875 0.8215856359375 0.9888573953125 0.822351803125 0.982101275 0.8285012265624999 0.9809461703125001 0.83465466875 0.9900763859374999 0.8419694124999999 0.9996833921875 0.8392838109375 1 0.8388855015625 1 0.8257543125