1 0.9276182890625 0.1165809140625 0.9198467078125001 0.1093283015625 0.908437784375 0.104818775 0.8968244328124999 0.10421014531249999 0.8826839671875 0.10738068593750001 0.87419685 0.1137812140625 0.8689381953125 0.125240453125 0.8705453359374999 0.1390153140625 0.87811248125 0.150168821875 0.8860885046875 0.1535205375 0.9057800984375 0.15553043125 0.917597896875 0.1522381640625 0.9260850093749999 0.145837634375 0.9315481015625 0.1304775015625 0.9276182890625 0.1165809140625
1 0.8505187281250001 0.1878388015625 0.8414324796875 0.1834510015625 0.8228511093750001 0.1824771921875 0.804664434375 0.1961926109375 0.8015240125 0.21167447187500002 0.811209396875 0.22685059999999999 0.81797296875 0.2311166734375 0.830696553125 0.23276139375 0.8435223562499999 0.2324556609375 0.8567570296874999 0.224348134375 0.8618112468750001 0.21678979375 0.8626289968749999 0.20118620781250002 0.8505187281250001 0.1878388015625
1 0.73952741875 0.1947347265625 0.7352909515625 0.18668948125 0.725298915625 0.1773646984375 0.7184331171875 0.17504907187500002 0.6951041874999999 0.175782259375 0.6791379656250001 0.19156984999999999 0.678422434375 0.205222990625 0.6826589046875 0.2132682359375 0.6904304890625 0.2205208453125 0.70072918125 0.22399428281249997 0.713452765625 0.22563900312500001 0.7205229937500001 0.22405373125 0.7362847796875001 0.21216703906249998 0.73891410625 0.2064374171875 0.73952741875 0.1947347265625
1 0.6168347171875 0.180481453125 0.6022995546875001 0.1689627703125 0.5790728421875 0.167745509375 0.5682630578125 0.174024309375 0.56078395 0.1834113765625 0.561982215625 0.20498803125 0.57540715 0.21547063125000002 0.5974214203125 0.21760225156250002 0.6044916484375 0.21601698125 0.6179307640625 0.204008559375 0.6210711843750001 0.1885266984375 0.6168347171875 0.180481453125
1 0.47677308749999997 0.16434001250000002 0.4605143921875 0.1634879296875 0.45101926875 0.166901921875 0.4373757171875 0.1828112375 0.43686462343750004 0.1925634828125 0.44099887187500003 0.2025591734375 0.45331358125000004 0.2120056859375 0.46139182031250003 0.21340695156249997 0.48128785625 0.21151594999999998 0.492199859375 0.2032867015625 0.49745851406249997 0.1918274625 0.4936309203125 0.175980425 0.47677308749999997 0.16434001250000002
1 0.3517577125 0.1499650125 0.33075145625 0.1508199265625 0.31509188906249996 0.160756171875 0.3120536875 0.1742875859375 0.31386526406250004 0.1841615515625 0.326077753125 0.1955585109375 0.3386991171875 0.199153678125 0.35627248125 0.19714095 0.367184484375 0.18891170156249998 0.372340921875 0.179402909375 0.3686155453125 0.161605425 0.3517577125 0.1499650125
1 0.2381512609375 0.1400995390625 0.219569890625 0.13912573125 0.20522499062500002 0.14619716875 0.19906054374999999 0.1527194234375 0.20015659062500002 0.17624652968750001 0.21014862656250002 0.1855713125 0.21812464999999998 0.188923028125 0.2331709015625 0.1906894703125 0.24266602499999998 0.18727547656250002 0.2561051390625 0.17526705781250002 0.2570251078125 0.1577130203125 0.2381512609375 0.1400995390625
1 0.802194040625 0.1100077078125 0.789879334375 0.1005611953125 0.776045525 0.09788039062500001 0.764329946875 0.09922220781249999 0.755945053125 0.10367228906249999 0.748465946875 0.11305935 0.74542774375 0.126590765625 0.747341540625 0.134514284375 0.7629869265625 0.14706905625 0.7850011921875 0.1492006765625 0.794496315625 0.145786684375 0.8030856500000001 0.137435709375 0.8064305078125 0.118052953125 0.802194040625 0.1100077078125
1 0.6813129171875 0.1056283984375 0.6736435515625 0.096425340625 0.6645573046875 0.092037540625 0.6413305921875 0.0908202796875 0.6365830296875 0.09252727656250001 0.622939478125 0.10843659531250001 0.6222239468749999 0.12208972968750001 0.6264604171875 0.13013497499999999 0.63998756875 0.138667125 0.6596791640624999 0.140677021875 0.6667493999999999 0.1390917515625 0.6801885109375 0.1270833328125 0.6832267125 0.11355191718749999 0.6813129171875 0.1056283984375
1 0.5582113390625 0.0991769171875 0.5459988484375 0.0877799609375 0.527519696875 0.084855703125 0.5181267921875 0.0863192484375 0.5097418984375001 0.0907693296875 0.502262790625 0.10015638906249999 0.5013428234374999 0.11771042812500002 0.516885990625 0.13221564531250002 0.5389002578125 0.1343472671875 0.5483953796875001 0.13093327500000002 0.556984715625 0.122582296875 0.5602273546875 0.10514999218750001 0.5582113390625 0.0991769171875
1 0.4276448359375 0.079621484375 0.401993228125 0.0802329453125 0.38865633593750004 0.0902909171875 0.385413696875 0.10772322812499999 0.3874297125 0.113696296875 0.39509907499999997 0.12289935625 0.40307509843749995 0.12625106875 0.4204440265625 0.1281392390625 0.42751425468750004 0.12655396875 0.4432760421875 0.1146672765625 0.44429822812499997 0.09516279375 0.4276448359375 0.079621484375
1 0.31958950937499997 0.0749364453125 0.3141405953125 0.0678055625 0.3050543484375 0.0634177625 0.284150309375 0.062322228125000004 0.2659636328125 0.07603764375 0.264941446875 0.0955421265625 0.26705968125 0.09956474843749999 0.27705171875 0.10888953593749999 0.28967308125 0.11248469999999999 0.30249888125 0.11217897031249999 0.314418896875 0.10693625468750001 0.3232126671875 0.09468438125 0.323825978125 0.082981690625 0.31958950937499997 0.0749364453125
1 0.19821146875 0.0578183640625 0.186802553125 0.0533088375 0.17518919375 0.0527002078125 0.1586238421875 0.0576994703125 0.15245939687500001 0.064221725 0.14699630625 0.079581859375 0.155571459375 0.09372189843749999 0.1645554875 0.1000601515625 0.18656975468749998 0.1021917703125 0.20455199375 0.0923772484375 0.20707910312500002 0.08859807812500001 0.20810128906249997 0.0690935953125 0.19821146875 0.0578183640625
1 0.918418609375 0.2921212609375 0.9120639078125 0.28005339375 0.8974265296875 0.2704851546875 0.8859153890625 0.2679260765625 0.8717749250000001 0.2710966171875 0.860862921875 0.279325865625 0.8558087046875 0.28688420625 0.8550931734375 0.3005373484375 0.8593296421875 0.30858259375 0.867101228125 0.3158352015625 0.8797225890625 0.319430365625 0.8854781609375 0.32070990781250003 0.90194129375 0.3176610921875 0.9128532984375 0.309431840625 0.9180097343750001 0.29992305468749997 0.918418609375 0.2921212609375
1 0.7957259062500001 0.27786798749999997 0.7914894390625 0.2698227421875 0.7768520624999999 0.2602545046875 0.7582706921875 0.259280696875 0.7487755703125 0.26269468906250004 0.740288453125 0.269095215625 0.7350297968749999 0.280554453125 0.7388573921875 0.296401490625 0.7488494265625001 0.3057262765625 0.7637934625 0.3094431671875 0.7766192625 0.3091374375 0.7837917171875 0.3056017203125 0.789853940625 0.301029915625 0.795010375 0.29152112343750003 0.7957259062500001 0.27786798749999997
1 0.6729309859375 0.265565159375 0.65607315625 0.25392475000000003 0.6374917859375 0.25295094218749997 0.6279966625 0.25636493437499996 0.614353109375 0.27227425312500003 0.6139442359375 0.280076046875 0.6180784859374999 0.29007173750000004 0.6280705203125 0.2993965234375 0.6383692140624999 0.30286996093749996 0.65816303125 0.302929409375 0.671499925 0.2928714359375 0.6765541421875 0.2853130953125 0.677065234375 0.27556085625 0.6729309859375 0.265565159375
1 0.542160040625 0.24991062187500002 0.5214604406250001 0.2449141921875 0.5010533125000001 0.2565574328125 0.49599909531249997 0.26411577343750003 0.49528356406249996 0.277768915625 0.5050711640625 0.2909945953125 0.5118347390625 0.29526066875 0.5222356515625 0.296783659375 0.5398090109375 0.2947709328125 0.55072101875 0.28654168125 0.5561841109375 0.27118154687499996 0.5521520796875 0.2592354046875 0.542160040625 0.24991062187500002
1 0.41774380312500003 0.24632395312500002 0.40542909531250004 0.236877440625 0.393815734375 0.23626881093750002 0.3915952859375 0.2341966359375 0.377454821875 0.2373671765625 0.366542815625 0.245596425 0.36391348749999997 0.251326046875 0.3651117546875 0.27290270156249996 0.37510379375 0.28222748750000004 0.3877251546875 0.28582265156250003 0.3934807265625 0.2871021921875 0.407621190625 0.283931653125 0.42106030156249996 0.2719232296875 0.42198027031249996 0.2543691984375 0.41774380312500003 0.24632395312500002
1 0.303830690625 0.242309821875 0.2870750765625 0.22871896406249997 0.2661710390625 0.2276234296875 0.2505114703125 0.237559678125 0.245150596875 0.2509693609375 0.2469621765625 0.26084333125 0.26250534375 0.2753485484375 0.2821969421875 0.277358446875 0.2892671703125 0.275773175 0.300076959375 0.26949437187499997 0.305131175 0.26193603125 0.303830690625 0.242309821875
1 0.1780117484375 0.22104739218749997 0.1689255015625 0.216659590625 0.157312140625 0.2160509609375 0.14781701875 0.219464953125 0.13458234375 0.2275724796875 0.12952812656249998 0.2351308203125 0.1354739546875 0.25500048125 0.1454659890625 0.2643252640625 0.15122155937499998 0.2656048015625 0.1685904828125 0.2674929734375 0.17808560625 0.26407898125 0.1916269390625 0.2501201140625 0.19022423593749999 0.23244435000000002 0.1780117484375 0.22104739218749997
1 0.83042121875 0.34911738125 0.8212327531250001 0.346680028125 0.8070922875000001 0.34985056875 0.791330503125 0.3617372625 0.788292303125 0.375268678125 0.7902060984375 0.383192196875 0.8058514859375 0.39574696875000004 0.8301884265625 0.398000315625 0.845745771875 0.39001451875000004 0.8512088640625001 0.374654384375 0.8471768328125 0.3627082421875 0.83042121875 0.34911738125
1 0.7144920921875 0.3391301828125 0.68884049375 0.33974164375 0.675503596875 0.34979961875 0.6722609578125 0.3672319234375 0.6742769734375 0.3732049984375 0.689922359375 0.3857597703125 0.711936625 0.387891390625 0.7325481921875 0.372347253125 0.7333659406249999 0.356743665625 0.7291294734375 0.3486984203125 0.7144920921875 0.3391301828125
1 0.5936109671875001 0.3347508765625 0.5703842546875 0.333533615625 0.554724690625 0.3434698640625 0.5520953640624999 0.3491994796875 0.5533958484375 0.3688256890625 0.5633878828125 0.378150475 0.573686578125 0.3816239125 0.5817648156249999 0.3830251796875 0.5959052812500001 0.3798546390625 0.6093443953125 0.3678462171875 0.6102643640625 0.3502921859375 0.5936109671875001 0.3347508765625
1 0.48060364843750003 0.335673734375 0.47071383281249995 0.3243985 0.46162758281249994 0.3200106984375 0.4430462125 0.31903689062499996 0.4335510921875 0.3224508828125 0.42243464687500004 0.334581028125 0.421616896875 0.3501846140625 0.425853365625 0.358229859375 0.438168071875 0.367676371875 0.44624631406250004 0.3690776390625 0.46139478437500003 0.3688936328125 0.468567240625 0.3653579140625 0.4770543515625 0.3589573875 0.4822107875 0.3494485953125 0.48060364843750003 0.335673734375
1 0.3548727421875 0.33495186875 0.350636275 0.3269066234375 0.3428646890625 0.319654015625 0.32691265 0.3129505890625 0.3127721859375 0.316121128125 0.2970103984375 0.328007821875 0.2981064453125 0.351534928125 0.3103189375 0.3629318875 0.31607450312499996 0.36421142500000003 0.3287980875 0.3658561453125 0.3358683171875 0.364270875 0.3491029953125 0.3561633515625 0.3541572125 0.34860501093749996 0.3548727421875 0.33495186875
1 0.22683334375 0.311617265625 0.1992679453125 0.30430520781250003 0.19219771562500002 0.305890478125 0.18371059843749998 0.31229100781249997 0.1785541640625 0.32179979375 0.1778386328125 0.335452934375 0.18752401093749999 0.35062906250000003 0.1942875921875 0.3548951375 0.2046885015625 0.35641813125 0.222261865625 0.3544054015625 0.23317386875 0.346176153125 0.23873917968749997 0.3288655671875 0.2346049296875 0.3188698765625 0.22683334375 0.311617265625
1 0.9009504312500001 0.447670221875 0.8864152687500001 0.4361515359375 0.8678338984374999 0.4351777265625 0.8560161078125 0.43846999374999995 0.842474775 0.45242886406249994 0.843877478125 0.470104621875 0.853767296875 0.48137985624999996 0.8617433171875 0.484731571875 0.879112240625 0.48661973906249995 0.8956776 0.48162047656249996 0.90447136875 0.46936860312500006 0.9051868984375 0.4557154671875 0.9009504312500001 0.447670221875
1 0.777045284375 0.4343313078125 0.7679590375 0.42994350781249996 0.7470549921875 0.4288479734375 0.7314976484375 0.43683377031250004 0.7264434296875 0.44439211093750003 0.7256256796875 0.45999569687499997 0.72986215 0.4680409421875 0.74106663125 0.476451365625 0.7654035718750001 0.478704715625 0.781063134375 0.4687684703125 0.7862195703125 0.459259678125 0.7867306640625 0.44950743906249996 0.777045284375 0.4343313078125
1 0.66414018125 0.43330371406249996 0.6563685984375 0.42605110625 0.638093884375 0.41922595312500005 0.6216307453125001 0.4222747671875 0.6057667421875 0.4361119109375 0.607067228125 0.4557381203125 0.621500171875 0.4692072515625 0.6272557375 0.47048678906249997 0.642301990625 0.472253234375 0.6517971124999999 0.4688392421875 0.6627091203125001 0.46060999062499997 0.6653384453125 0.454880375 0.66414018125 0.43330371406249996
1 0.517519415625 0.4089953015625 0.494394921875 0.40582759218750003 0.47883757187500003 0.4138133921875 0.4737833546875 0.4213717328125 0.4728633875 0.43892576562499996 0.4884065546875 0.4534309890625 0.510420825 0.455562609375 0.5259781703125 0.44757681250000003 0.5310323859375 0.4400184703125 0.5318501359375001 0.42441488437499997 0.517519415625 0.4089953015625
1 0.41148010468749996 0.4102833375 0.4014880703125 0.4009585515625 0.37371823437499996 0.397547390625 0.355633775 0.40931235781249997 0.3523911375 0.42674466874999994 0.3543049328125 0.4346681890625 0.366517425 0.4460651453125 0.37449344375 0.44941685781249996 0.3918623671875 0.451305028125 0.40135748906249996 0.4478910359375 0.414898825 0.43393216875 0.4157165734375 0.4183285828125 0.41148010468749996 0.4102833375
1 0.273638928125 0.39621406718749996 0.250412215625 0.39499680625 0.23717754218749998 0.4031043296875 0.23212332500000002 0.41066267031250003 0.2334238078125 0.4302888796875 0.2456363 0.44168584062500005 0.2513918671875 0.442965378125 0.2664381203125 0.44473182187500004 0.27350835625 0.44314655312499995 0.28937235625 0.4293094078125 0.290292325 0.4117553765625 0.273638928125 0.39621406718749996
1 0.157607584375 0.388177315625 0.136703546875 0.3870817828125 0.1259959765625 0.3914101375 0.11851686875 0.400797196875 0.1174946828125 0.42030168124999995 0.12960495625 0.4336490890625 0.135360521875 0.4349286296875 0.15272945 0.4368167984375 0.162224571875 0.43340280625 0.1756636828125 0.4213943859375 0.1744654171875 0.3998177265625 0.157607584375 0.388177315625
1 0.8362677953125001 0.5264241734375 0.8307166609375001 0.5212437359375001 0.8216304140625 0.5168559359375 0.8007263765625 0.5157604015625 0.7826419171875 0.527525371875 0.7793992796875 0.5449576765625 0.7814152937500001 0.5509307515625 0.7936277859375 0.562327709375 0.80857181875 0.5660445984375 0.819074946875 0.56561714375 0.834632296875 0.5576313468749999 0.8396865124999999 0.55007300625 0.8404020437499999 0.5364198640625 0.8362677953125001 0.5264241734375
1 0.7242684796875001 0.5303335625 0.7200320125 0.5222883171875 0.7054968500000001 0.5107696328125 0.6845928125 0.5096741 0.671460353125 0.5158311734375001 0.6639812453125 0.525218240625 0.66114748125 0.534848753125 0.6673999640625 0.548867071875 0.6797146703125 0.55831358125 0.6877929125 0.5597148453125 0.6935484796875 0.5609943859375 0.70768894375 0.5578238453125001 0.7186009515625 0.54959459375 0.72365516875 0.5420362515625 0.7242684796875001 0.5303335625
1 0.58794640625 0.509498590625 0.5780565890625 0.49822335625 0.5689703421875 0.49383555625 0.5527116390625 0.49298347343750004 0.5432165171875 0.496397465625 0.5297774046875 0.508405884375 0.531077890625 0.52803209375 0.5455108296875 0.541501228125 0.5512664 0.5427807703124999 0.5710602171875 0.542840215625 0.5818700015625 0.536561415625 0.5869242203125 0.5290030734375 0.589757984375 0.5193725546875 0.58794640625 0.509498590625
1 0.46515148437500003 0.49719576249999997 0.450514103125 0.48762752656249997 0.42961006562500004 0.48653199375 0.411423390625 0.5002474109375 0.4126216546875 0.5218240656249999 0.42483414374999995 0.5332210265625 0.4305897140625 0.5345005640625 0.44795863750000003 0.536388734375 0.452706196875 0.5346817390624999 0.468570203125 0.5208445937499999 0.46938795312500003 0.5052410078125 0.46515148437500003 0.49719576249999997
1 0.3412463375 0.4838568515625 0.3276169671875 0.47727515 0.3112560453125 0.47837351562499997 0.298021371875 0.4864810421875 0.2929671546875 0.4940393828125 0.2942676390625 0.5136655921875 0.30991302656249997 0.5262203640625 0.32728195000000004 0.5281085328125 0.3343521859375 0.5265232625 0.35021618593750004 0.5126861203125 0.3511361546875 0.4951320828125 0.3412463375 0.4838568515625
1 0.22540524999999997 0.49441022500000004 0.22116878281250002 0.48636497968750003 0.20431095 0.47472456718749995 0.1880522546875 0.473872484375 0.17855713125 0.4772864765625 0.1700700140625 0.48368700625 0.16491357812500002 0.4931957921875 0.168536734375 0.512943728125 0.17630832031250002 0.5201963390625 0.1866070109375 0.52366978125 0.1993305953125 0.525314496875 0.206400825 0.5237292265625 0.22216261093749998 0.5118425296875 0.22479193749999998 0.5061129140625 0.22540524999999997 0.49441022500000004
1 0.8843880437499999 0.608156165625 0.8798449203125 0.6059622640625 0.849650190625 0.6043798265625 0.833990625 0.6143160703125 0.8288341890625001 0.6238248640624999 0.83044133125 0.6375997250000001 0.8403311499999999 0.648874959375 0.8483071703125 0.652226675 0.8726441109374999 0.6544800203125 0.8821392328125001 0.651066028125 0.8930512359374999 0.6428367796875001 0.8941756406250001 0.6213818453125 0.8843880437499999 0.608156165625
1 0.7358393015625 0.5984152500000001 0.7287690640625 0.6000005203125001 0.7178570625 0.60822976875 0.7127006265625 0.6177385609375 0.7121895328125001 0.6274908 0.718544234375 0.6395586671875 0.7275282640625 0.6458969203125 0.7541878718749999 0.6482719921875 0.769847440625 0.63833574375 0.773294515625 0.6170025421875 0.7589637953125 0.6015829593750001 0.7358393015625 0.5984152500000001
1 0.644042675 0.594582296875 0.6295075156250001 0.5830636109375 0.6133510328125 0.5802610796875001 0.606280803125 0.58184635 0.5930461265625 0.5899538718749999 0.587991909375 0.5975122140625 0.5871741593750001 0.6131158 0.5914106265625 0.6211610453125 0.6026151093750001 0.62957146875 0.6269520484375 0.63182481875 0.6426116140625 0.6218885734375 0.64766583125 0.6143302328125 0.648176925 0.6045779875 0.644042675 0.594582296875
1 0.5208388796875 0.5900812625 0.5018628109375001 0.5744182296875 0.4785338796875 0.5751514171875 0.4651969875 0.5852093921875 0.462567659375 0.5909390078125 0.461852128125 0.6045921484375001 0.46608859843749995 0.61263739375 0.48183620312500003 0.6232417140625001 0.496882459375 0.625008159375 0.50637758125 0.6215941671875 0.5172895828125 0.613364915625 0.52244601875 0.6038561296875 0.5208388796875 0.5900812625
1 0.40238264375000005 0.583873234375 0.3880519234375 0.568453653125 0.36957277187500004 0.5655293968749999 0.36017986875 0.5669929406249999 0.3443158625 0.5808300828124999 0.345514128125 0.60240674375 0.3555061640625 0.6117315265625 0.36348218593750004 0.615083240625 0.3785284390625 0.6168496828125 0.385598675 0.6152644125 0.396408459375 0.6089856124999999 0.401462675 0.601427271875 0.40238264375000005 0.583873234375
1 0.284028628125 0.5757147609375 0.2673752359375 0.5601734515625 0.2441485234375 0.558956190625 0.2259618453125 0.5726716093750001 0.22302586406249997 0.5842525734375 0.225041878125 0.590225640625 0.234829475 0.6034513234375 0.24280549843750002 0.6068030359375001 0.26249709375 0.6088129328125 0.27805444375 0.6008271328125 0.2831086609375 0.5932687921875 0.2860446421875 0.581687828125 0.284028628125 0.5757147609375
1 0.1531554640625 0.5620106687499999 0.1418487671875 0.55555069375 0.12094472187500001 0.5544551578125 0.1027580515625 0.5681705734375 0.0996176296875 0.583652434375 0.1016336453125 0.589625509375 0.10708256093749999 0.596756390625 0.12414482812500001 0.6044959046875 0.132223065625 0.6058971703125 0.1487884234375 0.6008979078125 0.15990486406249999 0.5887677625000001 0.158604378125 0.5691415531249999 0.1531554640625 0.5620106687499999
1 0.81717829375 0.6906892874999999 0.8034467046874999 0.686058034375 0.7894084578125 0.6872781265625 0.7712217859375 0.7009935421875 0.7701995984375001 0.720498025 0.78008941875 0.7317732593749999 0.7880654390624999 0.735124975 0.8100797046875 0.7372565953125 0.8256370531250001 0.7292707984375 0.8313045828125001 0.7100097671875 0.8293907859375 0.7020862484375 0.81717829375 0.6906892874999999
1 0.685297128125 0.6739986609375 0.6575272921875001 0.6705875 0.6442926156250001 0.6786950234375 0.6392383984375 0.6862533640625 0.6384206484375 0.7018569515624999 0.6426571171875 0.709902196875 0.6538615984375 0.7183126203125 0.6781985390624999 0.72056596875 0.693755884375 0.71258016875 0.6994234140625 0.6933191375 0.6952891640625001 0.683323446875 0.685297128125 0.6739986609375
1 0.5788489453125 0.6830884875 0.5747146953125 0.673092796875 0.566943109375 0.665840184375 0.5555341953124999 0.6613306578125 0.5415981671875 0.6606003015625 0.5321030453125 0.66401429375 0.5211910375000001 0.6722435421874999 0.518561709375 0.677973165625 0.5179483968749999 0.6896758546874999 0.5220826484375001 0.6996715453125 0.537830253125 0.710275871875 0.552876509375 0.7120423140625001 0.5646942984375001 0.708750046875 0.5731814156249999 0.70234951875 0.5783378515625001 0.69284073125 0.5788489453125 0.6830884875
1 0.45595180468749996 0.6727361109375 0.44616420312500005 0.65951043125 0.43707795625 0.6551226296875 0.41849658593749994 0.654148821875 0.4090014625 0.6575628140625 0.3954601328125 0.671521684375 0.3968628359375 0.6891974421875 0.414728675 0.7038243921875 0.432097603125 0.705712559375 0.441592725 0.7022985671875001 0.4550318375 0.6902901484374999 0.45786560156249995 0.6806596296875 0.45595180468749996 0.6727361109375
1 0.3355817734375 0.6586045625 0.325589734375 0.6492797796875001 0.31872394375 0.646964153125 0.2953950125 0.6476973421875 0.2820581140625 0.657755315625 0.27932657031249997 0.6654353828125 0.280831490625 0.6811606953125 0.285170178125 0.6872554890625 0.2975871078125 0.6947515531249999 0.3056653453125 0.6961528171875 0.3232387046875 0.694140090625 0.3341507125 0.6859108390624999 0.3393071484375 0.676402053125 0.33971602343749996 0.668600259375 0.3355817734375 0.6586045625
1 0.19572458125 0.638562225 0.18643389531250001 0.6380753203125 0.1746161046875 0.6413675875 0.161176990625 0.65337600625 0.1581387890625 0.666907421875 0.160154803125 0.6728804890625 0.1756979734375 0.6873857125 0.1977122390625 0.6895173328124999 0.2183238046875 0.6739731953125 0.21712553906249998 0.652396534375 0.20935395156249997 0.6451439265625 0.19572458125 0.638562225
1 0.8661021171875 0.7793087125 0.8499456328124999 0.77650618125 0.8405527296875 0.777969725 0.822468275 0.7897346921875 0.8192256359375 0.8071670046874999 0.8212416515625 0.8131400718749999 0.8311314703124999 0.8244153078125 0.8391074906249999 0.827767021875 0.8680897734374999 0.8302638203124999 0.8765768875 0.8238632906250001 0.8841582125 0.8125257796875 0.882959946875 0.790949125 0.8661021171875 0.7793087125
1 0.751283215625 0.7703575984375 0.7457320859375 0.7651771640625 0.7297800390625 0.7584737374999999 0.7228120296875 0.758108559375 0.7062466703125 0.763107821875 0.6951302296875 0.7752379671875 0.6964307140625 0.7948641765625 0.7108636578125 0.8083333109374999 0.716619225 0.8096128515625001 0.7293428093750001 0.8112575671875 0.7411606 0.8079653015625 0.7520726062499999 0.799736053125 0.757331259375 0.788276815625 0.751283215625 0.7703575984375
1 0.6299932140625 0.7737800890625001 0.625858965625 0.7637843921874999 0.6113238078125 0.752265709375 0.5904197625000001 0.751170175 0.5698081984375001 0.766714315625 0.56899045 0.7823179015624999 0.57322691875 0.7903631468750001 0.585541628125 0.79980965625 0.593619865625 0.8012109203125 0.6016981046875001 0.8026121875 0.61583856875 0.799441646875 0.6243256859375 0.7930411203125 0.629482121875 0.783532328125 0.6299932140625 0.7737800890625001
1 0.5098276203125 0.7557476453125 0.4998355859375 0.746422859375 0.4884266640625 0.7419133328124999 0.479135978125 0.741426428125 0.4673181890625 0.7447186953125 0.45640618125000004 0.752947946875 0.451249746875 0.7624567328125 0.450840871875 0.7702585265625 0.4549751203125 0.780254221875 0.469510284375 0.7917729062500001 0.4752658515625 0.793052446875 0.4856667609375 0.7945754359375 0.49748455625 0.7912831703125 0.5083965593750001 0.783053921875 0.5136552140624999 0.771594684375 0.5098276203125 0.7557476453125
1 0.37451355625 0.7378992046875 0.35360951093750004 0.7368036703125 0.34411438906249997 0.7402176625 0.3331001671875 0.7503973625 0.3320779796875 0.7699018453125 0.341865578125 0.783127525 0.3498416015625 0.7864792406250001 0.3672105296875 0.7883674078125 0.3742807578125 0.7867821375 0.39004254375 0.7748954421875001 0.39116695 0.7534405140625 0.37451355625 0.7378992046875
1 0.27523782343750003 0.7434533156249999 0.265348003125 0.7321780796875 0.25626175625 0.7277902796875 0.232932825 0.7285234671875 0.21959593125 0.7385814390625 0.21454171406250003 0.7461397796875 0.21826708906249997 0.7639372703125 0.22825912656249997 0.7732620531250001 0.236235146875 0.7766137671875 0.251281403125 0.7783802093750001 0.260776525 0.7749662171875 0.271688528125 0.76673696875 0.2768449625 0.7572281765625 0.27523782343750003 0.7434533156249999
1 0.1432544359375 0.7287131375 0.1266010390625 0.713171828125 0.11508990625 0.71061275 0.10569700156249999 0.71207629375 0.0937769859375 0.7173190078125 0.08761254375000001 0.7238412609375 0.0843699046875 0.741273571875 0.0863859203125 0.747246640625 0.1019290875 0.7617518640625 0.1216206859375 0.7637617578125 0.13354069531249999 0.75851904375 0.14213003125 0.7501680656249999 0.14527045 0.7346862046875 0.1432544359375 0.7287131375
1 0.872999234375 0.892128984375 0.8538187296874999 0.8803668453125001 0.830592015625 0.8791495859375 0.8149324515625 0.8890858343750001 0.8123031234375 0.89481545 0.813501390625 0.916392109375 0.8257138812499999 0.9277890671875 0.836114790625 0.9293120609375001 0.848838375 0.9309567765625 0.8583334984375 0.927542784375 0.8692455015625 0.9193135343750001 0.8742997171875 0.91175519375 0.872999234375 0.892128984375
1 0.748494953125 0.868001740625 0.7360780265625 0.8605056796874999 0.7245668859375 0.8579466015625 0.7081037546875 0.8609954156249999 0.6946646390625 0.873003834375 0.6936424531250001 0.8925083171875 0.6957606875 0.896530940625 0.705752725 0.9058557265625 0.7183740875 0.9094508906250001 0.7310976671875 0.911095609375 0.7381679046875 0.9095103390625001 0.7540319046875 0.8956731953125001 0.7549518734375 0.8781191640625 0.748494953125 0.868001740625
1 0.5761203625 0.8462552375 0.546027859375 0.8427223515625 0.52784118125 0.8564377656250001 0.5290394484375 0.8780144265625 0.53892926875 0.8892896578125 0.5469052875 0.8926413703125 0.56195154375 0.894407815625 0.5737693328125 0.8911155484375 0.5873106671875 0.87715668125 0.5880261984375 0.8635035406249999 0.5761203625 0.8462552375
1 0.4519085609375 0.8387676718750001 0.44635742812499996 0.8335872343749999 0.43040538906250003 0.8268838078125 0.42111470312500004 0.8263969031249999 0.40929690625 0.8296891687500001 0.40080979218749996 0.8360896984374999 0.39565335625000003 0.8455984859375001 0.3951422640625 0.8553507296875 0.3992765125 0.8653464203125001 0.412701446875 0.875829021875 0.43471571249999996 0.877960640625 0.44784817187500003 0.8718035640625 0.45532727968750003 0.862416503125 0.45604280937499997 0.8487633625000001 0.4519085609375 0.8387676718750001
1 0.323957203125 0.8359736359375001 0.3197207359375 0.8279283906250001 0.3096264828125 0.820554053125 0.28882465625 0.8175080703125 0.2817544265625 0.819093340625 0.265992640625 0.830980034375 0.2629544390625 0.8445114484375 0.2670886875 0.8545071390625001 0.2725375984375 0.8616380250000001 0.2850567453125 0.8671836374999999 0.300102996875 0.8689500828125001 0.3095981203125 0.8655360906249999 0.3230372359375 0.8535276671875 0.3259732203125 0.8419467046875001 0.323957203125 0.8359736359375001
1 0.19894182968750002 0.8215986359375 0.1948075796875 0.8116029390625 0.1848155453125 0.8022781562500001 0.177949746875 0.7999625296875 0.15462081562500002 0.8006957187499999 0.1387568140625 0.8145328624999999 0.1399550796875 0.8361095171875 0.14994711875 0.845434303125 0.160245809375 0.8489077421875001 0.17296939375 0.8505524609374999 0.184787184375 0.8472601937500001 0.1932743 0.8408596671874999 0.1984307375 0.831350875 0.19894182968750002 0.8215986359375
1 0.6417117546875 0.9279249515625001 0.623130384375 0.92695114375 0.6136352625 0.9303651359374999 0.6026210390625 0.9405448359375 0.5994806203125 0.956026696875 0.601496634375 0.9619997640625 0.6170398031250001 0.9765049875 0.64137674375 0.978758334375 0.6619883078125001 0.9632141953125 0.6647198515625 0.9555341281249999 0.65846736875 0.941515809375 0.6417117546875 0.9279249515625001
1 0.5076981734375 0.9297027203124999 0.4953834671875 0.9202562109375 0.47215675468749996 0.91903895 0.45397007812499995 0.9327543687500001 0.45103409531249994 0.9443353328124999 0.45284567343750004 0.954209296875 0.4672786125 0.9676784312500001 0.4730341828125 0.9689579734375 0.48808043906250004 0.9707244156250001 0.4998982296875 0.9674321484374999 0.5134395640625 0.9534732781249999 0.5119346421875 0.937747965625 0.5076981734375 0.9297027203124999
1 0.380155690625 0.9191068906250001 0.3724863234375 0.9099038343749999 0.3588569515625 0.9033221328125001 0.3495662671875 0.9028352281249999 0.3377484765625 0.9061274953125 0.3268364703125 0.914356746875 0.3217822546875 0.9219150875000001 0.32318495625 0.9395908453124999 0.3330747734375 0.9508660796875 0.341050796875 0.9542177953125 0.36074239218750004 0.9562276890625 0.36548995156249997 0.9545206921875 0.37882684843750003 0.944462721875 0.3814561765625 0.9387331 0.380155690625 0.9191068906250001
1 0.2481723046875 0.9043667125000001 0.2381802640625 0.8950419296875 0.23131447343749997 0.892726303125 0.2056628671875 0.893337765625 0.19222375625000002 0.905346184375 0.19120156875 0.9248506671875001 0.193319803125 0.9288732906250001 0.2033118390625 0.9381980765625 0.2159332046875 0.9417932406249999 0.224011446875 0.9431945078125 0.24057679843750002 0.9381952453125001 0.251795459375 0.9241146484374999 0.252306553125 0.914362409375 0.2481723046875 0.9043667125000001
1 0.11094444218749999 0.87859475625 0.0852928359375 0.8792062187499999 0.07438083281249999 0.8874354671875 0.069326615625 0.8949938078124999 0.0682022109375 0.9164487421875 0.075871578125 0.9256518 0.08606805 0.9310756859374999 0.09414629218750001 0.932476953125 0.1082867578125 0.9293064125000001 0.12637121093749998 0.9175414421875001 0.1298182875 0.8962082390624999 0.11094444218749999 0.87859475625