1 0.0693414015625 0.21756808125 0.0826850234375 0.2064694640625 0.085242178125 0.197861096875 0.0812879609375 0.180733496875 0.07261929375000001 0.1727123140625 0.061373723437500007 0.168292809375 0.050147903125000004 0.16887999375 0.0333289171875 0.17476746406250002 0.0238802703125 0.1879736078125 0.0230410515625 0.19418085624999998 0.030031275000000003 0.2146165359375 0.046470146875 0.22184607656250002 0.0693414015625 0.21756808125
1 0.17031456250000002 0.1972633390625 0.1884318734375 0.192078378125 0.19961820156250001 0.18147781093749998 0.203453934375 0.16856526249999998 0.20125714687500001 0.15904992812500002 0.1830608453125 0.1442081234375 0.169238375 0.1433902921875 0.15457668125 0.1487797109375 0.1464066140625 0.15768167187499998 0.142131521875 0.1686911546875 0.1456463828125 0.1839156875 0.15171839843749998 0.1905318546875 0.16556061875 0.1963563734375 0.17031456250000002 0.1972633390625
1 0.1214521390625 0.29072863125000004 0.1361335796875 0.290345903125 0.1477790140625 0.2866550921875 0.15552946875 0.28085675625 0.16194210625 0.2643425296875 0.1558305921875 0.24771298281249998 0.1463029609375 0.2408923609375 0.13204112968749998 0.2381714609375 0.12125466562500001 0.24066171249999999 0.11134691562500001 0.24695809999999999 0.10105905 0.2663714921875 0.10325583593750001 0.275886821875 0.10976721250000002 0.28440605625000004 0.1214521390625 0.29072863125000004
1 0.2470144875 0.263744778125 0.2590992796875 0.261957034375 0.2664301234375 0.259262325 0.27847541875 0.247461196875 0.2810325796875 0.23885283125 0.27751771875000003 0.22362829843749998 0.2714456984375 0.2170121328125 0.2571641234375 0.20928454218749998 0.23559119218750002 0.21426504531249999 0.2218279609375 0.22846729062499999 0.22102823593749998 0.24468792343749998 0.2310149734375 0.2584183046875 0.23750660156249997 0.26193084375 0.2470144875 0.263744778125
1 0.2954375546875 0.1683764203125 0.30276840312500003 0.1656817109375 0.3118171828125 0.1605858859375 0.321265828125 0.1473797421875 0.32034761875 0.1335602296875 0.31339688906249996 0.12313792812499999 0.29911530937499997 0.115410340625 0.27926031562500003 0.1179897265625 0.26763462968749996 0.1266872265625 0.2620612140625 0.136994203125 0.2638581390625 0.1546198515625 0.26733350312500004 0.159831 0.2816150796875 0.167558590625 0.2954375546875 0.1683764203125
1 0.43090765312499996 0.1350961828125 0.43863836718749993 0.12429115937499999 0.4364020828125 0.1047624421875 0.42080243125 0.09132565312499999 0.41129454687500006 0.089511721875 0.39619349531250003 0.092998075 0.38027297187500003 0.10769836875000001 0.38338796406250003 0.1310332171875 0.3937943171875 0.1416599734375 0.41021344062500004 0.14388281875 0.42401616718749996 0.139693959375 0.43090765312499996 0.1350961828125
1 0.359193725 0.2378461609375 0.3799076859375 0.23406621562500002 0.3867991734375 0.229468440625 0.3945298828125 0.2186634125 0.39185424375 0.1972316328125 0.378851246875 0.185199859375 0.3693433578125 0.183385925 0.3542423046875 0.186872278125 0.3443345578125 0.1931686640625 0.33832178125 0.20157257187500002 0.3357646265625 0.210180940625 0.3392794875 0.2254054734375 0.3453515015625 0.23202163750000002 0.359193725 0.2378461609375
1 0.51362035625 0.1931737109375 0.5140202171875 0.185063396875 0.5087874234374999 0.17223998125 0.48931254375 0.161702359375 0.46773961562500005 0.1666828625 0.45485509999999996 0.1846912390625 0.459248675 0.203721903125 0.4765662609375 0.214757575 0.49943751406250003 0.2104795796875 0.5063290031250001 0.2058818046875 0.51362035625 0.1931737109375
1 0.496885275 0.1108438015625 0.511166853125 0.1185713875 0.5280055875 0.11769061249999999 0.53533643125 0.11499590156249999 0.54566379375 0.10559589218750001 0.5499388828125 0.0945864078125 0.5464240218749999 0.079361875 0.5429486578125 0.0741507265625 0.5312637296875 0.06782815625000001 0.5217558437500001 0.06601422031250001 0.50665479375 0.0695005734375 0.4928915625 0.08370281874999999 0.49033440625 0.0923111828125 0.49340990937500007 0.1056326484375 0.496885275 0.1108438015625
1 0.62366204375 0.172779834375 0.6326713328125 0.157670628125 0.6278384 0.1367368953125 0.6157141140625 0.1285112546875 0.594980403125 0.127284509375 0.58507265625 0.1335808921875 0.575624009375 0.1467870359375 0.574384928125 0.1611046015625 0.5882666421875 0.1769425078125 0.6025284734375 0.1796634078125 0.618488490625 0.17497649375 0.62366204375 0.172779834375
1 0.6598423437500001 0.03914569375 0.640806821875 0.030511139062499998 0.6192338921875 0.0354916421875 0.6114834328125001 0.041289976562500004 0.6059100187500001 0.051596953125 0.6081463015625 0.07112566718749999 0.6233065921875001 0.082659390625 0.63281448125 0.0844733203125 0.6509317921875 0.07928835937499999 0.664675275 0.060079425 0.6598423437500001 0.03914569375
1 0.74455435625 0.056671637500000004 0.7583570828124999 0.0524827765625 0.76998276875 0.0437852734375 0.7776937312500001 0.027973559375000002 0.7759363015625 0.020361292187499998 0.7663889187499999 0.0085339765625 0.75989729375 0.005021435937500001 0.7434781687500001 0.0027985875 0.7348489953125 0.0047907890625 0.7210660203125 0.0139863421875 0.7167711796875 0.019989134375000002 0.720325534375 0.045227050000000005 0.7398004140625 0.0557646734375 0.74455435625 0.056671637500000004
1 0.739257403125 0.13707229375000002 0.742653778125 0.122256678125 0.7400176328125 0.110838278125 0.7252967 0.1012076203125 0.7157888109375 0.099393690625 0.696373175 0.10387614375000001 0.683488659375 0.12188452031250001 0.687882234375 0.140915184375 0.7026031703125 0.150545840625 0.7121110546875 0.152359771875 0.728071075 0.1476728609375 0.739257403125 0.13707229375000002
1 0.5588593484375 0.2759387265625 0.572681821875 0.2767565578125 0.5800126703124999 0.27406184843750003 0.58906145 0.26896602187499996 0.5967921625 0.25816099375 0.5975918859375 0.24194036093750002 0.5876051453125 0.22820998124999997 0.5785168703125 0.223292425 0.5543472921875 0.2268679140625 0.5465968328125 0.23266624687499998 0.5410234171875 0.2429732234375 0.5389056203125 0.2534846546875 0.5406630515625 0.261096921875 0.547174421875 0.2696161515625 0.5588593484375 0.2759387265625
1 0.69606713125 0.24526406406249998 0.7029586234375 0.24066628906249998 0.7102499734375 0.2279581953125 0.7110891921875 0.221750946875 0.7049776828125001 0.2051213984375 0.6880994546875 0.19598879375 0.666526525 0.200969296875 0.6519240734375 0.2213787890625 0.6515242109375 0.229489103125 0.655878290625 0.23850638750000003 0.6705992281250001 0.24813704374999998 0.6801071125 0.24995097500000002 0.69606713125 0.24526406406249998
1 0.8181146234375 0.203055678125 0.82195035625 0.19014312656250001 0.8197535703125001 0.180627796875 0.811084903125 0.1726066140625 0.7972426828125 0.16678209375 0.7773876875 0.1693614765625 0.7636244578125 0.183563721875 0.7610672984375 0.192172090625 0.765021515625 0.2092996890625 0.7823391046875 0.2203353609375 0.8052103609374999 0.216057365625 0.8181146234375 0.203055678125
1 0.4298611296875 0.3077248125 0.44368360312500005 0.3085426421875 0.45317174062500004 0.305349884375 0.46222052500000005 0.30025405781250003 0.46995123124999993 0.28944902968749997 0.4720690328125 0.2789375984375 0.47031160156249996 0.2713253296875 0.46380022656250003 0.2628061015625 0.45471195 0.2578885421875 0.44045011875 0.25516764531249997 0.42750636093749994 0.2581559484375 0.41975590625 0.26395428125 0.41246455156249995 0.276662375 0.41426147812499997 0.2942880234375 0.4298611296875 0.3077248125
1 0.353457409375 0.3163437484375 0.3555752109375 0.305832315625 0.352939065625 0.2944139171875 0.335182121875 0.281475178125 0.308855246875 0.285548715625 0.295531378125 0.3016540265625 0.294692153125 0.3078612765625 0.30080366718749996 0.3244908234375 0.3129279484375 0.3327164640625 0.3224358390625 0.3345303953125 0.34055314999999997 0.329345434375 0.353457409375 0.3163437484375
1 0.205502659375 0.359522046875 0.22577726406249998 0.3538390359375 0.23438668906250001 0.34684014375 0.23952074687499997 0.3346301 0.2403599671875 0.3284228515625 0.23556652968749997 0.31750250156250004 0.2294945140625 0.310886334375 0.21349500156249998 0.305559865625 0.20226917656249999 0.30614705 0.19192207187500002 0.31054036875 0.1803161328125 0.3242445578125 0.177758978125 0.3328529265625 0.1834311296875 0.347579409375 0.205502659375 0.359522046875
1 0.105847571875 0.3855359859375 0.1213484859375 0.37393931875 0.1251842171875 0.36102676875 0.12254807187500001 0.34960836875 0.11603669999999999 0.3410891375 0.102194478125 0.3352646140625 0.08405742031249999 0.335442884375 0.074149671875 0.34173926875 0.0647010265625 0.3549454125 0.0678160234375 0.378280259375 0.0825369609375 0.387910915625 0.0942021375 0.38922679531250004 0.105847571875 0.3855359859375
1 0.20020570312500002 0.439922703125 0.200126715625 0.4198959390625 0.18452706562500001 0.40645915 0.17286188281249998 0.405143265625 0.1577608359375 0.4086296171875 0.1439976046875 0.4228318625 0.141440446875 0.43144023125000003 0.14539466406249998 0.44856782968750003 0.15751895 0.456793465625 0.1670268359375 0.4586074015625 0.18730144375 0.4529243890625 0.20020570312500002 0.439922703125
1 0.305932809375 0.42052492656249996 0.3132241609375 0.4078168375 0.31142723437500003 0.3901911859375 0.293670290625 0.377252446875 0.2673434171875 0.381325984375 0.2557374796875 0.3950301796875 0.253180325 0.40363854374999997 0.2558164703125 0.4150569453125 0.271416121875 0.42849373125 0.2852385921875 0.42931156406250004 0.2968840265625 0.42562075312500003 0.305932809375 0.42052492656249996
1 0.41813179062500005 0.39963300468749996 0.42760018437499997 0.3914335515625 0.431435915625 0.378521 0.42836041406250003 0.3651995375 0.4106034703125 0.3522607984375 0.386433890625 0.3558362828125 0.3786834328125 0.3616346203125 0.37139208125 0.37434270937499997 0.37055286249999997 0.3805499625 0.376225015625 0.39527644375 0.388349296875 0.40350208125 0.3978571875 0.40531601562499997 0.41813179062500005 0.39963300468749996
1 0.5402187734375 0.36743800000000004 0.547110265625 0.362840225 0.554401615625 0.35013213125 0.5552408343749999 0.3439248828125 0.549129325 0.32729533437499997 0.5322510968749999 0.3181627296875 0.52318256875 0.3182518640625 0.508520875 0.32364128281250004 0.495636359375 0.34164965937499997 0.4947971375 0.3478569078125 0.500029934375 0.3606803234375 0.5195048140625 0.37121794375 0.5402187734375 0.36743800000000004
1 0.6597486046875 0.3438513671875 0.6687973875 0.3387555375 0.677806671875 0.3236463328125 0.6760097468749999 0.3060206796875 0.66604275625 0.29729699374999996 0.6401157484375 0.2932602125 0.624614834375 0.3048568828125 0.619041415625 0.3151638578125 0.620838340625 0.3327895046875 0.6243137062499999 0.3380006578125 0.638595284375 0.3457282421875 0.6502604625 0.34704412812499996 0.6597486046875 0.3438513671875
1 0.773645775 0.31555163125 0.7826945546874999 0.3104558046875 0.78870733125 0.302051896875 0.7908251296875 0.2915404640625 0.7868709109375 0.274412865625 0.7721499734374999 0.2647822078125 0.7544522734375 0.2668635453125 0.738512003125 0.2765571484375 0.7324992296875 0.28496105625 0.7351748703125 0.3063928375 0.750335159375 0.317926559375 0.7620003421875 0.31924244062499996 0.773645775 0.31555163125
1 0.3662926 0.5048102812499999 0.37362344531249997 0.502115571875 0.3904029375 0.48621472343749994 0.39252073906249996 0.4757032875 0.38988459375 0.4642848875 0.386409225 0.4590737390625 0.3721276484375 0.45134615 0.36261976093750004 0.44953221875000005 0.3518332984375 0.4520224703125 0.34020761093749996 0.46071997031249995 0.334194840625 0.46912388125 0.337309834375 0.4924587296875 0.3498734765625 0.5025874359375 0.3662926 0.5048102812499999
1 0.482746928125 0.4679021828125 0.50561818125 0.46362418749999995 0.5125096703125 0.4590264125 0.5198010234375 0.44631831875000005 0.518004096875 0.4286926703125 0.51193208125 0.422076503125 0.49765050468750005 0.41434891562500004 0.4907392671875 0.4139399984375 0.471762990625 0.4203255203125 0.46231434218749995 0.433531659375 0.4597571875 0.44214002812500003 0.462832690625 0.4554614953125 0.46890470625 0.46207765937499995 0.482746928125 0.4679021828125
1 0.343381853125 0.49907489531250004 0.3498734765625 0.5025874359375 0.3662926 0.5048102812499999 0.37362344531249997 0.502115571875 0.384390165625 0.49461862968750003 0.3904029375 0.48621472343749994 0.392960096875 0.477606353125 0.38988459375 0.4642848875 0.386409225 0.4590737390625 0.3721276484375 0.45134615 0.36261976093750004 0.44953221875000005 0.3539905890625 0.45152442031250006 0.34020761093749996 0.46071997031249995 0.334194840625 0.46912388125 0.3333951109375 0.48534451562500003 0.343381853125 0.49907489531250004
1 0.26360150625 0.5275161374999999 0.27434847812499996 0.51501250625 0.27690563125 0.5064041390625 0.26991540625 0.48596845625 0.258230478125 0.4796458828125 0.24656530000000002 0.47833000312499996 0.23577883437499997 0.4808202546875 0.2219958546875 0.4900158046875 0.215583215625 0.50653003125 0.21778000468749997 0.5160453640625 0.2242913796875 0.5245645984375 0.24548419375 0.5327010999999999 0.26360150625 0.5275161374999999
1 0.123797071875 0.5567857859374999 0.1397768390625 0.557105565625 0.1471076828125 0.55441085625 0.153999175 0.5498130812500001 0.1634478171875 0.5366069375 0.160772178125 0.5151751578125 0.15470016250000002 0.50855899375 0.14345459375 0.504139484375 0.13394670625 0.502325553125 0.1188456546875 0.50581190625 0.112813134375 0.5092091234375 0.1020859109375 0.5267194484375 0.1034434796875 0.54244203125 0.10951549375 0.5490581953125 0.123797071875 0.5567857859374999
1 0.594486803125 0.44010049999999995 0.6083092765625 0.4409183296875 0.6134828296875 0.4387216703125 0.620813678125 0.4360269625 0.631141034375 0.42662695 0.634976771875 0.413714403125 0.6323406265625 0.4022960015625 0.6232325999999999 0.39237175468749996 0.6119870328125 0.3879522484375 0.5921320390625 0.39053163281250003 0.57792945 0.40283081093749995 0.574533071875 0.417646428125 0.57585114375 0.423355625 0.582801878125 0.43377792499999995 0.594486803125 0.44010049999999995
1 0.5447654125 0.5347663453125 0.553853690625 0.5396839 0.56551886875 0.5409997843750001 0.5771643015625 0.537308971875 0.5823378546875 0.5351123125 0.5935044359375 0.51950505625 0.591707509375 0.5018794046874999 0.5851961375 0.49336017343750005 0.5761078625 0.4884426140625 0.5665999734375 0.486628684375 0.553656215625 0.4896169875 0.5437484671874999 0.49591336874999997 0.5360177562499999 0.506718396875 0.5338999578125 0.5172298328125 0.5356573890624999 0.5248420968749999 0.5447654125 0.5347663453125
1 0.47389561562500004 0.5230649234375 0.457017390625 0.513932315625 0.4350051 0.5170097546875 0.419523934375 0.5336131156249999 0.42219957499999994 0.5550448953125 0.43995651875 0.567983634375 0.46282777187499996 0.5637056390625 0.46971926406250003 0.5591078625 0.47828919062499997 0.5420955875 0.47389561562500004 0.5230649234375
1 0.31918760625 0.6058878375 0.3351476265625 0.6012009265625 0.340321178125 0.5990042671875 0.349769825 0.5857981234375 0.35232697968750004 0.577189759375 0.349690834375 0.5657713578125 0.34361881875 0.5591551906250001 0.329337240625 0.5514276046875 0.309482246875 0.5540069921875 0.2978565609375 0.5627044921875 0.2905652109375 0.5754125859375 0.29495878593749997 0.5944432484375 0.30967971875 0.6040739078125 0.31918760625 0.6058878375
1 0.21821444687499997 0.6261925781250001 0.2277025875 0.62299981875 0.23715123125 0.6097936749999999 0.234475590625 0.5883618953124999 0.21931530000000002 0.576828171875 0.199020946875 0.5775044890625 0.1869559046875 0.5842989265625 0.17922519374999998 0.59510395 0.1771073953125 0.605615384375 0.179304184375 0.6151307187499999 0.1949038359375 0.6285675078125 0.2065690125 0.6298833875 0.21821444687499997 0.6261925781250001
1 0.1866498609375 0.725686846875 0.1956986453125 0.7205910171875 0.20470793125000003 0.7054818125 0.20422908125 0.693565359375 0.1942423390625 0.6798349796875 0.17608553437500002 0.67500655625 0.16098448125 0.6784929078124999 0.144604853125 0.68628344375 0.139470796875 0.6984934875000001 0.1399496484375 0.7104099374999999 0.14777909375 0.72463836875 0.16853255 0.7308718078124999 0.1866498609375 0.725686846875
1 0.2811511453125 0.7068762578125 0.305740334375 0.7001971453125 0.31476937031249996 0.6900946265625 0.317326525 0.6814862609375 0.31337230625 0.6643586625 0.3073002921875 0.6577424953125 0.2934580703125 0.6519179703125 0.271885140625 0.656898475 0.262416746875 0.665097928125 0.257282690625 0.6773079703125 0.2568828234375 0.6854182859375 0.2612369078125 0.69443556875 0.2673089234375 0.7010517328125 0.2811511453125 0.7068762578125
1 0.40839193281249997 0.6674779046875 0.4200373671875 0.66378709375 0.4252109203125 0.661590434375 0.43509892343749995 0.65028735625 0.437656078125 0.6416789921875 0.43414121874999995 0.626454459375 0.41898092499999995 0.6149207375 0.4094730390625 0.61310680625 0.39437198906250004 0.616593159375 0.378890821875 0.6331965187499999 0.3763336671875 0.641804884375 0.3789698125 0.653223284375 0.39197281093749997 0.6652550578125 0.40839193281249997 0.6674779046875
1 0.517535159375 0.6382712046875 0.5313576328125 0.6390890359375 0.5365311859374999 0.6368923765625001 0.543862034375 0.6341976671875 0.554189396875 0.6247976578125 0.5580251281249999 0.61188510625 0.5553889828125 0.6004667078125 0.5488776093750001 0.5919474734375 0.53719268125 0.585624903125 0.513023103125 0.5892003906250001 0.5052726421875 0.5949987250000001 0.49798129375 0.60770681875 0.49977821875000006 0.625332465625 0.5032535828125 0.6305436156249999 0.517535159375 0.6382712046875
1 0.6612148234374999 0.606102390625 0.6681063125 0.601504615625 0.6753976640625 0.588796521875 0.67535816875 0.5787831375 0.6705647328125 0.5678627921875 0.6532471453124999 0.5568271203124999 0.6269202703125 0.5609006578125 0.6123178203124999 0.5813101515625 0.6127966703125 0.593226596875 0.6201867640625001 0.6055519625 0.6292750390624999 0.610469521875 0.6409402203125001 0.6117854015625 0.6612148234374999 0.606102390625
1 0.7600306875 0.5862957015625 0.76520424375 0.5840990406250001 0.7785676140625 0.5780071140625 0.7862983203125 0.5672020875 0.7884161171875 0.5566906578124999 0.7862193296875 0.5471753234375 0.7706196828125 0.5337385343750001 0.76111179375 0.531924603125 0.7416961578125 0.5364070562500001 0.7300902171875 0.550111246875 0.7275330640625 0.5587196140625 0.7306085671875 0.57204108125 0.74361156875 0.5840728546875 0.7600306875 0.5862957015625
1 0.7373272453124999 0.41413893437500005 0.744218734375 0.40954115937499996 0.7519494421874999 0.39873613125 0.74927380625 0.37730435 0.7432017875 0.370688184375 0.7272022734375 0.3653617140625 0.7077866359375 0.3698441671875 0.6961806984375001 0.3835483609375 0.6936235421875 0.3921567265625 0.6966990453124999 0.4054781921875 0.711859340625 0.41701191406250004 0.7213672250000001 0.4188258453125 0.7373272453124999 0.41413893437500005
1 0.8473491875000001 0.38873836875 0.8542406765624999 0.38414059218749996 0.8619713859375 0.3733355640625 0.8645285421875 0.36472720000000003 0.861892396875 0.3533088 0.85582038125 0.3466926359375 0.8415388015625 0.3389650453125 0.8195265171875 0.342042484375 0.8044847078125 0.3605489109375 0.809317640625 0.381482640625 0.8240385734375 0.391113296875 0.8335464609375001 0.39292722812499997 0.8473491875000001 0.38873836875
1 0.7051653250000001 0.47167660468749995 0.699093309375 0.465060440625 0.6830937953125 0.4597339671875 0.6636781593750001 0.4642164203125 0.654209765625 0.4724158703125 0.649075709375 0.4846259125 0.6530299265624999 0.5017535093750001 0.6751014546875 0.5136961484375 0.6953760578125 0.5080131375 0.7091195421875 0.48880420156250004 0.7051653250000001 0.47167660468749995
1 0.7920346296874999 0.4887045 0.8058571046875 0.48952233125 0.813187953125 0.486827621875 0.8205187984375 0.48413291249999996 0.828688865625 0.4752309515625 0.8325246 0.4623184 0.8298884546874999 0.450900003125 0.82337708125 0.4423807703125 0.814288803125 0.43746321562499996 0.80046633125 0.43664538124999996 0.7896798656249999 0.4391356328125 0.78192940625 0.44493397031250004 0.7724807640625 0.45814010937500005 0.7773136984375 0.47907384375 0.7920346296874999 0.4887045
1 0.8752459328125 0.5637051640624999 0.89336324375 0.558520203125 0.9062675078125 0.5455185218749999 0.9088246625 0.536910153125 0.9057491593749999 0.5235886859375001 0.8992377859375 0.5150694578125 0.8901495109375 0.510151896875 0.8715730953125 0.5084271015625 0.8595080515625 0.5152215375 0.8500594046875 0.5284276796875 0.8479416078125 0.5389391109375 0.8496990375 0.5465513796875 0.8562104109374999 0.5550706125 0.8752459328125 0.5637051640624999
1 0.2305707859375 0.8027426609375 0.2469899046875 0.8049655078125 0.254320753125 0.802270796875 0.2676841234375 0.796178871875 0.27541483125 0.7853738484375 0.277532628125 0.7748624125 0.2753358390625 0.7653470796875 0.26622781875 0.7554228328125 0.25498224999999997 0.751003325 0.2329699609375 0.7540807625 0.21748879375 0.770684121875 0.2149316390625 0.7792924875 0.21712842656250003 0.788807821875 0.2210431484375 0.7959220359375 0.2305707859375 0.8027426609375
1 0.3884727828125 0.7632813625 0.3953642703125 0.7586835875 0.40265562343749994 0.7459754937499999 0.40349484375 0.7397682453125001 0.3973833328125 0.72313869375 0.385259046875 0.7149130578125 0.3757511609375 0.7130991250000001 0.3546175859375 0.7199826953125 0.3447295875 0.7312857703125 0.3421724296875 0.7398941390625 0.34916265625 0.76032981875 0.3703554703125 0.7684663234375 0.3884727828125 0.7632813625
1 0.5028093078125 0.7368846953125 0.5118580921875 0.7317888703125 0.519149440625 0.7190807765625 0.5169131625000001 0.6995520609375 0.5017528687499999 0.6880183390625 0.49224497968750003 0.6862044078125 0.4749866359375 0.6901888109375001 0.4612234078125 0.7043910515625 0.45866625 0.7129994203125001 0.4621811109375 0.728223953125 0.47734140312499995 0.739757675 0.48900658437500005 0.7410735546875 0.5028093078125 0.7368846953125
1 0.6257552625 0.7034891328125 0.6352039046875 0.6902829921875 0.6320889078125 0.6669481421875 0.617367975 0.6573174890625 0.6078600859375001 0.6555035546875 0.5949163265624999 0.6584918562500001 0.5850085796875 0.66478824375 0.57727786875 0.6755932687499999 0.5803928671875 0.6989281187499999 0.6024643953125 0.7108707562500001 0.6205817062500001 0.7056857953125 0.6257552625 0.7034891328125
1 0.7215548671875001 0.6853810546875 0.7288857125 0.6826863453125 0.7418097234375 0.6746913484375 0.7461045640624999 0.6686885578124999 0.7486617203125 0.6600801921875 0.74426814375 0.641049525 0.732143859375 0.6328238890625 0.7157247328125 0.6306010390625 0.70925285625 0.6320951890625001 0.6993451046875 0.6383915765625 0.6898964624999999 0.6515977171875 0.6921327453125 0.67112643125 0.7098896859375 0.6840651703125 0.7215548671875001 0.6853810546875
1 0.8268228656250001 0.659073521875 0.8475368265625001 0.655293578125 0.8608804484375 0.6441949578124999 0.8655554046875 0.62507515625 0.8555686625 0.6113447765625 0.8490770375000001 0.6078322375 0.8369724984375001 0.6046132859375 0.8218714500000001 0.6080996375 0.815838928125 0.611496859375 0.806390284375 0.624703 0.8038331265625 0.63331136875 0.8060299140625 0.6428266984375 0.8125412890625 0.6513459312500001 0.8268228656250001 0.659073521875
1 0.23440160312499997 0.8980742562499999 0.242132309375 0.8872692296875 0.2390173125 0.8639343828125 0.23554194687500002 0.858723234375 0.216945784375 0.8519917453125 0.1953728546875 0.8569722484375 0.17945233124999999 0.8716725437499999 0.1821279703125 0.8931043234375 0.19513096875 0.905136096875 0.213707384375 0.9068608921875001 0.22535281875000002 0.9031700828125 0.23440160312499997 0.8980742562499999
1 0.3327583625 0.8713578109375 0.3400892109375 0.8686631015625 0.3452627640625 0.8664664421875001 0.3568687015625 0.852762246875 0.35942585625 0.8441538796874999 0.3554716390625 0.82702628125 0.340750703125 0.817395628125 0.329085525 0.8160797437499999 0.31614176562499996 0.8190680453124999 0.3006606 0.8356714078125 0.2981034453125 0.8442797750000001 0.301178946875 0.8576012375 0.31893589218749996 0.8705399765624999 0.3327583625 0.8713578109375
1 0.42889859062499996 0.8301193390625 0.4462161765625 0.8411550078125 0.46908743125 0.8368770156249999 0.475978921875 0.8322792359375001 0.48498820625 0.8171700296875001 0.4858274296875 0.810962778125 0.4801552734375 0.796236296875 0.468030990625 0.7880106578125 0.45852310156250004 0.7861967234375 0.45161186718749996 0.785787809375 0.43695017187499996 0.7911772265625 0.42706217031250004 0.8024803046875 0.42450501406249996 0.8110886703125001 0.42366579375 0.8172959234375 0.42889859062499996 0.8301193390625
1 0.5971279484375 0.781258028125 0.5918951515625 0.7684346125 0.5745775656250001 0.757398940625 0.5508473453125 0.76287749375 0.5375234703125 0.7789828046875 0.5366842515625 0.785190053125 0.54323511875 0.8037226703125 0.562270640625 0.8123572234375 0.5847025359375 0.8061761609375001 0.596728084375 0.78936834375 0.5971279484375 0.781258028125
1 0.6930065421875 0.7831767109375 0.70421261875 0.777582834375 0.7119433265625 0.7667778125 0.714500484375 0.7581694437500001 0.7118643390625 0.7467510421875 0.7027563125 0.7368267984375 0.69151074375 0.7324072890625 0.6673411625 0.7359827765625 0.6578727734375 0.7441822296875 0.6527387124999999 0.7563922703125 0.6571322875 0.775422934375 0.676607165625 0.7859605562499999 0.6930065421875 0.7831767109375
1 0.7909436953125 0.7595638874999999 0.80906100625 0.7543789265624999 0.81595249375 0.749781153125 0.8232438468750001 0.737073059375 0.82408306875 0.7308658109375 0.8179715578125 0.7142362624999999 0.8010933281250001 0.70510365625 0.79418209375 0.704694740625 0.7752058140625 0.7110802609375 0.7640392328125001 0.7266875203125001 0.7632000140625 0.73289476875 0.7693115234375 0.7495243171875 0.78143580625 0.7577499578125 0.7909436953125 0.7595638874999999
1 0.9504846375 0.6976747078125001 0.9508845031250001 0.6895643890625001 0.9460910625000001 0.6786440453125 0.931370128125 0.6690133890625 0.9218622390625001 0.6671994546875 0.9067611890625 0.6706858062500001 0.891280021875 0.6872891671875 0.889162225 0.6978006015625 0.8943950203125001 0.7106240171875 0.9164665484375 0.7225666546875 0.9388984499999999 0.7163855921875 0.9504846375 0.6976747078125001
1 0.7481532859375 0.8596453437499999 0.757661175 0.8614592734375 0.77362119375 0.8567723640624999 0.7809520390625 0.8540776546875 0.7899613265625 0.83896844375 0.7877250453125 0.8194397296875 0.7842496796875 0.8142285828125001 0.7725647515625 0.8079060078125 0.7608995734375 0.8065901265625 0.747955815625 0.8095784281249999 0.7380480625 0.8158748125 0.7320352906250001 0.8242787234375 0.7294781359375 0.8328870890625 0.7325536390625 0.8462085546875 0.7481532859375 0.8596453437499999
1 0.629981025 0.8989545624999999 0.6373118734375 0.896259853125 0.646360653125 0.8911640234375 0.6558093 0.8779578828125001 0.6526943015625 0.8546230328125001 0.635376715625 0.8435873609375 0.6133644281249999 0.846664796875 0.607331909375 0.8500620140624999 0.5978832625 0.863268159375 0.595765465625 0.8737795937499999 0.5975228953125 0.8813918578125 0.604473625 0.89181415625 0.6135619015625 0.8967317124999999 0.629981025 0.8989545624999999
1 0.49063569687499997 0.935133965625 0.49792705000000004 0.9224258703125001 0.49569076718750005 0.9028971578125 0.4779338234375 0.88995841875 0.45376424374999996 0.8935339062500001 0.44000101249999996 0.9077361500000001 0.43744385937499997 0.9163445156250001 0.44095871875 0.9315690468750001 0.45611900937499994 0.9431027703125 0.46562689687500003 0.9449166999999999 0.483744209375 0.939731740625 0.49063569687499997 0.935133965625
1 0.36121786718750004 0.970023675 0.3685487125 0.967328965625 0.377997359375 0.954122825 0.38011515625 0.943611390625 0.3774790109375 0.9321929921875001 0.3597220671875 0.919254253125 0.3355524875 0.922829740625 0.32007132031249996 0.9394330999999999 0.31927159375 0.955653734375 0.328818978125 0.96748105 0.3379072515625 0.9723986046875 0.3495724328125 0.9737144843750001 0.36121786718750004 0.970023675
1 0.2620621234375 1 0.26973284375 0.9871356578125001 0.2701327109375 0.9790253421875 0.2648999125 0.9662019265625 0.25017897968749997 0.95657126875 0.23635650625000001 0.9557534390625 0.22169481093750001 0.961142859375 0.2057742875 0.97584315 0.208449928125 0.9972749328124999 0.21218977187500002 1 0.2620621234375 1
1 0.8961080406249999 0.81646704375 0.9068747578125 0.808970103125 0.912448175 0.7986631296875 0.9128480359375001 0.7905528109375 0.9071758843750001 0.7758263296875 0.8950516000000001 0.7676006875 0.8855437125 0.7657867578124999 0.86828536875 0.7697711609375 0.8528042015624999 0.7863745203125 0.8559192 0.8097093671875 0.8706401359375 0.8193400234375 0.880148021875 0.8211539578125 0.8961080406249999 0.81646704375
1 0.9831945703124999 0.888568546875 0.9986559875 0.8669584953125 0.992544478125 0.8503289453124999 0.9747875328125 0.8373902078125001 0.9652796499999999 0.8355762765625 0.950178596875 0.8390626296875 0.93469743125 0.8556659874999999 0.9325796296875 0.866177421875 0.93477641875 0.87569275625 0.9438844453125 0.8856170015625 0.9529727187500001 0.890534559375 0.9693918421875001 0.89275740625 0.9831945703124999 0.888568546875
1 0.8628255203125 0.9183624296874999 0.87143494375 0.9113635390624999 0.8752904265625 0.9034576812499999 0.8761296468750001 0.8972504296875 0.8691394203125 0.8768147484375 0.8548578421874999 0.869087159375 0.8479466062500001 0.86867824375 0.8246557390625 0.8760598640625 0.8156464546875 0.8911690734375 0.8178827328124999 0.9106977890625 0.823954753125 0.9173139546875 0.8403936234374999 0.9245434906250001 0.8628255203125 0.9183624296874999
1 0.7394402109375 0.9498549265625 0.74717091875 0.9390499 0.7444952781249999 0.9176181187499999 0.7384232625 0.9110019515625 0.7219843906250001 0.9037724109375 0.7025687546875 0.9082548640624999 0.6888055234375 0.922457109375 0.6862483687500001 0.931065478125 0.6902025859375 0.9481930765625 0.7122741171875 0.9601357140625 0.7325487203125001 0.9544527031250001 0.7394402109375 0.9498549265625
1 0.5526344375 0.9969914375 0.5664569109375 0.9978092671875001 0.578102340625 0.9941184578125 0.5923049296875 0.9818192796874999 0.5961604125 0.973913421875 0.5943634875 0.956287771875 0.5878521125 0.947768540625 0.5761671875000001 0.9414459687500001 0.5645020046875 0.940130084375 0.5537155421875 0.9426203359375 0.5438077906250001 0.9489167249999999 0.5377950140625 0.9573206328125 0.5344381359375 0.9821496328125001 0.5435461578125 0.992073878125 0.5526344375 0.9969914375