0 0.23965435781250002 0.1748046859375 0.25095880625 0.1455078109375 0.2091323390625 0.142578125 0.20574100624999997 0.1708984390625 0.23965435781250002 0.1748046859375
0 0.3719164296875 0.1464843765625 0.361742425 0.1552734390625 0.361742425 0.1689453140625 0.3719164296875 0.1777343765625 0.38661221874999996 0.1767578109375 0.39791666718749996 0.1689453140625 0.4001775578125 0.1591796859375 0.3900035515625 0.14843749687500002 0.3719164296875 0.1464843765625
0 0.518874290625 0.1464843765625 0.5087002843749999 0.1572265609375 0.5087002843749999 0.1650390625 0.518874290625 0.1757812515625 0.5313091875 0.1767578109375 0.5448745265625 0.1669921890625 0.5448745265625 0.1552734390625 0.5324396296875 0.1464843765625 0.518874290625 0.1464843765625
0 0.7427024125 0.1933593765625 0.7325284125 0.2021484390625 0.7325284125 0.2158203140625 0.7359197453124999 0.220703125 0.7506155265625 0.2236328109375 0.7687026546875 0.2158203140625 0.7687026546875 0.2041015609375 0.7562677578125 0.1933593765625 0.7427024125 0.1933593765625
0 0.588961884375 0.1875 0.5810487703125 0.1962890625 0.5833096609374999 0.2099609375 0.5934836671875 0.21875 0.6104403390625001 0.2177734390625 0.62174479375 0.2041015609375 0.619483903125 0.1923828109375 0.602527225 0.185546875 0.588961884375 0.1875
0 0.6703539265625 0.14843749687500002 0.6579190359375 0.1630859375 0.6601799265625 0.1787109375 0.6703539265625 0.185546875 0.685049715625 0.1845703140625 0.6986150546875 0.1748046859375 0.6986150546875 0.1591796859375 0.6861801640625 0.14843749687500002 0.6703539265625 0.14843749687500002
0 0.67261481875 0.22656250312499998 0.664701703125 0.2314453140625 0.6579190359375 0.2451171890625 0.6658321515625001 0.2558593765625 0.6805279328125 0.2587890625 0.694093278125 0.2490234390625 0.694093278125 0.2373046859375 0.6861801640625 0.2285156234375 0.67261481875 0.22656250312499998
0 0.734789296875 0.2744140625 0.7325284125 0.2900390625 0.744963303125 0.298828125 0.759659090625 0.2978515609375 0.7709635390625 0.2880859375 0.7709635390625 0.2802734390625 0.7517459750000001 0.265625 0.734789296875 0.2744140625
0 0.7404415265625001 0.3398437484375 0.7325284125 0.3466796859375 0.7325284125 0.3642578109375 0.7427024125 0.3710937484375 0.755137309375 0.3701171890625 0.7664417640625001 0.3623046859375 0.7664417640625001 0.3486328109375 0.7562677578125 0.3398437484375 0.7404415265625001 0.3398437484375
0 0.674875709375 0.3007812515625 0.6624408125000001 0.3056640625 0.6579190359375 0.3232421890625 0.6658321515625001 0.3320312515625 0.6805279328125 0.3330078109375 0.6918323875 0.3251953140625 0.6918323875 0.3115234390625 0.6839192734374999 0.3027343765625 0.674875709375 0.3007812515625
0 0.58670099375 0.265625 0.5810487703125 0.2724609375 0.5810487703125 0.2880859375 0.591222775 0.294921875 0.6081794484375 0.2939453140625 0.6172230125 0.2880859375 0.619483903125 0.2744140625 0.60704900625 0.263671875 0.58670099375 0.265625
0 0.518874290625 0.2246093765625 0.5087002843749999 0.2353515609375 0.5087002843749999 0.2490234390625 0.5166134 0.2558593765625 0.5335700734375 0.2548828109375 0.5426136359375 0.2470703140625 0.5426136359375 0.2353515609375 0.5324396296875 0.2246093765625 0.518874290625 0.2246093765625
0 0.444264915625 0.185546875 0.43409090937499994 0.1962890625 0.4363518 0.2119140625 0.46122158750000003 0.2138671890625 0.47478693281249995 0.2041015609375 0.47478693281249995 0.1982421890625 0.46009114531249995 0.185546875 0.444264915625 0.185546875
0 0.3719164296875 0.21875 0.3572206421875 0.2275390625 0.3572206421875 0.2451171890625 0.3673946484375 0.251953125 0.3798295453125 0.2509765609375 0.39339488437500003 0.2431640625 0.39339488437500003 0.2314453140625 0.3854817703125 0.2226562515625 0.3719164296875 0.21875
0 0.2950461640625 0.1835937484375 0.2848721578125 0.1923828109375 0.2848721578125 0.2060546859375 0.2950461640625 0.2128906234375 0.3074810609375 0.2119140625 0.32330729062499997 0.2021484390625 0.32330729062499997 0.1962890625 0.31087239375000003 0.1835937484375 0.2950461640625 0.1835937484375
0 0.2950461640625 0.2558593765625 0.278089490625 0.2724609375 0.288263496875 0.2871093765625 0.3006983875 0.2880859375 0.3176550671875 0.283203125 0.3210464 0.2744140625 0.30861150312499996 0.257812503125 0.2950461640625 0.2558593765625
0 0.3696555390625 0.2929687484375 0.350437975 0.3056640625 0.350437975 0.3134765609375 0.36061198125 0.3242187484375 0.38209043593750003 0.3232421890625 0.38661221874999996 0.3212890625 0.388873103125 0.3056640625 0.378699103125 0.294921875 0.3696555390625 0.2929687484375
0 0.4397431328125 0.2617187484375 0.4295691265625 0.2744140625 0.43183001875000004 0.2841796859375 0.4397431328125 0.289062503125 0.458960703125 0.2880859375 0.46800426093749997 0.2802734390625 0.46800426093749997 0.2705078109375 0.45330847343749997 0.2597656234375 0.4397431328125 0.2617187484375
0 0.5087002843749999 0.3056640625 0.5087002843749999 0.3232421890625 0.5166134 0.330078125 0.5335700734375 0.3291015609375 0.5448745265625 0.3115234390625 0.5324396296875 0.298828125 0.518874290625 0.298828125 0.5087002843749999 0.3056640625
0 0.6613103703125 0.376953125 0.6533972546875 0.3857421890625 0.6533972546875 0.3994140625 0.6635712609375 0.408203125 0.6805279328125 0.4072265609375 0.6918323875 0.3994140625 0.6918323875 0.3857421890625 0.6771366000000001 0.375 0.6613103703125 0.376953125
0 0.574266096875 0.3486328109375 0.5765269875000001 0.3623046859375 0.58670099375 0.3691406234375 0.6059185578124999 0.3681640625 0.614962121875 0.3564453140625 0.6081794484375 0.3388671890625 0.58670099375 0.335937496875 0.574266096875 0.3486328109375
0 0.7404415265625001 0.4121093765625 0.7257457390625001 0.4208984390625 0.7257457390625001 0.4365234390625 0.7336588546875 0.445312503125 0.7438328609375 0.4462890625 0.759659090625 0.4384765609375 0.7619199812499999 0.4267578109375 0.7540068671875 0.4160156234375 0.7404415265625001 0.4121093765625
0 0.6658321515625001 0.4472656234375 0.6533972546875 0.4599609375 0.6511363640625001 0.4716796859375 0.6613103703125 0.482421875 0.6805279328125 0.4814453140625 0.6918323875 0.4697265609375 0.689571496875 0.4638671890625 0.674875709375 0.4472656234375 0.6658321515625001 0.4472656234375
0 0.218175896875 0.21875 0.20574100624999997 0.2275390625 0.20574100624999997 0.2412109375 0.2159150125 0.25 0.22834990312499998 0.2509765609375 0.2419152484375 0.2431640625 0.2441761328125 0.2294921890625 0.2340021328125 0.21875 0.218175896875 0.21875
0 0.1458274125 0.17968749687500002 0.133392521875 0.1884765609375 0.1311316296875 0.2001953140625 0.1390447453125 0.2089843765625 0.15826230937500002 0.2099609375 0.1718276484375 0.2021484390625 0.1718276484375 0.1904296859375 0.1571318671875 0.17968749687500002 0.1458274125 0.17968749687500002
0 0.1345229640625 0.2558593765625 0.1266098484375 0.2666015609375 0.1288707390625 0.2783203140625 0.1390447453125 0.2851562515625 0.15826230937500002 0.2841796859375 0.16956676406249999 0.2744140625 0.16504498125 0.2587890625 0.1593927578125 0.2539062515625 0.1345229640625 0.2558593765625
0 0.2204367875 0.2871093765625 0.208001890625 0.2958984390625 0.20574100624999997 0.3115234390625 0.21365412187500002 0.320312503125 0.23061079375000001 0.3212890625 0.23965435781250002 0.3154296859375 0.2419152484375 0.3017578109375 0.2294803515625 0.289062503125 0.2204367875 0.2871093765625
0 0.2927852734375 0.3320312515625 0.278089490625 0.3408203140625 0.278089490625 0.3564453140625 0.281480825 0.361328125 0.3006983875 0.3623046859375 0.31426373281250003 0.3544921890625 0.31652461875000004 0.3447265609375 0.31087239375000003 0.335937496875 0.2927852734375 0.3320312515625
0 0.358351090625 0.3710937484375 0.350437975 0.3798828109375 0.3526988609375 0.3955078109375 0.3798295453125 0.3974609375 0.38661221874999996 0.3916015609375 0.38209043593750003 0.3720703140625 0.3764382125 0.3691406234375 0.358351090625 0.3710937484375
0 0.4329604671875 0.4121093765625 0.42278646093749994 0.4208984390625 0.4250473453125 0.4345703140625 0.4352213515625 0.4414062515625 0.454438921875 0.4404296859375 0.463482478125 0.4345703140625 0.46122158750000003 0.4169921890625 0.4510475875 0.4101562515625 0.4329604671875 0.4121093765625
0 0.5166134 0.4472656234375 0.5019176125 0.4580078109375 0.5019176125 0.4697265609375 0.514352509375 0.4804687484375 0.5245265156250001 0.4794921890625 0.5380918546875 0.4716796859375 0.5403527453125 0.4619140625 0.5301787390625 0.4492187484375 0.5166134 0.4472656234375
0 0.58670099375 0.486328125 0.574266096875 0.4931640625 0.569744315625 0.5029296859375 0.5821792125 0.517578125 0.5946141093749999 0.5185546859375 0.6081794484375 0.5107421890625 0.6104403390625001 0.4990234390625 0.5980054421875 0.486328125 0.58670099375 0.486328125
0 0.674875709375 0.523437496875 0.6477450296875 0.5273437484375 0.6420928 0.5341796859375 0.6466145812499999 0.5498046859375 0.659049478125 0.5585937484375 0.671484375 0.5595703140625 0.68165838125 0.5566406234375 0.689571496875 0.5478515609375 0.68731060625 0.5302734390625 0.674875709375 0.523437496875
0 0.7381806359375 0.4902343765625 0.7234848484375 0.5009765609375 0.7234848484375 0.5126953140625 0.7359197453124999 0.523437496875 0.75287641875 0.5224609375 0.7619199812499999 0.5126953140625 0.759659090625 0.5009765609375 0.7517459750000001 0.492187496875 0.7381806359375 0.4902343765625
0 0.8286162421875 0.5253906234375 0.8127900125 0.5253906234375 0.798094225 0.5380859375 0.798094225 0.5537109375 0.8060073390625 0.560546875 0.8184422359375001 0.5615234390625 0.83313801875 0.5585937484375 0.8410511390625001 0.5478515609375 0.8410511390625001 0.5380859375 0.8286162421875 0.5253906234375
0 0.7359197453124999 0.560546875 0.7234848484375 0.5693359375 0.7212239578124999 0.5830078109375 0.7381806359375 0.595703125 0.7506155265625 0.5947265609375 0.7619199812499999 0.5869140625 0.7619199812499999 0.5712890625 0.7472241937499999 0.560546875 0.7359197453124999 0.560546875
0 0.8082682296874999 0.6054687484375 0.798094225 0.6162109375 0.798094225 0.6259765609375 0.8127900125 0.6367187484375 0.8252249031250001 0.6357421890625 0.8365293578124999 0.6279296859375 0.8365293578124999 0.6142578109375 0.8218335703124999 0.6035156234375 0.8082682296874999 0.6054687484375
0 0.1345229640625 0.328125 0.1266098484375 0.3369140625 0.1266098484375 0.3486328109375 0.1367838546875 0.361328125 0.14695786093750002 0.3603515609375 0.16278409062500002 0.3505859375 0.16278409062500002 0.3369140625 0.154870975 0.328125 0.1345229640625 0.328125
0 0.52113518125 0.373046875 0.5019176125 0.3837890625 0.5019176125 0.3955078109375 0.514352509375 0.40625 0.5245265156250001 0.4072265609375 0.5403527453125 0.3955078109375 0.5403527453125 0.3857421890625 0.5301787390625 0.375 0.52113518125 0.373046875
0 0.30635061874999997 0.408203125 0.2927852734375 0.40625 0.278089490625 0.4150390625 0.278089490625 0.4267578109375 0.283741715625 0.4335937484375 0.298437503125 0.4365234390625 0.30635061874999997 0.435546875 0.31652461875000004 0.4267578109375 0.31652461875000004 0.4169921890625 0.30635061874999997 0.408203125
0 0.358351090625 0.445312503125 0.348177084375 0.4580078109375 0.3526988609375 0.4716796859375 0.3560902 0.4746093765625 0.3753077640625 0.4736328109375 0.3843513265625 0.4658203140625 0.38209043593750003 0.4521484390625 0.374177321875 0.445312503125 0.358351090625 0.445312503125
0 0.4329604671875 0.484375 0.42278646093749994 0.4912109375 0.42052557031250004 0.5048828109375 0.42617779375 0.513671875 0.4352213515625 0.517578125 0.4476562484375 0.5166015609375 0.46122158750000003 0.5068359375 0.46122158750000003 0.4970703140625 0.4510475875 0.486328125 0.4329604671875 0.484375
0 0.51209161875 0.5214843765625 0.499656721875 0.5302734390625 0.49739582968749996 0.5458984390625 0.5030480609375 0.5527343765625 0.5200047328124999 0.5556640625 0.5335700734375 0.5517578109375 0.5358309640625001 0.5322265609375 0.5256569578125 0.5214843765625 0.51209161875 0.5214843765625
0 0.569744315625 0.5712890625 0.569744315625 0.5830078109375 0.5753965453125 0.5898437484375 0.59235321875 0.5927734390625 0.6059185578124999 0.5849609375 0.6059185578124999 0.5712890625 0.588961884375 0.5585937484375 0.569744315625 0.5712890625
0 0.659049478125 0.601562503125 0.6488754734375 0.6083984390625 0.6466145812499999 0.6201171890625 0.659049478125 0.632812503125 0.669223484375 0.6337890625 0.685049715625 0.6240234390625 0.685049715625 0.6103515609375 0.674875709375 0.601562503125 0.659049478125 0.601562503125
0 0.7359197453124999 0.638671875 0.7234848484375 0.6494140625 0.7212239578124999 0.6611328109375 0.7336588546875 0.671875 0.7438328609375 0.6728515609375 0.755137309375 0.6669921890625 0.7573982 0.6494140625 0.749485084375 0.640625 0.7359197453124999 0.638671875
0 0.7992246671875 0.6816406234375 0.7935724421875 0.6884765609375 0.7958333328125 0.7060546859375 0.8014855578125 0.710937496875 0.8229640125 0.7099609375 0.8320075750000001 0.7021484390625 0.829746684375 0.6845703140625 0.8173117875000001 0.6777343765625 0.7992246671875 0.6816406234375
0 0.2113932296875 0.367187496875 0.201219225 0.3779296859375 0.201219225 0.3916015609375 0.21365412187500002 0.4003906234375 0.2238281265625 0.3994140625 0.235132575 0.3916015609375 0.235132575 0.3779296859375 0.2294803515625 0.3691406234375 0.2113932296875 0.367187496875
0 0.13226207343750002 0.4023437484375 0.12208806718750001 0.4130859375 0.12208806718750001 0.4208984390625 0.1345229640625 0.4335937484375 0.1492187515625 0.4326171890625 0.1605232 0.4248046859375 0.16278409062500002 0.4169921890625 0.15034919375 0.4023437484375 0.13226207343750002 0.4023437484375
0 0.2068714484375 0.439453125 0.1989583328125 0.4462890625 0.1989583328125 0.4638671890625 0.2046105578125 0.470703125 0.21704545468749997 0.4716796859375 0.232871684375 0.4638671890625 0.232871684375 0.4501953140625 0.2204367875 0.439453125 0.2068714484375 0.439453125
0 0.2927852734375 0.476562503125 0.281480825 0.4785156234375 0.27130681874999996 0.4912109375 0.273567709375 0.5068359375 0.2893939390625 0.5126953140625 0.3018288359375 0.5097656234375 0.3097419515625 0.4990234390625 0.30522017031250004 0.4873046859375 0.2927852734375 0.476562503125
0 0.34930752656249997 0.5195312515625 0.3413944125 0.5361328109375 0.34591619375 0.5478515609375 0.3560902 0.5527343765625 0.3730468734375 0.5517578109375 0.3843513265625 0.5419921890625 0.38209043593750003 0.5244140625 0.3696555390625 0.517578125 0.34930752656249997 0.5195312515625
0 0.428438684375 0.5585937484375 0.418264678125 0.5693359375 0.418264678125 0.5810546859375 0.42617779375 0.5898437484375 0.44087358125 0.5908203140625 0.454438921875 0.5830078109375 0.45669981249999997 0.5712890625 0.44878669687499995 0.560546875 0.428438684375 0.5585937484375
0 0.5098307265625001 0.5976562515625 0.49739582968749996 0.6083984390625 0.49739582968749996 0.6220703140625 0.5075698359375 0.6308593765625 0.5177438421875 0.6318359375 0.5335700734375 0.6220703140625 0.5335700734375 0.6083984390625 0.5233960734374999 0.5996093765625 0.5098307265625001 0.5976562515625
0 0.588961884375 0.6367187484375 0.569744315625 0.6474609375 0.569744315625 0.6630859375 0.5821792125 0.669921875 0.59235321875 0.6689453140625 0.6036576734375 0.6630859375 0.6059185578124999 0.6513671890625 0.60139678125 0.6435546859375 0.588961884375 0.6367187484375
0 0.650005921875 0.679687496875 0.6466145812499999 0.6845703140625 0.6488754734375 0.7060546859375 0.659049478125 0.710937496875 0.671484375 0.7099609375 0.682788825 0.7001953140625 0.6782670421875 0.6826171890625 0.6703539265625 0.6777343765625 0.650005921875 0.679687496875
0 0.7336588546875 0.7128906234375 0.7212239578124999 0.7255859375 0.7212239578124999 0.7412109375 0.7313979640625 0.748046875 0.7483546421875 0.7470703140625 0.755137309375 0.7392578109375 0.75287641875 0.7236328109375 0.7472241937499999 0.716796875 0.7336588546875 0.7128906234375
0 0.8060073390625 0.7539062515625 0.798094225 0.7626953140625 0.798094225 0.7802734390625 0.8037464484375001 0.7851562515625 0.8252249031250001 0.7841796859375 0.8320075750000001 0.7744140625 0.829746684375 0.7626953140625 0.8173117875000001 0.7539062515625 0.8060073390625 0.7539062515625
0 0.1390447453125 0.4785156234375 0.127740290625 0.482421875 0.12208806718750001 0.4892578109375 0.12208806718750001 0.5009765609375 0.13226207343750002 0.5097656234375 0.1446969703125 0.5107421890625 0.15600141875 0.5048828109375 0.15826230937500002 0.4912109375 0.14808830312500001 0.4804687484375 0.1390447453125 0.4785156234375
0 0.2113932296875 0.513671875 0.200088775 0.515625 0.189914775 0.5244140625 0.189914775 0.5419921890625 0.200088775 0.548828125 0.21026278125000003 0.5478515609375 0.2204367875 0.544921875 0.22834990312499998 0.5361328109375 0.2238281265625 0.5205078109375 0.2113932296875 0.513671875
0 0.2792199328125 0.5527343765625 0.2667850359375 0.5654296859375 0.2667850359375 0.5791015609375 0.2792199328125 0.5878906234375 0.29391572187500004 0.5869140625 0.302959278125 0.5810546859375 0.30522017031250004 0.5673828109375 0.2950461640625 0.554687496875 0.2792199328125 0.5527343765625
0 0.3560902 0.591796875 0.343655303125 0.6025390625 0.343655303125 0.6162109375 0.34930752656249997 0.623046875 0.364003315625 0.6259765609375 0.3775686546875 0.6181640625 0.3798295453125 0.6044921890625 0.3696555390625 0.59375 0.3560902 0.591796875
0 0.120957625 0.554687496875 0.1153054 0.5634765609375 0.11756629062499999 0.5791015609375 0.127740290625 0.585937496875 0.14695786093750002 0.5849609375 0.15600141875 0.5751953140625 0.1537405328125 0.5576171890625 0.1458274125 0.5527343765625 0.120957625 0.554687496875
0 0.20234966718749997 0.5898437484375 0.1921756609375 0.6005859375 0.1944365515625 0.6162109375 0.2046105578125 0.6210937484375 0.2147845640625 0.6201171890625 0.22608901874999998 0.6162109375 0.23061079375000001 0.6025390625 0.218175896875 0.5898437484375 0.20234966718749997 0.5898437484375
0 0.2792199328125 0.6308593765625 0.2690459265625 0.6376953140625 0.2690459265625 0.6572265609375 0.2746981515625 0.6621093765625 0.2871330484375 0.6630859375 0.29730705468749996 0.6601562515625 0.30522017031250004 0.6474609375 0.2927852734375 0.6289062515625 0.2792199328125 0.6308593765625
0 0.353829309375 0.6679687484375 0.34591619375 0.6728515609375 0.3413944125 0.6884765609375 0.34930752656249997 0.6992187484375 0.368525096875 0.7001953140625 0.3798295453125 0.6923828109375 0.3798295453125 0.6806640625 0.3696555390625 0.6679687484375 0.353829309375 0.6679687484375
0 0.423916903125 0.7070312515625 0.413742896875 0.7197265609375 0.41600378750000006 0.7333984390625 0.42617779375 0.7402343765625 0.4431344734375 0.7392578109375 0.454438921875 0.7314453140625 0.4521780296875 0.7158203140625 0.44200402499999997 0.7070312515625 0.423916903125 0.7070312515625
0 0.5053089515625 0.748046875 0.4951349453125 0.7548828109375 0.49061316406250005 0.7705078109375 0.49852627812500006 0.779296875 0.5132220671875001 0.7802734390625 0.5233960734374999 0.7773437484375 0.529048296875 0.7666015609375 0.518874290625 0.75 0.5053089515625 0.748046875
0 0.5776574359375 0.7128906234375 0.5674834296875 0.7236328109375 0.569744315625 0.7392578109375 0.5878314421875 0.7470703140625 0.6059185578124999 0.7373046859375 0.6059185578124999 0.7255859375 0.591222775 0.710937496875 0.5776574359375 0.7128906234375
0 0.5075698359375 0.669921875 0.4951349453125 0.6826171890625 0.4928740546875 0.6923828109375 0.5053089515625 0.7070312515625 0.5177438421875 0.7060546859375 0.529048296875 0.6982421890625 0.529048296875 0.6826171890625 0.52113518125 0.673828125 0.5075698359375 0.669921875
0 0.4329604671875 0.632812503125 0.42278646093749994 0.6396484390625 0.42052557031250004 0.6572265609375 0.428438684375 0.664062503125 0.44539535781249995 0.6650390625 0.45669981249999997 0.6572265609375 0.45669981249999997 0.6416015609375 0.444264915625 0.632812503125 0.4329604671875 0.632812503125
0 0.6398319156250001 0.7626953140625 0.6420928 0.7763671890625 0.6477450296875 0.78125 0.669223484375 0.7802734390625 0.6760061578125 0.7724609375 0.671484375 0.7548828109375 0.6477450296875 0.7539062515625 0.6398319156250001 0.7626953140625
0 0.72687618125 0.7910156234375 0.716702175 0.7998046859375 0.714441284375 0.8134765609375 0.72235440625 0.8222656234375 0.7370501875000001 0.8232421890625 0.7506155265625 0.8154296859375 0.7506155265625 0.8037109375 0.7427024125 0.7929687484375 0.72687618125 0.7910156234375
0 0.792442 0.8339843765625 0.7867897703125 0.8388671890625 0.7867897703125 0.8564453140625 0.796963775 0.8652343765625 0.8207031265625 0.8662109375 0.8320075750000001 0.8564453140625 0.829746684375 0.8388671890625 0.8173117875000001 0.830078125 0.792442 0.8339843765625
0 0.5731356546875 0.789062503125 0.5652225390625001 0.8017578109375 0.569744315625 0.8193359375 0.5731356546875 0.8222656234375 0.596875 0.8212890625 0.6059185578124999 0.8095703140625 0.60139678125 0.7958984390625 0.58670099375 0.7871093765625 0.5731356546875 0.789062503125
0 0.6432232484375 0.830078125 0.6353101328124999 0.8369140625 0.6398319156250001 0.8544921890625 0.65226680625 0.8632812515625 0.66696259375 0.8623046859375 0.6782670421875 0.8525390625 0.6760061578125 0.8349609375 0.6635712609375 0.828125 0.6432232484375 0.830078125
0 0.72687618125 0.867187496875 0.714441284375 0.8798828109375 0.714441284375 0.8896484390625 0.72687618125 0.9003906234375 0.7415719703125 0.8994140625 0.7506155265625 0.8916015609375 0.7506155265625 0.8798828109375 0.7427024125 0.8691406234375 0.72687618125 0.867187496875
0 0.127740290625 0.626953125 0.119827175 0.6318359375 0.1153054 0.6455078109375 0.12547940625 0.658203125 0.137914296875 0.6591796859375 0.1514796421875 0.6513671890625 0.1537405328125 0.6416015609375 0.1458274125 0.6289062515625 0.127740290625 0.626953125
0 0.2068714484375 0.6660156234375 0.1944365515625 0.6767578109375 0.1944365515625 0.6904296859375 0.20234966718749997 0.6972656234375 0.2125236734375 0.6982421890625 0.22608901874999998 0.6923828109375 0.23061079375000001 0.6806640625 0.2204367875 0.6679687484375 0.2068714484375 0.6660156234375
0 0.2792199328125 0.705078125 0.2645241453125 0.7138671890625 0.2622632609375 0.7314453140625 0.270176375 0.7382812515625 0.2893939390625 0.7392578109375 0.302959278125 0.7314453140625 0.302959278125 0.7158203140625 0.29730705468749996 0.7089843765625 0.2792199328125 0.705078125
0 0.3470466359375 0.748046875 0.33461174531250004 0.7607421890625 0.33461174531250004 0.7666015609375 0.3447857453125 0.7773437484375 0.361742425 0.7783203140625 0.3707859875 0.7724609375 0.3707859875 0.7568359375 0.3628728671875 0.748046875 0.3470466359375 0.748046875
0 0.4216560125 0.7851562515625 0.41148200625 0.7939453140625 0.413742896875 0.8095703140625 0.423916903125 0.8164062515625 0.44087358125 0.8154296859375 0.4499171390625 0.8056640625 0.4476562484375 0.7939453140625 0.4397431328125 0.7851562515625 0.4216560125 0.7851562515625
0 0.4962653875 0.830078125 0.48609138124999995 0.8447265609375 0.4883522734375 0.8525390625 0.4962653875 0.859375 0.5177438421875 0.8583984390625 0.5245265156250001 0.8505859375 0.522265625 0.8369140625 0.51209161875 0.828125 0.4962653875 0.830078125
0 0.5731356546875 0.8652343765625 0.5629616484375 0.8720703140625 0.5584398671875 0.8857421890625 0.56635298125 0.8964843765625 0.5833096609374999 0.8974609375 0.5946141093749999 0.8916015609375 0.5946141093749999 0.8740234390625 0.584440103125 0.8652343765625 0.5731356546875 0.8652343765625
0 0.120957625 0.7070312515625 0.11304450937499999 0.7138671890625 0.11078361875 0.7236328109375 0.1164358421875 0.732421875 0.133392521875 0.7373046859375 0.142436078125 0.7333984390625 0.14695786093750002 0.7177734390625 0.1367838546875 0.7070312515625 0.120957625 0.7070312515625
0 0.195567 0.748046875 0.187653884375 0.7568359375 0.187653884375 0.7685546859375 0.195567 0.7753906234375 0.2147845640625 0.7744140625 0.2238281265625 0.7646484390625 0.2215672359375 0.7548828109375 0.2091323390625 0.7460937484375 0.195567 0.748046875
0 0.2746981515625 0.7851562515625 0.2645241453125 0.7958984390625 0.2645241453125 0.8076171890625 0.2746981515625 0.8164062515625 0.2893939390625 0.8154296859375 0.298437503125 0.8095703140625 0.298437503125 0.7958984390625 0.288263496875 0.7851562515625 0.2746981515625 0.7851562515625
0 0.35156841875 0.820312503125 0.339133521875 0.8291015609375 0.339133521875 0.8466796859375 0.3470466359375 0.8535156234375 0.3594815328125 0.8525390625 0.3707859875 0.8466796859375 0.3753077640625 0.8369140625 0.3628728671875 0.8222656234375 0.35156841875 0.820312503125
0 0.4216560125 0.8632812515625 0.409221115625 0.8720703140625 0.4069602296875 0.8857421890625 0.4148733453125 0.8964843765625 0.43409090937499994 0.8974609375 0.44539535781249995 0.8916015609375 0.4476562484375 0.8740234390625 0.4397431328125 0.8652343765625 0.4216560125 0.8632812515625
0 0.12547940625 0.779296875 0.11756629062499999 0.7841796859375 0.11304450937499999 0.7919921890625 0.1164358421875 0.8007812515625 0.142436078125 0.8017578109375 0.14695786093750002 0.7998046859375 0.14695786093750002 0.7900390625 0.1367838546875 0.779296875 0.12547940625 0.779296875
0 0.195567 0.8222656234375 0.187653884375 0.8291015609375 0.187653884375 0.8466796859375 0.195567 0.8535156234375 0.2125236734375 0.8525390625 0.2215672359375 0.8427734390625 0.2215672359375 0.8349609375 0.2091323390625 0.8222656234375 0.195567 0.8222656234375
0 0.2724372609375 0.859375 0.2600023703125 0.8740234390625 0.2600023703125 0.8818359375 0.267915484375 0.890625 0.2916548296875 0.8896484390625 0.2961766125 0.8857421890625 0.2916548296875 0.8642578109375 0.28600260624999996 0.859375 0.2724372609375 0.859375
0 0.10513139375 0.859375 0.097218278125 0.8681640625 0.0994791640625 0.8896484390625 0.10513139375 0.8945312515625 0.13565340625 0.8955078109375 0.14695786093750002 0.8818359375 0.142436078125 0.8623046859375 0.13000118125 0.8554687484375 0.10513139375 0.859375
0 0.4397431328125 0.3320312515625 0.4295691265625 0.3408203140625 0.4295691265625 0.3564453140625 0.4397431328125 0.3652343765625 0.454438921875 0.3642578109375 0.4657433703125 0.3544921890625 0.4657433703125 0.3427734390625 0.4555693640625 0.3320312515625 0.4397431328125 0.3320312515625
0 0.58670099375 0.4121093765625 0.5765269875000001 0.4228515609375 0.5765269875000001 0.4345703140625 0.588961884375 0.445312503125 0.6036576734375 0.4443359375 0.6127012296875 0.4384765609375 0.6127012296875 0.4208984390625 0.602527225 0.4121093765625 0.58670099375 0.4121093765625