1 0.9454920640625 0.125222415625 0.927980828125 0.12369038125000001 0.9198153484375 0.127383834375 0.9074875359375 0.14503861875 0.90653076875 0.155974515625 0.9127827109375 0.17415285625000002 0.9238828078125 0.1817357515625 0.940325521875 0.1842762609375 0.9584904140624999 0.1671321578125 0.9605953015625 0.1430731828125 0.952892128125 0.130277678125 0.9454920640625 0.125222415625
1 0.9110283734375001 0.1717954484375 0.907902403125 0.16270628125 0.900007875 0.1520979546875 0.8807423015625 0.1482085125 0.872576821875 0.15190196875 0.8629601125 0.1609782578125 0.858303315625 0.1693865265625 0.8569638421875 0.18469678125 0.8600898109375 0.1937859515625 0.866038646875 0.20422404843750003 0.8725615437500001 0.20810060937500002 0.8890042546875 0.210641121875 0.89716973125 0.206947665625 0.9093061921875 0.191480065625 0.9124000046875 0.1785272140625 0.9110283734375001 0.1717954484375
1 0.8633106640625 0.1345618796875 0.8573618265625 0.12412378125000001 0.8462617328125001 0.1165408859375 0.8345875749999999 0.11551952968750001 0.8244764046874999 0.1190427578125 0.8125312953125 0.13232318125 0.8092461312499999 0.1474632125 0.8106177609375 0.154194978125 0.8216382609374999 0.173892471875 0.8264068171875 0.17541162500000002 0.8409038375 0.177781909375 0.8469322703125 0.1761054109375 0.8610144234374999 0.1608080328125 0.8644909406249999 0.1434808234375 0.8633106640625 0.1345618796875
1 0.8137437359374999 0.1632841453125 0.8077948984375001 0.15284604531249998 0.79669480625 0.1452631515625 0.7850206484375 0.1442417953125 0.7749094765625 0.14776502656249998 0.7627730140625 0.163232625 0.761050834375 0.18291724375 0.7703169953125 0.2002573328125 0.778785584375 0.2043041203125 0.7932826000000001 0.206674403125 0.8014480796875001 0.20298095 0.8135845390625001 0.18751334687500001 0.8153067187499999 0.1678287296875 0.8137437359374999 0.1632841453125
1 0.769151996875 0.13513974687500002 0.766026021875 0.12605057656250002 0.7524857734375 0.11274439375 0.7308917984375001 0.1130590875 0.7191380421875 0.12415232968750001 0.7140985390625 0.1369349546875 0.7148961125 0.150228259375 0.721530759375 0.164032240625 0.7326308578125 0.17161513125 0.7432364890625001 0.17364496875 0.7533476640625001 0.1701217359375 0.7629643671874999 0.1610454484375 0.7676211703125 0.15263718125 0.769151996875 0.13513974687500002
1 0.714704759375 0.1524154359375 0.710318909375 0.14652192343749998 0.7009731515625 0.14129643593750002 0.685407609375 0.1399346265625 0.6772421328125 0.14362808124999998 0.6649143171875 0.16128286249999998 0.6637661968749999 0.174405940625 0.6702094953125 0.1903971 0.6782953734375 0.19881824374999998 0.685009625 0.2005076265625 0.7016436875000001 0.20086095624999997 0.713397440625 0.18976771406249998 0.7182455953125 0.1791722703125 0.7193937171875 0.1660491921875 0.714704759375 0.1524154359375
1 0.6589011671875 0.10676072343750001 0.6374985453125 0.10488823750000001 0.6214706984375 0.1200153875 0.6178028265625 0.139529775 0.62249178125 0.15316353124999998 0.6334005265625 0.162933603125 0.653734625 0.1658145703125 0.665297025 0.1569085046875 0.6722822234375 0.1442961046875 0.672058709375 0.12444126562499999 0.6589011671875 0.10676072343750001
1 0.622109075 0.1575378890625 0.6189831046875 0.1484487203125 0.6073885453125001 0.1353127609375 0.5879316171875 0.1336105015625 0.57656056875 0.140329384375 0.5697667234375 0.1507546078125 0.5678531890625 0.1726264 0.5694161765625 0.1771709859375 0.575365009375 0.18760908437499998 0.5855879390625 0.194013275 0.60008495625 0.1963835625 0.6082504359375001 0.19269010625 0.6205782484375 0.17503532500000002 0.62328935625 0.166456834375 0.622109075 0.1575378890625
1 0.573722428125 0.1951790984375 0.5692248234374999 0.179358165625 0.5556845703125 0.1660519828125 0.540119028125 0.1646901734375 0.5319535515625 0.1683836296875 0.5200084453125 0.181664053125 0.5180949109374999 0.2035358484375 0.5273610703125 0.22087593437500003 0.5338839640625 0.22475249531250002 0.55227236875 0.2274632359375 0.5563551062500001 0.22561650625000002 0.565971815625 0.21654021406249999 0.5706286125 0.20813195156250003 0.573722428125 0.1951790984375
1 0.575954353125 0.12484890468750001 0.572828378125 0.1157597359375 0.56123381875 0.10262377812500001 0.5398312015625 0.10075129218750001 0.5261317546875001 0.1116743109375 0.521474953125 0.120082575 0.520135478125 0.1353928296875 0.526578778125 0.15138399375 0.5413789078125 0.16149451718750002 0.5480931531250001 0.1631839 0.5622870625 0.15781394375 0.5697667234375 0.1507546078125 0.5746148796874999 0.140159159375 0.575954353125 0.12484890468750001
1 0.5248244375 0.1490265859375 0.5188756031249999 0.1385884859375 0.5097212 0.1311758203125 0.492209965625 0.12964378593749998 0.4840444890625 0.13333724062500002 0.471908025 0.1488048390625 0.4703771984375 0.16630227656250002 0.4735031703125 0.175391446875 0.4831520375 0.1883571765625 0.48792059375 0.189876334375 0.5043633046875 0.19241684375 0.50844604375 0.19057011562499998 0.51573435 0.185697959375 0.5248565984375 0.17106860625 0.5248244375 0.1490265859375
1 0.46745785937499995 0.0988272859375 0.45811210156250004 0.093601796875 0.4483836390625 0.0927506671875 0.43827246875 0.0962738953125 0.42651871718749995 0.10736713906249999 0.42399896249999997 0.11375845312499999 0.4226594890625 0.1290687078125 0.42734844531249994 0.1427024640625 0.439134359375 0.153651240625 0.44584860624999995 0.155340621875 0.4626740234375 0.15350677343750002 0.47229073125000004 0.14443048125 0.47694753125 0.13602221875 0.47710672656249997 0.11179301718750001 0.46745785937499995 0.0988272859375
1 0.4271570921875 0.144889640625 0.4255941046875 0.14034505625 0.41049086875 0.1224942921875 0.3888968953125 0.12280898124999999 0.3771431421875 0.133902228125 0.3722949859375 0.1444976734375 0.37251850000000003 0.1643525125 0.3802216734375 0.1771480171875 0.39044460000000003 0.18355220781249998 0.4010502359375 0.18558204375 0.4111614046875 0.1820588125 0.42077811406250004 0.172982525 0.4254349125 0.16457425781249999 0.4271570921875 0.144889640625
1 0.476437790625 0.18666779687499999 0.469994490625 0.1706766375 0.4582085796875 0.1597278609375 0.4426430375 0.1583660515625 0.43447756093749995 0.16205950625 0.42486085156250003 0.1711357953125 0.42001270156250003 0.18173124062499998 0.41905593437500005 0.1926671375 0.42199055156250004 0.2039434859375 0.427939384375 0.2143815859375 0.438162309375 0.2207857796875 0.4507136390625 0.2229858375 0.45674206875 0.22130933437500003 0.4684958234375 0.21021609375 0.47567237812499996 0.1954165171875 0.476437790625 0.18666779687499999
1 0.5225925124999999 0.2193567796875 0.5194665421875 0.21026761249999998 0.5115720140625 0.1996592859375 0.5002805671874999 0.1942635734375 0.4823866234375 0.1971058953125 0.472769915625 0.2061821875 0.46811311718750004 0.21459045156249998 0.468145275 0.2366324703125 0.47584844843749996 0.2494279765625 0.486071378125 0.2558321671875 0.49862270156250005 0.258032228125 0.506788178125 0.254338771875 0.5164048875 0.2452624828125 0.5210616859375 0.23685421718750002 0.5225925124999999 0.2193567796875
1 0.38061965937500003 0.11657501875000001 0.3776850421875 0.10529866562500001 0.369790515625 0.09469034374999999 0.36044475781249996 0.0894648515625 0.34877060000000004 0.0884434953125 0.33865943125000003 0.0919667265625 0.329042721875 0.1010430140625 0.3241945703125 0.11163846250000001 0.32460943750000004 0.129306125 0.3340669484375 0.1444590328125 0.3405898421875 0.14833559375 0.358978246875 0.15104633125 0.3630609890625 0.149199603125 0.37267769375 0.1401233109375 0.3796628921875 0.127510915625 0.38061965937500003 0.11657501875000001
1 0.3754531171875 0.17562886093750002 0.369504284375 0.1651907640625 0.36034988125 0.1577780953125 0.3447843390625 0.1564162859375 0.336618859375 0.16010974218750001 0.3270021546875 0.16918603125 0.322345353125 0.17759429531249998 0.321005878125 0.1929045546875 0.32413185312500004 0.201993721875 0.33660358125 0.2163083828125 0.3569376796875 0.2191893453125 0.37063712656250003 0.20826632968749997 0.375293925 0.1998580609375 0.3770161046875 0.1801734484375 0.3754531171875 0.17562886093750002
1 0.31808654375 0.1254295640625 0.2968752765625 0.121369896875 0.2846270578125 0.1269100796875 0.27695604375 0.13615659687499998 0.27328816875 0.1556709828125 0.274659803125 0.1624027484375 0.28869451874999996 0.18126199062499998 0.3090286125 0.1841429578125 0.3271935078125 0.1669988515625 0.330861378125 0.1474844640625 0.3277354078125 0.1383952921875 0.31808654375 0.1254295640625
1 0.28314366875 0.11025089218749999 0.2802090515625 0.09897454375 0.2647231046875 0.0854981359375 0.24312913281249998 0.08581282812499999 0.23370377968749997 0.0927019375 0.2290469765625 0.10111020468750001 0.22713344218749998 0.12298199843749999 0.22869642968749998 0.1275265828125 0.2346452625 0.13796468281250002 0.2448681921875 0.144368875 0.25936520937499996 0.14673915937499998 0.26539364062500004 0.145062659375 0.27268195156249997 0.1401905015625 0.2818041953125 0.1255611515625 0.28314366875 0.11025089218749999
1 0.23163104687499997 0.138802934375 0.22869642968749998 0.1275265828125 0.2208019015625 0.11691826093749999 0.21145614687499997 0.11169276875 0.1997819875 0.11067141250000001 0.1896708171875 0.11419464374999999 0.1800541125 0.12327093125 0.17520595625 0.133866378125 0.1754294703125 0.15372121875 0.18858701718749998 0.17140176093749998 0.195301265625 0.173091140625 0.20396120624999997 0.17495075 0.2160180671875 0.17159774375 0.223497728125 0.1645384078125 0.2304829265625 0.151926009375 0.23163104687499997 0.138802934375
1 0.27446845 0.164589928125 0.260928196875 0.15128374375 0.24341695937500002 0.149751709375 0.2352514828125 0.153445165625 0.22311502187499999 0.168912765625 0.221392840625 0.1885973828125 0.2262731515625 0.2000439578125 0.2352362046875 0.20964380781249997 0.2575159953125 0.212694996875 0.26907839375 0.20378893125 0.2758722390625 0.1933637125 0.2789660546875 0.1804108609375 0.27446845 0.164589928125
1 0.3239405 0.204180903125 0.3142916328125 0.1912151703125 0.304945875 0.1859896828125 0.29716310625000003 0.185308778125 0.28296919374999996 0.190678734375 0.270832734375 0.20614633906250002 0.270864890625 0.2281883578125 0.27856806562499997 0.2409838609375 0.28879099375 0.24738805468749997 0.3032880109375 0.2497583375 0.3114534890625 0.24606488437500001 0.32591834999999997 0.22639315 0.3270664703125 0.21327007187499997 0.3239405 0.204180903125
1 0.4156590109375 0.1978797484375 0.4082589453125 0.1928244875 0.3907477125 0.191292453125 0.372582815625 0.2084365546875 0.3691063 0.2257637640625 0.370477928125 0.232495528125 0.38451264375 0.2513547734375 0.40484674218750005 0.2542357359375 0.41854618906249996 0.24331271875 0.42320298906250003 0.23490445312500002 0.425116521875 0.213032659375 0.4156590109375 0.1978797484375
1 0.374975534375 0.2483164625 0.370286575 0.23468270625 0.3548006328125 0.22120630000000002 0.34507216875 0.22035517031250001 0.3308782578125 0.225725125 0.3208788453125 0.239175775 0.3189653109375 0.26104756875 0.32052829374999997 0.2655921515625 0.324722790625 0.2736728453125 0.33670005625 0.282434446875 0.3492513828125 0.284634503125 0.359362553125 0.2811112765625 0.369170615625 0.269847803125 0.3740187671875 0.259252359375 0.374975534375 0.2483164625
1 0.180404659375 0.09685455312499999 0.1725101328125 0.0862462265625 0.16511006875 0.081190965625 0.1475988328125 0.07965893125 0.1415704015625 0.0813354296875 0.12981664843750002 0.092428675 0.1255747140625 0.1185046015625 0.136786565625 0.13601491875 0.1510922328125 0.1405723828125 0.16188921875 0.1404150375 0.1732602671875 0.133696153125 0.1777257109375 0.12747506718749999 0.1831479234375 0.1103180828125 0.180404659375 0.09685455312499999
1 0.17622704375 0.16701452187500002 0.17310106875 0.15792535000000002 0.15956082031250002 0.1446191703125 0.1401038890625 0.14291690937499998 0.1298013671875 0.1486273171875 0.1221303515625 0.157873834375 0.11903653750000001 0.17082668125 0.1215884515625 0.18647739375 0.1329916578125 0.2018005296875 0.137760209375 0.20331968281249999 0.15225723124999999 0.2056899703125 0.1582856625 0.20401346875 0.170039415625 0.192920221875 0.1746962171875 0.18451195781250002 0.17622704375 0.16701452187500002
1 0.22451881562499998 0.19768655156249998 0.21486994531249998 0.184720821875 0.205524190625 0.179495334375 0.1938500328125 0.17847397812500002 0.18160181875 0.1840141609375 0.1762592015625 0.1890565421875 0.1690826484375 0.203856121875 0.16831723437499999 0.2126048390625 0.17125185625 0.22388118750000002 0.187423615625 0.24072347968750002 0.1999749421875 0.2429235375 0.2100861109375 0.23940031093749997 0.2197028203125 0.23032401875000003 0.226879371875 0.21552443906250002 0.22451881562499998 0.19768655156249998
1 0.27242787812499997 0.23273294375 0.2645333515625 0.22212461718749998 0.2571332890625 0.2170693546875 0.24351343593750002 0.215877771875 0.231456575 0.219230775 0.22611395937499998 0.22427315781249998 0.218746053125 0.24125991562500002 0.2179806390625 0.25000863125 0.22091525625 0.2612849859375 0.23056412499999998 0.2742507140625 0.23903271250000002 0.2782975015625 0.2556667765625 0.2786508328125 0.2695575765625 0.2655406375 0.274214375 0.25713236875 0.2753624953125 0.24400929062499999 0.27242787812499997 0.23273294375
1 0.472642878125 0.25245340625 0.4695169078125 0.24336423593749998 0.46162237968750003 0.2327559125 0.4522766234375 0.227530421875 0.44060246562499994 0.226509065625 0.43243698906250005 0.23020252187499998 0.42282028125000004 0.2392788109375 0.41816348281250004 0.24768707656250002 0.41682400937499997 0.26299733281250004 0.41975862656249996 0.27427368125 0.4276531546875 0.2848820078125 0.43612174374999996 0.28892879374999997 0.444781684375 0.2907884 0.45683854375 0.2874353984375 0.466455253125 0.27835910625000004 0.47111205156249997 0.2699508421875 0.472642878125 0.25245340625
1 0.4162499484375 0.269558871875 0.41186409843750005 0.263665359375 0.40251834375 0.2584398671875 0.3828700625 0.2589247875 0.37111630624999997 0.2700180296875 0.36645950781250003 0.2784262984375 0.3651200328125 0.293736553125 0.3715633328125 0.309727715625 0.3815949046875 0.31831908593749997 0.3883091515625 0.320008465625 0.40105183125000005 0.3200213453125 0.40727161718750005 0.3161576640625 0.4170796796875 0.3048941953125 0.4223105375 0.2899243921875 0.4162499484375 0.269558871875
1 0.3711806265625 0.3141020734375 0.3680546515625 0.3050129015625 0.3547057546875 0.2895195390625 0.3371945203125 0.2879875046875 0.32902904374999997 0.2916809625 0.3168925796875 0.3071485625 0.31536175312500003 0.32464599843749997 0.3184877265625 0.3337351703125 0.3226822203125 0.34181586249999996 0.332905146875 0.3482200515625 0.345456475 0.35042011562500003 0.3534305984375 0.3489138375 0.36518435 0.3378205953125 0.369841153125 0.329412328125 0.3711806265625 0.3141020734375
1 0.321899928125 0.2723239171875 0.3159510953125 0.2618858171875 0.3067966921875 0.254473153125 0.2873397609375 0.2527708921875 0.2832570234375 0.2546176171875 0.275968715625 0.2594897765625 0.26684646875 0.2741191265625 0.2656983484375 0.2872422046875 0.26882432343749996 0.2963313734375 0.27477315625 0.3067694703125 0.28499608125 0.31317366562500004 0.299493103125 0.3155439484375 0.305521534375 0.313867446875 0.3172752859375 0.302774203125 0.32193208906250004 0.2943659375 0.321899928125 0.2723239171875
1 0.3198593578125 0.3404669359375 0.3149790453125 0.32902035625 0.3051388265625 0.3182418078125 0.28373620625 0.316369321875 0.2678997125 0.3293092921875 0.26365778125 0.35538521875 0.274869634375 0.372895534375 0.2813925265625 0.3767720953125 0.29588954843750004 0.37914237812499996 0.3040550234375 0.375448925 0.31367173125000003 0.3663726359375 0.31832853125 0.3579643703125 0.3198593578125 0.3404669359375
1 0.271758940625 0.307607721875 0.2686329703125 0.298518553125 0.2644384734375 0.290437859375 0.2552840703125 0.2830251921875 0.23388145 0.28115270468750003 0.21571655937499998 0.2982968078125 0.213994378125 0.3179814234375 0.2171203484375 0.3270705921875 0.225014875 0.3376789171875 0.2334834640625 0.3417257046875 0.246034790625 0.3439257625 0.25206322187499997 0.3422492640625 0.263625621875 0.33334319843750004 0.2706108203125 0.32073079843749996 0.271758940625 0.307607721875
1 0.2189695671875 0.261114759375 0.20737500781249998 0.2479788 0.1881094296875 0.24408936250000002 0.179943953125 0.2477828171875 0.17032724531250001 0.2568591078125 0.16567044687500002 0.265267371875 0.16570260625 0.28730939218749996 0.173405778125 0.300104896875 0.179928671875 0.3039814578125 0.202208465625 0.30703264531249996 0.2116338171875 0.3001435359375 0.22075606250000002 0.28551418281249996 0.2219041828125 0.2723911078125 0.2189695671875 0.261114759375
1 0.1726234875 0.2306129515625 0.1710605015625 0.22606836718749998 0.161411634375 0.21310263593749998 0.15206587656249998 0.2078771484375 0.1403917203125 0.2068557921875 0.13028055 0.21037901875 0.12066384062499999 0.2194553109375 0.11600704218749999 0.22786357656249998 0.1148589234375 0.24098665000000002 0.11779353906250001 0.25226300468749996 0.127442409375 0.2652287328125 0.135910996875 0.2692755203125 0.144570934375 0.271135125 0.15662779843750002 0.2677821234375 0.16624450625 0.2587058328125 0.17090130625 0.25029756875000003 0.1726234875 0.2306129515625
1 0.159562415625 0.2790584734375 0.1502166609375 0.273832984375 0.13465111875 0.2724711765625 0.1264856421875 0.2761646296875 0.11686893281249999 0.28524092031250003 0.11221213593749998 0.293649184375 0.112244290625 0.3156912078125 0.11819312500000001 0.326129303125 0.126470359375 0.332363271875 0.14875015 0.33541445937500003 0.162640953125 0.3223042625 0.16729775156249999 0.3138959984375 0.16882857812500002 0.29639856249999996 0.159562415625 0.2790584734375
1 0.21673764062499998 0.3314449546875 0.21185733125 0.319998375 0.19618003125 0.3087091484375 0.18450587499999999 0.3076877921875 0.1743947046875 0.3112110203125 0.1669150453125 0.31827035625 0.159738490625 0.3330699328125 0.1619076953125 0.35309500312500003 0.1715565640625 0.36606073125 0.18197084218749998 0.37027774375 0.1906307828125 0.37213735312499996 0.2007419546875 0.368614121875 0.21035866250000002 0.35953783437500003 0.21501546093749999 0.3511295671875 0.21673764062499998 0.3314449546875
1 0.2662096921875 0.371035928125 0.263083721875 0.3619467578125 0.25518919218749997 0.35133843124999997 0.2477891265625 0.34628316875 0.23222358437500001 0.34492136093750003 0.2240581078125 0.3486148140625 0.20997595625 0.36391219218750004 0.20825377500000003 0.383596809375 0.209816759375 0.3881413921875 0.2157655953125 0.3985794921875 0.2240428265625 0.40481345625 0.24437692656249999 0.40769441874999995 0.2484596640625 0.40584769375 0.255747971875 0.400975534375 0.26487021875 0.3863461828125 0.2662096921875 0.371035928125
1 0.4175267015625 0.3446038765625 0.40631484999999995 0.3270935640625 0.3851035828125 0.3230338953125 0.379075153125 0.3247103984375 0.3673213984375 0.335803640625 0.3626645984375 0.344211909375 0.3615164796875 0.3573349828125 0.36464245 0.3664241546875 0.3705912828125 0.376862253125 0.37886851875 0.38309621875 0.3953112296875 0.385636728125 0.403476709375 0.38194327499999997 0.4156131671875 0.3664756734375 0.41889833593750003 0.351335640625 0.4175267015625 0.3446038765625
1 0.458018825 0.2963543421875 0.43680755781249997 0.29229467656249997 0.4211624171875 0.303047465625 0.41650561875000003 0.3114557328125 0.41478343906250004 0.33114034999999997 0.42229525937499995 0.346123034375 0.43057249375 0.3523569984375 0.4489608984375 0.3550677328125 0.46712579062500004 0.33792363124999997 0.470793665625 0.31840924375 0.467667690625 0.3093200734375 0.458018825 0.2963543421875
1 0.3662054375 0.3709687390625 0.3585022625 0.35817323437500004 0.351102196875 0.35311796875 0.3335909640625 0.35158593437499996 0.3295082265625 0.35343266406249996 0.320082871875 0.360321775 0.313289025 0.37074699375 0.31156684375 0.390431609375 0.3131298328125 0.3949761921875 0.327355896875 0.41164826093749995 0.3457443015625 0.414358996875 0.34982704375 0.4125122671875 0.35711535 0.40764011250000004 0.36623759375 0.39301075937499996 0.3662054375 0.3709687390625
1 0.301343915625 0.384027415625 0.28207834374999996 0.380137978125 0.2760499109375 0.3818144765625 0.26662455625 0.388703590625 0.25983071406249997 0.399128809375 0.2581085328125 0.41881342187500004 0.26123450312499996 0.4279025953125 0.27195189375 0.439859846875 0.2942316828125 0.4429110359375 0.3057940828125 0.43400497031249996 0.3125879296875 0.42357975156250005 0.314310109375 0.40389513906249996 0.301343915625 0.384027415625
1 0.26241478125 0.4368215359375 0.259288809375 0.42773236875 0.24788560468749998 0.4124092328125 0.242239878125 0.4097113734375 0.230565725 0.40869001718750003 0.2204545515625 0.41221324375 0.20637239687500003 0.4275106234375 0.20465021718749998 0.44719523906249997 0.20777619218750001 0.45628440625 0.215670715625 0.4668927328125 0.2221936140625 0.47076929375 0.23863632343750002 0.473309803125 0.24271906250000003 0.47146307812500005 0.2566098609375 0.45835288125 0.2614580140625 0.44775743281249997 0.26241478125 0.4368215359375
1 0.6667008140624999 0.1856822890625 0.6588062906250001 0.1750739640625 0.6514062234375 0.1700187015625 0.639732065625 0.1689973453125 0.629620896875 0.172520571875 0.6200041875 0.1815968640625 0.6151560359375 0.192192309375 0.6141992703125 0.20312820468749998 0.6171338859375 0.214404553125 0.6267827546875 0.22737028593750003 0.6315513078125 0.22888943906249998 0.6479940234375 0.23142995000000002 0.6561595 0.2277364953125 0.668487315625 0.21008171562500003 0.6698267890625 0.1947714609375 0.6667008140624999 0.1856822890625
1 0.6169425328125 0.21659173437499998 0.6072936671875 0.20362600625 0.5880280953125 0.1997365640625 0.579862615625 0.2034300171875 0.567917509375 0.216710440625 0.5644409890625 0.2340376515625 0.5658126218749999 0.24076941562499998 0.5798473375000001 0.2596286609375 0.5982357421875 0.26233939687499996 0.6064012187500001 0.2586459421875 0.618729034375 0.2409911625 0.6200685078125 0.2256809078125 0.6169425328125 0.21659173437499998
1 0.5703102265625 0.2565903515625 0.5671842515625001 0.24750118125 0.559289728125 0.2368928546875 0.5518896625 0.23183759375 0.53224138125 0.2323225125 0.5228160265625 0.239211621875 0.515830828125 0.25182402187499997 0.5144913546875001 0.2671342765625 0.517617325 0.2762234453125 0.53008905625 0.29053810625 0.5465317671875 0.293078615625 0.5525601984375 0.2914021171875 0.55984850625 0.2865299578125 0.5691621062500001 0.269713425 0.5703102265625 0.2565903515625
1 0.5174259703125 0.27841062656250004 0.509531446875 0.2678023 0.5001856874999999 0.2625768125 0.4885115328125 0.26155545625 0.48034605468749997 0.265248909375 0.47072934375 0.2743252 0.46588119375000003 0.2849206453125 0.46473307343750003 0.2980437234375 0.47117637187500006 0.3140348828125 0.48597650000000003 0.3241454109375 0.492690746875 0.3258347890625 0.50688465625 0.320464834375 0.519212471875 0.302810053125 0.5205519453125 0.2874997984375 0.5174259703125 0.27841062656250004
1 0.56495233125 0.3178313765625 0.5590034937499999 0.3073932765625 0.549849090625 0.29998060625 0.532337859375 0.29844857187499996 0.5282551171875001 0.3002953015625 0.5165013640625 0.31138854375 0.5116532125 0.321983990625 0.512068075 0.339651653125 0.521525590625 0.3548045625 0.528048484375 0.35868112343749997 0.5444911953125 0.361221634375 0.5485739374999999 0.3593749046875 0.5558622453125001 0.35450275000000003 0.5649844875000001 0.33987339375 0.56495233125 0.3178313765625
1 0.5136310625 0.3441962375 0.502036503125 0.3310602796875 0.48860800937500004 0.32768151875 0.482579578125 0.32935801875 0.469071484375 0.33809385625 0.46441468124999996 0.346502125 0.4625011484375 0.36837391875000003 0.46825863281249996 0.3809991953125 0.4765358625 0.38723316093750004 0.49686996250000004 0.390114125 0.5105694078125 0.379191109375 0.51522620625 0.370782840625 0.5167570328125 0.35328540468749997 0.5136310625 0.3441962375
1 0.463681428125 0.37729286093750003 0.45773259375 0.3668547640625 0.44857819218749995 0.35944209531250004 0.43106695625 0.3579100609375 0.4269842171875 0.3597567859375 0.41523046093750005 0.3708500328125 0.41057366406250007 0.3792582953125 0.4107971765625 0.3991131375 0.42483189218749995 0.4179723828125 0.441274603125 0.4205128921875 0.44730303437499996 0.41883639375000004 0.4590567859375 0.407743146875 0.46371358906250004 0.39933488437500003 0.463681428125 0.37729286093750003
1 0.41548613437500004 0.41274689374999995 0.4123601609375 0.403657721875 0.406411328125 0.3932196234375 0.3990112640625 0.388164359375 0.37955433437499997 0.3864620984375 0.375471596875 0.388308828125 0.3611980890625 0.4057933828125 0.359475909375 0.425478 0.36698772968750004 0.4404606828125 0.3772106546875 0.4468648734375 0.39170767500000003 0.44923516093750004 0.3998731546875 0.4455417046875 0.409489859375 0.436465415625 0.414338015625 0.42586996875 0.41548613437500004 0.41274689374999995
1 0.362410525 0.43675435 0.34925298437499996 0.41907380625 0.32590466875 0.41703109375 0.3098768234375 0.432158246875 0.306400303125 0.44948545468749995 0.3093349203125 0.46076180312500004 0.3207381265625 0.47608493906250005 0.32550668437499997 0.47760409375 0.3400037 0.47997438125 0.3440864421875 0.47812765312499994 0.3535117921875 0.4712385421875 0.36263403906249997 0.4566091890625 0.362410525 0.43675435
1 0.4585148859375 0.43634670625 0.44497463281250005 0.42304052499999995 0.42338065937499997 0.423355215625 0.41376395468749994 0.4324315078125 0.4091071515625 0.440839775 0.407384971875 0.4605243875 0.4122652828125 0.471970965625 0.422296859375 0.4805623375 0.42901110625000005 0.482251715625 0.445836525 0.48041786875000003 0.4575902796875 0.46932462656249996 0.4601100296875 0.46293331249999997 0.46164085625 0.44543587812499996 0.4585148859375 0.43634670625
1 0.40719361875000004 0.4627115671875 0.399107740625 0.45429042343750003 0.3798421640625 0.45040098281249996 0.3716766875 0.4540944359375 0.36205997968750003 0.463170728125 0.35740318125 0.47157899375 0.3560637078125 0.48688925000000005 0.360752665625 0.50052300625 0.37166140625 0.510293078125 0.390049809375 0.5130038171875 0.4056949515625 0.5022510234374999 0.4103517484375 0.493842759375 0.41207392968749995 0.47415814218749996 0.40719361875000004 0.4627115671875
1 0.35529829375 0.4956379703125 0.347403765625 0.48502964375 0.3242468046875 0.48079974999999997 0.318218375 0.48247625312500003 0.304136221875 0.49777362968750005 0.30104240781249997 0.5107264781249999 0.305348659375 0.5287345921875 0.319957434375 0.541032296875 0.332508759375 0.5432323593749999 0.3385371921875 0.54155585625 0.3545650359375 0.5264287046875 0.3584242640625 0.5047271375 0.35529829375 0.4956379703125
1 0.712855540625 0.218371271875 0.6993152874999999 0.2050650921875 0.6837497453125 0.2037032828125 0.67558426875 0.20739673593750002 0.6681046078125 0.2144560734375 0.6609280562500001 0.22925565468750003 0.661725625 0.24254895312500002 0.6650429531250001 0.2494509453125 0.6746918187500001 0.2624166765625 0.681406065625 0.26410605625 0.6900660078125 0.2659656640625 0.700177178125 0.2624424359375 0.7142593296874999 0.24714505781249999 0.7159815109375 0.22746044531249998 0.712855540625 0.218371271875
1 0.66046575 0.24574461093750002 0.651311346875 0.23833194062500002 0.6338001109375 0.23679990625 0.625634634375 0.2404933625 0.613498171875 0.2559609640625 0.6121586984375 0.271271221875 0.61684765625 0.2849049734375 0.626687878125 0.2956835265625 0.63534781875 0.2975431359375 0.6480904984375 0.29755601249999997 0.65431028125 0.29369233281249996 0.6666380968750001 0.2760375515625 0.6664145828125 0.256182709375 0.66046575 0.24574461093750002
1 0.715886634375 0.29577368437499996 0.711197675 0.282139928125 0.6976574265625 0.268833746875 0.6780091421875001 0.2693186640625 0.666255390625 0.280411909375 0.6614072390625 0.2910073546875 0.6616307484374999 0.3108621984375 0.6675795828125 0.321300296875 0.675856815625 0.3275342609375 0.6942452218749999 0.330244996875 0.698327959375 0.328398271875 0.7079446671875 0.31932198125 0.7151212218749999 0.3045224046875 0.715886634375 0.29577368437499996
1 0.664374015625 0.3243257234375 0.6612480406250001 0.31523655625 0.6477077921875 0.3019303703125 0.63019655625 0.3003983359375 0.62611381875 0.30224506562500003 0.61882550625 0.307117225 0.6095119109375 0.32393375468749996 0.608746496875 0.332682471875 0.6132441015625 0.3485034078125 0.6193842890625 0.3567543265625 0.6278528765625 0.3608011140625 0.6384585078125 0.3628309453125 0.648569678125 0.3593077171875 0.65604934375 0.35224838125 0.6630345421875 0.33963598125 0.664374015625 0.3243257234375
1 0.614901965625 0.2847347484375 0.601553065625 0.26924138750000004 0.5820961390625 0.2675391265625 0.56393124375 0.2846832328125 0.5610287875 0.2954489046875 0.563580696875 0.3110996109375 0.5732295625 0.3240653421875 0.58169815 0.3281121296875 0.5923037859375 0.3301419609375 0.6066890484374999 0.32258482499999996 0.61707116875 0.3047598171875 0.6178365828125 0.2960111015625 0.614901965625 0.2847347484375
1 0.5997038484375 0.33519722343749997 0.58238396875 0.331478009375 0.5742184890625001 0.335171465625 0.5646017796875 0.34424775625000004 0.5599449828124999 0.3526560203125 0.5584141546875 0.37015345625 0.561540125 0.379242628125 0.5722575171875001 0.39119988125 0.592591615625 0.39408084374999997 0.61075650625 0.3769367421875 0.614233025 0.35960953125 0.61286139375 0.352877765625 0.5997038484375 0.33519722343749997
1 0.56272040625 0.3881615703125 0.5595944359375 0.3790724015625 0.5460541828125 0.3657662171875 0.5244602078125 0.3660809125 0.5148435 0.3751572015625 0.5076669468749999 0.389956778125 0.5100275078125 0.4077946671875 0.515976340625 0.4182327671875 0.5261992671875 0.42463695625 0.5387505921875 0.42683701875 0.5447790265625 0.425160515625 0.5542043796875 0.41827140468749996 0.5611895796875 0.4056590046875 0.56272040625 0.3881615703125
1 0.6104381171875 0.42539513749999996 0.6075034984375 0.414118790625 0.5978546312499999 0.401153059375 0.592208909375 0.398455203125 0.5766433671875 0.39709339374999997 0.5684778875000001 0.400786846875 0.556150075 0.41844163125 0.5548106015625 0.43375188593749997 0.557936571875 0.44284105937499996 0.5658311 0.4534493828125 0.574299684375 0.4574961671875 0.582959625 0.459355775 0.5971535375 0.4539858203125 0.60249615 0.448943434375 0.609672703125 0.4341438578125 0.6104381171875 0.42539513749999996
1 0.5591168515625 0.45176 0.5559908765625 0.44267083281249997 0.542450628125 0.429364646875 0.5249393921875 0.42783261250000004 0.5167739124999999 0.43152606562500007 0.5069658546875 0.4427895390625 0.503297978125 0.462303928125 0.509741275 0.4782950875 0.51889568125 0.4857077578125 0.5353383921875 0.4882482671875 0.5413668234375 0.48657176875 0.5507921796875 0.47968265624999995 0.5577773781250001 0.46707025937499996 0.5591168515625 0.45176
1 0.5113991375 0.41452643125 0.5056416593749999 0.401901153125 0.4964872546875 0.39448848281250004 0.47294758750000004 0.39463295 0.4633308828125 0.40370924218750004 0.45867407968749996 0.41211750468749997 0.45714325312500004 0.42961494062499994 0.4620235640625 0.44106151875000005 0.47098661406250003 0.4506613671875 0.4913207125 0.453542328125 0.50482880625 0.4448064921875 0.509485603125 0.43639822656250005 0.512770771875 0.42125819687500005 0.5113991375 0.41452643125
1 0.764176809375 0.19200641093749998 0.7562822796875001 0.1813980875 0.7488822140625 0.17634282343750002 0.7292339343750001 0.17682774375000002 0.7198085796875 0.183716853125 0.7128233796875 0.1963292515625 0.71304689375 0.2161840953125 0.724258746875 0.2336944078125 0.729027303125 0.23521356718750003 0.74352431875 0.23758384999999999 0.7516897984375001 0.233890396875 0.7638262578125 0.2184227921875 0.7657397921875 0.19655099843749999 0.764176809375 0.19200641093749998
1 0.763890578125 0.2625068328125 0.7607646031249999 0.2534176640625 0.7472243546875 0.240111478125 0.72971311875 0.23857944375 0.7160136703125 0.2495024640625 0.7113568734375 0.25791072812500004 0.7098260468750001 0.2754081640625 0.7129520171875 0.2844973359375 0.72260088125 0.2974630640625 0.7273694374999999 0.298982221875 0.7399207640625 0.3011822796875 0.745949196875 0.2995057765625 0.7532375046875 0.294633621875 0.7623597515625 0.28000426875 0.763890578125 0.2625068328125
1 0.7587240359375 0.321560678125 0.7510208625 0.308765175 0.7436207968749999 0.3037099125 0.7280552546875 0.3023481046875 0.719889778125 0.30604155781250003 0.7124101140625 0.31310089375 0.7075619609375 0.3236963390625 0.7060311328125 0.341193775 0.7091571046875 0.350282946875 0.715297296875 0.358533865625 0.7218201890625 0.362410425 0.7382629015625 0.3649509359375 0.74642838125 0.36125748125 0.758564840625 0.34578987968749997 0.7602870203125 0.3261052640625 0.7587240359375 0.321560678125
1 0.813457503125 0.233784565625 0.8087685484374999 0.22015081093750002 0.7969826359375001 0.20920203437499998 0.7794713984375 0.20766999843749998 0.7753886609375 0.20951672656250003 0.7657719515625 0.21859301874999998 0.7585954 0.2333925953125 0.7580213390625 0.23995413437500002 0.76251894375 0.2557750703125 0.76865913125 0.26402598906249997 0.775182025 0.2679025484375 0.7896790453125 0.270272834375 0.797844521875 0.2665793796875 0.8074612296874999 0.25750308906249997 0.8123093828125001 0.2469076453125 0.813457503125 0.233784565625
1 0.8098539484374999 0.297382996875 0.8067279765625001 0.288293828125 0.7951334171875 0.2751578703125 0.775676490625 0.273455609375 0.7715937484375 0.2753023375 0.76197704375 0.2843786296875 0.7573202421875 0.2927868921875 0.7571610484375 0.31701609375 0.7631098828125 0.32745419375 0.775278503125 0.334028609375 0.78393844375 0.3358882171875 0.7940496140625 0.332364990625 0.803666321875 0.3232887 0.8083231203125001 0.3148804328125 0.8098539484374999 0.297382996875
1 0.8628330796875 0.20724947968750002 0.8581441218749999 0.19361572656249998 0.8537582718750001 0.1877222109375 0.8407124843749999 0.179969090625 0.8288469734374999 0.181134915625 0.8185444484375 0.186845321875 0.808162328125 0.2046703296875 0.8073969140624999 0.213419046875 0.81364885625 0.23159738437500002 0.8217347359374999 0.240018534375 0.8284489875000001 0.24170791406249997 0.8351632359375 0.24339729375000002 0.8472200953125 0.24004429218749998 0.8546997609375 0.23298495625 0.861684959375 0.22037255625 0.8628330796875 0.20724947968750002
1 0.907424815625 0.235393878125 0.8979673046875 0.22024096875 0.8905672421874999 0.21518570625 0.8788930828125 0.21416434999999998 0.8687819140625 0.217687578125 0.861302253125 0.22474691406249997 0.8541257 0.2395464953125 0.8580492453125 0.2619289671875 0.86876663125 0.2738862203125 0.8871550375 0.27659695625 0.8912377749999999 0.2747502296875 0.9029915296875 0.26365698593750003 0.9078396828124999 0.25306154062499997 0.907424815625 0.235393878125
1 0.8562949046874999 0.259571559375 0.850346071875 0.249133459375 0.8429460046875 0.2440781984375 0.8254347718749999 0.2425461640625 0.8213520296875 0.2443928921875 0.809598278125 0.255486134375 0.8047501265625 0.2660815796875 0.8039847124999999 0.2748302984375 0.8084823140624999 0.29065123125 0.8146225046875 0.29890215468750003 0.825036784375 0.3031191625 0.8336967234375001 0.3049787734375 0.8459449421875 0.299438590625 0.8582727546875001 0.28178380937499997 0.8594208765625 0.26866073125 0.8562949046874999 0.259571559375
1 0.9569917468750001 0.20667161250000002 0.955428759375 0.20212702968750001 0.945779890625 0.189161296875 0.936434134375 0.183935809375 0.9185401953125 0.1867781328125 0.9089234859375 0.19585442343749998 0.904075334375 0.20644986875 0.9027358609375 0.2217601234375 0.90586183125 0.23084929375000002 0.910056325 0.2389299875 0.922224946875 0.2455044078125 0.9328305796875 0.2475342390625 0.94099605625 0.24384078437499998 0.9504214093750001 0.23695167499999997 0.9550782124999999 0.22854340624999997 0.9569917468750001 0.20667161250000002
1 0.9476307078125 0.2576447625 0.9384763046875 0.2502320984375 0.919019378125 0.24852983750000002 0.9029915296875 0.26365698593750003 0.8993236546875 0.283171375 0.9057669562499999 0.299162534375 0.9149213578125 0.30657520312500003 0.9333097625000001 0.30928594375 0.94681785625 0.3005501046875 0.9514746546874999 0.2921418375 0.9533881890625 0.27027004374999997 0.9476307078125 0.2576447625
1 0.8943637499999999 0.2838394 0.886963684375 0.27878413750000003 0.875289525 0.27776278125 0.8651783546875 0.281286009375 0.8576986953124999 0.2883453453125 0.850522140625 0.303144925 0.851319715625 0.3164382296875 0.8562000281250001 0.3278848046875 0.86710876875 0.3376548765625 0.8816057890625 0.34002516250000003 0.8938540046875 0.3344849796875 0.904044775 0.3188471515625 0.9040126140625 0.29680513125 0.8943637499999999 0.2838394
1 0.8573803046874999 0.3368037453125 0.8544456874999999 0.325527396875 0.8465511578125 0.3149190703125 0.8391510953125 0.309863809375 0.819502815625 0.3103487296875 0.8077490609375 0.321441971875 0.8029009078125 0.332037415625 0.803507125 0.3475179 0.8083874359375001 0.358964475 0.8212418749999999 0.3689047734375 0.8318475078124999 0.370934609375 0.8419586765625 0.367411378125 0.8494383421875 0.3603520421875 0.856614890625 0.3455524640625 0.8573803046874999 0.3368037453125
1 0.8080047296874999 0.3633388328125 0.804878759375 0.3542496625 0.79698423125 0.3436413390625 0.787638475 0.3384158484375 0.7779100109375 0.3375647171875 0.767798840625 0.3410879484375 0.7603191812500001 0.34814728437500003 0.7533339796875 0.360759684375 0.7521858609375001 0.3738827578125 0.75531183125 0.38297193125 0.767783559375 0.39728658906250003 0.7842262734375 0.3998271015625 0.79025470625 0.3981505984375 0.8020084578125 0.38705735625000004 0.80666525625 0.37864908750000004 0.8080047296874999 0.3633388328125
1 0.7437172734375 0.369835971875 0.7322344671875001 0.3666274390625 0.722314653125 0.36796348437500004 0.7062868046874999 0.3830906375 0.7026189328125 0.40260502656249997 0.7039905640625 0.4093367921875 0.7182166343749999 0.42600885625 0.7366050359375 0.428719590625 0.7547699328124999 0.4115754890625 0.7582464484375 0.3942482796875 0.75687481875 0.387516515625 0.7437172734375 0.369835971875
1 0.7103373859375 0.3592018875 0.7072114140625 0.35011272031249996 0.6993168875 0.33950439375 0.6899711296875 0.33427890625 0.6821883578125 0.3335980015625 0.66799445 0.33896795625 0.6626518359375 0.3440103390625 0.6554752828125 0.35880991562500003 0.6576444859375 0.3788349859375 0.6701162140625 0.393149646875 0.6885046203125 0.39586038281249997 0.6945330515625 0.3941838828125 0.704149759375 0.3851075921875 0.7088065593749999 0.3766993234375 0.7103373859375 0.3592018875
1 0.6590161203125 0.3855667515625 0.651312946875 0.37277124375000004 0.641967190625 0.36754575625 0.6283473390625 0.3663541734375 0.61823616875 0.36987739999999997 0.605717003125 0.3897193625 0.60456888125 0.402842440625 0.6076948515625 0.4119316125 0.61558938125 0.4225399375 0.6221122734375 0.42641649375 0.6346636 0.42861655625 0.6447747703125 0.4250933296875 0.654391478125 0.41601703749999996 0.65923963125 0.40542159218749996 0.6590161203125 0.3855667515625
1 0.9466586625 0.32477930625 0.936818440625 0.3140007546875 0.923389946875 0.310621990625 0.9113330812499999 0.3139749921875 0.903853421875 0.3210343328125 0.896868221875 0.333646728125 0.8957201015624999 0.34676980625 0.898846071875 0.3558589765625 0.90479490625 0.3662970734375 0.911317803125 0.3701736328125 0.9297062046875 0.37288437343749997 0.9432143015625 0.364148534375 0.9478711000000001 0.35574026718749996 0.949784634375 0.33386847343750004 0.9466586625 0.32477930625
1 0.9019720437500001 0.36494814531249997 0.89533739375 0.35114416406250004 0.8890058546875 0.345080425 0.8755773546875 0.3417016625 0.8656575390624999 0.34303771250000004 0.85836923125 0.34790986875 0.8492469874999999 0.3625392234375 0.8479075140625 0.377849478125 0.8510334859375 0.38693865 0.8569823187500001 0.3973767453125 0.8654509078125001 0.40142353281250004 0.8780022328125 0.4036235921875 0.884030665625 0.40194709062499995 0.8934560171875001 0.39505798125 0.900441215625 0.38244558125 0.9019720437500001 0.36494814531249997
1 0.85415945625 0.3960278171875 0.8492791453124999 0.3845812421875 0.8411932625 0.3761600984375 0.8258190750000001 0.3726111078125 0.8178449515624999 0.3741173859375 0.8060911953125001 0.3852106265625 0.8014343984375 0.3936188953125 0.800286278125 0.40674196875 0.8032208953125 0.41801832031249997 0.8091697328125 0.42845641875 0.8176383171875001 0.43250320468750003 0.8321353374999999 0.4348734921875 0.8403008171874999 0.43118003437499997 0.852437275 0.4157124328125 0.8553397374999999 0.4049467625 0.85415945625 0.3960278171875
1 0.7997122171875 0.4133035078125 0.7879263046875 0.4023547328125 0.76633233125 0.402669425 0.7545785781250001 0.4137626703125 0.7497304265625 0.4243581140625 0.7503366437500001 0.43983859531249997 0.7552169546874999 0.45128517031250004 0.7633028359375 0.459706315625 0.7700170828124999 0.4613957 0.7847054578125 0.46157880156250003 0.79626785625 0.452672740625 0.8030617015624999 0.4422475171875 0.804401175 0.42693726249999997 0.7997122171875 0.4133035078125
1 0.7206567875000001 0.43173214531250004 0.71657405 0.4335788703125 0.706957340625 0.4426551609375 0.7023005437500001 0.45106342499999996 0.700769715625 0.46856086093749993 0.7038956859375001 0.47765003124999994 0.7146130765625001 0.489607284375 0.7349471765625 0.4924882484375 0.7531120671875 0.4753441453125 0.7550256015625 0.4534723515625 0.74011371875 0.43343440624999996 0.7206567875000001 0.43173214531250004
1 0.7053621984375 0.41606855468750004 0.692013296875 0.40057519218750004 0.6824761875 0.3975368828125 0.6684736328125 0.4007196609375 0.658856925 0.40979595 0.654200125 0.418204215625 0.6524779453125 0.43788883125 0.6540409328125001 0.44243341562499994 0.663689796875 0.45539914687499994 0.6702126921875 0.45927570781249993 0.6808183265625 0.461305540625 0.690929496875 0.4577823125 0.7005462015624999 0.44870602187499997 0.7077227546875 0.43390644062500006 0.7053621984375 0.41606855468750004
1 0.6554125625 0.44916518125 0.6494637296875 0.43872708125 0.6383636328125 0.4311441859375 0.6187153515625 0.43162910625000006 0.61142704375 0.436501265625 0.604633196875 0.44692648437500004 0.602528309375 0.4709854578125 0.6119858218750001 0.48613836718750003 0.61850871875 0.490014928125 0.6330057375 0.4923852125 0.641171215625 0.488691759375 0.650787925 0.4796154671875 0.6556360765625 0.469020021875 0.6554125625 0.44916518125
1 0.6921097734375 0.4667012546875 0.6845183578125 0.46383317343749997 0.6687614625 0.46465854218749997 0.6548706625 0.4777687390625 0.6502138640624999 0.48617700625 0.649257096875 0.497112903125 0.652191715625 0.508389253125 0.66184058125 0.52135498125 0.6703091671875 0.5254017671875 0.677023415625 0.5270911500000001 0.6912173265625 0.5217211953125 0.7033537859375001 0.506253590625 0.7050759671875 0.48656897499999996 0.6921097734375 0.4667012546875
1 0.654934978125 0.5218527828124999 0.6502460218749999 0.5082190265625 0.6347600765625 0.49474262031249994 0.61492044375 0.49741471718749997 0.6053037359375 0.5064910078125 0.6006469328125 0.514899271875 0.59911610625 0.5323967078125 0.60224208125 0.5414858796875001 0.6138366390625001 0.5546218328125 0.6186051921875 0.5561409890625 0.627265134375 0.558000596875 0.6373763046875001 0.554477365625 0.644664615625 0.549605209375 0.653786859375 0.53497585625 0.654934978125 0.5218527828124999
1 0.59055104375 0.46222385781249997 0.5710941187499999 0.46052159687499994 0.5670113765625 0.4623683265625 0.557394671875 0.4714446171875 0.55273786875 0.47985288125 0.5512070421875 0.497350315625 0.5543330171874999 0.5064394890624999 0.562227540625 0.5170478125 0.5706961296874999 0.5210946 0.5813017640625 0.5231244328125 0.589467240625 0.519430978125 0.6035493953125 0.5041336015625 0.605462928125 0.48226180625000004 0.59055104375 0.46222385781249997
1 0.5093585671875 0.48266944531249995 0.5046696125000001 0.469035690625 0.489183665625 0.45555928437500004 0.479455203125 0.454708153125 0.4693440328125 0.45823138124999996 0.4597273234375 0.4673076703125 0.455070525 0.4757159390625 0.45373105156250004 0.49102619374999995 0.458420009375 0.50465995 0.46456019687500005 0.5129108687499999 0.469328753125 0.5144300234375 0.4877171578125 0.5171407625 0.4917998953125 0.515294034375 0.5014166046875 0.5062177421875 0.5084018015625 0.4936053421875 0.5093585671875 0.48266944531249995
1 0.5390384234375001 0.49077590000000004 0.5195814953125 0.48907364062500003 0.50801909375 0.4979797046875 0.5010338984375 0.5105921 0.499885778125 0.5237151796874999 0.5045747328125 0.5373489328125001 0.5135377859375 0.54694878125 0.53387188125 0.549829746875 0.5420373609375 0.5461362890625 0.551845421875 0.5348728203124999 0.555704646875 0.513171253125 0.5390384234375001 0.49077590000000004
1 0.48947149687499997 0.5194981656250001 0.47001456875000003 0.5177959046875 0.46593183125 0.5196426328125 0.451658325 0.5371271875 0.44993614375 0.5568118046875 0.4514991265625 0.5613563890625 0.46290233281250004 0.5766795250000001 0.4676708890625 0.5781986781249999 0.486250646875 0.5787222375 0.5024698453124999 0.561407909375 0.505563659375 0.54845505625 0.5043833796875 0.5395361109375 0.48947149687499997 0.5194981656250001
1 0.44896249375 0.48950704062500006 0.4258055359375 0.485277146875 0.41764005624999995 0.48897060000000003 0.40783199843749995 0.5002340734375 0.40416412343749997 0.5197484593749999 0.4055357578125 0.526480225 0.413238928125 0.5392757296874999 0.41976182656249994 0.5431522921874999 0.44009592187499996 0.546033253125 0.444178659375 0.5441865234375001 0.45864352343750003 0.5245147890624999 0.458420009375 0.50465995 0.44896249375 0.48950704062500006
1 0.45306211406249997 0.5659009734375 0.44711328124999994 0.5554628734375 0.4379588765625 0.5480502078125 0.42044764062500006 0.5465181734375 0.416364903125 0.5483648984375 0.40461114687500005 0.5594581453125 0.3999543484375 0.5678664078125 0.398614875 0.5831766640625 0.40174084531250004 0.592265834375 0.4142125765625 0.6065804953125 0.4326009828125 0.6092912312500001 0.43668371875 0.607444503125 0.443972028125 0.6025723468749999 0.45309427500000005 0.58794299375 0.45306211406249997 0.5659009734375
1 0.391612796875 0.5175484015625 0.376238609375 0.5139994125 0.3702101765625 0.5156759156249999 0.35651072968749997 0.52659893125 0.3518539328125 0.5350071984375 0.3518860890625 0.5570492171875 0.3641664671875 0.5735510578125 0.38450056093749996 0.576432021875 0.392666040625 0.57273856875 0.402474103125 0.5614750953125001 0.40652468124999996 0.5375863484375001 0.391612796875 0.5175484015625
1 0.3105152015625 0.46968074531250004 0.3073892296875 0.460591578125 0.29949470312500004 0.4499832515625 0.2901489453125 0.4447577640625 0.27244635625 0.4454129078125 0.260883953125 0.454318971875 0.2538987578125 0.4669313703125 0.25275063750000004 0.48005445 0.2574395921875 0.49368820312499995 0.2672798140625 0.504466753125 0.2720483703125 0.505985909375 0.28459969687500003 0.50818596875 0.2947108671875 0.5046627390625 0.302190528125 0.497603403125 0.309175728125 0.4849910046875 0.3105152015625 0.46968074531250004
1 0.3067202890625 0.5354663562499999 0.30359431875 0.5263771890625 0.291999759375 0.51324123125 0.27254283125 0.5115389703125001 0.259034740625 0.5202748078125 0.25224089375 0.5307000265624999 0.2505187125 0.55038464375 0.25208169687500004 0.554929228125 0.258030534375 0.565367328125 0.26630776875 0.571601290625 0.2846961703125 0.5743120296875001 0.2928616484375 0.5706185765625 0.3051894625 0.5529637921874999 0.3079005703125 0.544385303125 0.3067202890625 0.5354663562499999
1 0.35150338125 0.561423575 0.3436088578125 0.5508152546875 0.33231740625 0.5454195359375 0.326480328125 0.5449088578125 0.3122864203125 0.5502788140625 0.3048067546875 0.55733815 0.29763020625 0.57213773125 0.3017451 0.592333021875 0.31139396874999997 0.6052987546875 0.3181082171875 0.606988134375 0.32871384843749996 0.6090179703125 0.338825021875 0.6054947375 0.3530985296875 0.5880101828125001 0.354820709375 0.5683255671875 0.35150338125 0.561423575
1 0.3862549015625 0.578789428125 0.37068935937499997 0.57742761875 0.36252388125 0.581121071875 0.350578775 0.5944014953125001 0.347102253125 0.61172870625 0.3484738875 0.6184604703125001 0.3515998578125 0.6275496390625 0.3605629078125 0.6371494890625 0.3828427015625 0.640200678125 0.39887054375000003 0.625073525 0.4029211265625 0.601184778125 0.39540930625000004 0.58620209375 0.3862549015625 0.578789428125
1 0.3514085046875 0.6297368203125 0.3400053 0.614413684375 0.32073972500000003 0.6105242421875 0.31471129375 0.6122007453125 0.3052859375 0.6190898546875 0.2984920921875 0.6295150734375 0.2953982828125 0.6424679265625 0.2967699125 0.6491996906249999 0.2998958875 0.658288859375 0.3106132734375 0.6702461125 0.329001678125 0.6729568515625 0.3350301109375 0.6712803484375 0.3491122640625 0.655982971875 0.35278013750000004 0.6364685859375 0.3514085046875 0.6297368203125
1 0.40088055625 0.6693277937500001 0.397754584375 0.6602386234375001 0.3935600875 0.65215793125 0.3844056859375 0.6447452609375001 0.3668944515625 0.6432132265625 0.358728971875 0.6469066828125001 0.348920909375 0.6581701515625 0.3448703328125 0.6820589015625 0.354136490625 0.6993989875 0.360659384375 0.7032755484375001 0.37710209843750003 0.7058160625000001 0.385267575 0.7021226046875 0.3948842828125 0.6930463171875 0.39973243593749996 0.682450871875 0.40088055625 0.6693277937500001
1 0.3493679375 0.697879834375 0.3462419625 0.688790665625 0.33834743437500003 0.6781823390625 0.317136171875 0.674122671875 0.3111077390625 0.6757991750000001 0.30168238281250004 0.6826882859375 0.29469718437500003 0.6953006859374999 0.2947293453125 0.7173427046875 0.30895541249999997 0.73401476875 0.3273438171875 0.7367255078125 0.33142655468750004 0.7348787796875 0.3408519109375 0.72798966875 0.347837109375 0.7153772703125 0.3493679375 0.697879834375
1 0.30467972187500003 0.603609375 0.2982364234375 0.5876182125 0.290150540625 0.5791970671875 0.274776353125 0.575648078125 0.2687479203125 0.57732458125 0.26058244375 0.581018034375 0.25077438281250003 0.59228150625 0.2469151546875 0.6139830734375 0.25793565625000003 0.6336805671875 0.26445855156250003 0.637557128125 0.27895556718750003 0.639927415625 0.2849839984375 0.6382509140625 0.2922723109375 0.6333787546874999 0.3012032 0.620936584375 0.30467972187500003 0.603609375
1 0.2997045328125 0.6604760390625 0.290055665625 0.6475103078125 0.2787642140625 0.64211459375 0.26300731875 0.6429399640625 0.24678812187500002 0.66025429375 0.24487458750000002 0.6821260875 0.2464375703125 0.686670675 0.25063206718750003 0.69475136875 0.264555028125 0.7036831921875 0.2712692734375 0.7053725703125 0.28332613906250004 0.70201956875 0.290614446875 0.6971474093750001 0.2997366890625 0.682518059375 0.2997045328125 0.6604760390625
1 0.252975746875 0.63434859375 0.2482867890625 0.6207148390625 0.2421466015625 0.6124639203125 0.22890946093750003 0.606897975 0.21704394843750002 0.6080638 0.20353585624999998 0.6167996390625 0.19887905781249998 0.625207903125 0.1954025359375 0.6425351125 0.1967741703125 0.649266878125 0.20623168125000002 0.6644197859375 0.2127545765625 0.668296346875 0.2291972859375 0.6708368609375001 0.23328002812499998 0.6689901328125 0.24484242812499998 0.6600840671875 0.24949922500000002 0.6516758031250001 0.252975746875 0.63434859375
1 0.25189034375 0.5571164093750001 0.24399581874999998 0.5465080828125 0.2227845515625 0.542448415625 0.21267338125 0.54597164375 0.2051937203125 0.553030984375 0.20034556406249998 0.563626428125 0.1988147375 0.5811238624999999 0.20194071249999998 0.5902130328124999 0.2126580984375 0.602170284375 0.232992196875 0.6050512515625 0.24863733593749998 0.5942984578125 0.25348549062500003 0.5837030125 0.25501631874999997 0.5662055765625 0.25189034375 0.5571164093750001
1 0.2588112265625 0.500419965625 0.2572482390625 0.49587538281250004 0.242145003125 0.47802461249999995 0.22463376875000002 0.47649257812499995 0.21646828906249999 0.48018603593750003 0.2043318296875 0.4956536359375 0.2033750625 0.5065895359375 0.201238015625 0.5086064890625 0.20398127968750002 0.5220700171875 0.2136301484375 0.5350357453125001 0.22015304218749998 0.5389123062500001 0.23270436718749998 0.54111236875 0.23873280000000002 0.539435865625 0.25029519843750003 0.5305297999999999 0.2570890453125 0.52010458125 0.2588112265625 0.500419965625
1 0.21118839218750002 0.3948731578125 0.199976540625 0.377362840625 0.1807109671875 0.3734734 0.17273684218750002 0.37497967656250003 0.1609830890625 0.38607291875 0.156326290625 0.39448118593750003 0.154986815625 0.409791440625 0.1581127875 0.4188806140625 0.167761653125 0.4318463421875 0.17623024062499998 0.43589312812500003 0.186835871875 0.4379229609375 0.1969470453125 0.4343997328125 0.2044267078125 0.42734039687500003 0.21141190625 0.41472799687500006 0.21118839218750002 0.3948731578125
1 0.1632793296875 0.359826765625 0.1599620046875 0.3529247765625 0.14642175156249998 0.33961859375 0.12482777656249999 0.3399332859375 0.1111283296875 0.3508563046875 0.1086085765625 0.3572476171875 0.1066950421875 0.3791194109375 0.11790689375 0.39662972343749997 0.1263754828125 0.4006765109375 0.1330897296875 0.40236589531250005 0.1470922890625 0.399183115625 0.156708996875 0.390106828125 0.1638855453125 0.3753072484375 0.1632793296875 0.359826765625
1 0.1174108328125 0.2566373625 0.114093509375 0.24973537031249998 0.109707659375 0.2438418546875 0.096661871875 0.23608873749999998 0.0768222375 0.23876083593750003 0.0673968828125 0.2456499453125 0.064877128125 0.25204125781250003 0.06296359375 0.273913053125 0.06570686249999999 0.28737658125 0.077492775 0.29832535937500004 0.084207021875 0.3000147390625 0.0969497 0.30002762031249997 0.1031694859375 0.2961639375 0.1127861953125 0.2870876484375 0.117634346875 0.2764922015625 0.1174108328125 0.2566373625
1 0.1120529375 0.317878384375 0.0985126890625 0.3045722046875 0.07711006718749999 0.3026997171875 0.06341062187499999 0.31362273281249997 0.05875381875 0.3220310015625 0.0572229921875 0.3395284375 0.060348967187500005 0.34861760468749997 0.07282069375 0.3629322640625 0.09315479374999999 0.365813228125 0.10132026875 0.362119771875 0.11364808125 0.34446499375 0.115178909375 0.32696755624999996 0.1120529375 0.317878384375
1 0.11138400156249999 0.39275316875 0.1098210140625 0.3882085796875 0.10211784374999999 0.3754130765625 0.0947177765625 0.3703578140625 0.07312380156250001 0.3706725046875 0.05495891093750001 0.3878166125 0.0547997171875 0.412045809375 0.0625028890625 0.4248413140625 0.0727258171875 0.43124550624999997 0.0852771421875 0.43344556562500003 0.09538831406250001 0.42992233593750007 0.10500502187500001 0.42084604687500005 0.1096618203125 0.41243778124999997 0.11138400156249999 0.39275316875
1 0.1608560515625 0.43234414218749995 0.157921434375 0.421067790625 0.151781246875 0.41281687187499994 0.13873545625 0.40506374999999994 0.1309526859375 0.4043828453125 0.1167587734375 0.40975280156249994 0.1044309609375 0.42740758593750006 0.1030914875 0.442717840625 0.106217459375 0.45180700937499996 0.11411198593750001 0.462415334375 0.12063488124999999 0.4662918953125 0.13707759218749999 0.46883240624999994 0.1452430703125 0.46513895156249996 0.15272273281249998 0.458079615625 0.15970793125 0.4454672171875 0.1608560515625 0.43234414218749995
1 0.10602610625 0.453994190625 0.100077271875 0.443556090625 0.09267720625 0.438500828125 0.0732202796875 0.4367985671875 0.065054803125 0.44049202187500003 0.05543809374999999 0.4495683125 0.0511961578125 0.47564424218749995 0.060462321875 0.4929843296875 0.06698521406249999 0.496860890625 0.08537361875 0.4995716265625 0.0914020515625 0.49789512656249996 0.10781260156250001 0.4783936171875 0.10915207656249999 0.46308336250000004 0.10602610625 0.453994190625
1 0.20914782187499997 0.463016171875 0.205830496875 0.4561141796875 0.19793597031250001 0.44550585624999994 0.19229024374999998 0.442808 0.168750578125 0.442952465625 0.15913387031249998 0.45202875468750003 0.1544770734375 0.4604370234375 0.15157461249999998 0.47120269375 0.1558808625 0.48921080781250004 0.167475421875 0.5023467625 0.17418966875 0.5040361453125 0.178958225 0.5055552984375 0.195097828125 0.5003555703125 0.2025774890625 0.493296234375 0.2097540421875 0.478496653125 0.20914782187499997 0.463016171875
1 0.15393516875 0.4890405828125 0.1460406453125 0.47843225624999997 0.136694884375 0.47320676875 0.12502073125 0.4721854125 0.1149095609375 0.4757086390625 0.105292853125 0.48478493125 0.10063605 0.49319319375 0.1006682109375 0.5152352171875 0.110125725 0.530388128125 0.11664861875000002 0.5342646875 0.12919994375 0.5364647453125 0.139311115625 0.5329415187500001 0.15339326874999998 0.5176441390625001 0.1566784359375 0.5025041109374999 0.15393516875 0.4890405828125
1 0.20359857187500002 0.526444375 0.19589539843749998 0.513648871875 0.1884953359375 0.5085936078125 0.1709841 0.5070615734375 0.1628186234375 0.5107550296875 0.1553389625 0.5178143656249999 0.1481624109375 0.5326139421875 0.1503316140625 0.5526390125 0.1599804796875 0.565604740625 0.1684490671875 0.5696515265625 0.17710900937500001 0.5715111359375 0.1913029171875 0.5661411796875 0.20343937968749998 0.5506735765624999 0.20516155937499997 0.530988959375 0.20359857187500002 0.526444375
1 0.20487533125000001 0.6014893796874999 0.201749359375 0.5924002125000001 0.194046184375 0.5796047062499999 0.18664611874999998 0.5745494437499999 0.1710805765625 0.5731876359375 0.1590237125 0.5765406375000001 0.14883294687499998 0.5921784671875 0.1469194125 0.6140502609375 0.14848239531250002 0.6185948484375 0.158131265625 0.631560578125 0.16465415781249998 0.6354371390625 0.177205484375 0.6376371953125 0.18323391718749998 0.6359606953125 0.1969333640625 0.6250376765625 0.2039185640625 0.61242528125 0.20487533125000001 0.6014893796874999
1 0.15463786562499998 0.570647125 0.1518946015625 0.5571835953125001 0.14594576406249998 0.5467454953125 0.1348456703125 0.5391625999999999 0.1231715125 0.5381412437499999 0.11306034218750001 0.5416644765624999 0.1013065859375 0.55275771875 0.0962670828125 0.5655403421874999 0.09706465625 0.5788336468749999 0.10194496718749999 0.590280221875 0.1128537078125 0.6000502937500001 0.12929642187499998 0.602590809375 0.135324853125 0.60091430625 0.1426131625 0.596042146875 0.15154404999999999 0.5835999765625 0.15463786562499998 0.570647125
1 0.10535716875000001 0.52886896875 0.1004768578125 0.51742239375 0.0906366390625 0.5066438437499999 0.07526245000000001 0.5030948578125 0.0692340171875 0.50477135625 0.0610685375 0.5084648140625 0.04912343125 0.5217452375 0.0474012515625 0.54142985 0.05052722187499999 0.550519021875 0.06299895 0.56483368125 0.0794416640625 0.567374190625 0.089552834375 0.5638509640625 0.09916954375 0.5547746734375 0.103826340625 0.5463664046875001 0.10535716875000001 0.52886896875
1 0.10137090625 0.5968417609375 0.09824493281249999 0.5877525890624999 0.0847046828125 0.5744464078125 0.061165015625 0.5745908734375 0.0470828609375 0.58988825 0.0436063421875 0.6072154609375 0.0447866203125 0.6161344046874999 0.05248979375 0.628929909375 0.0646584140625 0.635504328125 0.0694269703125 0.63702348125 0.083429525 0.63384070625 0.0949919234375 0.6249346421875 0.0996487265625 0.6165263734375 0.10137090625 0.5968417609375
1 0.143905196875 0.6148885140625 0.13650513125 0.609833246875 0.1250223265625 0.6066247140625001 0.117048203125 0.6081309874999999 0.10888272343750001 0.6118244453125 0.099074665625 0.6230879140625001 0.0952154375 0.64478948125 0.0983414078125 0.6538786515624999 0.110813140625 0.6681933124999999 0.1292015453125 0.6709040484375 0.1373670203125 0.6672105953125 0.14931212656249998 0.653930171875 0.1531713546875 0.6322286 0.143905196875 0.6148885140625
1 0.20108041875 0.667274990625 0.197954446875 0.6581858234375 0.18441419375 0.6448796390625 0.16495726718749998 0.6431773781250001 0.1608745296875 0.64502410625 0.14912077343750002 0.6561173499999999 0.144463975 0.664525615625 0.14312450000000002 0.679835871875 0.146250471875 0.6889250437500001 0.154145 0.6995333687499999 0.160667896875 0.7034099265625 0.17711060781250001 0.7059504390625 0.185276084375 0.7022569843750001 0.1927557484375 0.6951976453125 0.19974094375 0.68258525 0.20108041875 0.667274990625
1 0.14899374062499998 0.7023885703125 0.14605911875 0.6911122203125 0.1381645953125 0.6805038953125 0.13076452968750002 0.6754486328125 0.10917055312499999 0.6757633265625 0.099745203125 0.6826524375 0.0929513578125 0.6930776562500001 0.0912291765625 0.712762271875 0.09435514687499999 0.721851440625 0.102249675 0.732459765625 0.11266395468749998 0.736676778125 0.1174325109375 0.73819593125 0.1335721125 0.73299620625 0.1431888171875 0.7239199140625 0.1480369734375 0.7133244703125 0.14899374062499998 0.7023885703125
1 0.09639571875 0.6537084265625001 0.084801159375 0.6405724687500001 0.06339853906250001 0.63869998125 0.045233643750000004 0.6558440875 0.043320109375 0.6777158812499999 0.046446084375 0.686805053125 0.0543406078125 0.697413375 0.0591091640625 0.69893253125 0.07749756875 0.70164326875 0.089937140625 0.6939159078125 0.09547110625 0.6866863421875 0.0995216890625 0.6627975937499999 0.09639571875 0.6537084265625001
1 0.0970984125 0.7353149703125 0.09591813437499999 0.726396028125 0.084706278125 0.7088857109375 0.0596036265625 0.7044855921875001 0.041438734375 0.7216296984375 0.0379622140625 0.7389569078125 0.03914249375 0.74787585 0.04860000625 0.763028759375 0.05706859374999999 0.767075546875 0.0676742296875 0.769105378125 0.079731090625 0.7657523765625001 0.0893477984375 0.7566760859375 0.09400460000000001 0.7482678218750001 0.0970984125 0.7353149703125
1 0.2493721921875 0.697947025 0.2344603046875 0.677909075 0.22103180937500003 0.674530315625 0.213057684375 0.6760365875 0.19935823749999998 0.6869596078125 0.19470143906249998 0.695367871875 0.194542246875 0.7195970734375 0.2041911109375 0.7325628046875 0.2107140046875 0.736439365625 0.22326533125 0.7386394234375 0.23337650468749999 0.7351161953124999 0.24745865781249998 0.7198188171875 0.25055246875 0.7068659671875 0.2493721921875 0.697947025
1 0.1992312046875 0.733230828125 0.19435089375 0.7217842531249999 0.18451067031249999 0.7110057015625 0.1710821765625 0.7076269390625 0.16310805 0.709133215625 0.144943159375 0.72627731875 0.141275284375 0.7457917078125 0.14440125937499998 0.7548808765625 0.15229578593749998 0.7654892015625 0.15881868125 0.7693657625 0.17526139062499999 0.771906275 0.179344128125 0.7700595484375 0.18876948437500002 0.7631704375 0.1955633296875 0.75274521875 0.1992312046875 0.733230828125
1 0.14558153437500002 0.763799821875 0.14245556406249998 0.75471065 0.1308610046875 0.7415746953125 0.11937819999999999 0.7383661578125 0.109458384375 0.7397022093750001 0.09915586093749999 0.7454126171875 0.0914848453125 0.754659134375 0.0876256171875 0.7763607015625 0.0889972515625 0.7830924671874999 0.1032233203125 0.7997645296875 0.1216117234375 0.8024752703125 0.12977719999999998 0.7987818125 0.139393909375 0.789705521875 0.1440507078125 0.78129725625 0.14558153437500002 0.763799821875
1 0.14216933437499998 0.8252110703125 0.1362204984375 0.8147729765625 0.12706609687499998 0.80736030625 0.1095548609375 0.8058282718750001 0.101389384375 0.809521725 0.0917726765625 0.8185980171875 0.087115878125 0.8270062812500001 0.08558505 0.8445037171875001 0.09046535781250001 0.8559502921875 0.10225127187500001 0.8668990687499999 0.108965521875 0.868588453125 0.1197625078125 0.8684311031249999 0.1279279875 0.86473765 0.1375446921875 0.8556613593750001 0.142392846875 0.8450659140625 0.14216933437499998 0.8252110703125
1 0.1891843515625 0.7808380984375 0.18285280937499998 0.7747743578125 0.1694243125 0.7713955968749999 0.1595044953125 0.7727316453124999 0.1458050484375 0.7836546640625001 0.1411482515625 0.792062928125 0.1382457890625 0.8028285984375 0.1392347171875 0.813934721875 0.148692228125 0.82908763125 0.155215121875 0.8329641921875 0.1716578359375 0.8355047078125001 0.1776862671875 0.8338282046875 0.19157706875 0.8207180062500001 0.1958189984375 0.794642078125 0.1891843515625 0.7808380984375
1 0.1853894390625 0.8466237062499999 0.1790578984375 0.84055996875 0.16562940312500002 0.8371812046875 0.1576552765625 0.8386874828125 0.142010140625 0.849440271875 0.1373533375 0.8578485390624999 0.1356311578125 0.8775331515625 0.1387571328125 0.8866223249999999 0.1477201828125 0.8962221703125 0.171945665625 0.8994435890625001 0.1822481890625 0.8937331796875 0.18778215468749998 0.8865036171874999 0.193395721875 0.867159453125 0.1853894390625 0.8466237062499999
1 0.24908596093750002 0.7684474453125001 0.2461513390625 0.757171096875 0.23825681250000003 0.7465627703125 0.23085675 0.741507509375 0.2152912078125 0.7401457 0.2051800375 0.743668928125 0.193043575 0.759136528125 0.19132139374999999 0.7788211453125 0.19444736875 0.787910315625 0.2005875546875 0.796161234375 0.212756175 0.8027356515624999 0.2194704234375 0.8044250343750001 0.23366433125000002 0.799055078125 0.2434723921875 0.78779160625 0.2483205484375 0.7771961625 0.24908596093750002 0.7684474453125001
1 0.24509969687500002 0.8364202328125 0.243728065625 0.82968846875 0.2362162453125 0.814705784375 0.22881617968749998 0.809650521875 0.217333375 0.806441984375 0.20741355781249998 0.8077780359375 0.1892486671875 0.8249221390624999 0.1861548515625 0.837874990625 0.190461103125 0.8558831031249999 0.196601290625 0.8641340234375001 0.205069878125 0.868180809375 0.21956689843750002 0.87055109375 0.227732375 0.866857640625 0.2373490828125 0.8577813484375 0.2420058859375 0.8493730859375 0.24509969687500002 0.8364202328125
1 0.296292328125 0.7218872890625 0.2901521421875 0.7136363703125 0.280806384375 0.7084108828125 0.26913222812500004 0.7073895265625 0.2590210578125 0.710912753125 0.2494043484375 0.71998904375 0.24474754999999998 0.7283973078125 0.2432167234375 0.74589474375 0.24634269375 0.754983915625 0.257060084375 0.7669411687500001 0.2773941828125 0.76982213125 0.285559659375 0.7661286765625 0.29536772031249997 0.754865209375 0.300789934375 0.737708225 0.296292328125 0.7218872890625
1 0.280520153125 0.778911303125 0.27079169062499997 0.7780601734375 0.26903735 0.775702765625 0.2591175328125 0.7770388171875 0.24095264218749998 0.7941829203124999 0.24060209062500001 0.8205992999999999 0.252005296875 0.8359224359375 0.256773853125 0.8374415890625 0.2753536109375 0.8379651484374999 0.29138145625 0.8228379968749999 0.295240684375 0.801136428125 0.2921147125 0.7920472578125 0.280520153125 0.778911303125
1 0.290265496875 0.8580030953125 0.28061663124999997 0.8450373671875001 0.2749709046875 0.8423395062499999 0.2574596703125 0.8408074718749999 0.24929419375 0.8445009265625 0.23715772968749999 0.859968528125 0.23406391875 0.87292138125 0.23856152343749998 0.8887423140624999 0.2447017125 0.8969932328124999 0.255115990625 0.9012102453124999 0.2618302375 0.9028996250000001 0.275832796875 0.8997168500000001 0.2854495015625 0.8906405578125 0.290106303125 0.8822322953124999 0.290265496875 0.8580030953125
1 0.9461810749999999 0.397466903125 0.9384779046875 0.3846714015625 0.9310778390625 0.3796161390625 0.9135666015625 0.3780841046875 0.9094838656249999 0.379930828125 0.9000585093750001 0.3868199390625 0.8930733109375 0.3994323390625 0.8921165437499999 0.4103682359375 0.8950511656250001 0.42164458437499996 0.9055772015624999 0.43578901875 0.927856990625 0.4388402078125 0.9438848343749999 0.4237130578125 0.9469786484375 0.4107602078125 0.9452243078125001 0.4084028 0.9461810749999999 0.397466903125
1 0.896614146875 0.42618917187500005 0.8852109421875 0.41086603593750004 0.8717824468750001 0.4074872734375 0.8657540156250001 0.409163775 0.847589125 0.426307878125 0.844495309375 0.43926073125 0.8456755906250001 0.448179671875 0.8514330703124999 0.4608049484375 0.85971030625 0.46703891718749996 0.8780987109374999 0.46974965312499994 0.8862641859375 0.46605619843749996 0.89878335625 0.4462142375 0.8997401234375 0.43527834062500004 0.896614146875 0.42618917187500005
1 0.8501731953125 0.46400060468750004 0.8470472203125 0.4549114375 0.8373983546874999 0.441945709375 0.8317526296875 0.43924785 0.8181327828124999 0.4380562671875 0.8099673031249999 0.44174972031250004 0.80035059375 0.4508260125 0.7955024421875 0.46142145625 0.7961086625 0.4769019375 0.8009889734375 0.488348515625 0.805374821875 0.49424202656249994 0.813843409375 0.4982888140625 0.8263947343750001 0.5004888734375 0.8345602140624999 0.49679541875 0.84417691875 0.487719128125 0.8490250749999999 0.47712368437499997 0.8501731953125 0.46400060468750004
1 0.787831428125 0.470667975 0.7705115453125 0.46694875781249995 0.7644831125 0.4686252609375 0.7550577609375 0.475514371875 0.748263915625 0.485939590625 0.7467330890625 0.503437025 0.74966770625 0.5147133734375 0.75580789375 0.5229642921875 0.76427648125 0.5270110796874999 0.7787735015624999 0.52938136875 0.786938978125 0.525687909375 0.7967470390625 0.5144244421875 0.8007976203125 0.49053569374999995 0.787831428125 0.470667975
1 0.752219615625 0.5303640859375001 0.7492849984375 0.5190877359375 0.741581825 0.5062922296875 0.7341817625 0.5012369671875 0.714533478125 0.5017218875 0.7051081265625 0.5086109984375 0.698122928125 0.5212233937499999 0.698155084375 0.5432654171875 0.704103921875 0.5537035140625 0.7143268468749999 0.56010770625 0.7268781734374999 0.562307765625 0.7329066046875 0.560631265625 0.7423319609375 0.5537421546875 0.74912580625 0.5433169328125 0.752219615625 0.5303640859375001
1 0.69796373125 0.5454525953125 0.686369171875 0.5323166406250001 0.6669122453125 0.5306143796875 0.6487473546875 0.5477584828125 0.6454621859375 0.5628985140625 0.6468338203124999 0.569630275 0.6525913 0.58225555625 0.660868534375 0.58848951875 0.6812026296875 0.5913704859375 0.6949020765625 0.580447465625 0.6995588781250001 0.5720392015625 0.70108970625 0.554541765625 0.69796373125 0.5454525953125
1 0.6478227421875 0.5807364015625 0.6420652640625 0.568111121875 0.632910859375 0.5606984515625 0.6153996234375 0.5591664171875 0.607234146875 0.562859875 0.5974260859375 0.57412334375 0.5935668578125 0.5958249109375 0.5966928328125001 0.6049140828125 0.607410221875 0.6168713359375 0.6277443171875 0.6197522984375 0.639115365625 0.6130334140625 0.6459092078124999 0.602608196875 0.6490030234375 0.58965534375 0.6478227421875 0.5807364015625
1 0.69554045625 0.61796996875 0.6924144812499999 0.6088807984375 0.680819921875 0.59574484375 0.667391428125 0.5923660796875 0.6531975203125 0.5977360375 0.6408697046875 0.6153908203125 0.6397215843749999 0.6285138953125 0.6428475546875 0.6376030671875 0.6553192859375 0.651917728125 0.671761996875 0.6544582375 0.677790428125 0.652781734375 0.6895441812499999 0.6416884921875 0.6942009828125 0.6332802265625 0.69554045625 0.61796996875
1 0.6442191875 0.6443348328125 0.6410932171875 0.635245659375 0.6275529640624999 0.6219394796875 0.613933115625 0.620747896875 0.6038219453125 0.6242711234375 0.5916854828125 0.639738728125 0.589963303125 0.659423340625 0.591526290625 0.663967928125 0.5974751234375 0.674406025 0.6076980484375001 0.6808102171875 0.620249375 0.6830102765625 0.62627780625 0.6813337765624999 0.6335661171875 0.67646161875 0.6424970078125 0.6640194453125 0.6442191875 0.6443348328125
1 0.5949384906249999 0.6025566765625 0.5833439312500001 0.589420721875 0.5638870046875 0.5877184609375 0.5598042671875 0.5895651859375 0.5480505109375 0.6006584312500001 0.545530759375 0.60704974375 0.5439999328125 0.6245471796875 0.5486888875 0.63818093125 0.563489015625 0.6482914609375 0.5702032671875 0.649980840625 0.584397175 0.6446108828125 0.5967249875 0.6269561015625 0.5978731078124999 0.613833025 0.5949384906249999 0.6025566765625
1 0.6016680203125 0.5480474156249999 0.5985420453125 0.5389582453124999 0.5869474859375 0.5258222906250001 0.5674905609375 0.5241200296875 0.5537911140625 0.5350430453125 0.5491343140625 0.5434513109375 0.547412134375 0.5631359265625 0.5489751218750001 0.5676805109374999 0.55492395625 0.5781186109374999 0.56514688125 0.5845228046875001 0.5776982078125 0.5867228625 0.5858636859375 0.583029409375 0.5954803906249999 0.5739531171875 0.60013719375 0.56554485 0.6016680203125 0.5480474156249999
1 0.5489751218750001 0.5676805109374999 0.5410805937500001 0.5570721890625 0.5317348375 0.551846696875 0.5200606796875 0.550825340625 0.5118952 0.5545187984375 0.5044155390625 0.561578134375 0.4974303390625 0.5741905296875001 0.496473571875 0.5851264296875 0.49940819062499997 0.5964027796875 0.5053570281249999 0.6068408765625 0.5118799218750001 0.6107174375 0.530268325 0.6134281765625 0.5384338015625 0.60973471875 0.55076161875 0.5920799390625 0.5521010937499999 0.5767696828125 0.5489751218750001 0.5676805109374999
1 0.5453715640625 0.631278940625 0.5374770343749999 0.62067061875 0.530076971875 0.6156153546875001 0.5104286921875001 0.6161002734375 0.5010033390624999 0.6229893828125 0.4940181375 0.6356017828125 0.4926786640625 0.6509120375 0.4958046359375 0.6600012109375 0.50175346875 0.6704393093750001 0.5082763671875 0.6743158703125001 0.5247190765624999 0.6768563796875 0.5328845531249999 0.6731629265625 0.5450210171875 0.6576953234375 0.5469345515625 0.6358235296875 0.5453715640625 0.631278940625
1 0.4992168375 0.5985899578125 0.493268003125 0.5881518609375 0.48586794062500005 0.5830965953125 0.46641101406249996 0.581394334375 0.455039965625 0.58811321875 0.44824611875000003 0.598538440625 0.4451523078125 0.611491290625 0.447895571875 0.62495481875 0.45384440625 0.63539291875 0.4660130265625 0.6419673343750001 0.472727271875 0.64365671875 0.4847841375 0.6403037125 0.4944008453125 0.631227425 0.5015773984375 0.6164278453125001 0.4992168375 0.5985899578125
1 0.9408231796875001 0.4587079296875 0.92728293125 0.4454017453125 0.9097716953124999 0.4438697109375 0.90568895625 0.44571643906249997 0.8984006484375 0.45058859531250006 0.89141545 0.46320099531250003 0.8898846234375 0.48069843125 0.8947649343749999 0.49214500625 0.9009051203125 0.5003959250000001 0.9113193984375 0.5046129374999999 0.9281448203125 0.5027790890625 0.937761525 0.49370280156249996 0.942801034375 0.48092017656249997 0.9437578015625 0.4699842796875 0.9408231796875001 0.4587079296875
1 0.8961365640625001 0.4988767703125 0.88969326875 0.48288561249999995 0.8833617281249999 0.4768218703125 0.8640961515625 0.47293243125 0.8484510140625 0.4836852234375 0.8437942125 0.49209348906250006 0.84363501875 0.5163226859375001 0.8478295156250001 0.5244033828125 0.856106746875 0.5306373468750001 0.8764408453125 0.5335183078125 0.8805235843749999 0.531671584375 0.8880032437500001 0.5246122484375 0.89498844375 0.511999846875 0.8961365640625001 0.4988767703125
1 0.9389739671875 0.5246637625 0.925625065625 0.509170403125 0.9141422625000001 0.5059618671874999 0.9020853984375 0.50931486875 0.89246869375 0.5183911609375 0.887811890625 0.526799425 0.8864724171875 0.542109684375 0.8895983921875 0.5511988515625 0.90207011875 0.5655135109375 0.9185128296875 0.568054021875 0.926678309375 0.56436056875 0.936486371875 0.5530970984375 0.9401542421875 0.533582709375 0.9389739671875 0.5246637625
1 0.83184910625 0.5053739125 0.8083094375 0.5055183765625 0.7986927328125 0.5145946671875 0.79403593125 0.5230029359375 0.792505103125 0.5405003703125 0.795631078125 0.549589540625 0.8063484656250001 0.56154679375 0.8266825640625 0.5644277546875001 0.8427104125 0.5493006078125 0.8465696359375 0.5275990390625 0.843443665625 0.5185098671875 0.83184910625 0.5053739125
1 0.7970027078124999 0.556321303125 0.7820908249999999 0.5362833578124999 0.770608021875 0.533074821875 0.7585511578124999 0.5364278234375 0.7489344531250001 0.5455041140625 0.74427765 0.55391238125 0.7429381765625 0.5692226359375 0.747627134375 0.5828563921875001 0.758535878125 0.5926264640625 0.7769242828125 0.5953372 0.781007021875 0.5934904765625 0.7906237296875 0.584414184375 0.7952805281249999 0.5760059203125001 0.7970027078124999 0.556321303125
1 0.7150126609375 0.5634735890625 0.7015045671875 0.5722094281250001 0.69451936875 0.584821828125 0.6933712484375001 0.5979449015625 0.6963058703125 0.6092212499999999 0.7070232562500001 0.6211785062499999 0.72735735625 0.62405946875 0.74319385 0.6111195 0.74743578125 0.58504356875 0.7362239296875 0.5675332562500001 0.7150126609375 0.5634735890625
1 0.7213289234375 0.62573596875 0.7094634125 0.6269017921875 0.699160890625 0.6326122015625 0.6887787671875001 0.6504372078125 0.688013353125 0.659185928125 0.6925109578125 0.6750068609375 0.7014740078124999 0.6846067109375 0.7218081062499999 0.6874876734375001 0.7399729984375 0.6703435703125 0.7420778859375 0.6462845953125 0.7343747109375001 0.633489090625 0.7213289234375 0.62573596875
1 0.6919368968749999 0.6815684 0.6888109265625 0.67247923125 0.6754620265625 0.656985865625 0.659896484375 0.6556240578125 0.6517310078125 0.659317515625 0.6421143 0.66839380625 0.637457503125 0.6768020703125 0.6376810125000001 0.6966569125000001 0.6471385265625 0.711809821875 0.653661421875 0.7156863828125 0.6681584421875 0.7180566671874999 0.67632391875 0.7143632140625 0.683803578125 0.7073038765625 0.6907887765625 0.6946914765625001 0.6919368968749999 0.6815684
1 0.635735321875 0.6964866875 0.627649440625 0.6880655390625 0.6142209453125 0.684686778125 0.6062468203125 0.6861930515625 0.588081928125 0.7033371578125001 0.5863597484375 0.7230217703124999 0.58948571875 0.73211094375 0.600203109375 0.744068196875 0.6185915140625 0.7467789328125 0.6320996078125 0.738043096875 0.638893453125 0.727617875 0.640615634375 0.7079332625 0.635735321875 0.6964866875
1 0.891161375 0.5557434359375 0.8869668828125 0.54766274375 0.87411244375 0.5377224453125 0.856409859375 0.5383775875000001 0.8446561015625 0.5494708328125 0.8399993046875001 0.557879096875 0.8386598296875001 0.5731893546875 0.8417858015625 0.5822785234375 0.8514346703125 0.59524425625 0.856203221875 0.596763409375 0.8747829812499999 0.59728696875 0.8842083359374999 0.5903978546875 0.89100218125 0.5799726374999999 0.8927243624999999 0.560288021875 0.891161375 0.5557434359375
1 0.8372086015625 0.5785721890625 0.8243541625 0.5686318906250001 0.8066515781250001 0.5692870343750001 0.792760778125 0.5823972296875 0.7902410234375 0.5887885421875 0.7902731828125 0.6108305656249999 0.7979763546875 0.6236260687499999 0.8064449421875001 0.6276728546875 0.8189962671875 0.6298729140625 0.8291074390625001 0.6263496859375 0.8414352546874999 0.6086949046875 0.84140309375 0.58665288125 0.8372086015625 0.5785721890625
1 0.7930164468750001 0.6242940921875 0.7900818296875001 0.6130177437500001 0.7821873015625 0.6024094171875001 0.7747872359375 0.5973541546875001 0.75708465 0.598009303125 0.7453308937500001 0.60910254375 0.7406740953125001 0.6175108109375 0.74070625625 0.63955283125 0.7529866296875001 0.65605466875 0.771375034375 0.658765409375 0.7754577734375 0.6569186796875 0.7848831281249999 0.6500295687500001 0.7920596796875 0.6352299890625 0.7930164468750001 0.6242940921875
1 0.9276672328125001 0.575466690625 0.9202671703125 0.570411428125 0.9085930140625 0.569390071875 0.89848184375 0.5729132984375 0.8840169828125 0.5925850359375 0.88443185 0.6102526968750001 0.8984665656249999 0.6291119421875 0.914909275 0.6316524515624999 0.9230747515625 0.6279589984375 0.9350198609374999 0.614678575 0.9369333953125001 0.59280678125 0.9276672328125001 0.575466690625
1 0.8859948328125 0.61479728125 0.872454584375 0.6014911015625 0.8528062999999999 0.6019760171875 0.8410525468750001 0.6130692625 0.83639575 0.6214775265625 0.8350562765625 0.6367877843749999 0.838182246875 0.6458769546875 0.846076775 0.656485278125 0.8584367484375001 0.6608725171875001 0.8733164703125 0.6588684437500001 0.8850702265624999 0.6477752015625 0.8899183781250001 0.63717975625 0.8906837921875 0.6284310375 0.8859948328125 0.61479728125
1 0.8377995390624999 0.650251315625 0.830096365625 0.6374558078125 0.822696303125 0.6324005453125 0.8051850671875 0.6308685109375001 0.8011023296875001 0.6327152375 0.7914856203125 0.641791528125 0.786828821875 0.6501997953124999 0.7851066421875 0.6698844078125 0.7866696234375 0.674428996875 0.7980728296875 0.68975213125 0.8028413875 0.6912712859375 0.81344701875 0.6933011171875 0.8235581890624999 0.6897778906250001 0.833174896875 0.6807015984375 0.8378316968749999 0.672293334375 0.8377995390624999 0.650251315625
1 0.7862869171875 0.6788033546875 0.7803380843750001 0.6683652546875 0.7692379875 0.660782359375 0.759509525 0.6599312281249999 0.7493983546874999 0.66345445625 0.73978164375 0.6725307484374999 0.735124846875 0.680939015625 0.7337853734374999 0.6962492703125001 0.73691134375 0.7053384421875 0.7465602125 0.7183041703125 0.7513287656250001 0.7198233234375 0.7638800906250001 0.7220233859375 0.7699085250000001 0.7203468828124999 0.7793338796875 0.7134577734375 0.786319078125 0.700845375 0.7862869171875 0.6788033546875
1 0.7253167859375 0.692202484375 0.7060512109375 0.6883130453125 0.6904060703125 0.699065834375 0.685749271875 0.707474103125 0.6840270921875 0.727158715625 0.6871530625 0.7362478890624999 0.697870453125 0.7482051421875 0.7162588578125 0.750915878125 0.7344237484375 0.733771775 0.7377089171875 0.7186317421874999 0.7365286359375001 0.7097127999999999 0.7253167859375 0.692202484375
1 0.685207371875 0.7360776625 0.671858471875 0.7205843 0.6543472359375 0.719052265625 0.646181759375 0.7227457203125 0.6338539437499999 0.7404005 0.6327058234375 0.7535235765625 0.6356404453125 0.7647999265625 0.6452893093750001 0.777765659375 0.6500578671875 0.7792848125 0.6645548828125001 0.781655096875 0.67485740625 0.7759446875 0.6802000234375 0.77090230625 0.6873765765625001 0.7561027265625 0.685207371875 0.7360776625
1 0.5944609078124999 0.6752442765625 0.58977195 0.6616105218749999 0.5816860671875 0.653189378125 0.566311878125 0.6496403875000001 0.5583377546875 0.651146665625 0.542309909375 0.6662738125 0.5386420375000001 0.685788203125 0.5417680093749999 0.694877375 0.5496625359375 0.7054856968750001 0.5561854312500001 0.7093622578125001 0.572628140625 0.711902771875 0.576710878125 0.7100560421875 0.5884646359375 0.6989628 0.5931214328125 0.6905545328125 0.5944609078124999 0.6752442765625
1 0.5842227 0.7250387265625 0.577891159375 0.718974984375 0.5586255859375 0.7150855468749999 0.5483230625 0.72079595625 0.5385150015625 0.7320594234375 0.5350384796875 0.749386634375 0.5364101140625 0.756118396875 0.5504448281250001 0.7749776421875 0.5688332328125 0.7776883781249999 0.576998709375 0.7739949234375 0.5893265249999999 0.7563401437499999 0.5906659999999999 0.7410298859375 0.5842227 0.7250387265625
1 0.6295002546874999 0.7565490078125 0.62034585 0.7491363390625 0.606726003125 0.7479447578125 0.5985605234375 0.7516382109374999 0.58894381875 0.7607145015625 0.584287015625 0.76912276875 0.5843191765625 0.7911647890625 0.5920223499999999 0.8039602921875 0.5985452453125 0.807836853125 0.61693365 0.8105475906249999 0.630633096875 0.799624571875 0.6378096484375 0.7848249953125 0.6354490921875 0.7669871078125 0.6295002546874999 0.7565490078125
1 0.933521190625 0.65421803125 0.920363646875 0.636537490625 0.9088808437499999 0.6333289546875001 0.8989610265625 0.6346650046875 0.8895356718749999 0.6415541140625 0.882550471875 0.6541665140624999 0.8796480140625 0.6649321859375 0.88258263125 0.676208534375 0.8902858078125 0.6890040374999999 0.8968087 0.6928805984374999 0.9132514125 0.6954211109374999 0.926759503125 0.6866852734375 0.931416303125 0.6782770046875 0.934892825 0.6609497953125001 0.933521190625 0.65421803125
1 0.9167600890625 0.7001359203125 0.9052772890625 0.696927384375 0.9031402406250001 0.6989443375 0.8934117781250001 0.6980932078125 0.8793296234374999 0.7133905828125 0.8764271625 0.7241562578125 0.8774160890625 0.7352623796875 0.882296403125 0.74670895625 0.8895051109375001 0.7539513984374999 0.9098392093750001 0.7568323609375 0.9256757 0.7438923890625 0.9295349296875 0.722190821875 0.9281632953125 0.7154590562500001 0.9167600890625 0.7001359203125
1 0.8841456187500001 0.68075311875 0.8727424109375 0.6654299828125 0.8670966890624999 0.6627321234375 0.85542253125 0.6617107671875 0.8472570515625 0.665404225 0.8376403437500001 0.6744805109375 0.832792190625 0.685075959375 0.8316440703125 0.698199034375 0.8347700421875001 0.70728820625 0.8426645687500001 0.71789653125 0.8491874671874999 0.7217730921875 0.8617387937500001 0.7239731500000001 0.86990426875 0.720279696875 0.8795209765625 0.7112034046875 0.8843691296875 0.7006079609375 0.8841456187500001 0.68075311875
1 0.8343873359374999 0.7116625640625001 0.8284385015625 0.701224465625 0.8192840984374999 0.6938117953125 0.801772865625 0.6922797609375 0.7904018171875 0.6989986484374999 0.7836079703125 0.7094238671875 0.78032280625 0.724563896875 0.7815030828125 0.7334828421874999 0.7892062578125 0.7462783453124999 0.79572915 0.7501549062499999 0.81411755625 0.7528656421875 0.8254886062500001 0.7461467578125001 0.8322824484375 0.7357215390625 0.8357589687500001 0.718394328125 0.8343873359374999 0.7116625640625001
1 0.9266967875000001 0.7770405328125001 0.9189936124999999 0.7642450296875001 0.90964785625 0.7590195421875 0.8919452671875 0.759674684375 0.8825199125 0.7665637937499999 0.87572606875 0.776989015625 0.8740038890624999 0.796673628125 0.8771298609375 0.8057628015624999 0.883270046875 0.8140137203125001 0.889792940625 0.8178902812500001 0.9062356515625 0.8204307906249999 0.91440113125 0.8167373375 0.9218807921875 0.8096780000000001 0.92672894375 0.79908255625 0.9266967875000001 0.7770405328125001
1 0.8417078015625 0.728832428125 0.8274342953125 0.7463169828125 0.8259034671875 0.76381441875 0.8290294390625 0.772903590625 0.8397468296874999 0.78486084375 0.8600809281249999 0.78774180625 0.8782458203125 0.770597703125 0.8801593546875001 0.74872590625 0.8652474703124999 0.728687959375 0.8417078015625 0.728832428125
1 0.8443240328125 0.788567178125 0.8382956015625 0.7902436765624999 0.8263504921875 0.8035241 0.8224912671875 0.8252256718750001 0.8256172390625001 0.834314840625 0.8363346281249999 0.84627209375 0.8566687234374999 0.8491530562499999 0.8748336203125 0.832008953125 0.876747153125 0.8101371593750001 0.8655353015625 0.7926268421875 0.8443240328125 0.788567178125
1 0.86017740625 0.8538678687499999 0.8428575234375 0.8501486546875 0.836829090625 0.85182515625 0.8208012437500001 0.8669523031249999 0.817324725 0.8842795140625 0.8202593437499999 0.895555865625 0.831853903125 0.908691821875 0.8366224593749999 0.9102109765625 0.847228090625 0.9122408109375 0.8573392609375 0.9087175796875 0.8692843703124999 0.8954371562500001 0.8713892578125 0.8713781812500001 0.86017740625 0.8538678687499999
1 0.81373485 0.757240003125 0.7962236171875 0.75570796875 0.786989615625 0.7604098984375 0.7780587203125 0.7728520703124999 0.7747735578125 0.7879921000000001 0.7761451875 0.7947238640625 0.7901799015625001 0.8135831093749999 0.8105140015625001 0.816464071875 0.8265418453125 0.8013369234375001 0.8304010734375 0.779635353125 0.821134915625 0.7622952640625 0.81373485 0.757240003125
1 0.8138313265624999 0.8233660625000001 0.8081856015625 0.8206682078125 0.792620059375 0.8193064 0.7844545828125 0.822999853125 0.772126765625 0.840654634375 0.7707872906250001 0.8559648921875 0.7739132671875 0.865054059375 0.781807790625 0.8756623859375001 0.7941677640625 0.8800496250000001 0.809047490625 0.8780455500000001 0.82312964375 0.862748171875 0.8258407515625 0.8541696828124999 0.823480190625 0.83633179375 0.8138313265624999 0.8233660625000001
1 0.7793660390625 0.7354997937500001 0.7675801265625 0.724551015625 0.7500688906249999 0.7230189796875 0.738697840625 0.72973786875 0.7319039984375 0.7401630875 0.728427478125 0.757490296875 0.7331164359375 0.77112405 0.7440251796874999 0.780894125 0.7624135843750001 0.7836048609375 0.7737846296875001 0.7768859765625 0.780578475 0.7664607578125 0.784054996875 0.74913355 0.7793660390625 0.7354997937500001
1 0.7790798078125001 0.8060002140625 0.7713766343749999 0.7932047109375 0.76397656875 0.7881494499999999 0.7464653359375 0.786617415625 0.7350942875 0.7933362984375 0.728300440625 0.8037615171875 0.7250152765625 0.818901546875 0.726195553125 0.827820490625 0.733898728125 0.8406159953125 0.7404216203125 0.8444925546875 0.7607557203125 0.8473735187500001 0.7648384593750001 0.8455267921875 0.77231811875 0.8384674562500001 0.77930331875 0.8258550578125 0.7790798078125001 0.8060002140625
1 0.775284896875 0.8717858250000001 0.769527415625 0.8591605484375 0.7603730125 0.8517478796875 0.742861778125 0.85021584375 0.7346963015625 0.8539092984375 0.7272166375 0.860968634375 0.722368484375 0.8715640796875 0.7225919984375 0.8914189218749999 0.726786490625 0.899499615625 0.7387637609375 0.9082612125 0.7513150875 0.9104612703124999 0.7614262578125001 0.9069380421875 0.7735627171874999 0.8914704406249999 0.776273825 0.8828919484375 0.775284896875 0.8717858250000001
1 0.7342967125000001 0.78004299375 0.7313620937499999 0.7687666453124999 0.7234675671875 0.7581583203125 0.7160675046875 0.7531030578125 0.70244765625 0.751911475 0.6942821765625 0.7556049296875 0.6868025156249999 0.762664265625 0.6796259640625 0.7774638453125 0.67886055 0.7862125625 0.6817951671875 0.7974889109375 0.6896896953125 0.8080972375 0.6962125890624999 0.811973796875 0.710709609375 0.81434408125 0.7188750859375 0.8106506281250001 0.7284917937500001 0.8015743359374999 0.7333399453125 0.790978890625 0.7342967125000001 0.78004299375
1 0.7275671859374999 0.83455225625 0.721618353125 0.82411415625 0.71051825625 0.8165312625000001 0.7007897921875 0.8156801328125001 0.6906786234375 0.8192033593750001 0.6810619140624999 0.82827965 0.6764051156249999 0.836687915625 0.6746829359375 0.8563725312500001 0.68871765 0.8752317749999999 0.7090517453125 0.8781127375000001 0.722751190625 0.8671897203125001 0.727407990625 0.858781453125 0.7291301703124999 0.839096840625 0.7275671859374999 0.83455225625
1 0.6833581546875 0.8020334953124999 0.677409321875 0.7915954000000001 0.6682549171875001 0.7841827296874999 0.65074368125 0.7826506953125001 0.6425782015625 0.7863441484375 0.6302503890625 0.8039989296875 0.62910226875 0.8171220078125 0.6320368859375 0.8283983578124999 0.6399314140625 0.8390066812500001 0.6464543078125 0.8428832421875001 0.660951328125 0.8452535265625001 0.6650340671875 0.8434068015625 0.67659646875 0.8345007375 0.68358166875 0.8218883390625 0.6833581546875 0.8020334953124999
1 0.6778089046875 0.865461703125 0.6681600375000001 0.8524959703125001 0.65881428125 0.84727048125 0.6409203421874999 0.8501128046875 0.6334406765625 0.8571721406249999 0.6264554812500001 0.869784540625 0.6264876375 0.8918265609375 0.6389593687499999 0.9061412203125 0.6573477734375001 0.9088519578125 0.6633762015625 0.9071754578125001 0.677458359375 0.89187808125 0.6803608171875 0.8811124093749999 0.6778089046875 0.865461703125
1 0.6334085203125001 0.835130121875 0.6184966375000001 0.815092175 0.6009854 0.813560140625 0.5928199203125 0.8172535953125 0.5806834609375 0.8327211984374999 0.577781 0.8434868703125 0.58052426875 0.8569504 0.5882274390625 0.869745903125 0.5947503375000001 0.8736224640625 0.609247353125 0.875992746875 0.6193585234375 0.87246951875 0.6314949859375 0.8570019156249999 0.6345887968749999 0.8440490671875001 0.6334085203125001 0.835130121875
1 0.5725332640625 0.7802160109375 0.556967721875 0.7788542031250001 0.5488022421875 0.78254765625 0.5370484890625 0.793640903125 0.5329979078125 0.81752965 0.5361238828125 0.8266188187499999 0.5468412703125 0.8385760718749999 0.56717536875 0.8414570375 0.585340259375 0.82431293125 0.589008134375 0.8047985437499999 0.5841278234375 0.793351965625 0.5725332640625 0.7802160109375
1 0.5852132265625001 0.8705841515625 0.5820872515625 0.861494984375 0.574192725 0.8508866578125 0.5667926609375 0.8458313953125 0.5531728140625 0.8446398140625 0.5409245953124999 0.8501799968749999 0.5284054265625 0.8700219562499999 0.5323289703125 0.8924044296875 0.5384691578125 0.900655346875 0.5469377453125001 0.904702134375 0.5614347656249999 0.90707241875 0.5696002421874999 0.9033789640625001 0.57921695 0.8943026749999999 0.583873753125 0.8858944093750001 0.5852132265625001 0.8705841515625
1 0.54001366875 0.6925199671875 0.53387348125 0.6842690484375 0.5245277234375 0.6790435578125 0.506825134375 0.6796987046875 0.49953682656250004 0.6845708625 0.490605934375 0.69701303125 0.48869239999999997 0.7188848296875 0.4999042546875 0.73639514375 0.510318534375 0.74061215625 0.515087090625 0.7421313125 0.5271439515624999 0.7387783078125 0.5388977078125 0.727685065625 0.544128565625 0.7127152625 0.54001366875 0.6925199671875
1 0.4956132828125 0.6621883875 0.4822643828125 0.646695025 0.46280745625 0.6449927640625 0.44464256406249997 0.6621368703125 0.4411660421875 0.67946408125 0.44429201718750005 0.6885532484375 0.45024085156250004 0.6989913484375 0.46046377656250004 0.7053955421875 0.473015103125 0.7075956 0.4852633203125 0.7020554171875 0.492934334375 0.6928089 0.49797383906250003 0.680026275 0.4956132828125 0.6621883875
1 0.43805535000000007 0.6141762671875 0.418789778125 0.6102868296875 0.41276134375 0.611963328125 0.39887054375000003 0.625073525 0.3948199671875 0.6489622749999999 0.40408612499999996 0.6663023640625 0.41060901875000005 0.670178925 0.42899742500000004 0.6728896625 0.44716231874999995 0.655745559375 0.4506388375 0.6384183484375 0.44926720624999994 0.6316865843749999 0.43805535000000007 0.6141762671875
1 0.4472266359375 0.6998295984375 0.4323147484375 0.6797916515625 0.4227776375 0.6767533421875 0.41285782187500003 0.6780893906250001 0.3946929296875 0.69523349375 0.3912164078125 0.7125607031250001 0.3925880421875 0.71929246875 0.40204555312499995 0.734445378125 0.4085684515625 0.738321940625 0.42306546875000006 0.7406922234375 0.4353136859375 0.73515204375 0.4453131015625 0.7217013953125 0.448598265625 0.7065613625 0.4472266359375 0.6998295984375
1 0.4945616390625 0.7414375265625 0.49338135781250003 0.73251858125 0.48022381562499994 0.71483804375 0.45882119374999997 0.71296555625 0.4451217484375 0.7238885734375 0.44046494843749995 0.7322968390625 0.43874276874999996 0.751981453125 0.440305753125 0.7565260406250001 0.4462545859375 0.7669641359375 0.45647751562499994 0.7733683296875 0.46902884062499994 0.7755683875 0.4750572734375 0.7738918890625001 0.48661967187500005 0.7649858234375 0.4912764703125 0.7565775578125 0.4945616390625 0.7414375265625
1 0.5344644203125 0.755948171875 0.528132878125 0.74988443125 0.5127586890625 0.7463354437499999 0.5067302578125 0.74801194375 0.4932221640625 0.7567477828125 0.4885653671875 0.7651560500000001 0.4852801984375 0.780296078125 0.48646047968749995 0.7892150250000001 0.4924093125 0.7996531234375001 0.5006865484375 0.8058870890625001 0.519074953125 0.808597825 0.525103384375 0.806921325 0.539376890625 0.7894367671875 0.541099071875 0.769752153125 0.5344644203125 0.755948171875
1 0.5326152015625001 0.8219040078125 0.5225836296875 0.8133126374999999 0.5149922109375 0.8104445531250001 0.4990439609375 0.813457103125 0.48729020937499995 0.8245503484375 0.4822507046875 0.83733296875 0.4861742484375 0.859715446875 0.492314434375 0.8679663640624999 0.5007830234374999 0.8720131515625 0.51936278125 0.872536709375 0.531116534375 0.8614434640624999 0.5382930859374999 0.8466438875 0.5374955124999999 0.8333505828125001 0.5326152015625001 0.8219040078125
1 0.48939509687499994 0.800491375 0.47448321406250005 0.7804534234375 0.4528892375 0.78076811875 0.43686139218750003 0.7958952703125 0.4335762265625 0.8110353 0.4349478578125 0.8177670625 0.44421401875 0.8351071546875 0.45073691250000003 0.838983715625 0.46717962343749997 0.841524225 0.475345103125 0.837830771875 0.4851531609375 0.8265673 0.4903840234375 0.8115974953125 0.48939509687499994 0.800491375
1 0.48003405781249997 0.8514645234374999 0.47263399531249994 0.8464092609374999 0.45317706874999997 0.844707 0.437340575 0.8576469718749999 0.4330986390625 0.8837229000000001 0.4471333546875 0.9025821437499999 0.467467453125 0.90546310625 0.47563292968750004 0.9017696531249999 0.4879607453125 0.884114871875 0.48773723125 0.8642600296875 0.48003405781249997 0.8514645234374999
1 0.44167738749999996 0.7632578015625 0.4339742125 0.7504622984375 0.4246284546875 0.7452368109374999 0.40498017500000005 0.745721728125 0.3932264203125 0.7568149734375 0.38856962031250003 0.7652232359375 0.38703879375 0.7827206734375001 0.39191910625 0.7941672484375 0.401759325 0.8049457999999999 0.40847357031250003 0.8066351828125 0.413242128125 0.8081543359375001 0.4252989921875 0.804801334375 0.4370527453125 0.7937080890625 0.44170954218749997 0.785299825 0.44167738749999996 0.7632578015625
1 0.3939596734375 0.726024234375 0.3860651484375 0.7154159078125 0.3786650828125 0.710360646875 0.365045234375 0.7091690640625 0.3568797546875 0.7128625171875 0.3427976015625 0.72815989375 0.34088406718750003 0.7500316875 0.3424470546875 0.754576271875 0.35209591875 0.7675420046875 0.3605645078125 0.7715887921875 0.37117014375 0.7736186234375 0.38341835625 0.768078440625 0.395937528125 0.74823648125 0.3968942953125 0.7373005828125 0.3939596734375 0.726024234375
1 0.3361155140625 0.748512534375 0.3267697578125 0.743287046875 0.317041290625 0.742435915625 0.3069301203125 0.74595914375 0.297504765625 0.752848253125 0.2905195703125 0.7654606546875 0.28937145000000003 0.77858373125 0.292306065625 0.7898600796874999 0.3002005953125 0.8004684031249999 0.3067234875 0.8043449640624999 0.321220509375 0.8067152500000001 0.3272489375 0.8050387484374999 0.3434681390625 0.7877244203125 0.3455730265625 0.7636654453125 0.3361155140625 0.748512534375
1 0.3932907359375 0.8008990125000001 0.39172775312499997 0.7963544296875 0.38753325625 0.7882737359374999 0.3746788203125 0.778333434375 0.35697623125 0.7789885812499999 0.3432767859375 0.789911596875 0.3384286328125 0.80050704375 0.338652146875 0.8203618828125 0.3463553171875 0.833157390625 0.356578246875 0.8395615796874999 0.367183878125 0.8415914109375 0.37321231093749996 0.8399149124999999 0.38477470937499997 0.8310088468749999 0.39156855468749996 0.8205836281250001 0.3932907359375 0.8008990125000001
1 0.44081709687500004 0.8403197609375 0.4394454625 0.8335879953124999 0.43456514999999996 0.8221414218750001 0.42647926875 0.813720278125 0.416942159375 0.810681965625 0.414805115625 0.8126989218749999 0.4050766484375 0.811847790625 0.3913772015625 0.8227708093749999 0.386720403125 0.8311790734375 0.3849982234375 0.850863690625 0.394264384375 0.8682037781249999 0.40273296875 0.8722505640625 0.4152842953125 0.874450625 0.4213127265625 0.8727741234374999 0.43287512968749997 0.8638680578125 0.437531928125 0.8554597953125 0.44081709687500004 0.8403197609375
1 0.391441521875 0.86685485 0.3865612109375 0.8554082749999999 0.3767209875 0.8446297234375001 0.3553183671875 0.8427572359375001 0.3416189203125 0.8536802546875 0.3369621234375 0.8620885203125 0.3352399421875 0.8817731359375 0.3383659125 0.890862303125 0.348206134375 0.90164085625 0.3529746875 0.9031600093750001 0.363580321875 0.9051898453125 0.3756371875 0.9018368390625 0.3852538921875 0.892760553125 0.3899106953125 0.884352284375 0.391441521875 0.86685485
1 0.34177811875 0.8294510562499999 0.33212924843749997 0.816485321875 0.3247291859375 0.8114300609375 0.30508090625 0.81191498125 0.2956555515625 0.818804090625 0.2888617046875 0.8292293093750001 0.2869481703125 0.851101103125 0.2944599921875 0.8660837875 0.3066286125 0.87265820625 0.315288553125 0.8745178140625001 0.3253997234375 0.8709945843750001 0.3371534765625 0.8599013390625 0.34181027343750003 0.8514930749999999 0.34177811875 0.8294510562499999