1 0.0869297359375 0.1438735796875 0.109360453125 0.1444587609375 0.1175669921875 0.1413853828125 0.1279965234375 0.1304595125 0.1325447578125 0.12061300625 0.129980903125 0.10893722343750001 0.11438958125000001 0.0945587046875 0.1025247296875 0.0908589609375 0.0907280625 0.091064871875 0.07089528125 0.104108303125 0.06631295937500001 0.11200197812499998 0.066551565625 0.1256717671875 0.073800003125 0.13531236093750001 0.0869297359375 0.1438735796875
1 0.1695064375 0.1424321984375 0.1813712875 0.1461319421875 0.191971246875 0.144970209375 0.20722170312500002 0.139820453125 0.22001056718749998 0.1288534015625 0.22219946875000002 0.119048078125 0.2148828578125 0.1055018359375 0.20171903906250002 0.0949877859375 0.189854196875 0.0912880421875 0.1780575203125 0.091493953125 0.166329025 0.0956055203125 0.15586540937499999 0.1045785625 0.1514194328125 0.1202835484375 0.1563426234375 0.1319181484375 0.1695064375 0.1424321984375
1 0.2839852921875 0.1433640984375 0.2945511703125 0.140249534375 0.302689534375 0.1332704984375 0.304639828125 0.1097953859375 0.28901441875 0.0934640390625 0.2723968125 0.08789383281249999 0.25827489375 0.0900937546875 0.2489057296875 0.0941641390625 0.2384762015625 0.10509001250000001 0.23642364843750002 0.12270663906249998 0.254476565625 0.1429024625 0.2615886609375 0.1447317421875 0.2839852921875 0.1433640984375
1 0.3536027 0.14312563125 0.36420266562500003 0.14196389843749999 0.379453125 0.13681414375 0.3852662421875 0.13182911718749998 0.3871824484375 0.1064011796875 0.37634387812500003 0.0938931203125 0.3597262796875 0.08832291406250001 0.347929603125 0.088528825 0.32802865312499996 0.097666596875 0.32115516875 0.109507109375 0.32132560312499997 0.11927125000000001 0.32621470625 0.1289530203125 0.33937852031250004 0.1394670703125 0.3536027 0.14312563125
1 0.44442003750000003 0.1405637 0.45502000000000004 0.1394019640625 0.467877034375 0.13234056562500002 0.47471643124999996 0.11854722343749999 0.4744437375 0.102924603125 0.46124583281250003 0.090457728125 0.451740321875 0.08671680312499999 0.4305063140625 0.08708744375000001 0.42346239375000005 0.08916381875 0.41074170624999995 0.1040365265625 0.4110484859375 0.1216119765625 0.42431456250000005 0.13798450625 0.44442003750000003 0.1405637
1 0.5504537421875 0.130899184375 0.557259053125 0.1151530171875 0.5570204453125001 0.10148322031250001 0.5438225421875 0.089016346875 0.53431703125 0.0852754203125 0.5107577734375 0.087640071875 0.4933184125 0.10259514375 0.49359110624999997 0.1182177640625 0.5009758921875 0.13566966875 0.514003359375 0.1383724046875 0.5363999953125 0.13700475781250002 0.5504537421875 0.130899184375
1 0.5965459828124999 0.1349781953125 0.618976703125 0.13556337499999999 0.6295425781249999 0.132448815625 0.6399721046875 0.1215229453125 0.6445203421875 0.1116764390625 0.6419564859375 0.10000065625000001 0.6371014703125 0.0922717109375 0.6239717421875 0.0837104921875 0.612140978125 0.0819635765625 0.595659728125 0.08420467968749999 0.580545615625 0.0971657421875 0.578288540625 0.10306541093749999 0.58095465625 0.1205996734375 0.5965459828124999 0.1349781953125
1 0.6991940734375001 0.13416317656250001 0.7121192828125 0.131007434375 0.7225828984375 0.1220343875 0.727131134375 0.11218788906249999 0.7269266140624999 0.1004709234375 0.7113012015625 0.0841395734375 0.7017956890625 0.08039864687500001 0.6876396828125 0.08064574062499999 0.670098065625 0.089742334375 0.6609675078125 0.10748250781249999 0.665924784375 0.1210699390625 0.6790885984374999 0.1315839859375 0.6991940734375001 0.13416317656250001
1 0.775855403125 0.1318483375 0.7911740328125 0.130604240625 0.8040651578125001 0.1254956671875 0.8121694359375 0.116563803125 0.814153815625 0.095041521875 0.8092988 0.0873125765625 0.7961690671875 0.078751353125 0.772575725 0.0791631765625 0.763206559375 0.08323356093749999 0.7527770328125001 0.09415943125000001 0.7505199593749999 0.1000591 0.7531519875 0.1156405375 0.763990553125 0.1281485953125 0.775855403125 0.1318483375
1 0.8990557703125001 0.0916061265625 0.8858578671874999 0.079139253125 0.8763523546875 0.07539832656249999 0.855152434375 0.0777217953125 0.8377130749999999 0.0926768671875 0.8380198546875001 0.11025231875 0.8536452640625001 0.126583665625 0.8607573578125001 0.128412946875 0.88079465625 0.12708648125 0.8971395640625 0.11703407031249999 0.8990557703125001 0.0916061265625
1 0.8603105546875 0.170419328125 0.8575762656249999 0.1489794109375 0.839659690625 0.1365948984375 0.8278289359375 0.13484798125 0.8066971828125 0.1410771046875 0.7963358296874999 0.15590863125 0.79903603125 0.1753957234375 0.814593271875 0.18782141875 0.841708571875 0.18637140624999998 0.8499151109374999 0.1832980296875 0.8603105546875 0.170419328125
1 0.7626197390625 0.18482177500000002 0.773015178125 0.171943075 0.7751699921874999 0.1601849265625 0.7702468031249999 0.1485503265625 0.74997089375 0.1362069984375 0.7358148859375 0.1364540921875 0.719401809375 0.1426008515625 0.709040453125 0.1574323765625 0.71170656875 0.1749666453125 0.7296572296875 0.1893039828125 0.7544131953125001 0.187895153125 0.7626197390625 0.18482177500000002
1 0.6471146046875 0.1926981921875 0.66715190625 0.19137173125 0.6811715671874999 0.1833133265625 0.6880109640625001 0.1695199828125 0.68780644375 0.15780301875 0.682951428125 0.1500740734375 0.6698216953125 0.141512853125 0.6627096078125 0.13968357343749999 0.64150968125 0.1420070421875 0.628686734375 0.1510212671875 0.6241044125 0.158914940625 0.62437710625 0.1745375609375 0.64236185 0.1908277296875 0.6471146046875 0.1926981921875
1 0.57985653125 0.1928954765625 0.585737821875 0.19181610625 0.6008178484375 0.176902215625 0.603074921875 0.171002546875 0.60044289375 0.155421109375 0.5824922375 0.141083771875 0.5753801421875 0.1392544921875 0.556539553125 0.141536778125 0.539100196875 0.15649185000000002 0.5368431234375 0.16239151875 0.5394751515625 0.17797295625 0.559819234375 0.19422193906250002 0.57985653125 0.1928954765625
1 0.46780518437499996 0.19582805 0.47491727812500006 0.19765733125 0.4949545765625 0.196330865625 0.50316111875 0.1932574875 0.5135906453125 0.1823316171875 0.515575025 0.16080932812499998 0.5107200093750001 0.1530803828125 0.49523094375000004 0.144560346875 0.46927826875 0.1450133515625 0.45416415624999995 0.15797441406249998 0.45190708125 0.1638740828125 0.45457319687500003 0.1814083453125 0.461787546875 0.1890961078125 0.46185572031250005 0.1930017625 0.46780518437499996 0.19582805
1 0.3923405671875 0.1990987125 0.41001853437499997 0.1978134296875 0.418225078125 0.19474005156250002 0.4309457640625 0.17986734375 0.433134665625 0.1700620203125 0.430604896875 0.16033906874999998 0.4198004125 0.1497838359375 0.4102949015625 0.1460429109375 0.40082347812499997 0.1442548125 0.3843422265625 0.146495915625 0.3692281140625 0.15945697812499998 0.367209646875 0.1790264359375 0.38283505624999997 0.1953577875 0.3923405671875 0.1990987125
1 0.3332890359375 0.196222615625 0.33910215312499997 0.1912375890625 0.3459074625 0.175491421875 0.3433436078125 0.16381563906250002 0.3229995296875 0.14756665625 0.297046846875 0.1480196625 0.2819327375 0.160980725 0.279914271875 0.1805501828125 0.29318034531250003 0.19692271562500002 0.30268585625 0.20066364062500003 0.3227231578125 0.1993371765625 0.3332890359375 0.196222615625
1 0.26110776874999997 0.184785296875 0.2607669015625 0.165257021875 0.24996241718749998 0.1547017921875 0.23806348906250002 0.1490492203125 0.20978556249999997 0.1514962359375 0.1970307828125 0.1644161203125 0.1950123171875 0.183985578125 0.217749815625 0.2021462046875 0.23778711718749998 0.200819740625 0.25067823906250003 0.19571117031250002 0.26110776874999997 0.184785296875
1 0.1351731125 0.2035875875 0.15521041093750002 0.20226112187499998 0.169195984375 0.19224989374999998 0.17377830625 0.18435621875 0.1760353796875 0.17845655 0.17347152500000002 0.16678076718749998 0.16027361874999999 0.15431389375 0.1507681078125 0.1505729671875 0.12720884999999998 0.15293761875 0.1120947421875 0.165898684375 0.10983766718750002 0.1717983453125 0.11246969531249999 0.187379784375 0.12806101875 0.20175830625 0.1351731125 0.2035875875
1 0.13472630937500002 0.24559396875 0.13206019375 0.22805970625 0.1117161140625 0.2118107203125 0.0904821 0.2121813609375 0.0730086578125 0.225183609375 0.0684263359375 0.23307728437500003 0.0710583640625 0.248658721875 0.0914024421875 0.2649077046875 0.11379907812500001 0.2635400609375 0.1243649515625 0.260425496875 0.13472630937500002 0.24559396875
1 0.17869782343750001 0.2633839578125 0.1940164515625 0.26213986093749997 0.20930099375000003 0.2589429328125 0.2127888671875 0.2559519171875 0.21962826406249997 0.24215857968750001 0.2193555703125 0.22653595937499998 0.21210713281250002 0.21689536562499998 0.201370825 0.2102457921875 0.1730247234375 0.2087871515625 0.1578765265625 0.219795390625 0.153294203125 0.227689065625 0.153566896875 0.24331168593750002 0.1691923109375 0.2596430328125 0.17869782343750001 0.2633839578125
1 0.2612404390625 0.2599897484375 0.285996409375 0.25858091875 0.3023413171875 0.2485285078125 0.3045983921875 0.24262884062499998 0.301898190625 0.22314174687500002 0.28630686562499996 0.20876322812499998 0.260320096875 0.20726340625 0.2486256890625 0.21332779999999998 0.24284665468750002 0.22026564999999998 0.23829841875 0.23011215625 0.23846885156250003 0.239876290625 0.24332386874999998 0.2476052359375 0.2564876828125 0.2581192859375 0.2612404390625 0.2599897484375
1 0.38724327187499996 0.24509311406249998 0.38919356562499996 0.2216180015625 0.368849484375 0.20536901875 0.3428968078125 0.20582202343749997 0.327782696875 0.2187830859375 0.3255256203125 0.2246827546875 0.3282258234375 0.24416984687499999 0.34142372499999996 0.256636721875 0.36621378125000004 0.2571807203125 0.3767796578125 0.254066159375 0.38724327187499996 0.24509311406249998
1 0.440549859375 0.2568598921875 0.44879048906249996 0.2557393375 0.4570311171875 0.2546187875 0.47217931249999995 0.24361055 0.4741296078125 0.22013543750000003 0.4716680109375 0.21431813906250002 0.4632910359375 0.20762737968749997 0.44903276875 0.2020159921875 0.43487676249999996 0.2022630859375 0.4231482671875 0.2063746515625 0.4127187359375 0.217300521875 0.41066618281249995 0.23491715625 0.42393226093749997 0.2512896859375 0.440549859375 0.2568598921875
1 0.557183528125 0.24603364062500002 0.5639547515625 0.2283346484375 0.5614249828125 0.21861169062500002 0.5541765453124999 0.20897110312499997 0.5386874796875001 0.2004510625 0.5127688906250001 0.2028568953125 0.4977229515625 0.2197236140625 0.4979956453125 0.235346234375 0.5028506625 0.2430751796875 0.5183738140624999 0.253548046875 0.54312978125 0.2521392203125 0.557183528125 0.24603364062500002
1 0.6257064890625 0.2506978390625 0.636238278125 0.245630446875 0.64434255625 0.23669858437500002 0.6463269390625 0.21517630156249998 0.6283762765625001 0.2008389609375 0.621264190625 0.19900968125000001 0.6000642625 0.20133315000000002 0.5872413140625 0.210347375 0.5826589921875 0.21824105 0.5829316859375 0.23386367031250002 0.5938043453125 0.2483245578125 0.60330985625 0.2520654828125 0.6257064890625 0.2506978390625
1 0.6976832359375 0.2504181890625 0.7106425296875 0.24921527499999999 0.7212084062499999 0.24610071093750002 0.729346771875 0.23912167499999998 0.7339290953125001 0.231228 0.733588228125 0.21169972499999998 0.7180309874999999 0.1992740328125 0.6990881375 0.1956978359375 0.6850003046875 0.1998505859375 0.6745366921875 0.208823628125 0.6699884546875 0.21867013281249997 0.670192975 0.2303870984375 0.6858183859375 0.24671844531249998 0.6976832359375 0.2504181890625
1 0.7660016703125 0.24336541875 0.782619278125 0.24893562500000002 0.7955785718749999 0.2477327109375 0.8037851109374999 0.2446593296875 0.8165739734375 0.2336922734375 0.8210540375000001 0.21994011875 0.8137033390624999 0.20444104531249999 0.8053263656249999 0.1977502859375 0.793461515625 0.1940505421875 0.7793055109375 0.1942976375 0.75947273125 0.20734106406250002 0.754924496875 0.21718756875 0.75509493125 0.22695170468749998 0.7600181203124999 0.2385863046875 0.7660016703125 0.24336541875
1 0.8580838937499999 0.24566496249999997 0.8628366484375001 0.247535425 0.8805146140625 0.24625014531249997 0.8863959078124999 0.245170775 0.8992188546875 0.23615654687499998 0.9037670890625 0.22631004687499998 0.9035284828125001 0.21264025156250002 0.9010668875000001 0.2068229546875 0.885509653125 0.19439725937500002 0.8618822203125 0.1928562546875 0.85251305625 0.19692663906250002 0.8420835265625 0.2078525125 0.8400991453125 0.2293747953125 0.8473475828125 0.23901538906250003 0.8580838937499999 0.24566496249999997
1 0.8166384750000001 0.3049910703125 0.8367098593750001 0.3056174359375 0.8519603140625 0.30046768125 0.8577734359375 0.2954826546875 0.8623557578125001 0.2875889796875 0.862048978125 0.270013534375 0.8524071203125001 0.2584613 0.8417048953125 0.25376455 0.81811155 0.2541763734375 0.8029633546875001 0.26518460781250003 0.7983810328125001 0.2730782828125 0.798619640625 0.28674807812499997 0.8059021640624999 0.298341496875 0.8166384750000001 0.3049910703125
1 0.7564924859375 0.3070176359375 0.767058359375 0.303903071875 0.777487890625 0.2929771984375 0.7796427046875001 0.28121905156250004 0.77707885 0.26954326875 0.7591281921874999 0.25520593125 0.7472974296875 0.253459015625 0.7331755078125 0.2556589375 0.7157702390625 0.27256684062500003 0.7135472515625 0.28041933281250003 0.7160770203125 0.290142284375 0.731702434375 0.30647363437499997 0.7564924859375 0.3070176359375
1 0.6585971484375001 0.30970311562499997 0.6668377765625 0.3085825640625 0.6820882312500001 0.303432809375 0.687901353125 0.2984477828125 0.6946384890624999 0.27879596093750003 0.6813383234375 0.26047060312500003 0.66708005625 0.2548592140625 0.6529240484375001 0.255106309375 0.6330912718749999 0.26814973593749997 0.62850895 0.27604341093749996 0.6287134703125 0.2877603765625 0.6336025734375 0.2974421515625 0.6443729671875 0.3060445546875 0.6585971484375001 0.30970311562499997
1 0.5487347046875 0.302830371875 0.5547182562499999 0.3076094828125 0.5713358625 0.3131796890625 0.5795764875 0.3120591359375 0.59250169375 0.3089033921875 0.6029653125000001 0.299930346875 0.607513546875 0.2900838484375 0.6073090265625 0.2783668828125 0.5916836125 0.2620355328125 0.5821781015624999 0.25829460625 0.563303425 0.258624065625 0.5539342609375 0.26269445 0.5458299828125 0.27162631249999997 0.5412817484375 0.2814728125 0.5414180953125001 0.289284121875 0.5487347046875 0.302830371875
1 0.4922811109375 0.31358288125 0.500521740625 0.31246233125 0.513378775 0.30540093125 0.5202522578125001 0.29356041875 0.52001365 0.2798906296875 0.506747571875 0.263518096875 0.4972420609375 0.25977717031249997 0.478367384375 0.2601066296875 0.4689982203125 0.2641770140625 0.456243446875 0.277096896875 0.4565843140625 0.29662517187500004 0.467456971875 0.31108605625 0.4922811109375 0.31358288125
1 0.43073389375 0.3029366578125 0.43511169531249994 0.2833260171875 0.43025667968750003 0.275597071875 0.41234010625 0.2632125625 0.39343134218750003 0.26158919375 0.373598565625 0.2746326234375 0.3692207640625 0.2942432640625 0.376537375 0.30778950625 0.3825209296875 0.3125686203125 0.39202644062499997 0.316309546875 0.41442307187500005 0.3149418984375 0.43073389375 0.3029366578125
1 0.3458319390625 0.3063720515625 0.34785040624999997 0.2868025953125 0.3429613046875 0.27712081875 0.3297974890625 0.266606771875 0.30381071875 0.26510695 0.2840120296875 0.2801032078125 0.28199356249999996 0.299672665625 0.2976530625 0.317956840625 0.32244311406250004 0.318500840625 0.3376935703125 0.3133510859375 0.3458319390625 0.3063720515625
1 0.20194662187499998 0.3108369984375 0.2127170203125 0.3194394046875 0.2351477390625 0.32002458749999996 0.2503981984375 0.31487483125 0.2608618109375 0.3059017859375 0.2629484515625 0.2902379828125 0.2604527703125 0.2824678546875 0.24489553437499997 0.2700421625 0.233030684375 0.2663424203125 0.223593346875 0.2665071484375 0.2141900953125 0.26862470625 0.2013671484375 0.277638934375 0.19678482656250001 0.285532609375 0.19705752031249998 0.3011552296875 0.20194662187499998 0.3108369984375
1 0.137252403125 0.32271006562500004 0.15257103125 0.32146596875 0.1689841140625 0.31531920625 0.1758916828125 0.30543152500000004 0.1780124109375 0.29172054687500004 0.1755167296875 0.28395041875000004 0.16231882343749998 0.2714835453125 0.13865730625 0.26798971250000003 0.1269288109375 0.27210127968750003 0.1141399453125 0.2830683359375 0.112121478125 0.30263779375 0.1194040015625 0.3142312109375 0.1277468921875 0.31896914062500004 0.137252403125 0.32271006562500004
1 0.11936624375 0.3796715234375 0.1321551046875 0.36870447031250003 0.134139484375 0.3471821828125 0.118514075 0.33085083593750003 0.090167975 0.32939219531249997 0.072694528125 0.34239444375 0.068180378125 0.35419377343749997 0.0755651625 0.37164567187499997 0.0839421359375 0.37833643125 0.10055974062499999 0.3839066375 0.10408169687499999 0.3828684484375 0.11936624375 0.3796715234375
1 0.13936578125000001 0.4437853734375 0.14760640625000002 0.4426648234375 0.1605316125 0.43950907656249993 0.173320478125 0.42854202187499996 0.175304859375 0.4070197390625 0.1620728703125 0.392600034375 0.1502080203125 0.388900290625 0.1360520125 0.389147384375 0.12664876249999998 0.39126494218749996 0.1138599015625 0.40223199374999996 0.1094139265625 0.4179369796875 0.114337115625 0.42957157968750004 0.12274817499999999 0.43821516718750003 0.13936578125000001 0.4437853734375
1 0.18313644375 0.3824652546875 0.1937364078125 0.38130352031250003 0.20430228437500003 0.37818895937499997 0.217057059375 0.3652690765625 0.2190755265625 0.34569961875 0.20109077812499998 0.329409453125 0.17746334531250002 0.32786845 0.1704194328125 0.3299448234375 0.15763056875 0.34091187968750003 0.1530823328125 0.350758378125 0.1532186796875 0.3585696890625 0.160535290625 0.3721159375 0.1665188453125 0.3768950484375 0.18313644375 0.3824652546875
1 0.2585669734375 0.377241765625 0.26567906875 0.3790710453125 0.285716365625 0.37774458437499997 0.29159765625 0.37666521249999996 0.30438652187500004 0.36569816093749996 0.3063709015625 0.344175871875 0.2907454875 0.327844525 0.2812399765625 0.3241035984375 0.2670839703125 0.32435069375 0.255355475 0.328462259375 0.24489185781249997 0.33743530312500003 0.240343621875 0.3472818078125 0.24051405625000002 0.35704594218749997 0.24540315937499999 0.36672771875 0.2585669734375 0.377241765625
1 0.2147963109375 0.43856188281249997 0.22666115312500001 0.4422616265625 0.23490178125 0.4411410765625 0.24782699375 0.43798533125 0.26061585468750004 0.427018275 0.2652322625 0.42107743124999997 0.26499365625000004 0.407407634375 0.26013864062500003 0.39967868906250004 0.24697482499999998 0.3891646421875 0.228031975 0.38558844531249997 0.2057716859375 0.394767403125 0.1988641171875 0.40465508593750005 0.1991708984375 0.42223053593750004 0.20163249218749998 0.4280478328125 0.2147963109375 0.43856188281249997
1 0.299698265625 0.4351264921875 0.3139224453125 0.438785053125 0.3221630703125 0.4376645 0.335088278125 0.43450875624999996 0.34555189531249997 0.4255357109375 0.35010013125 0.4156892109375 0.3498615234375 0.402019415625 0.3366295359375 0.3875997140625 0.327124025 0.3838587875 0.3106086796875 0.3841470640625 0.293032975 0.3912908265625 0.2838001578125 0.403172521875 0.28403876562499997 0.41684231718750003 0.2913212890625 0.428435734375 0.299698265625 0.4351264921875
1 0.33871617187499997 0.3719359109375 0.348221684375 0.3756768375 0.3729776546875 0.37426800625 0.3788589484375 0.3731886390625 0.38932256249999997 0.36421559531250003 0.3938707984375 0.354369090625 0.393666278125 0.342652125 0.3780408671875 0.32632077812500004 0.36853535625 0.32257985312500004 0.34966068125 0.32290931093749997 0.3344783953125 0.33196471875 0.3276049109375 0.34380523125 0.32777534531249997 0.35356937187500004 0.3326985359375 0.36520397187500003 0.33871617187499997 0.3719359109375
1 0.474258603125 0.36273303125 0.4788409265625 0.3548393578125 0.47856823281249994 0.33921673750000003 0.473713215625 0.3314877921875 0.45583072968750005 0.32105610625000003 0.42991213906250003 0.3234619390625 0.412506865625 0.3403698421875 0.41517298125 0.3579041046875 0.42002799843750005 0.36563305 0.43551706250000005 0.374153090625 0.46027303125 0.3727442609375 0.474258603125 0.36273303125
1 0.3917463921875 0.4354732078125 0.40709911249999997 0.4361819359375 0.42005840625 0.4349790203125 0.4328813578125 0.42596479531250003 0.43961849375 0.406312971875 0.4346953046875 0.394678371875 0.4191721515625 0.38420550468750003 0.3955447203125 0.3826645 0.3803283515625 0.3897670796875 0.3734207828125 0.39965476718750004 0.37126596875 0.411412915625 0.37622324375 0.42500034062500003 0.38224088125 0.4317322828125 0.3917463921875 0.4354732078125
1 0.48140110312499995 0.4339082796875 0.506157075 0.432499453125 0.5224678953125 0.42049421093749995 0.5270161296875 0.41064770624999997 0.5268456968749999 0.400883571875 0.5195631734374999 0.38929015312500004 0.5064334453125 0.3807289296875 0.4828060140625 0.3791879265625 0.4652984796875 0.390237346875 0.458459084375 0.4040306828125 0.45859543125 0.41184199374999997 0.46591204062499997 0.4253882421875 0.4718955921875 0.430167353125 0.48140110312499995 0.4339082796875
1 0.545209071875 0.371261696875 0.553415615625 0.36818831875 0.563845140625 0.3572624484375 0.5658636078125 0.337692990625 0.5586151703125 0.328052396875 0.5431261078125 0.319532359375 0.5195327625 0.3199441828125 0.5020934031250001 0.33489925781249996 0.49983632812499995 0.34079892031250003 0.50246835625 0.3563803578125 0.5073233734375 0.364109303125 0.5228124359375 0.37262934375 0.545209071875 0.371261696875
1 0.55313924375 0.419958840625 0.568662396875 0.4304317046875 0.591093115625 0.4310168890625 0.6016589921875 0.427902325 0.6074721109375 0.4229173015625 0.6143796796875 0.4130296140625 0.61650040625 0.3993186421875 0.6092178828125 0.38772522343750004 0.59608815625 0.3791640015625 0.570101384375 0.3776641796875 0.5607322203125 0.3817345640625 0.5526279421875 0.390666425 0.5480456203124999 0.3985601 0.548250140625 0.4102770640625 0.55313924375 0.419958840625
1 0.6301451140625 0.3697791328125 0.6407109859375 0.366664571875 0.6511405171875 0.3557387015625 0.653124896875 0.3342164140625 0.6375335734375 0.31983789375 0.61387205625 0.31634406249999997 0.602143553125 0.320455628125 0.5940051890625 0.3274346609375 0.589422865625 0.3353283359375 0.5897296453124999 0.3529037875 0.6029616359375 0.3673234890625 0.6148264859375 0.3710232328125 0.6301451140625 0.3697791328125
1 0.6535984390625 0.428949140625 0.6713104875 0.4296166890625 0.681876365625 0.426502125 0.6946652265625 0.41553507031250003 0.69661551875 0.3920599578125 0.6834176140625 0.3795930828125 0.6739121031249999 0.37585215625 0.6503187578125 0.37626397968749997 0.6374958109375 0.38527820625000003 0.6306564140625001 0.3990715484375 0.6307927609374999 0.4068828578125 0.63571595 0.418517459375 0.6416995015625 0.4232965703125 0.6535984390625 0.428949140625
1 0.6878976765625 0.365840925 0.70212185625 0.3694994859375 0.7127218203125001 0.36833775 0.725647028125 0.3651820078125 0.7314601484375001 0.36019698125 0.738299546875 0.3464036453125 0.7380950265624999 0.3346866796875 0.733240009375 0.326957734375 0.7200761906250001 0.316443684375 0.6940894281250001 0.3149438625 0.6743248203125 0.3318929484375 0.6721018328125 0.339745440625 0.6746997734375 0.353374046875 0.679554790625 0.36110299375 0.6878976765625 0.365840925
1 0.7819606015625 0.41401132343749997 0.7839449828125 0.392489040625 0.77071299375 0.3780693359375 0.7470173890625 0.3726226765625 0.73292955625 0.37677542656249996 0.7224659390625 0.385748471875 0.72058381875 0.4131292390625 0.7385344796875 0.4274665765625 0.7586058640625 0.42809294218750005 0.7691717375 0.42497837968749996 0.7819606015625 0.41401132343749997
1 0.795298528125 0.36689636875 0.8082237390625 0.3637406265625 0.8210125984375001 0.35277357343750004 0.8230310671875 0.33320411562499996 0.8157485421875 0.321610696875 0.8074056562499999 0.316872765625 0.783744140625 0.31337893437500003 0.7720156375 0.3174905 0.761586109375 0.3284163703125 0.7596017296875 0.349938659375 0.7728337187500001 0.36435836093749996 0.7870578984375001 0.368016921875 0.795298528125 0.36689636875
1 0.871959853125 0.36458153125 0.8849191515625 0.36337861562499996 0.8908004421875001 0.36229924375 0.9059145531249999 0.349338178125 0.9078989359375 0.327815896875 0.8970603671875 0.3153078359375 0.8875548562500001 0.3115669109375 0.86864609375 0.3099435421875 0.8511044734375 0.31904013125 0.844230990625 0.33088064375 0.844469596875 0.344550440625 0.8493587 0.354232209375 0.857735671875 0.3609229703125 0.871959853125 0.36458153125
1 0.8458671531249999 0.42461636562500005 0.8564330312499999 0.4215018046875 0.86689664375 0.41252875937500005 0.8714789656249999 0.404635084375 0.8687787640625 0.3851479921875 0.8508621937499999 0.37276348125 0.8413907671875 0.37097538281250003 0.8225501796874999 0.3732576703125 0.8143777234374999 0.378283875 0.80514490625 0.3901655703125 0.8078451078125 0.4096526625 0.823436434375 0.4240311859375 0.8458671531249999 0.42461636562500005
1 0.86456771875 0.48191591093749997 0.8740732296875 0.4856568375 0.8893918624999999 0.484412740625 0.8999577390625 0.48129817656249996 0.910421353125 0.472325134375 0.9147991546875 0.45271449375 0.9099100531250001 0.4430327171875 0.8991396578125 0.43443031562499995 0.8848813921875 0.42881892656250004 0.877803384375 0.42894247500000005 0.8684001328125 0.43106003125000003 0.8555771859375 0.44007425624999996 0.848669615625 0.44996194375 0.848942309375 0.46558456406250004 0.86456771875 0.48191591093749997
1 0.809174490625 0.4858129390625 0.8220656109375 0.480704365625 0.8301698937499999 0.47177250312499996 0.8322224484375 0.454155875 0.8189563734374999 0.4377833421875 0.8094508609375 0.43404241718750003 0.7882168468749999 0.4344130578125 0.7683840703125 0.4474564890625 0.766365603125 0.46702594687500004 0.7712206187499999 0.47475489218750005 0.7843844328125 0.48526893906249996 0.7891371890625 0.4871394015625 0.809174490625 0.4858129390625
1 0.7089539031250001 0.49049242812499994 0.7171945328125 0.48937187499999996 0.7254351609375 0.48825132499999996 0.7429086046875 0.47524907968749996 0.7448929859375 0.45372679062500004 0.7376445484375 0.444086203125 0.7269082375 0.43743662656250004 0.7174027265625 0.4336957015625 0.7008873890625 0.43398397656250004 0.68108869375 0.448980234375 0.6790702265624999 0.4685496921875 0.6815659078125 0.47631982031250003 0.6899769671875 0.4849634046875 0.7089539031250001 0.49049242812499994
1 0.6192991921875 0.49205735781250004 0.6346178250000001 0.49081325624999994 0.6475089453125 0.4857046859375 0.6556132296875 0.47677282656250003 0.657597609375 0.4552505375 0.6551360140625 0.449433240625 0.644365621875 0.4408308359375 0.6230293453125 0.43534299374999996 0.60425693125 0.4415309359375 0.596118565625 0.44850996875 0.5915362421875 0.45640364375000003 0.5918089359375001 0.47202626406250003 0.60743435 0.4883576140625 0.6192991921875 0.49205735781250004
1 0.5272851515625 0.49366346875 0.5496817843749999 0.49229582031249997 0.5578883218749999 0.48922244375 0.5706090140625 0.47434973593749996 0.5702681468749999 0.454821459375 0.5547109109374999 0.4423957640625 0.5452053984375 0.4386548390625 0.5380933046874999 0.4368255578125 0.5263307234375 0.438984296875 0.5146363078125 0.4450486921875 0.5042067796875 0.45597456562499994 0.504581734375 0.47745566562499997 0.5177796406249999 0.48992254218750003 0.5272851515625 0.49366346875
1 0.439989771875 0.495187215625 0.4529831578125 0.4959371265625 0.4635831171875 0.4947753921875 0.48109064999999995 0.4837259734375 0.48543436562500003 0.46216250312499996 0.482938684375 0.454392375 0.46741553125 0.44391951093750004 0.4579100203125 0.4401785859375 0.4437540125 0.4404256796875 0.41920256718750004 0.453551475 0.4171840984375 0.4731209328125 0.4221072890625 0.4847555328125 0.43048426093750003 0.4914462890625 0.439989771875 0.495187215625
1 0.3408295484375 0.49301121875 0.35272848749999997 0.49866378906250003 0.36572186875 0.49941369843750005 0.37396249375 0.49829314843750006 0.38914477812500003 0.489237740625 0.3960523484375 0.479350053125 0.39824125 0.46954473593749996 0.3932839734375 0.4559573046875 0.3849070015625 0.4492665484375 0.373008065625 0.44361397656249996 0.35413338906249997 0.4439434359375 0.340079640625 0.45004901249999996 0.3319412765625 0.4570280453125 0.3299568953125 0.47855033281250003 0.3408295484375 0.49301121875
1 0.2725452015625 0.502016815625 0.27842649218750004 0.5009374453125 0.2866671203125 0.49981689375 0.2983615296875 0.4937525 0.311048134375 0.4769269609375 0.3109117875 0.4691156515625 0.3035951765625 0.45556940937499996 0.2857126921875 0.4451377234375 0.259794096875 0.44754355625000003 0.24697114843749998 0.456557784375 0.242388825 0.46445145937500004 0.2451231140625 0.48589137656250003 0.26068035156249997 0.498317071875 0.2725452015625 0.502016815625
1 0.166272884375 0.49801153906250006 0.1805311515625 0.5036229265625 0.195849784375 0.5023788265625 0.21106615781250002 0.49527624687499994 0.2168451890625 0.48833839531249995 0.2214275109375 0.4804447203125 0.221222990625 0.46872775625 0.213940465625 0.4571343375 0.2032041546875 0.4504847609375 0.181901975 0.446949746875 0.170173471875 0.4510613125 0.1573846109375 0.46202836875 0.15293863593749998 0.477733353125 0.15786182499999998 0.4893679546875 0.166272884375 0.49801153906250006
1 0.0955951109375 0.505105490625 0.1156324125 0.5037790265625001 0.126164203125 0.4987116375 0.13426848125 0.48977977812500006 0.1362528609375 0.46825748906250003 0.12066153906249999 0.4538789703125 0.11115602656250001 0.45013804375 0.0970000203125 0.4503851375 0.0852715171875 0.4544967046875 0.07480790468750001 0.46346974999999996 0.07022558125 0.471363425 0.0704641890625 0.485033215625 0.0860896 0.501364565625 0.0955951109375 0.505105490625
1 0.127254978125 0.56120211875 0.1367604890625 0.5649430453125001 0.1567977859375 0.5636165828124999 0.1650043296875 0.5605432015625 0.1754679421875 0.551570159375 0.1800502640625 0.5436764843749999 0.1798116578125 0.5300066875 0.16418624843750002 0.5136753406250001 0.1546807375 0.509934415625 0.1358060609375 0.5102638734375 0.11829852656249999 0.52131329375 0.11145913125 0.53510663125 0.111595478125 0.542917940625 0.11648457968749999 0.5525997171875 0.127254978125 0.56120211875
1 0.2121569328125 0.557766728125 0.2264152 0.5633781156250001 0.23937449375000003 0.5621752015625 0.25226561406250003 0.5570666281250001 0.260403984375 0.5500875953125 0.26717520625 0.532388596875 0.259858596875 0.5188423546875 0.25148161875 0.5121515953125 0.232504684375 0.5066225703125 0.21137293906250001 0.51285169375 0.20323456874999998 0.5198307296875 0.1986863328125 0.5296772296875 0.1988567671875 0.5394413703125001 0.20377995625 0.5510759703125 0.2121569328125 0.557766728125
1 0.09298981875 0.6262631625 0.1153864546875 0.624895515625 0.1212677453125 0.6238161468750001 0.136347771875 0.608902253125 0.13857075937500002 0.6010497609375001 0.1360069046875 0.589373978125 0.1227749171875 0.5749542765625 0.11326940468749999 0.5712133500000001 0.0943947296875 0.571542809375 0.08037506875 0.5796012140625 0.0722707859375 0.5885330765625 0.0701841453125 0.6041968796875 0.07507324843749999 0.61387865 0.09298981875 0.6262631625
1 0.1779258609375 0.6247805984375 0.200322496875 0.6234129515625 0.2062037875 0.6223335828125001 0.22360906093750002 0.6054256828125 0.22090885937500002 0.585938590625 0.210104375 0.5753833578124999 0.19584610625 0.56977196875 0.1840494390625 0.56997788125 0.16996160625 0.5741306296875 0.1594979875 0.583103675 0.15494975312499998 0.592950175 0.15758178125 0.6085316125 0.1624367984375 0.6162605578125 0.1779258609375 0.6247805984375
1 0.2675805703125 0.6232156703125 0.28997720625 0.621848021875 0.29818375 0.61877464375 0.3086132765625 0.6078487734375 0.313127425 0.59604944375 0.31059765625 0.5863264859374999 0.305742640625 0.578597540625 0.28786015625 0.5681658578125 0.2619415609375 0.570571690625 0.2491186125 0.579585915625 0.24453628906249997 0.587479590625 0.24487715781250002 0.607007865625 0.25807505937499997 0.61947474375 0.2675805703125 0.6232156703125
1 0.28611805625 0.5359647937500001 0.29104124531250003 0.54759939375 0.304205059375 0.55811344375 0.316069909375 0.5618131875000001 0.32666986875 0.5606514546875 0.33723574218749997 0.557536890625 0.3500246078125 0.5465698359375 0.35460692968749996 0.5386761609375 0.354402409375 0.5269591953125 0.34951330625 0.517277425 0.34113632968749996 0.510586665625 0.3268780625 0.5049752765625 0.3150813953125 0.5051811890625 0.298668309375 0.5113279484375 0.29052994375 0.518306984375 0.285981709375 0.5281534828125001 0.28611805625 0.5359647937500001
1 0.4210091625 0.5570513296875 0.42689045312499996 0.5559719624999999 0.441970478125 0.5410580687500001 0.44415937968749997 0.5312527515625 0.441595525 0.51957696875 0.42364486875 0.505239628125 0.41653277343750006 0.5034103484375 0.392973515625 0.5057750000000001 0.3848010625 0.5108012046875 0.375568246875 0.5226828984375 0.378302534375 0.5441228234375 0.398612525 0.558418978125 0.4210091625 0.5570513296875
1 0.3500891078125 0.6178686328125 0.3748791609375 0.618412634375 0.380760453125 0.6173332625 0.3935834046875 0.608319034375 0.4004228 0.594525696875 0.4002523671875 0.5847615562499999 0.397790771875 0.5789442593749999 0.38223353437499996 0.5665185640625 0.36093134843749997 0.56298355 0.3445182703125 0.569130309375 0.336379903125 0.5761093453125 0.3320021 0.5957199859375 0.336925290625 0.6073545859375 0.3500891078125 0.6178686328125
1 0.45981520312499996 0.61693006875 0.472740415625 0.6137743234374999 0.4878204359375 0.59886043125 0.48980481718749996 0.5773381484375 0.47424757656249994 0.564912453125 0.45527064062499994 0.5593834296875 0.43181364375 0.5676065625 0.4260005265625 0.5725915859375 0.4214182046875 0.5804852609375 0.42172498437500006 0.5980607109375 0.428973421875 0.6077012984375 0.4421031484375 0.616262521875 0.45981520312499996 0.61693006875
1 0.48587381875 0.554942403125 0.4988672 0.5556923125 0.516476990625 0.550501378125 0.524615359375 0.5435223421875001 0.52919768125 0.5356286671875 0.5288568140625001 0.5161003921875 0.518052334375 0.5055451625 0.5037940671875 0.49993377499999997 0.484919390625 0.5002632328125001 0.46741185781250005 0.511312653125 0.4628295359375 0.519206328125 0.4631022296875 0.5348289484375 0.4739748828125 0.5492898328125 0.48587381875 0.554942403125
1 0.5684164359375 0.5515481953125 0.5908471578125 0.552133378125 0.60141303125 0.5490188140625001 0.614167809375 0.536098934375 0.6161862765625 0.5165294765625 0.61372468125 0.5107121734375 0.6029542890624999 0.502109771875 0.5886960218749999 0.49649838281249997 0.572180675 0.496786659375 0.5558357734375 0.5068390734375 0.5500567375000001 0.5137769265625 0.54783375 0.52162941875 0.550465778125 0.5372108578125 0.5684164359375 0.5515481953125
1 0.5222523484375 0.6109566671875 0.5317578593750001 0.6146975921875 0.5517951609375 0.613371128125 0.5576764562500001 0.612291759375 0.5727905640625 0.599330696875 0.5772365390624999 0.5836257125000001 0.5747067718750001 0.5739027531249999 0.5662957125 0.5652591703125001 0.5472846890625 0.55777731875 0.5307693437500001 0.5580655953125 0.5190749359375 0.5641299890625 0.50864540625 0.575055859375 0.5064565046875 0.5848611828125 0.5090203609375 0.596536965625 0.5222523484375 0.6109566671875
1 0.636731203125 0.6118885640625 0.6472970796874999 0.608774003125 0.6600518546874999 0.5958541203125 0.6596087265625 0.570467365625 0.6393328171875 0.558124034375 0.6204240546875 0.556500665625 0.6063703078125 0.5626062421875 0.5959066953125001 0.5715792890625 0.5939223140625 0.5931015703125 0.59877733125 0.600830515625 0.6119411453125 0.611344565625 0.6166939015625 0.6132150281250001 0.636731203125 0.6118885640625
1 0.660430484375 0.5499420828125 0.6828271171875 0.5485744359375 0.7014290984375 0.53262235625 0.7036520859375 0.5247698640625 0.70105414375 0.5111412578125 0.695036503125 0.504409315625 0.6759913937500001 0.4949746359375 0.6547914734375 0.49729810468749996 0.6373521140625 0.5122531796875001 0.6351291265625 0.5201056734375 0.6377270671875 0.5337342796875 0.6425820828125001 0.541463225 0.653318390625 0.548112803125 0.660430484375 0.5499420828125
1 0.706314525 0.609697271875 0.7239924921875 0.6084119921875 0.7345583640625 0.6052974296875 0.7450219828125 0.5963243859375 0.74950204375 0.5825722265625 0.7469381890625 0.5708964437499999 0.7420831734375 0.5631674984374999 0.7313468671875001 0.5565179234375 0.7030007656249999 0.555059284375 0.68552731875 0.568061528125 0.6811495171875 0.58767216875 0.6860386203125 0.5973539453125001 0.6968090140625 0.605956346875 0.706314525 0.609697271875
1 0.772481828125 0.5470095078125 0.780688365625 0.5439361296875 0.7887926484375 0.535004265625 0.7907770281250001 0.5134819828125 0.7822977953125 0.5009327406249999 0.770398859375 0.4952801703125 0.753849434375 0.49361561875 0.74212093125 0.4977271859375 0.7270068234375 0.5106882515625 0.72474975 0.5165879140625 0.727381778125 0.5321693515625 0.7477258578125 0.5484183375 0.772481828125 0.5470095078125
1 0.81952849375 0.6057676921875 0.8299921109374999 0.5967946468750001 0.8345403453125 0.586948146875 0.8342676515624999 0.571325528125 0.8162829078125 0.5550353593749999 0.7926554765625 0.5534943546875 0.7832863109375 0.5575647390625 0.7682403734375 0.5744314578124999 0.770940575 0.5939185499999999 0.7888912359375 0.608255890625 0.8136472015624999 0.6068470640625 0.81952849375 0.6057676921875
1 0.8938645749999999 0.6054468640625 0.9044304484374999 0.6023323015625001 0.9172193125 0.5913652453125 0.921699375 0.577613090625 0.91916960625 0.5678901328125 0.9011848609375 0.5515999671875 0.8751980921875001 0.5501001453125001 0.85772465 0.56310239375 0.8531423265625 0.57099606875 0.8558425296875001 0.5904831609375 0.8713997656249999 0.602908853125 0.883264615625 0.606608596875 0.8938645749999999 0.6054468640625
1 0.825515725 0.5431536640625 0.8397399046875 0.5468122265625001 0.8456211953125001 0.5457328546875 0.85622115625 0.544571121875 0.8690781937500001 0.537509721875 0.8759857640625001 0.5276220390625 0.8757130703125 0.51199941875 0.8600876562499999 0.49566806874999997 0.8387854765625 0.49213305468749996 0.8293822265624999 0.4942506125 0.8165592734375 0.5032648375 0.8096517046875 0.513152525 0.8098221375 0.522916659375 0.8171387484375 0.5364629078125 0.825515725 0.5431536640625
1 0.8548125765625001 0.6666846140625 0.8677377859375 0.663528871875 0.8782014015625 0.6545558265625 0.8826132890625 0.6368980171875 0.8776901 0.625263415625 0.866919703125 0.6166610109375 0.857414190625 0.6129200859374999 0.8385395171875001 0.6132495437500001 0.8291703515625001 0.6173199281249999 0.816381490625 0.62828698125 0.8168246187499999 0.6536737421875001 0.8347411875 0.6660582515625 0.8548125765625001 0.6666846140625
1 0.7699106234374999 0.6701200093749999 0.78280174375 0.6650114359375 0.790906025 0.656079571875 0.79289040625 0.634557290625 0.7820177484374999 0.620096403125 0.77015290625 0.616396659375 0.7489188921875 0.6167673 0.739549728125 0.620837684375 0.726794953125 0.6337575656250001 0.7271699078125 0.6552386718750001 0.740367809375 0.6677055453125 0.749873321875 0.6714464718750001 0.7699106234374999 0.6701200093749999
1 0.6649372796875 0.6729290359375 0.6802559109375 0.6716849375 0.6884965359375 0.670564384375 0.70361065 0.65760331875 0.70552685625 0.63217538125 0.6947223765625 0.62162015 0.6781047703125 0.61604994375 0.6686674328125 0.616214671875 0.6545795984375 0.6203674218749999 0.6417907390625001 0.6313344734374999 0.6398404453125 0.6548095875 0.64708888125 0.66445018125 0.6554317671875001 0.6691881093750001 0.6649372796875 0.6729290359375
1 0.59535395625 0.6751203265625 0.6164516203125 0.666938375 0.6232228421875 0.6492393843750001 0.6229842359375 0.6355695875 0.614539090625 0.6249731765625001 0.5931687296875 0.6175325078125 0.5790127234375 0.6177796015625 0.5544612765625 0.630905396875 0.549947128125 0.6427047265625 0.5526132421875001 0.6602389890625 0.563417728125 0.6707942203124999 0.5729232390625 0.674535146875 0.59535395625 0.6751203265625
1 0.4903806140625 0.6779293562500001 0.5104179171875 0.676602890625 0.5186244546875 0.6735295125 0.5314133187500001 0.6625624593749999 0.5333976984375 0.6410401718750001 0.5285426828124999 0.6333112265625 0.5154129562499999 0.62475000625 0.4870668546875 0.6232913671875 0.4753724390625 0.6293557609375 0.4672681609375 0.638287621875 0.4650110859375 0.644187290625 0.4676772015625 0.661721553125 0.4808751015625 0.6741884296875 0.4903806140625 0.6779293562500001
1 0.425481875 0.6780854546875 0.44182678124999997 0.66803304375 0.446409103125 0.66013936875 0.4461023234375 0.64256391875 0.4412473078125 0.6348349734375 0.42572415937499997 0.6243621078125 0.4021308140625 0.62477393125 0.38229803281249997 0.6378173625 0.38034773906249997 0.661292475 0.3852027546875 0.6690214203125 0.39833248593750004 0.6775826390625 0.4054445734375 0.6794119203125 0.425481875 0.6780854546875
1 0.31582395 0.6829296765625 0.3358612515625 0.6816032140625 0.3417425453125 0.68052384375 0.3545654921875 0.6715096140625 0.3591478140625 0.663615940625 0.35884103437500003 0.6460404953125 0.3456090453125 0.631620790625 0.321913440625 0.62617413125 0.2996531515625 0.6353530890625 0.29274558125 0.6452407703125 0.2906248546875 0.6589517484375 0.29554804375 0.6705863484375 0.3063184375 0.67918875 0.31582395 0.6829296765625
1 0.21430439687499997 0.6807948609375 0.2238099078125 0.6845357875 0.24856587343749997 0.6831269609375 0.262585534375 0.6750685562500001 0.2694590171875 0.66322804375 0.269254496875 0.6515110796875 0.2643653953125 0.641829303125 0.253594996875 0.6332269015625 0.24173015625 0.6295271578125 0.225214809375 0.629815434375 0.2158456453125 0.6338858187499999 0.2031249578125 0.6487585296875 0.20090197031249998 0.656611021875 0.20349991250000002 0.6702396296875001 0.21430439687499997 0.6807948609375
1 0.12105955156249999 0.679492321875 0.12940244218750002 0.684230253125 0.136514528125 0.686059534375 0.1589111640625 0.6846918890625 0.175256071875 0.6746394718750001 0.17983839375 0.666745796875 0.1795657 0.651123178125 0.1722831765625 0.639529759375 0.1639402859375 0.6347918296875 0.15207544374999998 0.6310920859375 0.14027876718750001 0.6312979984375 0.1285502734375 0.6354095656250001 0.11576140937499999 0.6463766203125 0.1112131734375 0.6562231203125 0.1113495203125 0.6640344296875 0.12105955156249999 0.679492321875
1 0.11753391875000001 0.747923653125 0.12341520937499999 0.74684428125 0.1338788265625 0.7378712359375 0.13846115 0.7299775609375 0.13815436875 0.712402115625 0.12492238124999999 0.6979824109375 0.10594544374999999 0.6924533875 0.09414876718750001 0.6926592984375 0.07438416249999999 0.709608384375 0.07243386874999999 0.733083496875 0.085631771875 0.7455503718750001 0.0951372828125 0.749291296875 0.11753391875000001 0.747923653125
1 0.21645553281250002 0.736429853125 0.22336310468749998 0.726542171875 0.22305632343749998 0.708966721875 0.209824334375 0.69454701875 0.197959484375 0.6908472765625 0.179084809375 0.691176734375 0.16971564374999998 0.69524711875 0.15699495624999998 0.7101198265625001 0.15979741875 0.7354654046875 0.17532056875 0.7459382703124999 0.2047952078125 0.744447075 0.21645553281250002 0.736429853125
1 0.3153430625 0.7229832296875001 0.31510445468750004 0.709313440625 0.3102494390625 0.7015844953125 0.2923328640625 0.6891999828125 0.2640549375 0.6916469984375 0.2489749140625 0.7065608906249999 0.251811465625 0.7338592937499999 0.2696939484375 0.7442909765625 0.296809253125 0.7428409640625 0.3107948265625 0.7328297359375 0.3153430625 0.7229832296875001
1 0.354595903125 0.740855584375 0.361707996875 0.742684865625 0.384104628125 0.7413172171875 0.39231116718750003 0.738243840625 0.40270661093750004 0.7253651390625 0.4049295984375 0.717512646875 0.40229757031249996 0.7019312078125 0.3914930859375 0.6913759796875001 0.381987575 0.687635053125 0.3583942296875 0.6880468765625001 0.34669982187500004 0.694111271875 0.3386296265625 0.7049959625 0.3364066390625 0.7128484546875 0.3390386671875 0.7284298921875 0.354595903125 0.740855584375
1 0.46668133593750005 0.7398758359375 0.48306033125000003 0.73177625 0.4899679 0.7218885687500001 0.492088628125 0.708177590625 0.4787884671875 0.6898522328125 0.4645301984375 0.6842408437499999 0.448014853125 0.6845291203125 0.4362863578125 0.6886406875 0.42585682968749994 0.6995665609375 0.4238724484375 0.7210888421874999 0.43949785781250006 0.73742019375 0.45136270781250004 0.7411199359375 0.46668133593750005 0.7398758359375
1 0.6435973359375 0.7348343359375 0.66219931875 0.7188822578125 0.66442230625 0.711029765625 0.661756190625 0.693495496875 0.64148028125 0.68115216875 0.6178869359375 0.6815639921875001 0.608517771875 0.6856343765624999 0.598088246875 0.69656025 0.5958311703125 0.7024599125 0.5985313734375 0.7219470046875001 0.6093358546875 0.7325022375 0.618841365625 0.7362431625 0.6435973359375 0.7348343359375
1 0.5267932359375 0.735896446875 0.5339053234375 0.7377257265625 0.553942625 0.736399265625 0.564508503125 0.7332847015625 0.5726468671875 0.726305665625 0.5772291890625 0.718411990625 0.576888321875 0.698883715625 0.57203330625 0.6911547703124999 0.5612969953125 0.6845051953125 0.530591565625 0.6830877390625 0.5212224 0.6871581234375 0.5108269578125 0.7000368203125 0.5086380546875 0.70984214375 0.511167825 0.719565096875 0.5267932359375 0.735896446875
1 0.706102659375 0.7327665890625 0.7190960390625001 0.7335165015625 0.7343805859375 0.7303195734375 0.74952878125 0.7193113359375001 0.7514790734375 0.6958362234375 0.7406064156250001 0.6813753390625 0.7263822359375001 0.6777167765625001 0.707507559375 0.6780462359375 0.7004636468750001 0.6801226109375 0.6876747828124999 0.6910896656250001 0.68329698125 0.7107003062499999 0.6857926625 0.718470434375 0.694203721875 0.72711401875 0.706102659375 0.7327665890625
1 0.83908123125 0.7118879265625 0.83631285625 0.6884951796875 0.820755615625 0.6760694843749999 0.8112841906250001 0.6742813859375001 0.7924436015625 0.676563671875 0.772610825 0.6896071015625 0.7730539515625 0.71499385625 0.7910046140625 0.729331196875 0.8157946656249999 0.7298751953125 0.824001209375 0.7268018171875 0.83908123125 0.7118879265625
1 0.91129658125 0.7252780703124999 0.9263766062500001 0.71036418125 0.9236764046875001 0.6908770875 0.9188213890625001 0.6831481421875 0.9056916562499999 0.6745869203125 0.8726950609375 0.6771163 0.8599402875 0.6900361796875 0.8603152421875 0.7115172859375 0.8735472296875001 0.7259369875 0.883052740625 0.7296779140625 0.9030900421875 0.7283514484375 0.91129658125 0.7252780703124999
1 0.8617127968749999 0.7915832109375 0.8780577046875001 0.7815308015625 0.8826400265625001 0.7736371265625 0.884760753125 0.7599261484375 0.8798375640625 0.748291546875 0.86667375 0.7377775 0.8453715624999999 0.7342424859375 0.831283728125 0.7383952359375 0.8184948671875001 0.7493622875 0.8141852406250001 0.7728785828125 0.8321699828125 0.7891687515625 0.8463941640625 0.7928273124999999 0.8617127968749999 0.7915832109375
1 0.7720580874999999 0.7931481406249999 0.7802646265625001 0.7900747625 0.793019403125 0.7771548796875 0.7925762749999999 0.751768125 0.7841652125 0.7431245375 0.7675476156250001 0.7375543312499999 0.7533916078125 0.737801425 0.739303775 0.7419541734374999 0.7265830828125 0.756826884375 0.72692395 0.7763551609375 0.731778965625 0.78408410625 0.7496614546875 0.7945157875 0.7720580874999999 0.7931481406249999
1 0.6647595 0.7979511796875001 0.6824374625 0.7966659 0.695328584375 0.7915573265625 0.703432865625 0.7826254625 0.7079470140625 0.7708261328125 0.7053490734375 0.7571975265625001 0.6981006359374999 0.7475569328125 0.6897577453125 0.7428190031249999 0.6637709843749999 0.74131918125 0.643904115625 0.75240978125 0.63935588125 0.7622562859374999 0.6396285749999999 0.77787890625 0.6552539890625 0.7942102546875 0.6647595 0.7979511796875001
1 0.575070703125 0.79756328125 0.5951420859375001 0.7981896468749999 0.6080672984375 0.7950339 0.6185309109375 0.7860608578125 0.6231132328125 0.7781671828125 0.6228064515625 0.7605917328125 0.6119678859375 0.748083675 0.5953502796875 0.74251346875 0.5788349421875 0.7428017453125 0.5590021609375 0.7558451765624999 0.5544198390624999 0.76373885 0.5546925328125 0.7793614703125 0.5619409703125 0.7890020578125 0.575070703125 0.79756328125
1 0.492528078125 0.800957490625 0.5125653812500001 0.7996310281250001 0.52313125625 0.7965164640625 0.5335948687500001 0.7875434218749999 0.5381090171875 0.7757440921875001 0.537938584375 0.7659799515625 0.5246725062500001 0.749607421875 0.508054909375 0.7440372156249999 0.49625823281250003 0.7442431265625 0.47403203281249995 0.755374909375 0.4694497109375 0.763268584375 0.469790578125 0.782796859375 0.48302256562499996 0.7972165640625 0.492528078125 0.800957490625
1 0.3981206109375 0.80065195625 0.4099854609375 0.8043517 0.420585421875 0.8031899640625 0.43351063281249996 0.800034221875 0.44397424531249996 0.7910611750000001 0.44852248125000005 0.7812146765625 0.4482838734375 0.7675448796875 0.443394771875 0.7578631109375 0.435017796875 0.75117235 0.425512284375 0.747431425 0.40427827812499995 0.747802065625 0.39723435625 0.7498784406250001 0.382188421875 0.7667451609375 0.3825292890625 0.7862734359375 0.3981206109375 0.80065195625
1 0.310825240625 0.8021757031250001 0.3250494203125 0.8058342640625 0.3356493796875 0.804672528125 0.346215253125 0.8015579671875 0.35900411718749997 0.790590915625 0.363552353125 0.780744409375 0.36338191875 0.770980275 0.3560993953125 0.75938685625 0.345328996875 0.7507844515625 0.3169828984375 0.7493258125 0.301800615625 0.7583812203125 0.29499530625000003 0.7741273875 0.2951998265625 0.7858443515625 0.3000889296875 0.795526128125 0.310825240625 0.8021757031250001
1 0.2235980328125 0.8076051046874999 0.2507133375 0.8061550921875 0.2693494078125 0.79215584375 0.269008540625 0.77262756875 0.264153525 0.7648986234375 0.2581358859375 0.75816668125 0.24623694999999998 0.7525141093750001 0.22736227343749998 0.75284356875 0.2156337796875 0.7569551359375 0.20517016250000003 0.76592818125 0.20291308749999998 0.77182784375 0.2033221296875 0.7952617734375 0.2164859484375 0.8057758234374999 0.2235980328125 0.8076051046874999
1 0.1516894640625 0.8117904046875 0.1622894234375 0.8106286718750001 0.17511237500000001 0.8016144468749999 0.181951771875 0.7878211046875 0.1817813375 0.7780569703125 0.1768922359375 0.7683751937500001 0.16372842031249998 0.7578611468750001 0.1353823203125 0.7564025078125 0.1156177125 0.7733515890625 0.11356515781250001 0.7909682234375001 0.1184542609375 0.8006499921874999 0.1292246546875 0.8092523984375 0.1516894640625 0.8117904046875
1 0.097318834375 0.8742722593750001 0.1197154703125 0.8729046140625 0.1360603765625 0.862852196875 0.1428656875 0.8471060296875 0.142729340625 0.8392947203125001 0.1378402390625 0.8296129499999999 0.1270698453125 0.8210105453125 0.1080929078125 0.815481521875 0.09629623125 0.8156874328124999 0.0788227890625 0.828689678125 0.074240465625 0.8365833531250001 0.0746154203125 0.8580644578125 0.08781332343750001 0.8705313328125 0.097318834375 0.8742722593750001
1 0.1751087015625 0.8690075859374999 0.1846142125 0.8727485125 0.1975735078125 0.871545596875 0.210498715625 0.8683898515624999 0.225612828125 0.8554287890625 0.22776764218749998 0.8436706421875 0.2227762796875 0.8281303859375001 0.21197179843749997 0.8175751531250001 0.2001069484375 0.8138754109375 0.1835916109375 0.8141636859375 0.1637247421875 0.8252542890625 0.15921059375 0.8370536187500001 0.1594492015625 0.850723409375 0.1667317265625 0.8623168265625001 0.1751087015625 0.8690075859374999
1 0.2942380484375 0.8659514671874999 0.3001193390625 0.8648720953125 0.315199365625 0.8499582046875 0.317422353125 0.8421057125000001 0.3148244109375 0.8284771 0.3099693953125 0.820748153125 0.2920869109375 0.810316471875 0.268527653125 0.812681121875 0.2510882921875 0.8276361984375 0.2488653046875 0.835488690625 0.2514973328125 0.851070128125 0.2718414125 0.8673191109375 0.2942380484375 0.8659514671874999
1 0.4070429765625 0.838587953125 0.404445034375 0.8249593453124999 0.3888537078125 0.8105808234375 0.38174162031250003 0.8087515421875 0.35818236406250004 0.81111619375 0.3430682515625 0.8240772562500001 0.3411520453125 0.8495052 0.361496121875 0.8657541828124999 0.3862520921875 0.8643453546875 0.404854075 0.8483932765625 0.4070429765625 0.838587953125
1 0.4770694296875 0.8617834203125 0.4921835375 0.8488223546875 0.49416791875 0.827300071875 0.48090184375 0.8109275390624999 0.47139633124999997 0.8071866140624999 0.4501623171875 0.8075572546875 0.430363628125 0.822553509375 0.42841333437499995 0.8460286218749999 0.444004659375 0.8604071453125 0.453510171875 0.8641480703125 0.471188134375 0.8628627906249999 0.4770694296875 0.8617834203125
1 0.5384462125 0.8626655062499999 0.5584835109374999 0.8613390453124999 0.566690053125 0.8582656640625 0.5794448265625001 0.8453457828125 0.5790357859374999 0.821911853125 0.5586917046875 0.8056628671875 0.5468609484375 0.8039159515625001 0.5327390296875001 0.8061158734375 0.5175908296875 0.8171241078125 0.5130085078125 0.8250177828125 0.5133152890625 0.842593234375 0.5181703046874999 0.8503221796875 0.53133411875 0.8608362265625 0.5384462125 0.8626655062499999
1 0.6162701609375 0.8593536625 0.6363415484375 0.859980028125 0.6469415109375001 0.8588182921874999 0.662055621875 0.8458572265625 0.663971828125 0.8204292890625 0.6567233906250001 0.8107886953125 0.6459870828125001 0.8041391203125 0.6294376515625 0.8024745703124999 0.61534981875 0.80662731875 0.6025609578125 0.817594375 0.598012721875 0.8274408734375 0.598251328125 0.8411106703125 0.6007129250000001 0.8469279671875001 0.6162701609375 0.8593536625
1 0.7059248703125001 0.8577887328125 0.72832150625 0.8564210859375001 0.74121263125 0.851312515625 0.7493169109375 0.8423806546874999 0.7515398984375 0.8345281625000001 0.748805609375 0.8130882390625 0.73328245625 0.802615375 0.70729569375 0.8011155531249999 0.697926528125 0.8051859374999999 0.685137665625 0.8161529921874999 0.6831532828125 0.8376752749999999 0.6856148796875 0.843492578125 0.701172115625 0.8559182703125 0.7059248703125001 0.8577887328125
1 0.775269590625 0.84192765 0.7884334078124999 0.8524416968749999 0.8050510046875001 0.858011903125 0.808572965625 0.8569737171874999 0.8168135953125001 0.8558531640625 0.8285080031250001 0.8497887687500001 0.834321125 0.844803746875 0.8411605218749999 0.8310104031250001 0.8385625796875 0.8173817968750001 0.8337075640625 0.80965285 0.8252965046874999 0.8010092640625001 0.8134316546875 0.7973095203125 0.7945910656249999 0.79959180625 0.7852219015624999 0.803662190625 0.772467128125 0.8165820703125 0.775269590625 0.84192765
1 0.9186399281250001 0.8755634265625 0.9291035453125 0.8665903828125 0.93358360625 0.852838221875 0.9310538390625 0.8431152703125001 0.9130009171875001 0.8229194468750001 0.8823636609375001 0.8254076453125 0.8672154609374999 0.8364158828124999 0.8605124125 0.8580205296875001 0.8809246625 0.8781751703125 0.88567741875 0.8800456343749999 0.9104333890625 0.87863680625 0.9186399281250001 0.8755634265625
1 0.7495859265625 0.925396415625 0.7767012328125 0.92394640625 0.7906868046875 0.9139351703124999 0.7975602875 0.9020946593750001 0.797185334375 0.880613559375 0.7839874328125 0.86814668125 0.774481921875 0.86440575625 0.7556072453125 0.8647352140625 0.7438787421875 0.86884678125 0.73112396875 0.8817666640624999 0.7291395875 0.9032889468749999 0.7364561984375 0.9168351953125 0.7448331703125 0.9235259515625 0.7495859265625 0.925396415625
1 0.61992479375 0.9335199265625 0.6541180984375 0.9319463671875001 0.6623246421875 0.9288729890624999 0.6704289203125 0.919941125 0.667558284375 0.8906898984374999 0.66270326875 0.8829609515625 0.654360378125 0.8782230203125 0.6424955375 0.8745232765625 0.62833953125 0.8747703703124999 0.6142857828125 0.880875946875 0.60156509375 0.8957486578125 0.604435728125 0.9249998859374999 0.6128127 0.9316906453125 0.61992479375 0.9335199265625
1 0.40984176093749997 0.9313266718750001 0.44406915625 0.9317059390625 0.45230978125 0.9305853890625 0.4604481515625 0.9236063531250001 0.46236435781249996 0.8981784156250001 0.45268841249999997 0.8846733499999999 0.44191801562500005 0.8760709484375001 0.43480592968750004 0.8742416671875001 0.41124667031250006 0.8766063187500001 0.3914820625 0.8935554 0.389259075 0.9014078921875001 0.3919933640625 0.9228478171875001 0.4003703359375 0.9295385734374999 0.40984176093749997 0.9313266718750001
1 0.5808423828125 0.9254117093750001 0.58535653125 0.9136123796875 0.585117925 0.8999425890625 0.57537380625 0.8825318687499999 0.562278165625 0.8759234765624999 0.53632548125 0.87637648125 0.5269563171875 0.880446865625 0.5142697171874999 0.8972724046874999 0.5171062656250001 0.9245708078125 0.530235996875 0.9331320265624999 0.57150730625 0.9314349234374999 0.5808423828125 0.9254117093750001