1 0.192492340625 0 0.1924794234375 0.0036332640625 0.198496859375 0.0141917046875 0.2175656734375 0.0219654703125 0.2310716765625 0.02231351875 0.2408691421875 0.017711090625000002 0.2511569859375 0.00618571875 0.25269925937500004 0 0.192492340625 0
1 0.2649189390625 0 0.2609365828125 0.006611128125 0.26366436718749997 0.0254074984375 0.2701543078125 0.03407083125 0.28969562031249996 0.0399494859375 0.30320162812499996 0.040297535937500004 0.31299909375 0.0356951078125 0.325176953125 0.0165892984375 0.3176289390625 0 0.2649189390625 0
1 0.37718584375 0.060756790625 0.3874379390625 0.059287090625000004 0.39258186093749997 0.05352440625 0.39872440937500003 0.028887990625 0.382490621875 0.009743571874999999 0.3540968453125 0.004677128125 0.341500103125 0.01059453125 0.3344840390625 0.0189098171875 0.335321809375 0.0452866234375 0.3441385234375 0.054530087500000005 0.35669951875 0.058668353124999996 0.37718584375 0.060756790625
1 0.46005826406250006 0.0703481625 0.47223612187499997 0.051242354687500005 0.47132685937499996 0.0449768953125 0.4546205671875 0.0277275875 0.43135284531250007 0.021926292187499998 0.410830775 0.029893528125000002 0.40657824062500003 0.046949509375 0.4135049421875 0.06377340625 0.4344280203125 0.0740224109375 0.4451347515625 0.0756854375 0.46005826406250006 0.0703481625
1 0.52471751875 0.09351473437499999 0.53171570625 0.09022728437500001 0.5415310453125 0.080597021875 0.545311075 0.0654361515625 0.529077290625 0.0462917328125 0.503482790625 0.039910307812500004 0.49602996875 0.040065029687499996 0.48296072656250005 0.0478775453125 0.477763184375 0.06872374375 0.485162384375 0.08365253125 0.5065579671875 0.0920064265625 0.52471751875 0.09351473437499999
1 0.6015010140625 0.112659009375 0.6122434859375 0.10426636250000001 0.61787778125 0.09158073125 0.6142049890625 0.07657458125 0.6012072359375 0.0642757484375 0.5676874171875 0.059944154687499994 0.5536731609375 0.0715468890625 0.5508381390625 0.0829175421875 0.5540384281249999 0.0998188015625 0.563327646875 0.1071671546875 0.59264855 0.11347122031250001 0.6015010140625 0.112659009375
1 0.6895352296875 0.11145985781250001 0.681699265625 0.08837049999999999 0.6691561484374999 0.079204396875 0.655195509375 0.07572361875 0.6332916796875 0.079320509375 0.6201688140625 0.102216534375 0.6247687375 0.11846030468749999 0.64567394375 0.13373714375 0.654053896875 0.13482004375 0.6796841390624999 0.13114579531249998 0.6895352296875 0.11145985781250001
1 0.7588658984375 0.13075885 0.7570831265625 0.1081722640625 0.73895931875 0.09660828125000001 0.715219090625 0.092702096875 0.6988780671875 0.103724703125 0.6941530296875 0.1226757921875 0.702497234375 0.1338143625 0.7131860953125 0.140505228125 0.7378534546875 0.145649034375 0.7541766109375 0.139654265625 0.7588658984375 0.13075885
1 0.8162153171875 0.1138574515625 0.7873490375000001 0.1106861125 0.771480515625 0.11981360781249999 0.7677004859375 0.13497447812500002 0.7704640171875 0.143715171875 0.7788082265625 0.15485374375 0.8076566312500001 0.163052921875 0.8272515640625 0.1538480625 0.8310673421875 0.1286315203125 0.8162153171875 0.1138574515625
1 0.8956372296874999 0.17693727812499999 0.9026532906250001 0.1686219921875 0.9059608171875 0.15535623125 0.9031972890625 0.1466155359375 0.8906720375000001 0.132421596875 0.8697310828125 0.12720043125 0.8594789890625 0.1286701296875 0.843137959375 0.13969273437500002 0.8425939671875 0.1616991875 0.8551192171875 0.17589312968749998 0.8821133515625 0.18161706718749998 0.8956372296874999 0.17693727812499999
1 0.9804175374999999 0.17392037656249998 0.9781265140625001 0.163284571875 0.9697823015625 0.1521460015625 0.9497863609375001 0.14313461562500002 0.9227564750000001 0.14746635624999999 0.9129053921875 0.1671522953125 0.9147060375 0.184711040625 0.9337569796875 0.1975126421875 0.9467904765625 0.1997557984375 0.967767175 0.1949212921875 0.9804175374999999 0.17392037656249998
1 1 0.21774166718750002 0.9965798375 0.2131761390625 0.9770563937500001 0.20226965 0.9621507499999999 0.20257908906250002 0.9467547328125001 0.2098114734375 0.9392304171875001 0.23007754062500002 0.95266493125 0.250536940625 0.9745330187500001 0.25699572656249997 0.9922379359375 0.2553713046875 1 0.24248547031249998 1 0.21774166718750002
1 0.9107830265624999 0.240094609375 0.9261790453125001 0.232862221875 0.9332308546875 0.2144912640625 0.9197963437500001 0.1940318640625 0.9044539437499999 0.186180740625 0.8839497484375001 0.1891201421875 0.8713530046875 0.1950375484375 0.8652462 0.20961828906250002 0.876353940625 0.2294975546875 0.884716025 0.2356082921875 0.9024030734374999 0.2390117109375 0.9107830265624999 0.240094609375
1 0.8174183546875 0.168506165625 0.7992230578124999 0.1770535328125 0.7935530140625 0.1997948375 0.806078265625 0.21398877968750002 0.83772594375 0.2208729703125 0.8512498203125001 0.2161931859375 0.8578648718749999 0.1896616609375 0.84115858125 0.172412353125 0.8174183546875 0.168506165625
1 0.7613970828125 0.2048614265625 0.7786473703125 0.2001042765625 0.78617168125 0.17983820781249998 0.7810992515625 0.165489546875 0.7573947671875 0.1515276875 0.742489128125 0.15183712968750002 0.7298923859374999 0.1577545359375 0.7214588125 0.1717551484375 0.7214230625 0.1818108203125 0.73162154375 0.195424634375 0.750690353125 0.2031983953125 0.7613970828125 0.2048614265625
1 0.7121874625 0.15937895625 0.7006072203125 0.141394796875 0.68479231875 0.1354387796875 0.6600892078125 0.14035065 0.6507463718750001 0.1480858046875 0.6474388453125 0.161351565625 0.65669231875 0.178755596875 0.6650544 0.1848663296875 0.6827414468749999 0.1882697484375 0.7041906499999999 0.18154013125 0.7121874625 0.15937895625
1 0.640057515625 0.141394940625 0.6261504999999999 0.12283065156249999 0.602882775 0.11702935625 0.5795614328124999 0.1263115734375 0.5743638921875001 0.1471577703125 0.58456236875 0.1607715796875 0.6082847265625 0.169705603125 0.619463959375 0.1694735234375 0.6320606984375 0.16355611406249998 0.640057515625 0.141394940625
1 0.5664743109375 0.139151925 0.5660733 0.12093568437499999 0.5493670109375001 0.10368637812499999 0.5228275046874999 0.10109516874999999 0.5074314859375 0.1083275578125 0.5017614421875 0.1310688609375 0.510105646875 0.142207434375 0.5207945031250001 0.1488982984375 0.54313509375 0.153461975 0.5594582484374999 0.147467209375 0.5664743109375 0.139151925
1 0.49717938593750005 0.10979725468749998 0.48141810312500005 0.08875773125 0.46094965156249995 0.0816414546875 0.44557150468750006 0.083846003125 0.4353015359375 0.090343540625 0.4305764984375 0.10929462812499999 0.4351942984375 0.12051055937499999 0.44633778281250003 0.13033415312500002 0.4686783734375 0.1348978296875 0.487328303125 0.12948319375 0.49717938593750005 0.10979725468749998
1 0.41661586249999993 0.10581385000000001 0.420868396875 0.08875786875 0.40278033750000003 0.067138215625 0.379040109375 0.0632320296875 0.36131731875 0.06988428437500001 0.3551747703125 0.0945206984375 0.3635189796875 0.10565927343749999 0.37653461093749996 0.11293026718750002 0.3918948828125 0.11575355624999999 0.41007230312500004 0.11223402812500001 0.41661586249999993 0.10581385000000001
1 0.347793440625 0.074564075 0.3473566828125 0.06640350625 0.3390124765625 0.055264934375 0.33065039218750003 0.049154199999999995 0.3143629859375 0.04509329375 0.29198664375 0.050585290625 0.28537159375 0.07711681249999999 0.297424340625 0.0932058609375 0.3169656578125 0.099084521875 0.3379423578125 0.0942500140625 0.347793440625 0.074564075
1 0.24808961406250002 0.0829182515625 0.2658124046875 0.07626599687499999 0.2723559703125 0.0698458203125 0.2751909921875 0.058475165625000006 0.27337246406250004 0.045944254687500005 0.266882525 0.0372809171875 0.23990626406249999 0.026529146875 0.21705742031250003 0.0339162515625 0.2095331109375 0.054182321874999995 0.22064085000000003 0.0740615875 0.23970965937500002 0.0818353515625 0.24808961406250002 0.0829182515625
1 0.2108612546875 0.0736361796875 0.1875935296875 0.0678348828125 0.1726700171875 0.0731721625 0.16845322812500002 0.080172465625 0.16649172031249998 0.10786425 0.1748359296875 0.119002821875 0.1995032953125 0.12414662968750001 0.22189750468749997 0.1136267953125 0.22571327968750002 0.0884102484375 0.2108612546875 0.0736361796875
1 0.2935549484375 0.1335059171875 0.299697496875 0.10886950468750001 0.28299120625 0.0916201953125 0.26205025000000004 0.08639902968749999 0.24152818125 0.09436626406250001 0.236330640625 0.11521246249999999 0.24140307343749998 0.12956112343749998 0.2497651546875 0.1356718578125 0.26977897031250003 0.13965540468749998 0.28328497812500003 0.1400034546875 0.2935549484375 0.1335059171875
1 0.3507613796875 0.1568272125 0.36710240625 0.14580460625 0.36950067343750004 0.126273390625 0.3551211515625 0.10960421093749999 0.336506971875 0.104963175 0.3262548765625 0.1064328734375 0.3103863515625 0.1155603671875 0.3084605921875 0.133196478125 0.3130783921875 0.14441241093749999 0.32236760468750003 0.1517607671875 0.3447081953125 0.156324440625 0.3507613796875 0.1568272125
1 0.44395739375 0.14483753593749998 0.43190464687499996 0.1287484859375 0.4137629703125 0.1222123390625 0.3885873578125 0.12901931718749998 0.3810630421875 0.14928538281249998 0.39497005937499996 0.16784967343749999 0.416838146875 0.17430845625 0.425218103125 0.17539135781249998 0.4415591265625 0.1643687515625 0.44395739375 0.14483753593749998
1 0.5071455125 0.188772946875 0.516960853125 0.17914268125 0.519323371875 0.1696671359375 0.5082156328125 0.14978787031250002 0.499853553125 0.1436771328125 0.48589291718750005 0.1401963546875 0.4602447984375 0.14889844218749998 0.45413800000000004 0.163479184375 0.462918965625 0.18277832031250002 0.4712810453125 0.1888890578125 0.49129486875 0.19287260312500001 0.5071455125 0.188772946875
1 0.5552235890625 0.1594953515625 0.5347015203125001 0.1674625875 0.52812221875 0.183938440625 0.5392299578124999 0.20381770625 0.5657515890625 0.21143674843750002 0.584874015625 0.20412700468749997 0.591925828125 0.1857560421875 0.5761645390625 0.1647165171875 0.5552235890625 0.1594953515625
1 0.635554765625 0.22884063437500002 0.64393471875 0.229923534375 0.6565314578125 0.224006125 0.6645282765625 0.201844953125 0.65247553125 0.185755903125 0.6324795828124999 0.176744515625 0.6129025265625 0.180921534375 0.6030871859375 0.1905518015625 0.6007246671875001 0.20002734531250002 0.60301569375 0.21066314687499998 0.61183240625 0.2199066109375 0.6225212609375 0.22659747968750002 0.635554765625 0.22884063437500002
1 0.720896940625 0.1987894390625 0.7022827609375 0.19414840312499998 0.692030665625 0.19561810625 0.6789614171875 0.20343062031249998 0.6737638765625 0.22427681718749998 0.6881433984374999 0.24094599687499998 0.7151375328125 0.2466699328125 0.7319331874999999 0.2387800546875 0.737130728125 0.2179338578125 0.720896940625 0.1987894390625
1 0.8018614749999999 0.22098908437499998 0.7888458468749999 0.21371809062499997 0.766959890625 0.21228714062499998 0.7510913640625 0.2214146359375 0.7477480937500001 0.2447360734375 0.7602733453125 0.2589300125 0.787267478125 0.2646539484375 0.8068624124999999 0.255449090625 0.8102056859375001 0.2321276578125 0.8018614749999999 0.22098908437499998
1 0.8813191328125001 0.2740132359375 0.8869891765625001 0.25127193281250004 0.8726096609375 0.23460275468749997 0.8549404875000001 0.22617150000000003 0.8264930921874999 0.23618856406250002 0.8184962796875 0.2583497390625 0.8207873031249999 0.2689855421875 0.8277497484375 0.27575376875 0.858924928125 0.284533071875 0.8649781078125001 0.285035840625 0.8813191328125001 0.2740132359375
1 0.9586466250000001 0.2711510546875 0.948920646875 0.255642134375 0.9270704328124999 0.244155515625 0.9116922859375001 0.2463600609375 0.89862304375 0.25417258125000003 0.8910987265625 0.2744386484375 0.8957165281250001 0.28565458125 0.9050057453125 0.29300293437499997 0.9338541515625 0.3012021109375 0.9506498046875 0.2933122328125 0.9586466250000001 0.2711510546875
1 0.9440883718749999 0.3047602453125 0.9202945265625001 0.31593756875 0.9183687671874999 0.3335736796875 0.929949009375 0.3515578390625 0.9587974156250001 0.3597570125 0.9755930703125 0.351867134375 0.983117384375 0.331601065625 0.9673561015625 0.3105615421875 0.9440883718749999 0.3047602453125
1 0.8970804203125 0.295052765625 0.8770844734375001 0.286041378125 0.8486370828125 0.296058446875 0.8420577765624999 0.31253429375 0.8485298468750001 0.3262254671875 0.8596733296875 0.3360490578125 0.8843406953124999 0.3411928671875 0.9006638453125 0.3351981 0.9091331671875 0.311141815625 0.8970804203125 0.295052765625
1 0.8314404140624999 0.28573208437500003 0.818442659375 0.2734332515625 0.80215525 0.26937234375 0.77650713125 0.2780744296875 0.769455325 0.2964453890625 0.785216609375 0.3174849125 0.81221074375 0.32320885 0.831805675 0.3140039953125 0.8360582078125001 0.2969480140625 0.8314404140624999 0.28573208437500003
1 0.7295527984375 0.2532834390625 0.7039046828125 0.2619855203125 0.6991796453125 0.2809366125 0.7130866640625 0.2995008984375 0.73495475 0.3059596859375 0.756403946875 0.2992300671875 0.763455759375 0.280859109375 0.745840203125 0.2573443453125 0.7295527984375 0.2532834390625
1 0.6889990375 0.26229496406249997 0.6732377546875 0.2412554359375 0.654623575 0.23661439843749998 0.6317747359375 0.2440015046875 0.624722925 0.26237246718749996 0.6381574375 0.28283186250000003 0.6600255265625 0.289290646875 0.6782029453125 0.2857711203125 0.689435796875 0.270455528125 0.6889990375 0.26229496406249997
1 0.610289784375 0.2607867953125 0.6154873249999999 0.23994059843749999 0.596454259375 0.22211115937499998 0.5824936234375 0.21863038281249997 0.557318015625 0.225437359375 0.550266203125 0.243808321875 0.5511754671875 0.250073775 0.5637007171875 0.2642677171875 0.58556880625 0.2707265015625 0.5944212640625001 0.269914290625 0.610289784375 0.2607867953125
1 0.5345406640625 0.21271312031249998 0.5196707703125 0.2029668859375 0.5052376296875 0.20138121875 0.4819162859375 0.2106634359375 0.47904551562500003 0.2320897578125 0.4910982625 0.2481788078125 0.518092396875 0.25390274218750003 0.53721483125 0.24659299687499997 0.5437941328125 0.23011715000000002 0.5345406640625 0.21271312031249998
1 0.457159553125 0.23065881250000003 0.46886490937499997 0.21344810937499997 0.4665738828125 0.20281230625000002 0.45822967343750004 0.1916737375 0.43823373125 0.1826623515625 0.4256548609375 0.183551925 0.4102588390625 0.1907843078125 0.404152040625 0.20536505 0.41293300625 0.22466418593749998 0.4212950859375 0.23077492031250002 0.4413089078125 0.23475846875 0.457159553125 0.23065881250000003
1 0.38502960625 0.21267479687500002 0.39535319687500003 0.191093746875 0.392589665625 0.18235305625 0.3795919125 0.170054221875 0.3586509578125 0.16483305625 0.33580211875 0.1722201625 0.3315495859375 0.18927614375 0.3361495109375 0.20551991093750002 0.3593993640625 0.216349046875 0.3724328625 0.21859220000000001 0.38502960625 0.21267479687500002
1 0.318970715625 0.1901657140625 0.3222782421875 0.1768999484375 0.31582404531249997 0.1581809421875 0.2888477859375 0.1474291703125 0.26599894062499996 0.15481627656250002 0.2594196390625 0.171292128125 0.26216529375 0.185060659375 0.27238164375 0.1936466296875 0.28726941875 0.19836503125 0.3068286 0.1992158484375 0.318970715625 0.1901657140625
1 0.2435689875 0.175391784375 0.2497115359375 0.1507553703125 0.2436941 0.1401969265625 0.2330052453125 0.1335060609375 0.20693824218749998 0.129019746875 0.18874294687499998 0.1375671125 0.1835454078125 0.15841330625 0.19745241875 0.17697759531249999 0.2197930109375 0.18154127343749998 0.2281729703125 0.1826241703125 0.2435689875 0.175391784375
1 0.196854809375 0.2140675640625 0.201579846875 0.1951164734375 0.1988163125 0.18637577968750002 0.187672828125 0.17655218749999999 0.1574247859375 0.1690105046875 0.142938028125 0.18250834375 0.1395947578125 0.20582978281250003 0.1516475046875 0.22191883125 0.17398809531249998 0.2264825046875 0.190311246875 0.2204877375 0.196854809375 0.2140675640625
1 0.274182296875 0.2112053828125 0.259802775 0.194536203125 0.238861825 0.1893150375 0.22628295625 0.19020460625 0.2164854859375 0.19480703125 0.2122687015625 0.20180734218750002 0.21357897499999998 0.2262890328125 0.2219231796875 0.23742760624999998 0.2512440890625 0.2437316734375 0.26851225312500004 0.23394668593749998 0.274182296875 0.2112053828125
1 0.325718684375 0.25726797968750004 0.335043646875 0.2545606625 0.3411147015625 0.2500355953125 0.3458397390625 0.231084503125 0.3342594953125 0.21310034843749998 0.3207713671875 0.2077244625 0.28861543749999996 0.21279104843750002 0.2825086328125 0.2273717890625 0.2852542921875 0.2411403203125 0.30430522656250003 0.253941925 0.31268518749999996 0.25502482187500003 0.325718684375 0.25726797968750004
1 0.4025021796875 0.27641225625 0.41509891874999993 0.27049484687500003 0.420296459375 0.24964865 0.406389446875 0.23108436562499998 0.3929013140625 0.225708478125 0.377995671875 0.226017915625 0.36027287812500003 0.23267017499999998 0.35602034531250004 0.2497261515625 0.3587660046875 0.2634946875 0.3754901703125 0.2757161578125 0.383870125 0.2767990578125 0.4025021796875 0.27641225625
1 0.48084616718750006 0.2496485109375 0.4603777171875 0.242532234375 0.43520210312499996 0.24933920937499998 0.4290595546875 0.27397562343750004 0.4350769921875 0.28453406875 0.4457658453125 0.2912249328125 0.46577966875000004 0.29520848125 0.4816303125 0.2911088234375 0.49475317968750004 0.26821279531250003 0.48084616718750006 0.2496485109375
1 0.6334681453125001 0.29172727656249997 0.6209250203125001 0.2825611734375 0.6069643828125 0.2790803953125 0.5841155453125 0.2864675 0.57611873125 0.30862868125 0.5928250203125 0.3258779890625 0.6174923828125001 0.33102179062500003 0.6310162578125 0.32634200468749996 0.6413398531250001 0.3047609578125 0.6334681453125001 0.29172727656249997
1 0.697529784375 0.35198381875 0.7105990328125 0.3441713 0.7157965734375 0.323325103125 0.7121059062499999 0.3133467921875 0.6977085140625 0.3017054484375 0.6790943359375 0.29706441250000004 0.660916909375 0.300583940625 0.6534462171875 0.30576649843750003 0.64730366875 0.3304029125 0.65797465 0.342121615625 0.6891498296874999 0.3509009171875 0.697529784375 0.35198381875
1 0.78701725625 0.33504366406249997 0.7656574203125001 0.31663409374999996 0.7414446890625 0.3146230203125 0.721831884375 0.3288557125 0.722705396875 0.345176840625 0.7329038734375 0.35879065 0.7617522796875 0.36698982343750003 0.770132234375 0.36807272343749997 0.7804022046875 0.3615751859375 0.78701725625 0.33504366406249997
1 0.8301379453125 0.39007903593750004 0.8413171796875 0.38984695625 0.8543864203125 0.38203444062499997 0.8623832390624999 0.35987326249999996 0.8614739765625 0.353607809375 0.8489487265625 0.3394138671875 0.8359331015624999 0.3321428734375 0.8214999625000001 0.33055720312500003 0.8112478609375 0.3320269046875 0.7977061156249999 0.34173453125000003 0.7920360718749999 0.364475834375 0.8059430828125 0.38304012187500003 0.8301379453125 0.39007903593750004
1 0.914864634375 0.4021456484375 0.9279338828125001 0.39433313124999997 0.933603928125 0.3715918265625 0.9257322203125 0.35855814375 0.9108623265625001 0.348811909375 0.8964291859375001 0.3472262421875 0.875907115625 0.3551934765625 0.8698003171875 0.36977421875 0.880435553125 0.3915485953125 0.8911244078125 0.3982394609375 0.9088114562499999 0.4016428796875 0.914864634375 0.4021456484375
1 0.9547314124999999 0.45536327187500003 0.9599289531249999 0.4345170734375 0.9483487109375 0.41653291406250004 0.9232267203125 0.408256384375 0.9050492953125 0.411775909375 0.894779325 0.41827344687499995 0.888636778125 0.4429098609375 0.9030163 0.459579040625 0.9318647046875 0.4677782171875 0.9481878546875 0.461783446875 0.9547314124999999 0.45536327187500003
1 0.8864172390625 0.4121627125 0.8715652203124999 0.397388640625 0.8510967687500001 0.3902723671875 0.8249761484375 0.4008695609375 0.8225778859374999 0.420400778125 0.8346306328124999 0.4364898265625 0.8658058078125 0.44526913281249997 0.8765304109375001 0.441904325 0.8835464734375 0.4335890390625 0.8864172390625 0.4121627125
1 0.79460299375 0.428522734375 0.8081447468749999 0.4188151109375 0.8128697828125 0.3998640234375 0.803143809375 0.3843551046875 0.794781725 0.3782443640625 0.7761675453125 0.373603328125 0.7528462031250001 0.3828855453125 0.74859366875 0.39994152656250004 0.7578471390625 0.41734555156250003 0.7662092234375 0.423456290625 0.786223040625 0.427439834375 0.79460299375 0.428522734375
1 0.7355422953125 0.40272620468750003 0.7402673328125 0.3837751140625 0.73054135625 0.36826619374999997 0.722179275 0.362155459375 0.701238321875 0.35693429375 0.6779169781250001 0.3662165109375 0.6731919421875 0.385167596875 0.682445409375 0.4025716265625 0.715947359375 0.4119310578125 0.7220005453125 0.4124338296875 0.7355422953125 0.40272620468750003
1 0.6424177765625 0.39460453125 0.6545420109375 0.390582234375 0.6643573515625001 0.3809519671875 0.6667198703125 0.3714764234375 0.66490135 0.3589455125 0.65423036875 0.3472268125 0.629108375 0.338950278125 0.6062595359375 0.346337384375 0.5992077250000001 0.364708340625 0.6061344234375 0.3815322421875 0.6293842734374999 0.392361375 0.6424177765625 0.39460453125
1 0.58288456875 0.3707031078125 0.5903731343749999 0.3604927171875 0.5913538921875 0.34664682343750003 0.5774468734375 0.3280825375 0.5569784234374999 0.3209662609375 0.5313303109375 0.32966835 0.524715259375 0.3561998703125 0.537240509375 0.37039381250000003 0.5591085984374999 0.37685259531250004 0.575413878125 0.37588566874999996 0.58288456875 0.3707031078125
1 0.4986303828125 0.35674139375 0.514498903125 0.3476138984375 0.51969644375 0.3267677 0.5136790078125 0.31620925624999996 0.5011358828125 0.3070431515625 0.48484847656249996 0.3029822453125 0.45967286406249996 0.309789221875 0.4526568015625 0.31810450625 0.451203546875 0.33384550625 0.467437334375 0.35298992500000004 0.48977792343750004 0.357553603125 0.4986303828125 0.35674139375
1 0.4484757609375 0.3150491421875 0.445712228125 0.3063084453125 0.4308602078125 0.2915343765625 0.4099192515625 0.2863132109375 0.3875429171875 0.29180520625 0.3790735953125 0.315861490625 0.3818371234375 0.3246021875 0.394834878125 0.33690101875 0.4195022453125 0.34204482187499996 0.4409514453125 0.33531520625 0.4484757609375 0.3150491421875
1 0.352043715625 0.3201932328125 0.36885724375 0.307275515625 0.370783003125 0.289639409375 0.3564034859375 0.27297023125000003 0.342915353125 0.26759434375 0.32800971093750003 0.26790378125 0.313086196875 0.2732410609375 0.30556188125 0.293507128125 0.3124885796875 0.31033102968750004 0.3208506625 0.3164417640625 0.3408644828125 0.3204253125 0.352043715625 0.3201932328125
1 0.277114490625 0.3035241921875 0.2869119578125 0.2989217671875 0.29392801875 0.29060648125 0.2963262828125 0.2710752640625 0.281946765625 0.2544060859375 0.2610058109375 0.24918491875 0.23768446875000002 0.25846713125 0.23295943125 0.2774182234375 0.2333961859375 0.28557878593749997 0.24174039687499999 0.296717359375 0.263608484375 0.3031761421875 0.277114490625 0.3035241921875
1 0.2157270125 0.27714753281250004 0.22419633593750002 0.25309124843749997 0.2121435890625 0.2370022 0.17909626875 0.230775490625 0.16042847031250002 0.24121796718750002 0.1561759375 0.25827394843749996 0.16542941093750002 0.275677975 0.1784450328125 0.282948971875 0.1914785390625 0.285192128125 0.20545704374999998 0.2836450703125 0.2157270125 0.27714753281250004
1 0.162157628125 0.278888065625 0.13423635625000002 0.27192650937499996 0.12163961875 0.277843915625 0.114079559375 0.30816565625000003 0.1168430859375 0.316906353125 0.1261323046875 0.32425470624999997 0.146146121875 0.328238253125 0.16854033125 0.31771841875 0.173737871875 0.2968722203125 0.162157628125 0.278888065625
1 0.24346955625 0.3343874546875 0.2472853296875 0.309170909375 0.23428757500000003 0.29687208125 0.213346625 0.291650915625 0.195641703125 0.29327533125 0.1848992296875 0.30166797968750003 0.1838827296875 0.3255695421875 0.19640797968749998 0.3397634859375 0.21874857187500002 0.3443271578125 0.22480175624999998 0.34482992968750004 0.24346955625 0.3343874546875
1 0.32592309531249997 0.330790425 0.31107106875 0.31601635625 0.285476571875 0.30963493125 0.265899509375 0.3138119453125 0.25833945156250004 0.3441336875 0.270392196875 0.3602227359375 0.294587059375 0.3672616546875 0.32021730000000004 0.36358740625 0.328686625 0.3395311171875 0.32592309531249997 0.330790425
1 0.3938720015625 0.345719071875 0.37854747187500004 0.3328401125 0.347354421875 0.329088646875 0.334285175 0.336901159375 0.3304694015625 0.36211770312499997 0.34299465156250003 0.37631164687499996 0.37464233125 0.3831958390625 0.39191049375000003 0.37341085625 0.39663552968750004 0.35445976875 0.3938720015625 0.345719071875
1 0.46683971875 0.390079890625 0.4701829875 0.36675845625000003 0.45300419375 0.3514042578125 0.43439001250000003 0.34676322187499997 0.42181114375 0.3476527921875 0.40547011875 0.35867539375 0.40445361875 0.382576959375 0.4197781421875 0.395455921875 0.442118734375 0.4000195953125 0.453297965625 0.3997875140625 0.46683971875 0.390079890625
1 0.533807871875 0.41885442968750003 0.5436232140625 0.40922416562499997 0.5469307390625 0.39595840625 0.5381497671875 0.37665926875 0.5274609140625001 0.369968403125 0.5041931890625 0.3641671078125 0.4808718484375 0.373449321875 0.4747293 0.39808573593749996 0.4807467359375 0.40864418125 0.49979766875 0.4214457828125 0.5081776296875 0.4225286796875 0.533807871875 0.41885442968750003
1 0.6022114078125 0.43691580625000004 0.6129538812499999 0.4285231625 0.61767891875 0.409572075 0.6079529453125 0.39406315625 0.599590859375 0.38795241874999997 0.5786499093749999 0.382731253125 0.5586003453124999 0.3888033796875 0.5491860203125001 0.41664988125 0.5533491859375 0.42473308593750003 0.5640380390625 0.43142395312500004 0.5910321749999999 0.43714788593750004 0.6022114078125 0.43691580625000004
1 0.6640892593750001 0.45636952500000005 0.681339546875 0.451612375 0.6898088687499999 0.4275560921875 0.68055539375 0.4101520609375 0.6587051828125 0.3986654375 0.6312028 0.4048922859375 0.6246592359375 0.4113124640625 0.620406703125 0.428368440625 0.6254791328125 0.44271710156250005 0.6403490328125 0.4524633359375 0.6533825296875 0.45470649375 0.6640892593750001 0.45636952500000005
1 0.750831075 0.425660840625 0.7285083609375 0.41606932499999993 0.7131302109375001 0.418273875 0.6972616921875 0.42740136875 0.6920641515625 0.44824756718750003 0.7082979375 0.46739198593750003 0.737618846875 0.4736960484375 0.7567412734375 0.4663863046875 0.762883821875 0.44174988906249996 0.750831075 0.425660840625
1 0.8321430031249999 0.4811602296875 0.8373405421875001 0.46031403437499996 0.834577015625 0.45157333906249997 0.8192524859375 0.43869437656250004 0.7983115359374999 0.4334732109375 0.7880594359375 0.43494291250000006 0.7717184125000001 0.4459655140625 0.7688833890625 0.45733616875000005 0.7725561828124999 0.47234231718749997 0.7860264406249999 0.48274604062500004 0.8153473437500001 0.48905010468750004 0.8321430031249999 0.4811602296875
1 0.9010011718750001 0.5023543359375 0.911324759375 0.4807732859375 0.9002170203125001 0.4608940203125 0.8778943046875 0.45130250937499994 0.8508644203125 0.45563424531249996 0.8391590656249999 0.47284494375 0.8405050875000001 0.48727096875000003 0.8488492937500001 0.4984095375 0.8730441546875 0.50544845625 0.8860776546875 0.5076916109375 0.9010011718750001 0.5023543359375
1 0.9372130328124999 0.535537971875 0.9209792453125001 0.5163935546875 0.897711521875 0.510592259375 0.8874594203124999 0.5120619609375 0.868791621875 0.5225044328124999 0.8663933593750001 0.542035653125 0.8691568890625 0.5507763453125001 0.8803003734375 0.5605999374999999 0.9091487765625 0.5687991140624999 0.9310704843750001 0.5601743859375 0.9372130328124999 0.535537971875
1 0.8272392359375 0.5503896859374999 0.8430720109375001 0.5513178640625 0.8528694765625 0.5467154375 0.8627205671875 0.5270295 0.8571935046875 0.5095481109375 0.8502310609375 0.5027798875 0.825109065625 0.494503353125 0.8125301968749999 0.495392921875 0.7994609484375 0.5032054390625 0.7937909046875 0.5259467421874999 0.7993358374999999 0.538400296875 0.8076979218749999 0.5445110328125 0.8272392359375 0.5503896859374999
1 0.79106311875 0.5071503765625 0.7799553796875001 0.48727110781249994 0.769266525 0.48058024374999997 0.7506523453125 0.4759392078125 0.7404002515625 0.47740890625 0.721259946875 0.4897464921875 0.7202434484375 0.5136480531250001 0.732768696875 0.527841996875 0.7620896078125 0.534146059375 0.783538809375 0.5274164453125 0.79106311875 0.5071503765625
1 0.7092072 0.4736574421875 0.6966640749999999 0.46449133906249995 0.675723121875 0.45927017187499997 0.65287428125 0.466657278125 0.6457867265624999 0.4950839078125 0.6559852015625001 0.5086977218750001 0.6848336078124999 0.51689689375 0.7086095859375 0.5107474062499999 0.7166063984375 0.48858623124999995 0.7092072 0.4736574421875
1 0.6127036609375 0.49891287812499996 0.6238828953125 0.4986807984375 0.6341528640625 0.4921832609375 0.6407679171875 0.4656517375 0.6324237046875 0.45451316718749996 0.6152270375 0.44418680468750005 0.5882150265625 0.44349070625 0.574673275 0.45319832968749996 0.5704207421875 0.47025430625000003 0.5727117734375 0.4808901109375 0.5792017125 0.489553446875 0.588036296875 0.4937690703125 0.6127036609375 0.49891287812499996
1 0.5620229140624999 0.47419924375000005 0.5681654609375 0.44956283125 0.560293759375 0.43652915156249994 0.538443540625 0.425042528125 0.5086143843750001 0.430689246875 0.5006175703125 0.4528504203125 0.5075442640625 0.4696743203125 0.5182331203125 0.476365184375 0.538246940625 0.48034873281249996 0.5517529437500001 0.4806967828125 0.5620229140624999 0.47419924375000005
1 0.479622996875 0.4627127671875 0.49036547031250005 0.45432012187500004 0.4960355140625 0.431578815625 0.4881638078125 0.41854513437499996 0.4732939140625 0.40879890156250004 0.46166005156249995 0.40589825468749996 0.4336851609375 0.41402020625 0.426669096875 0.4223354953125 0.4252158421875 0.43807649687500005 0.43494181562499995 0.453585415625 0.468443765625 0.462944846875 0.479622996875 0.4627127671875
1 0.4023669984375 0.4454636015625 0.41543624687499997 0.43765108281250004 0.42205129843750006 0.411119559375 0.41556135781250003 0.402456225 0.3983646890625 0.3921298625 0.37135268125 0.39143376406249997 0.35828343125 0.39924628281249996 0.353085890625 0.4200924796875 0.35584941875 0.42883317187500003 0.366992909375 0.4386567640625 0.39631381875 0.44496083124999997 0.4023669984375 0.4454636015625
1 0.32651064218750003 0.4275569453125 0.3325638203125 0.4280597140625 0.3461055734375 0.418352090625 0.349921353125 0.39313554375000004 0.341577140625 0.3819969734375 0.3285615125 0.374725975 0.3122741078125 0.37066506875 0.296895959375 0.37286961875 0.2833542078125 0.3825772421875 0.279101675 0.3996332234375 0.28139269843750003 0.4102690265625 0.2948629578125 0.4206727484375 0.32651064218750003 0.4275569453125
1 0.27117635 0.4016830515625 0.275937134375 0.3726762921875 0.25410479218750004 0.3561618296875 0.2224392375 0.3543054734375 0.21216926875 0.3608030109375 0.206971728125 0.3816492078125 0.20926275312499998 0.3922850109375 0.2227330125 0.40268873281250006 0.25205392031249996 0.40899279843749997 0.263233153125 0.40876071875 0.27117635 0.4016830515625
1 0.1925385875 0.38006354062500003 0.1982086328125 0.3573222328125 0.18615588593750002 0.341233184375 0.15823461249999998 0.334271628125 0.14005719218749998 0.337791159375 0.1321139984375 0.3448688234375 0.1292432265625 0.3662951484375 0.13944170625000002 0.3799089640625 0.1682901078125 0.388108134375 0.1794693390625 0.3878760546875 0.1925385875 0.38006354062500003
1 0.1463684015625 0.396732859375 0.13384315156249998 0.3825389203125 0.1105754265625 0.37673762499999996 0.10032333125 0.378207325 0.09238013125 0.385284990625 0.0857650796875 0.411816515625 0.088528609375 0.42055720625 0.0978178265625 0.42790556406249997 0.12015841875 0.43246923906249995 0.13975335 0.423264384375 0.1463684015625 0.396732859375
1 0.20394009999999999 0.448326065625 0.2165368453125 0.442408659375 0.22311615312500002 0.425932809375 0.2217701296875 0.4115067875 0.2106266453125 0.4016831953125 0.185032146875 0.3953017703125 0.172453278125 0.396191340625 0.158439021875 0.407794075 0.1560407609375 0.4273252921875 0.1662392359375 0.440939103125 0.19276086718750002 0.4485581484375 0.20394009999999999 0.448326065625
1 0.2914660703125 0.45907769531250003 0.29760861875 0.4344412796875 0.2804298234375 0.4190870828125 0.25948886875 0.413865915625 0.2469099984375 0.4147554859375 0.23711253437500002 0.41935791250000004 0.232351746875 0.4483646765625 0.24302273125 0.4600833796875 0.272343640625 0.466387440625 0.27839682187500003 0.4668902109375 0.2914660703125 0.45907769531250003
1 0.3654502859375 0.47953694999999996 0.3720653390625 0.453005425 0.3637211265625 0.4418668515625 0.3483787296875 0.434015728125 0.3241659984375 0.4320046515625 0.3082974703125 0.4411321484375 0.3044816984375 0.46634869375 0.32166049218750004 0.481702890625 0.3440010828125 0.48626656874999996 0.3551803171875 0.4860344875 0.3654502859375 0.47953694999999996
1 0.42748899375000005 0.45374013281250003 0.4112015875 0.44967922656250003 0.39349666562499996 0.451303646875 0.382754190625 0.45969629375 0.37893841875 0.48491283906250005 0.3937904375 0.49968690625 0.420784578125 0.50541084375 0.43990700625 0.498101096875 0.4446677859375 0.469094334375 0.42748899375000005 0.45374013281250003
1 0.5019457140625 0.47230427812500003 0.483331534375 0.46766324218750005 0.46795338593749997 0.4698677921875 0.4604826953125 0.4750503484375 0.45386764218750003 0.5015818734375 0.46639289218749996 0.515775815625 0.493387028125 0.5214997484375 0.5115644484375 0.517980221875 0.5191245078125 0.4876584796875 0.5019457140625 0.47230427812500003
1 0.565516975 0.5394837640625 0.5715701609375 0.539986534375 0.58743868125 0.530859040625 0.591691215625 0.5138030578125 0.5894001890625 0.50316725625 0.5740756593749999 0.49028829375000005 0.5531347109375 0.485067128125 0.5405558421875 0.4859566984375 0.530758375 0.49055912968750004 0.5265415859375 0.49755943125 0.5250525828125 0.5233561046874999 0.5361960703124999 0.533179703125 0.565516975 0.5394837640625
1 0.653497571875 0.5533681234375 0.6605136390624999 0.545052840625 0.6633844046874999 0.5236265125 0.6568944671875 0.514963175 0.639697796875 0.504636815625 0.6126857875 0.5039407140625001 0.6019433140625 0.5123333609375 0.5967457734375 0.533179559375 0.599509303125 0.5419202515625 0.6176331046875 0.5534842359375001 0.6353201515625 0.55688765 0.653497571875 0.5533681234375
1 0.7276426515625001 0.5285768453124999 0.7001938812499999 0.5197201828125 0.6801443203125 0.525792309375 0.67120249375 0.5517437046875 0.67489315625 0.56172201875 0.68743628125 0.570888121875 0.7121036468749999 0.576031925 0.7330803453125 0.57119741875 0.7401679015625 0.5427707875000001 0.7276426515625001 0.5285768453124999
1 0.7893596406250001 0.59328109375 0.8052102906249999 0.589181434375 0.8122263546875 0.5808661484375001 0.8127703500000001 0.55885969375 0.7960640609375 0.541610384375 0.7751231046875 0.53638921875 0.7648710109375 0.5378589171875 0.752274265625 0.543776325 0.7452582046875 0.552091609375 0.7428956859375 0.561567153125 0.746568478125 0.5765733078124999 0.7600387359375 0.586977028125 0.7893596406250001 0.59328109375
1 0.8834112984375 0.6026403828125 0.8890813421875 0.5798990796875 0.8770285953125001 0.5638100296874999 0.8472530562499999 0.5543732343750001 0.8244042125 0.561760340625 0.8177891609374999 0.588291865625 0.823806596875 0.5988503093750001 0.8303144124999999 0.602485803125 0.8591628171875 0.61068498125 0.87034205 0.6104529000000001 0.8834112984375 0.6026403828125
1 0.8943403078125 0.67279801875 0.9041377734375 0.6681955921875 0.9130796 0.642244196875 0.9084617984375001 0.6310282640625 0.897318309375 0.6212046703125 0.8693970421874999 0.6142431171875 0.8488749734375001 0.6222103515625 0.8408781609375 0.644371528125 0.850131628125 0.6617755578125 0.8650015218749999 0.6715217906250001 0.8780350265625 0.6737649515624999 0.8943403078125 0.67279801875
1 0.83575210625 0.645106378125 0.838622878125 0.62368005 0.8288968999999999 0.60817113125 0.8014481359375001 0.5993144703125 0.7911960359375 0.60078416875 0.777654290625 0.6104917953125 0.771984246875 0.6332330984375 0.782182721875 0.6468469109375 0.811031128125 0.655046084375 0.8222103609375001 0.654814003125 0.83575210625 0.645106378125
1 0.7412279500000001 0.637642196875 0.750080409375 0.6368299875 0.7636221609375 0.6271223625 0.767402190625 0.6119614921875 0.7651111640625 0.6013256890625 0.750259140625 0.5865516203125 0.722337871875 0.5795900656249999 0.712085771875 0.581059765625 0.7003982921875 0.593242625 0.6961457578125 0.61029860625 0.6984367828125 0.6209344078125001 0.7095802734375 0.6307580015625 0.7412279500000001 0.637642196875
1 0.68262188125 0.6149783953125 0.6915637015625 0.589027 0.6878730421875 0.5790486859375 0.671148875 0.5668272156249999 0.6450818734375 0.5623408984375 0.6268865796875 0.5708882625 0.62074403125 0.5955246765625 0.632796778125 0.6116137265625 0.6593184078125 0.6192327734374999 0.672824415625 0.6195808234375 0.68262188125 0.6149783953125
1 0.5848616875 0.600668628125 0.6076926578124999 0.5983093562499999 0.6147087203125 0.589994071875 0.6189612531249999 0.572938090625 0.6115620500000001 0.5580092999999999 0.5990189234375001 0.5488431984375 0.5804047437500001 0.5442021625 0.5678258734375 0.5450917328125 0.5552291359375 0.551009140625 0.5467598140625001 0.575065425 0.5495233421875 0.5838061171875 0.56066683125 0.5936297109375 0.5848616875 0.600668628125
1 0.536035209375 0.5784302328125001 0.5440320296875 0.55626905625 0.5371053296875 0.5394451546875 0.522235434375 0.529698925 0.508274796875 0.526218146875 0.483099184375 0.5330251234375 0.4741573640625 0.5589765156250001 0.49039115000000005 0.578120934375 0.512731740625 0.5826846125 0.52623774375 0.5830326609375 0.536035209375 0.5784302328125001
1 0.43547574375 0.5654354421875001 0.46110598593749996 0.56176119375 0.46764954843749995 0.555341021875 0.4719020828125 0.538285040625 0.46682964687500006 0.5239363781249999 0.44312516874999996 0.5099745203125 0.4207667046875 0.510438678125 0.4109692390625 0.515041109375 0.4020631609375 0.5309368265625001 0.4034091796875 0.54536285 0.41175338906250003 0.5565014203125 0.42244224375000006 0.5631922874999999 0.43547574375 0.5654354421875001
1 0.39839036875 0.5159306781249999 0.386337621875 0.4998416296875 0.35376280625 0.49171981562499995 0.3435107046875 0.4931895125 0.3327682328125 0.50158215625 0.3275706921875 0.522428353125 0.33033421875 0.53116905 0.341477709375 0.54099264375 0.365672565625 0.54803155625 0.3889760390625 0.543777178125 0.39839036875 0.5159306781249999
1 0.3164808265625 0.49752124999999997 0.3067548484375 0.48201232968749996 0.2741800375 0.4738905171875 0.258784015625 0.48112290468749996 0.2521689625 0.5076544296875001 0.26469421406250004 0.52184836875 0.28888907656249996 0.5288872812500001 0.297741534375 0.528075071875 0.31408255937499996 0.5170524703125 0.3164808265625 0.49752124999999997
1 0.2386450859375 0.5123342156249999 0.2451886453125 0.505914040625 0.25180369687500004 0.47938251718749997 0.243931990625 0.46634883125000004 0.2374241796875 0.4627133375 0.1997233171875 0.455326371875 0.1838547921875 0.464453865625 0.17818474687500002 0.4871951734375 0.18558394843749998 0.5021239640624999 0.1962728046875 0.508814828125 0.2116330765625 0.5116381171875 0.2386450859375 0.5123342156249999
1 0.167495890625 0.480504309375 0.1703309140625 0.4691336546875 0.1676031296875 0.45033728437500004 0.15598714062500002 0.4424088046875 0.127593365625 0.43734235468750005 0.1070713015625 0.4453095921875 0.1014012578125 0.4680508984375 0.11345400312500001 0.48413994843749997 0.1423024046875 0.4923391203125 0.1483555890625 0.492841890625 0.167495890625 0.480504309375
1 0.11233026406249999 0.538208534375 0.11980095625 0.533025978125 0.127361015625 0.5027042374999999 0.12505211562500002 0.49709626875 0.110182221875 0.487350034375 0.0845877234375 0.48096860937499997 0.07013671406250001 0.484410778125 0.06312064687499999 0.492726065625 0.059304871875 0.5179426109375 0.07135761874999999 0.534031659375 0.0936982109375 0.5385953328124999 0.11233026406249999 0.538208534375
1 0.1952741796875 0.52768855625 0.1841664375 0.507809290625 0.153918396875 0.50026760625 0.1333963265625 0.5082348421875 0.1253995140625 0.5303960171875 0.1351254859375 0.5459049375 0.168627434375 0.5552643734375 0.1798066671875 0.555032290625 0.187277359375 0.5498497343750001 0.1952741796875 0.52768855625
1 0.252587846875 0.52084283125 0.2363004421875 0.516781925 0.21859552031249999 0.5184063437499999 0.207853046875 0.5267989875 0.2035647703125 0.5539106421875 0.21423575 0.5656293406249999 0.2458834328125 0.5725135359375 0.2626790875 0.564623659375 0.2697666421875 0.5361970281249999 0.252587846875 0.52084283125
1 0.3465501375 0.5553413046875 0.3316981125 0.540567234375 0.3033043421875 0.5355007875 0.2823097671875 0.5453631328124999 0.2789664984375 0.5686845671875 0.289164975 0.5822983796875 0.3156866046875 0.589917421875 0.32966511718749997 0.588370365625 0.34320686718750004 0.5786627421875 0.3465501375 0.5553413046875
1 0.40132255937499994 0.6082494875 0.40832075156250003 0.6049620421874999 0.4153368140625 0.5966467578125 0.42053435468749994 0.575800559375 0.410335878125 0.5621867468749999 0.39033993125 0.5531753640625 0.36378255 0.55561199375 0.3572389921875 0.5620321671874999 0.351568946875 0.5847734765625 0.36594846875 0.6014426546875 0.38316301406250003 0.6067411796875 0.40132255937499994 0.6082494875
1 0.48137783125 0.624183675 0.4860492484375 0.6203160953125 0.4931368046875 0.591889465625 0.4764305140625 0.5746401578125 0.455489559375 0.569418990625 0.44291069062500005 0.570308559375 0.43311322499999994 0.5749109875 0.42562465937500005 0.58512138125 0.42369890000000004 0.60275749375 0.44040518906250004 0.6200068 0.467399325 0.6257307375 0.48137783125 0.624183675
1 0.5190429515625 0.6416263125 0.5320764546875 0.6438694703125 0.54790923125 0.64479765 0.557706696875 0.6401952234375 0.564722759375 0.6318799375 0.5685027890625001 0.6167190671875 0.5615760890625 0.599895165625 0.5490329640625 0.5907290625 0.5327455578125 0.58666815625 0.5201666875 0.587557728125 0.5075699453125 0.5934751328125001 0.49862812500000003 0.619426528125 0.50417305625 0.6318800828125 0.5190429515625 0.6416263125
1 0.5893186328125 0.6571350921875 0.6139859921874999 0.6622788984375 0.625165225 0.66204681875 0.6387069750000001 0.6523391937499999 0.642959509375 0.6352832125 0.64019598125 0.6265425171875 0.63185176875 0.615403946875 0.6188361421875 0.6081329484375 0.6048755046875 0.604652171875 0.5871705875 0.6062765906250001 0.5731563328125 0.6178793265625 0.569376303125 0.633040196875 0.5735215984375001 0.646151240625 0.5893186328125 0.6571350921875
1 0.7141087046875 0.66711311875 0.7146527015624999 0.6451066625 0.7021274515625 0.6309127234374999 0.6718794078125 0.6233710390625 0.6513573375 0.631338275 0.645214790625 0.6559746875 0.6549407640625 0.6714836078124999 0.6656296187499999 0.6781744734374999 0.6809898953125 0.6809977609375 0.7066201390625 0.6773235140625 0.7141087046875 0.66711311875
1 0.7838761328125 0.694572678125 0.7923454546875 0.67051639375 0.778910940625 0.650056996875 0.7486628984375 0.6425153140625001 0.728140834375 0.65048255 0.72152578125 0.677014075 0.7256889484375 0.685097278125 0.7382320734375 0.6942633828125 0.7554466171875001 0.6995619078125 0.774078665625 0.6991751093749999 0.7838761328125 0.694572678125
1 0.8019999375 0.7061366640625 0.828049065625 0.7156508171875 0.8462086171875001 0.717159125 0.8588053562500001 0.7112417171875001 0.867238934375 0.69724110625 0.8672746796874999 0.6871854328125 0.855694434375 0.6692012734375 0.84267880625 0.6619302796875 0.821265353125 0.6586042203125 0.8068143375 0.662046390625 0.7969989984375 0.6716766515625 0.793691471875 0.6849424171875 0.7955099999999999 0.6974733265624999 0.8019999375 0.7061366640625
1 0.8730061453125 0.778189265625 0.8832761171874999 0.7716917296875 0.8889461624999999 0.7489504203124999 0.88618263125 0.740209728125 0.8736573828124999 0.7260157859375 0.8406100609375 0.71978908125 0.8191429906250001 0.731546534375 0.81627221875 0.7529728625 0.8241439234374999 0.7660065453125 0.840868090625 0.778228015625 0.8539015937500001 0.7804711765625 0.8730061453125 0.778189265625
1 0.8116186734375 0.751812603125 0.8149619421875001 0.72849116875 0.80105493125 0.7099268796875 0.7708068890625001 0.702385196875 0.759155153125 0.704512384375 0.7488673078125 0.716037759375 0.7450515359375001 0.7412543031250001 0.76408459375 0.7590837406250001 0.7840984171875001 0.7630672890625 0.8008762 0.76020525 0.8116186734375 0.751812603125
1 0.730145890625 0.7415637421875 0.7394887265625 0.7338285875 0.7442137640625 0.7148775015625 0.734960290625 0.6974734703125 0.710783303125 0.6854067171875 0.69635016875 0.6838210515625 0.6814266484375 0.689158328125 0.6744105874999999 0.6974736140625 0.6696855515625 0.7164247015625 0.68126579375 0.7344088609375 0.7003346031250001 0.742182625 0.730145890625 0.7415637421875
1 0.6627052328125 0.7146843125 0.66652100625 0.6894677671875 0.6605035703125 0.678909325 0.649814715625 0.672218459375 0.6167673953125 0.6659917531249999 0.5976270921875 0.6783293390625 0.5924295515625 0.6991755359375 0.6109901140625 0.7189000796875 0.6328582015625 0.72535886875 0.6463642078125 0.72570691875 0.6627052328125 0.7146843125
1 0.593446053125 0.67527396875 0.5906825234374999 0.6665332765625 0.57535799375 0.6536543140625 0.542310675 0.6474276062500001 0.5259696515625001 0.6584502109375 0.520772109375 0.6792964109375 0.5235356375 0.68803710625 0.5388601671875 0.7009160640625 0.5681810765625 0.7072201312499999 0.5877760078125001 0.698015278125 0.593446053125 0.67527396875
1 0.49745076718750003 0.6885786281249999 0.5100475062500001 0.6826612171875001 0.5171350609375 0.6542345875 0.505082315625 0.638145534375 0.474834271875 0.63060385 0.4603832625 0.6340460234374999 0.4505679234375 0.643676284375 0.4458428859375 0.662627375 0.45556885625000004 0.67813629375 0.4685844859375 0.6854072875 0.48394475937500003 0.688230578125 0.49745076718750003 0.6885786281249999
1 0.4141415828125 0.670826690625 0.425320815625 0.6705946109375 0.4416618453125 0.65957200625 0.4450051140625 0.636250571875 0.4371334078125 0.6232168875 0.42179101093750004 0.6153657640625 0.4027043265625 0.6126198359374999 0.3854540390625 0.6173769828125 0.375638696875 0.6270072484375 0.3718586671875 0.64216811875 0.37647646875 0.6533840515625 0.3876199515625 0.6632076437500001 0.4141415828125 0.670826690625
1 0.37054839375 0.6176864265625001 0.3645309578125 0.6071279828125 0.3538421046875 0.600437115625 0.3231215578125 0.594790540625 0.306780528125 0.6058131453125 0.3006737296875 0.6203938875 0.302019746875 0.6348199046875 0.31501750156249997 0.6471187390625001 0.3420116375 0.652842675 0.362988334375 0.6480081671875 0.37054839375 0.6176864265625001
1 0.2970009375 0.605387734375 0.2923831390625 0.5941718015624999 0.2812396484375 0.5843482078125 0.2556451515625 0.5779667828124999 0.2453930546875 0.5794364812499999 0.2318513046875 0.58914410625 0.222909484375 0.6150955015624999 0.24426931718749997 0.63350506875 0.261956365625 0.6369084875000001 0.28758660625 0.6332342390625 0.2970009375 0.605387734375
1 0.221634953125 0.580558134375 0.2044561578125 0.565203934375 0.16860956093749999 0.56029220625 0.15554031875000002 0.5681047265625 0.1461259875 0.5959512250000001 0.1563244640625 0.6095650390625 0.1898264140625 0.6189244703125001 0.21265738281250002 0.6165651999999999 0.22203596406249998 0.5987743703125 0.221634953125 0.580558134375
1 0.1032633265625 0.5993547875 0.12887569999999998 0.600708375 0.138673165625 0.5961059484375 0.14288995625 0.5891056406249999 0.1467057296875 0.5638890953125 0.13836151875 0.552750521875 0.1276726640625 0.546059659375 0.0964796140625 0.542308190625 0.0843553734375 0.5463304921875001 0.07126825625 0.5591708453125 0.0716692671875 0.5773870796875 0.08186774375 0.59100089375 0.1032633265625 0.5993547875
1 0.1244623109375 0.6630148890625 0.1379683125 0.6633629375 0.147765778125 0.658760509375 0.1543093375 0.65234033125 0.1590343734375 0.63338924375 0.1511626734375 0.6203555609375 0.1362927734375 0.6106093265625 0.12185963749999999 0.6090236609375 0.10460935 0.6137808078125 0.0952665140625 0.6215159640625 0.0905414765625 0.64046705 0.1091020375 0.6601915984375 0.1244623109375 0.6630148890625
1 0.2414164203125 0.6499035609375 0.229836178125 0.6319194015625 0.2070409578125 0.6242229953125 0.186991390625 0.630295125 0.18044783281250001 0.6367152984375 0.17619529843749998 0.65377128125 0.178958828125 0.662511971875 0.19148407812499998 0.676705915625 0.21382467031250002 0.6812695890625 0.2357463765625 0.6726448656249999 0.2414164203125 0.6499035609375
1 0.312529871875 0.691789140625 0.319073428125 0.685368965625 0.3228534578125 0.6702080953125 0.320562434375 0.6595722890625 0.309891453125 0.647853590625 0.2824426859375 0.638996925 0.269863815625 0.63988649375 0.2563220640625 0.6495941171874999 0.25065201875 0.6723354265625 0.2622322640625 0.690319584375 0.2864271234375 0.6973585 0.312529871875 0.691789140625
1 0.39120337968749996 0.7033529828125 0.39592841875 0.684401890625 0.3931648828125 0.6756611984374999 0.3801671296875 0.6633623656250001 0.3499190875 0.65582068125 0.32845201562500004 0.667578134375 0.32419948125000003 0.684634115625 0.33530722343749997 0.70451338125 0.36415562343749996 0.71271255625 0.38465981718750003 0.70977315625 0.39120337968749996 0.7033529828125
1 0.46613260624999997 0.7200220171875 0.4699126359375 0.704861146875 0.467621603125 0.69422534375 0.4457892671875 0.6777108828125 0.4136512109375 0.6777496359375 0.40570800937499996 0.684827303125 0.400947228125 0.7138340640624999 0.4139449828125 0.7261328953125 0.4409391171875 0.7318568328125 0.45211835 0.7316247515625001 0.46613260624999997 0.7200220171875
1 0.5186497453125 0.752238725 0.533573259375 0.746901446875 0.5448418609375001 0.72153018125 0.5420783250000001 0.7127894890625 0.5272263046875 0.6980154171875 0.5039585765625 0.6922141203125001 0.49137970624999994 0.69310369375 0.478310465625 0.700916209375 0.47216791718750006 0.725552621875 0.48607492968750005 0.7441169109375 0.507943015625 0.7505756953125 0.5186497453125 0.752238725
1 0.6016830265625 0.7165795625 0.5709624796874999 0.7109329890625 0.558838240625 0.714955284375 0.551822178125 0.7232705703125 0.5480064 0.7484871140625 0.562858425 0.7632611859375 0.5945061015625 0.77014538125 0.6113017609375 0.76225550625 0.6165350468749999 0.731353634375 0.6016830265625 0.7165795625
1 0.6652364125 0.7887868859375 0.6824867 0.7840297374999999 0.6890302640625 0.7776095640625 0.6942278046875 0.7567633671875 0.6826475624999999 0.7387792078125 0.65287201875 0.7293424109375 0.6374938765625 0.7315469625000001 0.6267514015625 0.7399396109375 0.6229356234375001 0.7651561546875 0.6373151453125 0.7818253328125 0.6545296875 0.78712385625 0.6652364125 0.7887868859375
1 0.766830253125 0.7728522718749999 0.7547775078125001 0.756763221875 0.724529465625 0.7492215390625 0.7040073953125 0.7571887734375 0.6978648484375001 0.7818251875 0.714098634375 0.80096960625 0.738766 0.8061134140625 0.747618459375 0.8053012046875001 0.7639594890625 0.7942786 0.766830253125 0.7728522718749999
1 0.8318726453125 0.81926291875 0.8384162093749999 0.8128427453124999 0.8431412453125 0.7938916578125 0.8297067312499999 0.7734322578125 0.7924783718749999 0.764150184375 0.7766098515625 0.77327768125 0.7699948 0.7998092046874999 0.7885553546875 0.8195337515625001 0.8085691765625 0.8235173 0.8220751796875 0.8238653499999999 0.8318726453125 0.81926291875
1 0.8624144671874999 0.8751878640624999 0.86528523125 0.8537615390625 0.8625217031249999 0.8450208437500001 0.8495239484375 0.8327220109375 0.82392945 0.826340584375 0.8108780781249999 0.829125265625 0.8001356046874999 0.8375179125000001 0.7967923296875 0.8608393453125001 0.8065183062499999 0.8763482671875 0.8148803875 0.8824590000000001 0.8372209765624999 0.887022678125 0.8624144671874999 0.8751878640624999
1 0.7814141796875 0.8630438953124999 0.7879577453125 0.8566237187500001 0.791737775 0.841462846875 0.78944674375 0.8308270421874999 0.7811025375 0.8196884750000001 0.7587798171875 0.8100969578124999 0.731277434375 0.8163238046875 0.7242256234375 0.8346947671875 0.7320615859374999 0.8577841218750001 0.7446047046875 0.8669502234375001 0.759964978125 0.8697735124999999 0.7814141796875 0.8630438953124999
1 0.7125560156249999 0.84184979375 0.7182260609375 0.819108484375 0.7154625265625 0.8103677921875001 0.702464771875 0.7980689578125 0.6694174578125 0.79184225625 0.656348209375 0.7996547703125 0.6497331578125001 0.8261862953125 0.6636401703125 0.8447505796874999 0.6831814890625 0.8506292390624999 0.6943607203125 0.850397159375 0.7125560156249999 0.84184979375
1 0.6409700625 0.8018593203125001 0.6312440890625 0.7863504015625 0.6061220953124999 0.7780738656249999 0.5935432265625 0.778963434375 0.580001475 0.7886710578125 0.575748940625 0.8057270390625 0.578039965625 0.816362840625 0.591037721875 0.828661675 0.6157050875000001 0.8338054828124999 0.635772521875 0.8227055171875 0.6409700625 0.8018593203125001
1 0.5291420015625 0.8142357953125 0.5449747765625 0.8151639734374999 0.5575715140625 0.8092465687500001 0.5674226046874999 0.78956063125 0.5660765828125001 0.77513460625 0.5595866421875 0.7664712734375 0.5298111046875 0.7570344828125 0.5121061874999999 0.7586589 0.5046354890625 0.763841459375 0.49896544531250003 0.7865827640624999 0.50821891875 0.8039867953125001 0.514254225 0.8095173984375 0.5291420015625 0.8142357953125
1 0.4817330328125 0.7863120734375 0.490674853125 0.76036068125 0.4865116890625 0.752277475 0.47396856249999997 0.7431113734375 0.45302760781250007 0.7378902078125 0.44044873906250004 0.738779778125 0.427379496875 0.746592290625 0.421745196875 0.7592779265625 0.42309121406249994 0.7737039453125 0.4351439609375 0.78979299375 0.46213809531249994 0.79551693125 0.4817330328125 0.7863120734375
1 0.40680380937500005 0.7696430390625 0.4133473671875 0.7632228609375 0.41854490625 0.7423766656249999 0.40649215937500005 0.7262876171875 0.38137016562500003 0.71801108125 0.35852132812500004 0.7253981890625 0.35197776875 0.7318183640625 0.3477252359375 0.7488743437500001 0.35234303125 0.760090275 0.365340784375 0.7723891078125 0.387681375 0.7769527859375 0.40680380937500005 0.7696430390625