1 0.9176053812499999 0.08384489687499999 0.9038162218749999 0.077244809375 0.8901862156250001 0.07976298125 0.8805414515625 0.0867721125 0.87205215 0.10402224062500001 0.8722511000000001 0.11542006406250001 0.8763557046875 0.12674971875000002 0.8912605453125 0.1413112421875 0.900068165625 0.14229763281250002 0.9127018609374999 0.138656721875 0.923223565625 0.1259316375 0.9269700609375 0.116745203125 0.9246193359375001 0.0939836375 0.9176053812499999 0.08384489687499999
1 0.8667905156250001 0.1383179765625 0.8538385046875 0.12372236875 0.8479402296874999 0.1215450625 0.82845174375 0.124165496875 0.8179300390625001 0.1368905828125 0.814223334375 0.148356578125 0.816534271875 0.16883858125 0.8255408375 0.1812227984375 0.8383336937499999 0.1867001484375 0.8451884828124999 0.1877206296875 0.858738909375 0.1806433234375 0.8672679953125 0.16567275937499998 0.8690616640625001 0.1565204109375 0.8667905156250001 0.1383179765625
1 0.8035838156249999 0.098376578125 0.7886789750000001 0.0838150546875 0.7691506984375 0.084155921875 0.759505934375 0.09116505312499999 0.7528500921875 0.1015424 0.7553201890625 0.1311426609375 0.7662795828125 0.14349279375 0.77512699375 0.1467587515625 0.7819817828125 0.1477792265625 0.79166634375 0.14304966562500002 0.8040612953125 0.12573136093749998 0.8056958046875 0.107460753125 0.8035838156249999 0.098376578125
1 0.74583458125 0.1472700515625 0.7417697640625 0.13821996406249998 0.7308501578125 0.128149396875 0.719093403125 0.12607435312499998 0.7093690578125 0.12852435 0.6931082375 0.14819039375 0.6955385421875 0.1755110890625 0.7064979421875 0.18786121875 0.71534535 0.1911271765625 0.728058621875 0.1920453953125 0.7319244859375 0.189697659375 0.7462324812500001 0.170065703125 0.7479465671875001 0.156354225 0.74583458125 0.1472700515625
1 0.684620496875 0.1095741296875 0.6805556828125 0.1005240421875 0.6656906328125001 0.0882420859375 0.6442493171875 0.09089660625 0.6299015375 0.10824899531250001 0.6323318421875 0.135569690625 0.6452838562500001 0.15016529843749998 0.650185821875 0.15121986406250001 0.6668047515625 0.1520699109375 0.6706706171875 0.14972217031249999 0.681192321875 0.136997084375 0.684899028125 0.1255310890625 0.684620496875 0.1095741296875
1 0.62073425 0.14261290468750001 0.6137600859375001 0.13475373125 0.603916371875 0.130365034375 0.5844278859375 0.132985465625 0.5776924609375 0.13880368125 0.57015968125 0.1548969875 0.5704382109374999 0.1708539421875 0.574503028125 0.1799040296875 0.579524359375 0.18779728906249998 0.5903643890625 0.193308728125 0.6089361453125 0.1941246859375 0.615671565625 0.18830646874999998 0.62511738125 0.16989951406249998 0.6248388515625 0.1539425578125 0.62073425 0.14261290468750001
1 0.55955995625 0.10719654999999999 0.552585796875 0.0993373765625 0.5407494609375 0.092703203125 0.5193081453125 0.0953577203125 0.506913190625 0.112676021875 0.5072713 0.1331921109375 0.51133611875 0.1422421984375 0.52030289375 0.1523468484375 0.527197478125 0.1556468953125 0.53991075 0.156565115625 0.5476424796875 0.151869634375 0.5581641890625 0.1391445484375 0.5618708921875 0.127678553125 0.55955995625 0.10719654999999999
1 0.4998181 0.15384454218750002 0.48288085468749997 0.134757975 0.4575338828125 0.13748066875 0.44709175781250005 0.154764884375 0.44748965781249994 0.1775605375 0.46052125312500003 0.196715278125 0.4654232171875 0.1977698453125 0.48008931875 0.1986539734375 0.48782104843749996 0.1939585015625 0.500216 0.1766401953125 0.5018902984375 0.160649153125 0.4998181 0.15384454218750002
1 0.4366114 0.11390314531250001 0.43159006875 0.106009884375 0.41776111406250005 0.09713023125 0.39631980312500004 0.099784746875 0.3839248484375 0.117103053125 0.38221075937500004 0.13081453125 0.3883875625 0.14894879375 0.39930716718750003 0.1590193609375 0.40420913281250004 0.1600739234375 0.42078827343749997 0.15864440625 0.4304330375 0.151635275 0.4370888796875 0.1412579265625 0.43872338906249997 0.12298731874999999 0.4366114 0.11390314531250001
1 0.370812115625 0.1492555734375 0.3638777421875 0.1436759625 0.340404021875 0.141805440625 0.33267229062500003 0.14650091406250002 0.324103415625 0.15919191562499999 0.3225882765625 0.18430121875 0.340521834375 0.20451052656250002 0.359093590625 0.205326484375 0.371607915625 0.19484687812499998 0.377267446875 0.1833467890625 0.374876928125 0.15830565937500002 0.370812115625 0.1492555734375
1 0.294772771875 0.1015572578125 0.2811029765625 0.1017958640625 0.271418421875 0.1065254328125 0.2609762953125 0.1238096484375 0.2593417859375 0.14208025625 0.26141398437499996 0.1488848625 0.27042055 0.161269084375 0.28321340625 0.16674643125 0.30174537031250004 0.1652828234375 0.316053365625 0.145650871875 0.31549630624999997 0.1137369578125 0.3065693171875 0.105911871875 0.294772771875 0.1015572578125
1 0.30604892499999997 0.18801030624999998 0.2942523796875 0.1836556921875 0.274803684375 0.18855569375 0.2643217703125 0.2035603421875 0.2646798796875 0.22407643125 0.27081689375 0.23993112499999997 0.2777910546875 0.2477902984375 0.2885912890625 0.251022171875 0.297398909375 0.252008565625 0.30513063906250004 0.2473130828125 0.3194386296875 0.2276811328125 0.316968534375 0.1980808703125 0.30604892499999997 0.18801030624999998
1 0.38224743125 0.24482687812499998 0.376189996875 0.2335313109375 0.36136473593749996 0.2235289203125 0.3379705953125 0.22621752499999997 0.331274965625 0.2343153046875 0.327568259375 0.24578130625 0.32792636875 0.2662973921875 0.33199118437499997 0.2753474796875 0.3409579640625 0.28545213281250004 0.3498053734375 0.28871808906249996 0.3586129890625 0.2897044828125 0.36829755 0.28497491875000003 0.38073229375 0.26993618124999996 0.38439920625 0.256190615625 0.38224743125 0.24482687812499998
1 0.4211463828125 0.17916049218750002 0.4055237625 0.1794331859375 0.39779203281250003 0.18412866249999998 0.3873896953125 0.20369244531250003 0.387668225 0.2196493984375 0.3917330375 0.2286994859375 0.40269243593750004 0.241049621875 0.409587015625 0.24434966406249997 0.4242133265625 0.24295423125 0.4423871859375 0.22097453906250003 0.4399966671875 0.19593340625 0.42903727343750003 0.183583275 0.4211463828125 0.17916049218750002
1 0.55593126875 0.17908807031250001 0.544094934375 0.17245389687499998 0.53237796875 0.1726584171875 0.5226934140624999 0.17738798125 0.51408474375 0.187799415625 0.510417828125 0.20154498125 0.5105769875 0.21066324218750002 0.5167139984375 0.22651793593749997 0.5216955421875 0.2321316328125 0.5344883984375 0.2376089828125 0.5491147078124999 0.23621355 0.5615892437500001 0.22345437812500002 0.5653357390625 0.21426794375 0.5629054296875 0.186947246875 0.55593126875 0.17908807031250001
1 0.6789196171875 0.17466104375 0.6651304515625001 0.1680609515625 0.6495476203125 0.17061321406250002 0.6371128796875001 0.1856519515625 0.633406171875 0.19711795000000001 0.63356533125 0.2062362109375 0.6397023453124999 0.222090909375 0.6525747796875 0.2321273859375 0.6594295703124999 0.23314786562499998 0.668237190625 0.234134259375 0.6759689203125 0.22943878125 0.68832408125 0.20984091093749999 0.685933565625 0.1847997828125 0.6789196171875 0.17466104375
1 0.749219846875 0.22930031093749997 0.74515503125 0.22025022500000002 0.738180871875 0.21239104687500002 0.7283371515625 0.2080023546875 0.7127543203125 0.2105546109375 0.7021928265625 0.22100013437500002 0.6965332921875 0.2325002171875 0.698923809375 0.25754135 0.7098832046875 0.2698914796875 0.7167777890625 0.273191525 0.729491059375 0.27410974375 0.737222790625 0.269414265625 0.7439582109375 0.2635960484375 0.7496177453125 0.2520959640625 0.749219846875 0.22930031093749997
1 0.8070088734375 0.18268640625000002 0.79206424375 0.1658453140625 0.7686701031250001 0.1685339234375 0.75814839375 0.18125900781249998 0.7544019015625001 0.19044544218749998 0.754640640625 0.2041228328125 0.7587452421875 0.21545248749999998 0.7726537765625 0.22889127031249998 0.7912255312500001 0.22970722812500002 0.795091396875 0.227359490625 0.805613103125 0.21463440625 0.8093596015625 0.20544797187500002 0.8070088734375 0.18268640625000002
1 0.8532783234375 0.2035412359375 0.8337898375 0.2061616703125 0.8212755140624999 0.21664127500000002 0.8175688109375001 0.2281072765625 0.8177677609374999 0.2395051 0.821912153125 0.25311431875 0.8328715515624999 0.2654644484375 0.8417189609375001 0.268730409375 0.856345271875 0.267334975 0.8725663015625 0.2453893703125 0.8701757828125001 0.22034823750000002 0.8611692124999999 0.2079640203125 0.8532783234375 0.2035412359375
1 0.907201484375 0.1592750703125 0.8897056203125 0.164140978125 0.8773504546875 0.183738846875 0.8776687734375 0.20197536875000002 0.8817335890625 0.21102545625000002 0.8907003687499999 0.22113011093749999 0.8975949484375001 0.224430153125 0.9161667031249999 0.2252461140625 0.9303951156249999 0.201055028125 0.9279648093749999 0.17373433124999998 0.9189980296875 0.1636296765625 0.907201484375 0.1592750703125
1 0.9293972484375 0.2557986796875 0.9145321984375 0.243516721875 0.8950437140625 0.2461371515625 0.8844822140625 0.25658267343749996 0.880735721875 0.2657691078125 0.88109383125 0.286285196875 0.88515864375 0.2953352828125 0.8970745609374999 0.3065285875 0.9175991421875 0.30731046093750003 0.9214650078125001 0.30496272343749997 0.9337803828125001 0.2830852875 0.9334620640625 0.2648487671875 0.9293972484375 0.2557986796875
1 0.8756730375 0.311462671875 0.8695758124999999 0.297887540625 0.85865620625 0.287816978125 0.83912793125 0.2881578453125 0.8313962015625 0.29285331875 0.8209142859374999 0.3078579703125 0.8212723953125 0.328374059375 0.8253372109375 0.337424146875 0.834303990625 0.347528796875 0.8411985703125 0.35082884375 0.8558646703124999 0.3517129765625 0.8597305359374999 0.3493652359375 0.8702920328125 0.338919715625 0.8740385296875001 0.32973328125 0.8756730375 0.311462671875
1 0.8124663359375001 0.271521275 0.808401521875 0.2624711875 0.7994347421875 0.25236653750000004 0.7895910265625 0.2479778359375 0.7798268859374999 0.24814826874999998 0.768229290625 0.2551914859375 0.757787165625 0.27247570312499997 0.760137890625 0.2952372671875 0.769144459375 0.30762148906250003 0.776039040625 0.31092153125 0.7926579703125001 0.3117715734375 0.798476665625 0.30938975156250004 0.8090381609374999 0.2989442296875 0.8127846562500001 0.2897577953125 0.8124663359375001 0.271521275
1 0.6873660046875 0.26686413125 0.6783992249999999 0.2567594765625 0.668555509375 0.25237078125 0.65879136875 0.25254121406249996 0.6491068140625 0.2572707765625 0.6367516484375 0.276868646875 0.639102378125 0.29963021093750003 0.6481089437499999 0.3120144296875 0.655003528125 0.3153144734375 0.671622453125 0.3161645203125 0.67548831875 0.313816778125 0.68604981875 0.3033712609375 0.6897963109374999 0.294184828125 0.6873660046875 0.26686413125
1 0.6261917109375 0.231447775 0.6092544656250001 0.21236120781249998 0.5897261890625 0.212702075 0.577251653125 0.225461246875 0.573505159375 0.23464768125000002 0.57386326875 0.2551637703125 0.5779280828125 0.2642138578125 0.5917968265625 0.27537307499999997 0.606462928125 0.27625720781249996 0.61228161875 0.2738753828125 0.62284311875 0.2634298625 0.6265896093750001 0.254243428125 0.6261917109375 0.231447775
1 0.5012107484375 0.23362932656250002 0.48634569687500007 0.2213473703125 0.46099873281250003 0.2240700609375 0.45059639531249995 0.2436338421875 0.450914715625 0.2618703640625 0.45497952656249996 0.2709204515625 0.4659389265625 0.2832705828125 0.47084088749999997 0.28432515 0.4855069921875 0.28520928125 0.49323872187499995 0.2805138015625 0.5055938859375 0.2609159359375 0.5052755671875 0.24267941406250002 0.5012107484375 0.23362932656250002
1 0.445414340625 0.2824887109375 0.43636798125 0.2678249296875 0.42847709062500006 0.2634021421875 0.4050431609375 0.2638111828125 0.3926879953125 0.28340905312500003 0.3930858953125 0.30620470312500003 0.40412487500000005 0.32311396875 0.4110194546875 0.3264140109375 0.4256855546875 0.327298140625 0.43150425 0.32491631875000004 0.44015270624999997 0.31678445 0.445812240625 0.3052843609375 0.445414340625 0.2824887109375
1 0.315372253125 0.2744974328125 0.30548875 0.267829171875 0.29373199375 0.26575412656249997 0.2801019890625 0.2682723 0.26954049375 0.278717821875 0.2658337875 0.29018381875 0.2641594921875 0.3061748640625 0.2683038828125 0.3197840828125 0.2772706625 0.32988873281250003 0.2880709015625 0.33312060625 0.30660286875 0.331657 0.322863684375 0.31199095625 0.324537984375 0.295999915625 0.3224259953125 0.2869157421875 0.315372253125 0.2744974328125
1 0.37459371875 0.309947875 0.3667028296875 0.3055250953125 0.351080209375 0.3057977890625 0.3413956546875 0.31052735 0.33661305937499997 0.3163114796875 0.3310331046875 0.3323706984375 0.33127184375 0.3460480890625 0.3353764515625 0.357377740625 0.3463358484375 0.36972787500000004 0.355183253125 0.3729938328125 0.3620380484375 0.3740143078125 0.371722603125 0.369284746875 0.3860305953125 0.3496527921875 0.3855929046875 0.324577571875 0.37459371875 0.309947875
1 0.44891897500000005 0.37135766875 0.44481437343749997 0.3600280125 0.43983282968750004 0.3544143171875 0.42604366406249994 0.34781422968750003 0.40659496875 0.35271422812500003 0.3960732640625 0.3654393125 0.39423980468750003 0.372312096875 0.3945581234375 0.3905486171875 0.3986229421875 0.3995987046875 0.4075897171875 0.40970335625 0.416437128125 0.4129693171875 0.42719757343750003 0.41392162343749994 0.434929303125 0.40922614218750003 0.441664725 0.40340792812500004 0.44919750468749997 0.387314621875 0.44891897500000005 0.37135766875
1 0.5045562265625 0.3133800203125 0.49957468125000004 0.307766325 0.483832690625 0.3012003234375 0.46633682656250003 0.30606623437499997 0.455894696875 0.32335045 0.4583647953125 0.3529507125 0.4712770203125 0.36526675625 0.476178984375 0.3663213234375 0.4869394296875 0.3672736296875 0.49853702499999997 0.3602304125 0.5089791499999999 0.342946196875 0.508621040625 0.3224301078125 0.5045562265625 0.3133800203125
1 0.566370278125 0.2735366390625 0.5573637078125 0.26115241718750004 0.5494728171875 0.2567296390625 0.5299445421875 0.25707050625 0.519383046875 0.2675160234375 0.5156365515625 0.2767024578125 0.5140418359375001 0.2972526328125 0.51611403125 0.3040572390625 0.5251206015625 0.31644145625000003 0.53201518125 0.319741503125 0.5486341125 0.32059155 0.5563658421875 0.31589606875 0.5668477578125 0.3008914203125 0.5684424765625 0.280341246875 0.566370278125 0.2735366390625
1 0.6068210390625 0.29677329375 0.5931910328125001 0.2992914671875 0.5807164984375001 0.3120506375 0.5769700062500001 0.321237071875 0.5772883265625001 0.3394735953125 0.5813531375000001 0.3485236828125 0.59326905625 0.3597169890625 0.6137936359375 0.360498859375 0.6300942468749999 0.3431123828125 0.6316491765625 0.32028264375000004 0.6205704078125 0.3010938203125 0.6068210390625 0.29677329375
1 0.7485800890625 0.3045600484375 0.735667865625 0.2922440046875 0.7200452453125 0.2925166984375 0.70844765 0.29955991718749997 0.69987876875 0.3122509140625 0.7023488671875 0.341851175 0.71131564375 0.35195582812500004 0.7201630531250001 0.35522178437499996 0.73869501875 0.3537581796875 0.7473434796875 0.345626309375 0.7530030109375 0.334126225 0.7526449015625001 0.3136101359375 0.7485800890625 0.3045600484375
1 0.8117867890625 0.3445014484375 0.798874565625 0.332185403125 0.7812991140625 0.3324921828125 0.7677486953125 0.339569484375 0.764918928125 0.3453195296875 0.7612520093749999 0.35906509375 0.76149075 0.372742484375 0.7655555671875 0.38179257187500004 0.7794640984375001 0.39523135625 0.7999886843749999 0.39601322968749997 0.8105501796875 0.3855677078125 0.8162097109375 0.3740676234375 0.8158516015625 0.35355153437500003 0.8117867890625 0.3445014484375
1 0.9258481421875 0.33224933437500004 0.9179572515625001 0.3278265453125 0.9023346312499999 0.3280992390625 0.8946029015624999 0.332794721875 0.884081196875 0.34551980625 0.8822875296875001 0.354672153125 0.8824864796874999 0.3660699765625 0.88659108125 0.37739963125 0.8955578609374999 0.3875042859375 0.9063580999999999 0.3907361546875 0.9151657156249999 0.3917225453125 0.9248502765625 0.386992984375 0.9353321921875001 0.3719883328125 0.9348547125 0.34463355 0.9258481421875 0.33224933437500004
1 0.9173970765625 0.40764541562499995 0.909585765625 0.4077817625 0.896035340625 0.4148590671875 0.8855932140625 0.43214328437500005 0.885911534375 0.45037980468749994 0.8899763500000001 0.45942989218749997 0.9038450906250001 0.470589109375 0.92241685 0.47140506875000004 0.9368044203125001 0.45633224375000003 0.9362075703125001 0.42213876875 0.9272407906250001 0.41203411250000005 0.9173970765625 0.40764541562499995
1 0.8790583015625 0.3934929328125 0.8749934890625 0.3844428453125 0.8640340906249999 0.372092715625 0.8581358203124999 0.36991541250000004 0.84641885625 0.3701199328125 0.8328684296875 0.37719723437499997 0.824339340625 0.3921677984375 0.8267696484375 0.41948849375 0.8377290437499999 0.431838625 0.8465764546875001 0.43510458124999996 0.8553840750000001 0.43609097500000005 0.8650686296875 0.4313614109375 0.8755903390625001 0.41863632656250005 0.8793368312500001 0.4094498921875 0.8790583015625 0.3934929328125
1 0.8171646703125001 0.42877718906249995 0.802259828125 0.4142156640625 0.7808185187500001 0.416870184375 0.77025701875 0.42731570156250004 0.7646770671875001 0.443374921875 0.7689408328125 0.4638228328125 0.7818530578125 0.4761388765625 0.78675501875 0.47719344374999995 0.7994682921875 0.47811166250000003 0.8072000218750001 0.4734161859375 0.8177217296875 0.46069110156250004 0.8195551890624999 0.4538183171875 0.8171646703125001 0.42877718906249995
1 0.73909291875 0.3765538296875 0.7215174734375001 0.3768606109375 0.71378574375 0.381556090625 0.7033436171874999 0.39884030625 0.7036619359375 0.417076828125 0.7077267484374999 0.426126915625 0.7206389718749999 0.438442959375 0.7255409375 0.43949752656249996 0.7343485578125 0.44048391562500006 0.7440331125 0.4357543546875 0.756388278125 0.4161564859375 0.75603016875 0.395640396875 0.73909291875 0.3765538296875
1 0.6867660375 0.344403434375 0.6680351171875001 0.33446921406249996 0.65057904375 0.3416146890625 0.6401369171875 0.3588989078125 0.6404950265625 0.37941499218749997 0.6445598375 0.3884650796875 0.6534868265625 0.3962901671875 0.6623342375 0.3995561265625 0.6711418578125 0.400542521875 0.6846922765625 0.3934652171875 0.693181578125 0.3762150875 0.6928632578125 0.3579785671875 0.6867660375 0.344403434375
1 0.5719471109375001 0.3692102046875 0.56784250625 0.3578805484375 0.5568831109375 0.34553041875 0.5509848359375 0.3433531125 0.537315046875 0.34359171875 0.5276304859375001 0.3483212859375 0.5171883609375 0.365605503125 0.517586259375 0.388401153125 0.530578065625 0.405276328125 0.5413783 0.40850819843749997 0.5482330890625 0.40952867812499993 0.5598306843749999 0.402485465625 0.5665263171875 0.3943876796875 0.5721062703124999 0.3783284640625 0.5719471109375001 0.3692102046875
1 0.5010469093750001 0.39211023906250003 0.4912031953125 0.3877215421875 0.473667534375 0.39030788437499997 0.461193003125 0.4030670609375 0.45748629531249996 0.41453305937499996 0.45768524375 0.42593088593750006 0.4638222578125 0.4417855796875 0.4707964171875 0.4496447578125 0.47964382812500006 0.45291071406250005 0.49817579375000004 0.4514471078125 0.5049112140625 0.44562888906250003 0.5124439953125 0.4295355890625 0.5100534796875 0.40449445624999997 0.5010469093750001 0.39211023906250003
1 0.387065134375 0.40892148749999996 0.370167678125 0.39211448125000004 0.3545450578125 0.392387175 0.34486049687500003 0.39711674375 0.3381648671875 0.405214525 0.3325849125 0.42127374062499995 0.332823653125 0.4349511296875 0.3389208765625 0.4485262609375 0.349800690625 0.4563172625 0.35665548281250004 0.45733774218749995 0.3635102765625 0.458358221875 0.3790135265625 0.451246834375 0.38762219375 0.4408354 0.3894556515625 0.43396261562499994 0.387065134375 0.40892148749999996
1 0.3219056078125 0.3690141765625 0.30504793750000003 0.3544867375 0.28161400625 0.354895778125 0.2710525125 0.3653413 0.2673060171875 0.37452773437500003 0.2657113 0.39507790625 0.2678232859375 0.40416207968749995 0.27682985625 0.4165463015625 0.28567726250000003 0.4198122578125 0.30424902187499997 0.42062821406250006 0.30811488593749997 0.4182804765625 0.31867638125000003 0.40783495625 0.326169371875 0.3894620859375 0.3219056078125 0.3690141765625
1 0.31174045 0.45812173749999996 0.30273388125 0.4457375203125 0.2928503765625 0.43906925625 0.28109362031249996 0.4369942125 0.2694562359375 0.4417578640625 0.260847565625 0.4521692984375 0.25901410937499997 0.459042078125 0.259531378125 0.48867642812499995 0.2705305640625 0.503306121875 0.27543252812499996 0.5043606890625 0.2920514546875 0.5052107359375 0.29591731875 0.5028629953125 0.3045657796875 0.49473112812500003 0.3140116 0.476324171875 0.31174045 0.45812173749999996
1 0.3924828109375 0.49547679218749996 0.3834762421875 0.48309257031249997 0.3755853515625 0.478669790625 0.3560570765625 0.4790106578125 0.34832534531250003 0.48370613125000006 0.3378036390625 0.4964312203125 0.3359701796875 0.5033040015625 0.3382413296875 0.521506434375 0.35127291875 0.5406611781249999 0.3581675 0.5439612203124999 0.3728336046875 0.544845353125 0.38056533593749997 0.5401498765625 0.3891740015625 0.529738440625 0.3947937453125 0.5159587890624999 0.3924828109375 0.49547679218749996
1 0.43532720312500006 0.432021796875 0.41579892812499997 0.4323626640625 0.399498321875 0.449749140625 0.39790360156250004 0.4702993125 0.3999758 0.4771039234375 0.415916740625 0.49506775156250005 0.43448849687499996 0.495883709375 0.4489158578125 0.4830904484375 0.452662353125 0.4739040140625 0.45023204375 0.44658331718750005 0.43532720312500006 0.432021796875
1 0.50447196875 0.47642006718749996 0.490682803125 0.46981997656249996 0.4789658375 0.470024496875 0.4712341078125 0.474719975 0.46071240312499995 0.487445059375 0.45887894375 0.4943178421875 0.45919726250000004 0.512554365625 0.46326208125 0.5216044531249999 0.477130821875 0.53276366875 0.49570257656249994 0.533579628125 0.513876434375 0.5115999359375001 0.5135183234375 0.49108384687499995 0.5094535125 0.482033759375 0.50447196875 0.47642006718749996
1 0.5602683749999999 0.42756067968749994 0.5543701046875 0.4253833734375 0.5348816203125 0.4280038078125 0.5243201234375 0.4384493296875 0.520613415625 0.4499153265625 0.5230039328125 0.474956459375 0.5300178828125001 0.48509520000000006 0.5408579125 0.4906066328125 0.5593898796875 0.489143025 0.568038334375 0.48101115781250003 0.57369786875 0.4695110734375 0.5732999703125 0.446715421875 0.5602683749999999 0.42756067968749994
1 0.629016796875 0.3932969046875 0.618097190625 0.383226340625 0.5966160921875 0.3836012953125 0.5822285171875 0.3986741171875 0.580673590625 0.42150385625000003 0.5827457859375 0.42830846562499997 0.5917523546875 0.4406926828125 0.5986469359375 0.4439927265625 0.615265865625 0.44484277343749995 0.6229975953125 0.4401472953125 0.633439725 0.42286308124999994 0.6350742312500001 0.404592471875 0.629016796875 0.3932969046875
1 0.6832567218750001 0.4231336484375 0.66368865625 0.42119495156250003 0.6520910609375 0.4282381703125 0.6435619703125 0.44320873125000004 0.641847884375 0.45692020937500005 0.6459922765624999 0.470529428125 0.6549590546874999 0.48063408125 0.6618536359375 0.48393412500000005 0.6804253953125 0.484750084375 0.6842912609375 0.4824023484375 0.696646425 0.462804478125 0.696288315625 0.4422883890625 0.6832567218750001 0.4231336484375
1 0.7554301984375 0.4731797015625 0.742517978125 0.4608636578125 0.7229897015625 0.46120452500000003 0.7152579718750001 0.46590000312499996 0.7066890906250001 0.47859100000000004 0.705094375 0.499141175 0.7071665703125001 0.50594578125 0.7141805203125 0.5160845234375 0.7230677203125 0.521630046875 0.741639475 0.522446003125 0.751284246875 0.515436875 0.7579400859375001 0.5050595265625 0.759495015625 0.4822297890625 0.7554301984375 0.4731797015625
1 0.8804111593749999 0.47099814999999995 0.87140459375 0.4586139328125 0.8615608734375 0.4542252359375 0.8498439078125 0.45442975625 0.8382065234375 0.4591934078125 0.83151089375 0.4672911875 0.8259309390625 0.48335040625000003 0.832187321875 0.5060437984374999 0.8391614828125 0.513902971875 0.8519543374999999 0.519380321875 0.8607619578125 0.5203667125 0.8684936875 0.5156712390625 0.8790153937499999 0.50294615 0.8827220984374999 0.49148015312500004 0.8804111593749999 0.47099814999999995
1 0.922774959375 0.49192115468750003 0.9013336437499999 0.494575675 0.8926851875 0.5027075421875 0.8889386890625 0.5118939765625 0.88726439375 0.527885021875 0.8893763781249999 0.5369691953125 0.8983829468750001 0.5493534125 0.9092229765625 0.55486485 0.9277549437499999 0.5534012421875001 0.9401896875 0.5383625046875 0.9396724187500001 0.508728159375 0.93461129375 0.49855533124999996 0.922774959375 0.49192115468750003
1 0.8818038078124999 0.550782934375 0.8708444125 0.5384328 0.8610006984374999 0.5340441078125 0.8531893875 0.5341804546875 0.8435048265624999 0.5389100140624999 0.832983121875 0.551635103125 0.8292366265625001 0.5608215375000001 0.831547565625 0.581303534375 0.8425467515625 0.5959332328125 0.8494413312500001 0.5992332765625 0.8660602609374999 0.6000833234375 0.8737919921874999 0.5953878453125 0.8823608671875001 0.5826968484374999 0.8860277859375 0.5689512828125001 0.8818038078124999 0.550782934375
1 0.8185573187499999 0.50856196875 0.8017394421875 0.4963140984375 0.790022478125 0.49651861875 0.7803379171875 0.5012481828124999 0.769895790625 0.5185323984375 0.772326096875 0.54585309375 0.783285496875 0.558203225 0.79603855625 0.5614010125 0.8106250812500001 0.5577260109375 0.8192337468750001 0.5473145796875001 0.8248534921875 0.533534928125 0.8246147515625 0.5198575359375 0.8185573187499999 0.50856196875
1 0.7459430296875 0.5451734859374999 0.730320409375 0.5454461796875 0.7206358546875 0.5501757390625001 0.7102335156249999 0.569739521875 0.7125444546875 0.590221525 0.7254964687500001 0.6048171296875 0.7362967046875 0.6080490046875 0.7411986703125 0.609103571875 0.7528360546874999 0.604339915625 0.765191215625 0.5847420515625 0.7628007 0.55970091875 0.7459430296875 0.5451734859374999
1 0.6886743953125001 0.50968895625 0.68078350625 0.5052661703125 0.669066540625 0.5054706906249999 0.6593819796875 0.5102002578125 0.6507733140624999 0.5206116890625 0.6470666046875 0.5320776890625 0.6473053453125 0.54575508125 0.65340256875 0.5593302125 0.6662750046875 0.5693666890625 0.6750826234375 0.5703530828125001 0.6858032796875 0.5690258218750001 0.693535009375 0.5643303484375 0.70202430625 0.5470802171875 0.699633790625 0.5220390874999999 0.6886743953125001 0.50968895625
1 0.636427090625 0.48209768906250006 0.623435284375 0.465222515625 0.617537015625 0.46304520781249997 0.5961354890624999 0.46797929375 0.5894000703125 0.47379750937500004 0.5837405359375001 0.4852975953125 0.5820264484375001 0.4990090734375 0.588203253125 0.5171433328124999 0.599122859375 0.5272139015625 0.6040248234375001 0.5282684671875 0.618690925 0.5291526015625 0.6245096140624999 0.5267707734375 0.6368647796875 0.5071729046875 0.6385390765625 0.49118186406250003 0.636427090625 0.48209768906250006
1 0.5577951578125 0.5096932015625 0.5402595031249999 0.5122795484375 0.5306147328125 0.5192886765625 0.52587193125 0.5273523703125 0.5243567921875 0.5524616765625 0.5284216078124999 0.5615117640625 0.540337521875 0.5727050671875 0.5608621078125 0.5734869390624999 0.5752496781249999 0.558414115625 0.576725025 0.5310252453125 0.574652828125 0.5242206375 0.5577951578125 0.5096932015625
1 0.5148711828125 0.5685890640625 0.5039117859375 0.5562389328124999 0.49801351718750003 0.5540616265625 0.48629655156249996 0.5542661468750001 0.47661199062500004 0.558995715625 0.4642568296875 0.5785935796875 0.4666075546875 0.6013551453125 0.47362150468750003 0.6114938875 0.48446153125 0.6170053234374999 0.5010804609374999 0.617855365625 0.5088121906249999 0.6131598921875 0.5192543203125 0.5958756734375 0.518936 0.57763915 0.5148711828125 0.5685890640625
1 0.44074487656250005 0.5185770984375 0.427035296875 0.5165361421875 0.41344508125 0.5213338796875 0.402963165625 0.53633853125 0.40136845 0.556888703125 0.40945828906250004 0.5727093156249999 0.4213344109375 0.58162305625 0.4418192046875 0.5801253609375 0.45425395156250004 0.5650866234375 0.45572929999999995 0.537697753125 0.4516644828125 0.528647665625 0.44074487656250005 0.5185770984375
1 0.3979800609375 0.5865912265625 0.39391524843750003 0.5775411390625 0.381003025 0.565225090625 0.3672934390625 0.5631841343749999 0.35952191875 0.5656000453125001 0.3470473875 0.5783592203125 0.343420259375 0.5943843484375 0.34565161875 0.6103072203125001 0.35170905 0.621602784375 0.3596397296875 0.628305134375 0.3801643125 0.629087003125 0.38984887343749997 0.62435744375 0.3965047140625 0.6139800953125001 0.40013183906250005 0.5979549640624999 0.3979800609375 0.5865912265625
1 0.33282053437500003 0.5466839140624999 0.323774175 0.53202013125 0.315883284375 0.527597346875 0.296355009375 0.5279382140625 0.2800544 0.5453246890625 0.27841989375 0.5635952984375 0.2804920890625 0.5703999093750001 0.28858192968749996 0.586220515625 0.29647281875 0.5906432984375 0.3130917484375 0.591493346875 0.320823478125 0.58679786875 0.3332582234375 0.57175913125 0.3348927296875 0.5534885218750001 0.33282053437500003 0.5466839140624999
1 0.32911226718750003 0.6140163046875 0.311417453125 0.607484390625 0.301693103125 0.6099343890625 0.28917877812500004 0.6204139953125 0.2835590375 0.6341936484375 0.28383756718750003 0.650150603125 0.289974578125 0.6660053015625 0.297945046875 0.6749872140625001 0.31846963125 0.6757690843749999 0.3300672265625 0.66872586875 0.3405889359375 0.656000784375 0.3421040734375 0.6308914796875 0.32911226718750003 0.6140163046875
1 0.4034773171875 0.6777056609375001 0.397340303125 0.6618509625 0.37856959843750004 0.6496371796875 0.3688054578125 0.6498076125 0.361073728125 0.654503090625 0.348718565625 0.674100959375 0.34903688593750004 0.6923374812499999 0.3531016984375 0.70138756875 0.364061096875 0.7137376984375 0.3689630578125 0.714792265625 0.37386502187500004 0.7158468328125001 0.391321103125 0.708701353125 0.39992976874999997 0.6982899203125 0.4035966875 0.6845443546875 0.4034773171875 0.6777056609375001
1 0.43831144999999994 0.6029891875 0.42854731562500004 0.6031596203125 0.4188627546875 0.6078891843750001 0.40650759062499997 0.6274870531250001 0.4067861203125 0.6434440078125 0.41288334375 0.6570191375000001 0.419857503125 0.6648783125 0.4306577390625 0.6681101875000001 0.4471970890625 0.6644010984375 0.45959204375 0.647082796875 0.4571219484375 0.6174825375 0.450147784375 0.609623359375 0.43831144999999994 0.6029891875
1 0.5780380921875 0.6062508984375 0.5651258718750001 0.5939348546875001 0.545597596875 0.594275721875 0.5293367765625 0.6139417609375 0.5277022703124999 0.6322123703125 0.529774465625 0.63901698125 0.53383928125 0.64806706875 0.5437625796875001 0.6570148953125 0.570145646875 0.6576945078125 0.5787543125 0.6472830734375 0.58242123125 0.6335375078125 0.5821427015625 0.61758055 0.5780380921875 0.6062508984375
1 0.6229546890625001 0.5496005109375 0.6015133734375 0.5522550296875 0.5891184218750001 0.5695733359374999 0.5874441218750001 0.5855643765625 0.5895561109375 0.5946485499999999 0.6054970515625 0.6126123781249999 0.6260216328125 0.6133942515624999 0.6403694140625 0.5960418625 0.64192434375 0.573212125 0.6358271234374999 0.55963699375 0.6229546890625001 0.5496005109375
1 0.7030190546874999 0.6040693484374999 0.6861215984375 0.58726234375 0.6646802828125 0.589916865625 0.654158578125 0.60264195 0.6504518734375 0.61410795 0.654755428125 0.6368354296875001 0.6597767625000001 0.6447286890624999 0.6706167875 0.650240128125 0.6891885421875 0.6510560828124999 0.6930544078125 0.6487083453125 0.701663078125 0.6382969125 0.7053697828125001 0.6268309140625 0.7030190546874999 0.6040693484374999
1 0.7682979546875 0.6508153531249999 0.7622007328125 0.6372402234375001 0.75522656875 0.6293810484375 0.7453828546875 0.6249923515625 0.723981328125 0.6299264359375 0.71357899375 0.64949021875 0.7138973125 0.667726740625 0.717962128125 0.6767768281250001 0.7288817328125 0.686847390625 0.739681971875 0.690079265625 0.7484895875 0.691065659375 0.7562213171875001 0.6863701765625 0.766703234375 0.671365528125 0.768496903125 0.6622131828125 0.7682979546875 0.6508153531249999
1 0.8280000171875 0.601887796875 0.8239352046875 0.592837709375 0.8090701499999999 0.580555753125 0.79149470625 0.5808625328125 0.7789803796875 0.5913421375000001 0.775233884375 0.600528571875 0.773639165625 0.6210787484375 0.786670759375 0.6402334859375001 0.79356534375 0.6435335328125 0.8101842687499999 0.644383578125 0.814050134375 0.6420358375 0.82457184375 0.6293107531250001 0.8283183359375 0.6201243187500001 0.8280000171875 0.601887796875
1 0.8811640515624999 0.626042671875 0.8722370609375 0.6182175828124999 0.8488429203125 0.6209061874999999 0.8421075 0.6267244062499999 0.8345349296875 0.6405381453125 0.8349328296875 0.6633337953125 0.8479246343750001 0.680208975 0.85677204375 0.6834749312499999 0.8733511796875 0.6820454109375 0.8839126765625 0.6715998890625 0.8895324203125 0.6578202375 0.8872214843749999 0.6373382390625 0.8811640515624999 0.626042671875
1 0.942978103125 0.586199290625 0.9280732625000001 0.5716377640625 0.9104978125000001 0.5719445453125 0.9008132578125 0.5766741093750001 0.8960306625 0.5824582406250001 0.8904507078125 0.5985174546875001 0.890689446875 0.612194846875 0.8947940546875 0.6235245015624999 0.9017682171875 0.6313836734375 0.9145610671875 0.636861025 0.92918738125 0.635465590625 0.938832146875 0.6284564593749999 0.9435749515625 0.620392765625 0.94516966875 0.59984259375 0.942978103125 0.586199290625
1 0.94847535625 0.6773137234375 0.940385515625 0.6614931125 0.9314585265625 0.653668025 0.9236074265625 0.651524809375 0.9099774265624999 0.6540429796875 0.9022456968749999 0.6587384578125 0.893875765625 0.6828272828124999 0.8961867046875 0.7033092812499999 0.907185890625 0.7179389781250001 0.9140804703125 0.721239021875 0.9287465703125 0.7221231546875 0.93843113125 0.717393590625 0.9451267609375 0.7092958109375 0.9507067156250001 0.6932365921875 0.94847535625 0.6773137234375
1 0.9518606234375 0.759343984375 0.9457634 0.745768853125 0.9368364093749999 0.7379437640625001 0.9212137890625 0.7382164578125 0.9115292343749999 0.742946025 0.9010473156250001 0.7579506734375 0.8973406125000001 0.769416675 0.8974599828125 0.77625536875 0.9035969937500001 0.7921100671875 0.910571153125 0.7999692406250001 0.9194185640624999 0.8032351953125 0.9340846640624999 0.8041193296875001 0.9418163937499999 0.7994238515625 0.948512025 0.791326071875 0.9541317687499999 0.7775464203125 0.9518606234375 0.759343984375
1 0.9513402328125 0.84144241875 0.9384280078125 0.8291263703125 0.9208525625 0.8294331515625 0.9131208328125 0.834128634375 0.9026389125 0.84913328125 0.9010441968749999 0.8696834578124999 0.9140757921875 0.8888381984375 0.920970371875 0.892138240625 0.9356364718749999 0.8930223703125 0.9414551671875 0.8906405484375 0.9558029484375 0.8732881593749999 0.9574374546875 0.85501755 0.9513402328125 0.84144241875
1 0.89407159375 0.8059578921874999 0.8790871734374999 0.7868372359375 0.8537402078125 0.7895599296875 0.8470445734375 0.7976577125000001 0.8414248328125 0.8114373625000001 0.8437755609375 0.834198928125 0.8577238812499999 0.8499172765624999 0.8762956359375 0.8507332359375 0.8821143328125001 0.8483514078125 0.8945490734374999 0.8333126734375 0.8961437921875 0.8127624984375 0.89407159375 0.8059578921874999
1 0.8865817249999999 0.7125979765625 0.8736694999999999 0.7002819312499999 0.8522281890625001 0.7029364484375 0.836007159375 0.7248820593749999 0.8363254781249999 0.7431185796875 0.8423829125 0.75441414375 0.8552553421875 0.764450625 0.8621101343750001 0.7654711046875 0.8670120984375 0.7665256671875 0.8805625234375001 0.7594483671875001 0.8910046484375 0.7421641515624999 0.8906465390625 0.7216480625 0.8865817249999999 0.7125979765625
1 0.8204258890625 0.671567928125 0.8085895546874999 0.6649337515625 0.794919759375 0.6651723578125 0.787188028125 0.6698678359375 0.7785793625 0.68027926875 0.7748726546875 0.6917452671875 0.7750716046874999 0.7031430953125 0.783201234375 0.7212432703125 0.7901356078124999 0.7268228796875 0.7969903984375 0.72784335625 0.8155223625 0.726379753125 0.8222577843750001 0.7205615359374999 0.8297905640625001 0.70446823125 0.8274398390625001 0.6817066640625 0.8204258890625 0.671567928125
1 0.830825103125 0.7637369265625 0.8198657078125 0.7513867953125 0.8119748171875001 0.7469640125 0.7906130874999999 0.7541776625 0.7801709609375 0.771461878125 0.7826012671875 0.7987825749999999 0.7915680468749999 0.8088872281249999 0.7984626265625 0.8121872703124999 0.81703438125 0.8130032281249999 0.8209002468750001 0.8106554906250001 0.831421953125 0.79793040625 0.8332554125 0.7910576203125 0.830825103125 0.7637369265625
1 0.8403473828125 0.861621884375 0.8382751859375001 0.854817275 0.82528338125 0.8379420984375001 0.8018096609375001 0.8360715765625001 0.787422090625 0.8511443984374999 0.7836755953125001 0.8603308328124999 0.783914334375 0.8740082234375001 0.788018940625 0.8853378781250001 0.7969857203124999 0.895442528125 0.8038803 0.898742575 0.8185464 0.8996267093749999 0.8243650953125 0.8972448828124999 0.8349265906250001 0.8867993593750001 0.8386730859375 0.877612925 0.8403473828125 0.861621884375
1 0.7730758703125 0.8126303984375 0.7562182015625 0.7981029609375 0.74059558125 0.7983756546875 0.7309508109375 0.8053847828125 0.7223819312499999 0.818075784375 0.7206678453124999 0.8317872625 0.7228196203125 0.843151 0.7387605609375 0.861114828125 0.7573323203125 0.8619307875000001 0.769846640625 0.8514511796875001 0.7755061750000001 0.8399510937500001 0.7772202625 0.826239615625 0.7730758703125 0.8126303984375
1 0.7665823078125 0.7203932234375 0.7527533515625 0.7115135703125001 0.7332648671875 0.7141339999999999 0.722703371875 0.724579521875 0.7189568765625001 0.73376595625 0.7213473921875 0.7588070890624999 0.7372485421875 0.77449135 0.753867471875 0.7753413953125 0.7615992015625 0.7706459171875 0.772081121875 0.7556412671875 0.7716036421875 0.7282864828125 0.7665823078125 0.7203932234375
1 0.704411703125 0.683854128125 0.693492096875 0.673783565625 0.675916653125 0.6740903453125 0.668184921875 0.67878581875 0.6557899671875 0.696104125 0.65818048125 0.721145253125 0.66913988125 0.7334953843750001 0.677987290625 0.7367613453125 0.69651925625 0.7352977375 0.7089142109375 0.7179794359375 0.7106680875 0.7065475218749999 0.708476521875 0.692904215625 0.704411703125 0.683854128125
1 0.64523003125 0.6506832546875 0.6382160765625 0.6405445140625 0.6283325718749999 0.6338762499999999 0.6049384328125 0.6365648578124999 0.592583265625 0.6561627265625 0.5929015859375 0.6743992484375 0.5969664015625 0.6834493359375 0.6019877359375 0.691342596875 0.6128277609375 0.6968540328125 0.629446690625 0.697704075 0.6438740515625 0.6849108171875 0.6457075109375 0.6780380359375 0.6473022265624999 0.6574878609375 0.64523003125 0.6506832546875
1 0.7119015765625 0.77721404375 0.696956946875 0.7603729515625 0.6812945359375 0.758366084375 0.675475840625 0.76074790625 0.663001309375 0.77350708125 0.6592548109374999 0.7826935171875 0.6616055390625 0.8054550828125 0.670612109375 0.8178392999999999 0.6775066890625 0.8211393421875 0.69607844375 0.821955303125 0.703810175 0.817259825 0.7123790546875 0.8045688265625 0.7140931421875 0.7908573484375 0.7119015765625 0.77721404375
1 0.7132942250000001 0.856998825 0.6964365546875 0.8424713859375 0.67499524375 0.8451259078125 0.66068725 0.8647578640625 0.66100556875 0.8829943859375 0.6650703874999999 0.892044471875 0.6740371625 0.9021491265625 0.680931746875 0.9054491703125 0.6975506734375 0.9062992124999999 0.7014165375 0.9039514765625001 0.7157245296875 0.8843195203124999 0.7174386187499999 0.8706080421875001 0.7132942250000001 0.856998825
1 0.6521199296875 0.8215824703125 0.6431133640625 0.809198253125 0.6352224750000001 0.80477546875 0.6195998546875 0.8050481625 0.6118681234375 0.809743640625 0.6013862078125001 0.8247482921874999 0.599632328125 0.8361802031250001 0.6038960921875 0.85662811875 0.6177648375 0.8677873359375001 0.6363365937500001 0.8686032953125 0.6402024578125001 0.8662555578125 0.6525576203125001 0.8466576890624999 0.6542319187500001 0.8306666437500001 0.6521199296875 0.8215824703125
1 0.6487346656249999 0.739552209375 0.6377752703125 0.727202078125 0.62988438125 0.7227792953125001 0.6123487203125 0.7253656390625001 0.5998741890625 0.7381248140625 0.596127690625 0.7473112484375 0.5963664296875 0.7609886390625 0.60250344375 0.776843334375 0.609477603125 0.7847025125 0.6183250140625 0.78796846875 0.6251798046875 0.78898894375 0.6406830546875 0.78187755625 0.6473786890625 0.7737797765625001 0.651085390625 0.762313775 0.6487346656249999 0.739552209375
1 0.583495559375 0.6950857671875 0.5705833359375 0.6827697234375 0.5510152703125 0.680831021875 0.5471494046875 0.6831787640625 0.5385407343749999 0.6935901984374999 0.532920990625 0.70736985 0.5331597296874999 0.7210472421875 0.5372643375 0.732376890625 0.5442782890625 0.7425156328125 0.5511728687499999 0.745815675 0.56583896875 0.746699809375 0.5716576640625 0.7443179828125001 0.586045234375 0.7292451609375 0.587560371875 0.7041358546875001 0.583495559375 0.6950857671875
1 0.5869206140625 0.7793955953125 0.58193906875 0.773781896875 0.568149909375 0.7671818109374999 0.5525670781249999 0.7697340671874999 0.5382590875 0.789366025 0.538617196875 0.8098821078125 0.5426820078125 0.8189321968750001 0.5545979265625001 0.8301255031249999 0.5731696828125 0.8309414640625 0.578988371875 0.8285596375000001 0.5913833281249999 0.8112413359374999 0.5930974171875001 0.79752985625 0.5869206140625 0.7793955953125
1 0.581339103125 0.8513212015624999 0.5617710375 0.8493825062499999 0.5559523421875 0.851764328125 0.545390846875 0.8622098515625 0.5416443515625 0.8713962859375 0.539930265625 0.8851077640625 0.5420422515625 0.8941919359374999 0.557983190625 0.9121557640625 0.5765549453125 0.912971725 0.5842866765625 0.9082762421874999 0.5966418421874999 0.888678378125 0.59433090625 0.8681963765624999 0.581339103125 0.8513212015624999
1 0.51231370625 0.81376163125 0.492825221875 0.8163820609375 0.48226372656249994 0.8268275828125 0.47851723125 0.8360140171875001 0.478875340625 0.856530103125 0.48294015625000003 0.865580190625 0.489914315625 0.8734393624999999 0.49876172656250006 0.8767053234375 0.5172936906250001 0.8752417156250001 0.531641475 0.857889328125 0.5312037859375 0.8328141078125 0.5241500421875 0.8203958046875 0.51231370625 0.81376163125
1 0.5257065296875 0.7416996734375 0.5108016890625 0.7271381484375 0.4912734125 0.7274790171875 0.480672128125 0.735644975 0.47501259687499997 0.7471450578125001 0.4732587171875 0.7585769734375 0.4815077171875 0.7835158421874999 0.4884420875 0.7890954515625 0.495296878125 0.7901159328125 0.5041044968749999 0.791102321875 0.5157418828125 0.786338675 0.52439034375 0.778206803125 0.5280970484374999 0.7667408046874999 0.5257065296875 0.7416996734375
1 0.5243934609374999 0.6664740234375001 0.52032865 0.6574239359375 0.513354484375 0.6495647609375 0.499565325 0.642964671875 0.4820694546875 0.6478305828125 0.469714290625 0.667428453125 0.4699928203125 0.68338540625 0.476129834375 0.6992401046875 0.4850568234375 0.7070651906250001 0.49191161406250006 0.7080856718749999 0.4968135796875 0.709140234375 0.5104037890625001 0.7043425015625 0.5209254984375 0.6916174125000001 0.524671990625 0.682430978125 0.5243934609374999 0.6664740234375001
1 0.445681953125 0.6895104046875 0.43005933281250003 0.6897830984375 0.422327603125 0.6944785765625 0.41188547656249996 0.711762790625 0.41431578281250003 0.7390834859375001 0.42332235156250003 0.7514677078124999 0.42822431562499996 0.7525222703125001 0.4428904171875 0.7534064046875 0.4487091078125 0.7510245796875 0.46496992812500004 0.7313585375 0.462579409375 0.70631740625 0.445681953125 0.6895104046875
1 0.4660044671875 0.7906272328124999 0.4530524515625 0.776031621875 0.441295696875 0.7739565749999999 0.43157135156250004 0.776406575 0.41905702656250005 0.786886184375 0.41531053125 0.79607261875 0.413636234375 0.8120636593749999 0.4157482203125 0.821147834375 0.4296965453125 0.836866184375 0.450221125 0.8376480531249999 0.45795285625000004 0.83295258125 0.46843477499999997 0.817947928125 0.47006928124999997 0.7996773203124999 0.4660044671875 0.7906272328124999
1 0.40080514687499996 0.7484403546875 0.3878929265625 0.7361243109375 0.3683646515625 0.736465178125 0.357763365625 0.74463113125 0.35210383125 0.7561312203125 0.3503897453125 0.7698426984375 0.35250172968750004 0.778926871875 0.3635407046875 0.7958361328125 0.3704352859375 0.7991361765625 0.38896725625 0.797672571875 0.3986120203125 0.7906634421875001 0.40526786562500006 0.78028609375 0.404869965625 0.7574904421875 0.40080514687499996 0.7484403546875
1 0.32667884062499997 0.6984283921875 0.320780571875 0.6962510859375 0.30711077656249997 0.69648969375 0.2993790453125 0.70118516875 0.28889713125 0.716189821875 0.28722283437499996 0.7321808625 0.2893348203125 0.7412650375000001 0.302366415625 0.7604197796875 0.3072683765625 0.7614743453124999 0.31802882499999996 0.7624266515625 0.3334922859375 0.7530356968749999 0.34385483125 0.731192346875 0.33963085625 0.713024 0.32667884062499997 0.6984283921875
1 0.265424971875 0.6584529031249999 0.24581711718750002 0.65423464375 0.23804559687500002 0.6566505546875 0.2293971359375 0.664782421875 0.225650640625 0.6739688562499999 0.2262077 0.7058827703125 0.236210575 0.719389728125 0.25868799062500003 0.7201375125 0.2664197203125 0.7154420359375 0.278814675 0.6981237328125001 0.280409390625 0.6775735578125001 0.265424971875 0.6584529031249999
1 0.279769634375 0.7528332984375 0.260998925 0.7406195125 0.2434632703125 0.7432058593749999 0.23102852343750002 0.758244596875 0.23361799218749998 0.7946835546875 0.2464904234375 0.8047200312499999 0.2533452140625 0.8057405109375001 0.2640658734375 0.80441325 0.2717976046875 0.7997177765625 0.2860260140625 0.775526690625 0.28582706406249997 0.7641288625 0.279769634375 0.7528332984375
1 0.33604195937500003 0.7871950859375 0.3261584546875 0.7805268265625 0.310535834375 0.780799521875 0.30280410468749996 0.78549499375 0.292322184375 0.8004996453125001 0.2906478890625 0.8164906921874999 0.292759875 0.8255748640625 0.3087008140625 0.8435386921875001 0.3272725734375 0.844354653125 0.3330912640625 0.8419728265625 0.34548621874999996 0.8246545234375 0.3470809359375 0.8041043468750001 0.33604195937500003 0.7871950859375
1 0.406183034375 0.8327160953125 0.391278190625 0.818154571875 0.37370274531250003 0.8184613515624999 0.35736234375000003 0.8335682640625001 0.3558869953125 0.8609571328125 0.3669259734375 0.87786639375 0.373820553125 0.8811664374999999 0.390439484375 0.882016484375 0.3981712140625 0.8773210062500001 0.410566165625 0.8600027046875001 0.4102478453125 0.8417661828125 0.406183034375 0.8327160953125
1 0.4485866203125 0.8559186625 0.434956615625 0.8584368359375001 0.42531185000000005 0.8654459640625 0.41686233906250003 0.884975659375 0.41706128906249995 0.8963734875 0.4231585125 0.90994861875 0.43603094374999996 0.9199850953125001 0.442885734375 0.9210055765625 0.45555921875000005 0.919644228125 0.47373307656249997 0.8976645359375001 0.47341475624999996 0.8794280140625 0.46735732499999993 0.86813245 0.4485866203125 0.8559186625
1 0.352458821875 0.8883800890625 0.3483940046875 0.8793300015625001 0.3393874390625 0.8669457812499999 0.3314965484375 0.8625230015625001 0.3120080640625 0.8651434312499999 0.299533528125 0.8779026015625 0.29578703281249996 0.8870890359375 0.2981775515625 0.9121301687500001 0.309136946875 0.9244802999999999 0.317984353125 0.9277462578125 0.324839146875 0.9287667359375 0.3364765328125 0.9240030859375 0.350864103125 0.9089302609375001 0.3526975625 0.9020574796874999 0.352458821875 0.8883800890625
1 0.27825293281249996 0.83380899375 0.26836942812500003 0.8271407328124999 0.24884115312500002 0.8274815999999999 0.23445358125000001 0.842554421875 0.23297823125 0.8699432921874999 0.23505043125 0.8767479015624999 0.250911790625 0.8901526000000001 0.2655778921875 0.89103673125 0.273309621875 0.8863412515625001 0.28574436406250003 0.8713025171875 0.28729929374999996 0.8484727765625 0.27825293281249996 0.83380899375
1 0.2710064828125 0.586527296875 0.2640323234375 0.5786681234375 0.2502431578125 0.5720680359375 0.23466032656250002 0.57462029375 0.22413862187500003 0.587345378125 0.2204319171875 0.59881138125 0.22079002656250002 0.6193274640624999 0.22489463125000003 0.6306571187500001 0.233821621875 0.63848220625 0.2406764109375 0.6395026859375 0.2455783765625 0.6405572484375 0.2610816265625 0.6334458609375 0.2753896171875 0.61381390625 0.27503150781249996 0.593297821875 0.2710064828125 0.586527296875